ATP33.doc	3
241  983
44
46  129   3
71  204   9
26  330   5
15   72   6
81  180   7
63  239   3
54  302   6
15  214   3
72   93   2
59  154   9
90  266   6
41  151   3
70  281   1
50  268   8
46  285   7
49  263   2
80  341   4
65  390   5
89   52   5
85  185   1
74  289   2
18  379   8
59  139   8
39   52   8
83   98   3
56  355   5
76  142   7
81  371   4
41  249   8
59  233   8
38  279   3
82  170   9
47  233   1
77  274   4
57  224   7
42  313   6
37  135   7
86  275   2
46  357   5
19  270   1
52  165   9
82  124   9
68  257   2
54   56   3
