NAME GBP_INSTANCES\prob_1_A_4_7_2.txt
COMMENT
BINTYPES 3
ITEMS 500
BINS_SECTIONS
0 100 100 0 251 
1 120 120 0 209 
2 150 150 0 167 
ITEMS_SECTIONS
0 70 273 0 
1 89 326 0 
2 15 17 0 
3 30 37 0 
4 24 41 0 
5 14 33 0 
6 10 32 0 
7 32 94 0 
8 8 27 0 
9 26 36 0 
10 47 109 0 
11 50 98 0 
12 86 145 0 
13 9 36 0 
14 11 29 0 
15 48 35 0 
16 20 31 0 
17 74 57 0 
18 27 36 0 
19 73 226 0 
20 26 92 0 
21 40 65 0 
22 65 94 0 
23 35 55 0 
24 29 39 0 
25 76 145 0 
26 32 55 0 
27 51 48 0 
28 6 14 0 
29 53 31 0 
30 27 28 0 
31 5 18 0 
32 49 76 0 
33 28 58 0 
34 95 237 0 
35 78 85 0 
36 84 65 0 
37 8 14 0 
38 37 58 0 
39 16 16 0 
40 43 83 0 
41 11 32 0 
42 96 336 0 
43 79 124 0 
44 23 66 0 
45 77 220 0 
46 14 40 0 
47 64 199 0 
48 69 199 0 
49 54 100 0 
50 43 161 0 
51 16 9 0 
52 69 165 0 
53 82 192 0 
54 27 65 0 
55 21 82 0 
56 18 19 0 
57 42 112 0 
58 38 98 0 
59 37 30 0 
60 41 53 0 
61 64 175 0 
62 60 223 0 
63 95 267 0 
64 31 20 0 
65 58 66 0 
66 37 42 0 
67 72 145 0 
68 86 328 0 
69 95 350 0 
70 57 189 0 
71 49 98 0 
72 9 13 0 
73 59 62 0 
74 92 203 0 
75 57 112 0 
76 42 92 0 
77 29 79 0 
78 66 82 0 
79 37 122 0 
80 13 30 0 
81 95 246 0 
82 79 101 0 
83 93 160 0 
84 68 140 0 
85 81 141 0 
86 55 123 0 
87 89 236 0 
88 43 84 0 
89 63 117 0 
90 22 64 0 
91 53 161 0 
92 78 202 0 
93 60 48 0 
94 30 85 0 
95 36 48 0 
96 12 38 0 
97 98 281 0 
98 91 232 0 
99 15 21 0 
100 56 180 0 
101 18 39 0 
102 36 106 0 
103 57 58 0 
104 5 15 0 
105 6 23 0 
106 4 12 0 
107 44 106 0 
108 57 32 0 
109 56 174 0 
110 37 109 0 
111 85 102 0 
112 24 55 0 
113 23 18 0 
114 99 116 0 
115 3 11 0 
116 95 134 0 
117 58 32 0 
118 97 319 0 
119 32 18 0 
120 26 43 0 
121 27 17 0 
122 14 25 0 
123 3 3 0 
124 29 92 0 
125 63 243 0 
126 42 167 0 
127 61 228 0 
128 39 67 0 
129 77 262 0 
130 29 37 0 
131 92 299 0 
132 17 19 0 
133 74 243 0 
134 5 3 0 
135 95 324 0 
136 73 39 0 
137 92 122 0 
138 20 29 0 
139 85 191 0 
140 77 99 0 
141 12 29 0 
142 65 180 0 
143 61 240 0 
144 21 23 0 
145 67 234 0 
146 85 108 0 
147 23 24 0 
148 25 32 0 
149 92 178 0 
150 75 239 0 
151 70 64 0 
152 35 33 0 
153 30 17 0 
154 64 207 0 
155 73 85 0 
156 2 3 0 
157 56 146 0 
158 71 91 0 
159 41 48 0 
160 3 5 0 
161 30 60 0 
162 45 58 0 
163 75 100 0 
164 87 304 0 
165 27 55 0 
166 70 142 0 
167 55 184 0 
168 7 6 0 
169 70 94 0 
170 54 213 0 
171 10 25 0 
172 9 30 0 
173 10 38 0 
174 62 108 0 
175 52 105 0 
176 68 224 0 
177 71 255 0 
178 42 143 0 
179 15 21 0 
180 23 32 0 
181 24 94 0 
182 80 196 0 
183 63 205 0 
184 83 133 0 
185 79 187 0 
186 47 108 0 
187 37 81 0 
188 99 259 0 
189 82 170 0 
190 64 229 0 
191 79 157 0 
192 43 92 0 
193 4 16 0 
194 55 161 0 
195 21 44 0 
196 85 69 0 
197 94 150 0 
198 12 38 0 
199 61 222 0 
200 42 42 0 
201 100 161 0 
202 40 52 0 
203 33 30 0 
204 55 107 0 
205 20 75 0 
206 14 20 0 
207 79 68 0 
208 78 110 0 
209 85 213 0 
210 95 365 0 
211 29 56 0 
212 55 65 0 
213 52 169 0 
214 77 179 0 
215 4 11 0 
216 34 74 0 
217 90 313 0 
218 56 67 0 
219 50 121 0 
220 26 34 0 
221 41 40 0 
222 43 139 0 
223 17 60 0 
224 45 28 0 
225 54 71 0 
226 96 250 0 
227 67 161 0 
228 23 84 0 
229 54 42 0 
230 79 63 0 
231 74 166 0 
232 65 227 0 
233 55 37 0 
234 33 48 0 
235 53 68 0 
236 17 48 0 
237 74 114 0 
238 72 90 0 
239 100 135 0 
240 12 33 0 
241 70 106 0 
242 96 156 0 
243 95 287 0 
244 82 254 0 
245 36 116 0 
246 2 2 0 
247 19 58 0 
248 93 225 0 
249 88 275 0 
250 9 11 0 
251 54 132 0 
252 78 216 0 
253 95 143 0 
254 96 178 0 
255 25 25 0 
256 41 40 0 
257 47 168 0 
258 31 49 0 
259 40 50 0 
260 12 20 0 
261 46 161 0 
262 93 255 0 
263 87 223 0 
264 8 23 0 
265 12 42 0 
266 11 20 0 
267 52 90 0 
268 90 229 0 
269 64 126 0 
270 67 251 0 
271 4 12 0 
272 72 232 0 
273 95 255 0 
274 15 20 0 
275 33 32 0 
276 65 219 0 
277 91 172 0 
278 60 212 0 
279 70 229 0 
280 20 18 0 
281 9 35 0 
282 44 136 0 
283 72 226 0 
284 53 190 0 
285 64 36 0 
286 88 255 0 
287 11 37 0 
288 11 30 0 
289 56 48 0 
290 38 75 0 
291 47 56 0 
292 58 65 0 
293 67 220 0 
294 48 64 0 
295 31 57 0 
296 48 32 0 
297 62 48 0 
298 74 94 0 
299 98 233 0 
300 70 265 0 
301 38 73 0 
302 97 134 0 
303 15 31 0 
304 15 20 0 
305 40 158 0 
306 43 109 0 
307 40 107 0 
308 57 156 0 
309 97 178 0 
310 34 75 0 
311 53 209 0 
312 13 31 0 
313 94 296 0 
314 21 12 0 
315 15 22 0 
316 42 100 0 
317 27 27 0 
318 55 44 0 
319 18 41 0 
320 81 229 0 
321 65 228 0 
322 22 21 0 
323 82 241 0 
324 66 159 0 
325 74 283 0 
326 10 8 0 
327 67 199 0 
328 13 36 0 
329 4 6 0 
330 43 29 0 
331 43 56 0 
332 47 72 0 
333 6 17 0 
334 34 40 0 
335 92 247 0 
336 38 79 0 
337 93 313 0 
338 95 335 0 
339 3 5 0 
340 13 33 0 
341 91 266 0 
342 74 237 0 
343 97 299 0 
344 22 34 0 
345 100 195 0 
346 24 49 0 
347 76 130 0 
348 34 51 0 
349 24 23 0 
350 3 8 0 
351 21 39 0 
352 26 53 0 
353 68 210 0 
354 8 24 0 
355 23 45 0 
356 38 117 0 
357 83 89 0 
358 16 25 0 
359 92 53 0 
360 72 266 0 
361 45 150 0 
362 61 52 0 
363 22 57 0 
364 8 18 0 
365 37 132 0 
366 19 45 0 
367 30 26 0 
368 89 130 0 
369 52 169 0 
370 9 17 0 
371 91 162 0 
372 80 233 0 
373 66 62 0 
374 4 11 0 
375 68 182 0 
376 43 66 0 
377 87 119 0 
378 55 48 0 
379 34 45 0 
380 17 25 0 
381 51 160 0 
382 11 28 0 
383 31 28 0 
384 63 65 0 
385 66 231 0 
386 43 130 0 
387 29 75 0 
388 69 119 0 
389 71 236 0 
390 74 256 0 
391 40 120 0 
392 47 160 0 
393 3 12 0 
394 94 61 0 
395 56 175 0 
396 38 61 0 
397 57 139 0 
398 67 184 0 
399 56 185 0 
400 61 43 0 
401 25 90 0 
402 40 92 0 
403 59 169 0 
404 7 8 0 
405 80 48 0 
406 19 68 0 
407 64 112 0 
408 20 51 0 
409 29 17 0 
410 43 109 0 
411 51 162 0 
412 71 40 0 
413 68 54 0 
414 29 107 0 
415 93 279 0 
416 61 183 0 
417 73 271 0 
418 97 381 0 
419 49 105 0 
420 56 41 0 
421 71 57 0 
422 68 67 0 
423 74 88 0 
424 4 8 0 
425 5 4 0 
426 29 21 0 
427 49 84 0 
428 19 55 0 
429 56 130 0 
430 67 206 0 
431 32 38 0 
432 94 329 0 
433 28 81 0 
434 70 49 0 
435 45 158 0 
436 34 63 0 
437 47 79 0 
438 85 300 0 
439 19 53 0 
440 41 101 0 
441 7 7 0 
442 34 47 0 
443 74 180 0 
444 78 250 0 
445 91 329 0 
446 79 315 0 
447 88 221 0 
448 34 133 0 
449 10 29 0 
450 61 31 0 
451 12 31 0 
452 90 131 0 
453 78 163 0 
454 49 61 0 
455 97 325 0 
456 55 193 0 
457 86 86 0 
458 74 76 0 
459 91 245 0 
460 28 98 0 
461 80 297 0 
462 75 183 0 
463 54 69 0 
464 77 184 0 
465 86 229 0 
466 2 3 0 
467 70 263 0 
468 4 16 0 
469 40 42 0 
470 44 42 0 
471 99 94 0 
472 43 29 0 
473 11 42 0 
474 97 154 0 
475 35 133 0 
476 15 48 0 
477 98 143 0 
478 59 115 0 
479 28 95 0 
480 41 132 0 
481 7 5 0 
482 47 102 0 
483 34 96 0 
484 60 71 0 
485 47 89 0 
486 43 114 0 
487 43 153 0 
488 61 203 0 
489 94 210 0 
490 61 182 0 
491 55 37 0 
492 41 133 0 
493 34 97 0 
494 23 13 0 
495 54 55 0 
496 43 154 0 
497 37 89 0 
498 58 34 0 
499 44 36 0 
