NAME GBP_INSTANCES\prob_2_B_3_0_2.txt
COMMENT
BINTYPES 5
ITEMS 200
BINS_SECTIONS
0 60 60 0 197 
1 80 80 0 148 
2 100 100 0 118 
3 120 120 0 99 
4 150 150 0 79 
ITEMS_SECTIONS
0 42 49 0 
1 66 172 0 
2 85 125 0 
3 75 127 0 
4 56 135 0 
5 50 31 0 
6 61 221 0 
7 82 150 0 
8 37 43 0 
9 38 73 0 
10 81 238 0 
11 73 79 0 
12 77 208 0 
13 33 88 0 
14 52 124 0 
15 38 97 0 
16 41 27 0 
17 44 125 0 
18 91 117 0 
19 98 251 0 
20 79 275 0 
21 58 155 0 
22 42 164 0 
23 35 25 0 
24 63 225 0 
25 44 90 0 
26 90 89 0 
27 83 105 0 
28 55 206 0 
29 30 117 0 
30 78 283 0 
31 96 56 0 
32 87 232 0 
33 59 213 0 
34 40 117 0 
35 34 116 0 
36 95 374 0 
37 78 167 0 
38 30 101 0 
39 75 66 0 
40 44 111 0 
41 38 80 0 
42 79 260 0 
43 30 66 0 
44 33 62 0 
45 29 98 0 
46 50 57 0 
47 31 56 0 
48 29 113 0 
49 73 203 0 
50 53 145 0 
51 98 215 0 
52 56 216 0 
53 46 140 0 
54 67 262 0 
55 77 231 0 
56 94 138 0 
57 85 78 0 
58 88 226 0 
59 33 35 0 
60 97 352 0 
61 86 95 0 
62 70 154 0 
63 22 41 0 
64 44 126 0 
65 23 51 0 
66 28 63 0 
67 58 212 0 
68 21 18 0 
69 27 71 0 
70 57 216 0 
71 76 157 0 
72 91 352 0 
73 85 318 0 
74 57 63 0 
75 60 90 0 
76 36 89 0 
77 77 118 0 
78 58 126 0 
79 68 164 0 
80 69 221 0 
81 96 58 0 
82 41 59 0 
83 70 119 0 
84 63 215 0 
85 76 55 0 
86 71 280 0 
87 59 215 0 
88 67 216 0 
89 36 88 0 
90 51 165 0 
91 41 95 0 
92 47 111 0 
93 46 75 0 
94 57 165 0 
95 96 82 0 
96 28 74 0 
97 33 123 0 
98 86 224 0 
99 64 62 0 
100 23 16 0 
101 35 78 0 
102 21 32 0 
103 80 318 0 
104 38 25 0 
105 70 187 0 
106 93 90 0 
107 53 122 0 
108 90 178 0 
109 79 255 0 
110 66 45 0 
111 68 118 0 
112 64 147 0 
113 43 96 0 
114 71 51 0 
115 96 196 0 
116 57 90 0 
117 37 48 0 
118 50 160 0 
119 41 144 0 
120 71 156 0 
121 81 212 0 
122 74 292 0 
123 39 73 0 
124 36 43 0 
125 88 86 0 
126 27 77 0 
127 99 342 0 
128 50 54 0 
129 30 111 0 
130 48 191 0 
131 58 34 0 
132 67 117 0 
133 63 76 0 
134 40 73 0 
135 52 117 0 
136 39 59 0 
137 74 112 0 
138 61 155 0 
139 67 152 0 
140 56 103 0 
141 86 196 0 
142 59 182 0 
143 77 213 0 
144 55 174 0 
145 28 84 0 
146 38 45 0 
147 27 76 0 
148 93 61 0 
149 46 178 0 
150 81 161 0 
151 51 174 0 
152 90 235 0 
153 34 115 0 
154 49 176 0 
155 50 53 0 
156 53 83 0 
157 55 43 0 
158 45 105 0 
159 22 53 0 
160 100 153 0 
161 66 243 0 
162 27 76 0 
163 54 73 0 
164 58 205 0 
165 63 229 0 
166 67 94 0 
167 83 93 0 
168 71 114 0 
169 41 97 0 
170 31 53 0 
171 87 269 0 
172 52 162 0 
173 56 42 0 
174 22 57 0 
175 29 94 0 
176 61 38 0 
177 37 111 0 
178 31 103 0 
179 38 109 0 
180 84 231 0 
181 47 140 0 
182 78 63 0 
183 84 289 0 
184 86 186 0 
185 55 132 0 
186 67 133 0 
187 22 27 0 
188 27 15 0 
189 99 170 0 
190 93 306 0 
191 62 155 0 
192 65 76 0 
193 56 80 0 
194 92 312 0 
195 73 250 0 
196 77 84 0 
197 53 188 0 
198 55 216 0 
199 74 75 0 
