NAME GBP_INSTANCES\prob_1_B_4_8_2.txt
COMMENT
BINTYPES 5
ITEMS 500
BINS_SECTIONS
0 60 60 0 424 
1 80 80 0 318 
2 100 100 0 255 
3 120 120 0 212 
4 150 150 0 170 
ITEMS_SECTIONS
0 36 94 0 
1 68 71 0 
2 90 54 0 
3 30 114 0 
4 32 87 0 
5 82 261 0 
6 37 77 0 
7 59 104 0 
8 2 5 0 
9 80 305 0 
10 5 17 0 
11 45 36 0 
12 83 317 0 
13 3 11 0 
14 81 58 0 
15 77 129 0 
16 7 18 0 
17 78 188 0 
18 46 119 0 
19 58 43 0 
20 10 26 0 
21 64 84 0 
22 79 264 0 
23 81 210 0 
24 31 104 0 
25 19 40 0 
26 42 44 0 
27 4 7 0 
28 43 51 0 
29 59 68 0 
30 57 54 0 
31 21 53 0 
32 51 79 0 
33 83 171 0 
34 3 8 0 
35 97 233 0 
36 27 81 0 
37 77 147 0 
38 53 110 0 
39 70 172 0 
40 93 234 0 
41 13 51 0 
42 74 57 0 
43 82 229 0 
44 54 137 0 
45 54 166 0 
46 13 39 0 
47 47 88 0 
48 58 97 0 
49 64 135 0 
50 78 245 0 
51 19 55 0 
52 94 163 0 
53 49 172 0 
54 72 97 0 
55 65 43 0 
56 39 72 0 
57 13 17 0 
58 41 97 0 
59 6 17 0 
60 4 9 0 
61 70 268 0 
62 31 54 0 
63 28 86 0 
64 34 28 0 
65 93 325 0 
66 6 23 0 
67 39 66 0 
68 21 71 0 
69 30 20 0 
70 10 25 0 
71 56 187 0 
72 32 62 0 
73 75 78 0 
74 38 66 0 
75 11 40 0 
76 61 97 0 
77 39 134 0 
78 96 142 0 
79 55 68 0 
80 96 135 0 
81 76 288 0 
82 15 34 0 
83 48 151 0 
84 87 108 0 
85 39 133 0 
86 84 64 0 
87 20 39 0 
88 36 68 0 
89 12 19 0 
90 4 10 0 
91 80 169 0 
92 73 270 0 
93 74 180 0 
94 86 58 0 
95 75 203 0 
96 56 215 0 
97 84 170 0 
98 25 21 0 
99 55 109 0 
100 48 62 0 
101 96 169 0 
102 51 202 0 
103 59 130 0 
104 6 10 0 
105 14 44 0 
106 7 14 0 
107 82 115 0 
108 44 135 0 
109 11 21 0 
110 53 146 0 
111 33 77 0 
112 7 14 0 
113 94 128 0 
114 27 39 0 
115 24 68 0 
116 9 28 0 
117 60 142 0 
118 83 116 0 
119 40 41 0 
120 72 155 0 
121 3 5 0 
122 36 47 0 
123 10 19 0 
124 28 42 0 
125 42 63 0 
126 17 66 0 
127 99 396 0 
128 12 24 0 
129 28 27 0 
130 77 219 0 
131 7 6 0 
132 17 55 0 
133 67 77 0 
134 68 149 0 
135 31 112 0 
136 28 96 0 
137 57 93 0 
138 85 330 0 
139 12 27 0 
140 14 53 0 
141 56 89 0 
142 47 47 0 
143 22 49 0 
144 93 317 0 
145 83 179 0 
146 81 179 0 
147 86 237 0 
148 50 172 0 
149 69 58 0 
150 85 89 0 
151 35 108 0 
152 20 35 0 
153 57 141 0 
154 44 34 0 
155 36 38 0 
156 15 57 0 
157 76 237 0 
158 59 70 0 
159 48 68 0 
160 17 64 0 
161 78 306 0 
162 81 161 0 
163 13 8 0 
164 4 10 0 
165 68 196 0 
166 99 305 0 
167 33 93 0 
168 32 70 0 
169 19 76 0 
170 79 308 0 
171 67 205 0 
172 55 203 0 
173 96 244 0 
174 91 236 0 
175 73 285 0 
176 82 192 0 
177 88 93 0 
178 44 133 0 
179 37 24 0 
180 76 234 0 
181 59 205 0 
182 50 75 0 
183 19 46 0 
184 75 287 0 
185 33 94 0 
186 29 105 0 
187 61 209 0 
188 55 114 0 
189 19 50 0 
190 99 165 0 
191 74 221 0 
192 10 22 0 
193 77 73 0 
194 50 182 0 
195 52 28 0 
196 58 122 0 
197 60 120 0 
198 31 76 0 
199 36 104 0 
200 74 137 0 
201 99 361 0 
202 86 97 0 
203 83 331 0 
204 22 81 0 
205 88 132 0 
206 44 106 0 
207 48 85 0 
208 25 18 0 
209 43 112 0 
210 77 98 0 
211 31 70 0 
212 22 66 0 
213 57 86 0 
214 86 305 0 
215 17 52 0 
216 55 59 0 
217 69 122 0 
218 89 288 0 
219 46 64 0 
220 38 43 0 
221 40 43 0 
222 72 202 0 
223 46 81 0 
224 50 35 0 
225 48 130 0 
226 92 262 0 
227 62 191 0 
228 4 11 0 
229 37 22 0 
230 92 162 0 
231 19 13 0 
232 32 47 0 
233 80 197 0 
234 6 17 0 
235 48 63 0 
236 43 40 0 
237 23 36 0 
238 12 14 0 
239 16 55 0 
240 89 54 0 
241 63 42 0 
242 39 23 0 
243 88 289 0 
244 96 308 0 
245 25 91 0 
246 50 76 0 
247 64 47 0 
248 96 355 0 
249 92 291 0 
250 22 82 0 
251 10 18 0 
252 28 63 0 
253 48 109 0 
254 55 147 0 
255 36 49 0 
256 19 76 0 
257 99 297 0 
258 18 69 0 
259 42 143 0 
260 33 19 0 
261 26 45 0 
262 64 130 0 
263 72 119 0 
264 5 11 0 
265 29 20 0 
266 30 45 0 
267 13 32 0 
268 18 52 0 
269 22 75 0 
270 48 76 0 
271 55 136 0 
272 69 137 0 
273 50 59 0 
274 84 220 0 
275 85 269 0 
276 77 205 0 
277 58 220 0 
278 42 64 0 
279 5 5 0 
280 61 236 0 
281 11 18 0 
282 17 12 0 
283 34 94 0 
284 60 76 0 
285 85 57 0 
286 75 300 0 
287 28 65 0 
288 20 49 0 
289 25 52 0 
290 30 24 0 
291 47 67 0 
292 12 13 0 
293 91 57 0 
294 71 54 0 
295 94 199 0 
296 14 13 0 
297 96 270 0 
298 50 154 0 
299 85 194 0 
300 16 41 0 
301 47 32 0 
302 51 171 0 
303 55 104 0 
304 79 148 0 
305 88 254 0 
306 68 259 0 
307 59 155 0 
308 19 15 0 
309 86 93 0 
310 13 52 0 
311 91 357 0 
312 32 98 0 
313 19 22 0 
314 65 36 0 
315 55 100 0 
316 41 88 0 
317 28 94 0 
318 5 4 0 
319 17 39 0 
320 78 57 0 
321 100 185 0 
322 28 48 0 
323 94 266 0 
324 77 199 0 
325 30 91 0 
326 86 156 0 
327 94 66 0 
328 3 7 0 
329 21 61 0 
330 54 175 0 
331 36 133 0 
332 80 245 0 
333 91 210 0 
334 69 168 0 
335 14 33 0 
336 55 214 0 
337 49 76 0 
338 38 50 0 
339 6 8 0 
340 43 104 0 
341 75 292 0 
342 57 168 0 
343 88 74 0 
344 13 13 0 
345 94 75 0 
346 52 27 0 
347 73 290 0 
348 50 183 0 
349 85 334 0 
350 65 78 0 
351 3 9 0 
352 42 67 0 
353 90 277 0 
354 12 27 0 
355 60 168 0 
356 39 108 0 
357 74 73 0 
358 28 101 0 
359 87 270 0 
360 37 60 0 
361 20 79 0 
362 26 69 0 
363 92 108 0 
364 28 105 0 
365 81 109 0 
366 94 83 0 
367 37 79 0 
368 55 175 0 
369 85 263 0 
370 40 110 0 
371 80 109 0 
372 44 28 0 
373 22 73 0 
374 19 41 0 
375 67 88 0 
376 29 25 0 
377 100 384 0 
378 61 110 0 
379 45 156 0 
380 38 55 0 
381 5 4 0 
382 23 16 0 
383 100 106 0 
384 79 124 0 
385 38 96 0 
386 74 189 0 
387 78 285 0 
388 78 57 0 
389 89 309 0 
390 62 177 0 
391 3 11 0 
392 4 16 0 
393 100 104 0 
394 48 143 0 
395 41 122 0 
396 43 113 0 
397 80 286 0 
398 69 88 0 
399 44 140 0 
400 59 123 0 
401 35 132 0 
402 18 33 0 
403 96 278 0 
404 91 169 0 
405 61 51 0 
406 86 201 0 
407 8 29 0 
408 29 54 0 
409 83 135 0 
410 71 154 0 
411 88 229 0 
412 27 93 0 
413 64 119 0 
414 91 228 0 
415 29 45 0 
416 82 125 0 
417 76 232 0 
418 9 20 0 
419 44 149 0 
420 49 185 0 
421 76 110 0 
422 4 5 0 
423 74 65 0 
424 12 26 0 
425 51 140 0 
426 97 65 0 
427 29 91 0 
428 85 114 0 
429 84 180 0 
430 78 230 0 
431 59 83 0 
432 69 168 0 
433 21 16 0 
434 12 15 0 
435 31 61 0 
436 22 23 0 
437 60 120 0 
438 96 86 0 
439 4 13 0 
440 83 213 0 
441 75 147 0 
442 60 198 0 
443 79 211 0 
444 12 32 0 
445 77 40 0 
446 32 93 0 
447 21 26 0 
448 62 143 0 
449 19 33 0 
450 3 6 0 
451 10 20 0 
452 74 162 0 
453 69 106 0 
454 11 39 0 
455 49 132 0 
456 91 222 0 
457 44 104 0 
458 50 127 0 
459 63 76 0 
460 85 56 0 
461 25 69 0 
462 58 143 0 
463 18 25 0 
464 10 8 0 
465 51 186 0 
466 58 134 0 
467 14 49 0 
468 48 63 0 
469 22 82 0 
470 34 47 0 
471 53 91 0 
472 83 178 0 
473 91 112 0 
474 2 7 0 
475 53 28 0 
476 58 92 0 
477 92 57 0 
478 52 125 0 
479 15 37 0 
480 55 98 0 
481 65 244 0 
482 41 134 0 
483 90 276 0 
484 53 206 0 
485 38 47 0 
486 90 167 0 
487 81 73 0 
488 95 292 0 
489 39 120 0 
490 78 68 0 
491 8 18 0 
492 45 160 0 
493 67 89 0 
494 87 53 0 
495 66 145 0 
496 26 82 0 
497 16 18 0 
498 91 170 0 
499 41 31 0 
