NAME GBP_INSTANCES\prob_2_A_1_5_2.txt
COMMENT
BINTYPES 3
ITEMS 50
BINS_SECTIONS
0 100 100 0 30 
1 120 120 0 25 
2 150 150 0 20 
ITEMS_SECTIONS
0 85 215 0 
1 90 226 0 
2 30 108 0 
3 38 29 0 
4 72 122 0 
5 30 54 0 
6 96 80 0 
7 73 54 0 
8 98 151 0 
9 71 209 0 
10 40 70 0 
11 37 63 0 
12 87 282 0 
13 83 168 0 
14 74 231 0 
15 61 243 0 
16 87 71 0 
17 81 320 0 
18 31 38 0 
19 89 281 0 
20 40 68 0 
21 43 129 0 
22 31 124 0 
23 80 127 0 
24 74 274 0 
25 36 47 0 
26 27 98 0 
27 99 154 0 
28 79 123 0 
29 74 214 0 
30 54 142 0 
31 25 48 0 
32 54 40 0 
33 61 214 0 
34 26 68 0 
35 72 243 0 
36 49 52 0 
37 38 80 0 
38 46 169 0 
39 25 49 0 
40 71 97 0 
41 55 121 0 
42 46 84 0 
43 62 37 0 
44 57 222 0 
45 38 134 0 
46 53 115 0 
47 36 118 0 
48 52 180 0 
49 92 268 0 
