NAME GBP_INSTANCES\prob_2_B_1_2_7.txt
COMMENT
BINTYPES 5
ITEMS 50
BINS_SECTIONS
0 60 60 0 50 
1 80 80 0 37 
2 100 100 0 30 
3 120 120 0 25 
4 150 150 0 20 
ITEMS_SECTIONS
0 94 208 0
1 34 83 0
2 45 106 0
3 31 67 0
4 96 66 0
5 42 41 0
6 58 140 0
7 57 118 0
8 53 79 0
9 25 54 0
10 63 51 0
11 54 113 0
12 80 86 0
13 31 30 0
14 89 170 0
15 91 297 0
16 84 312 0
17 98 119 0
18 64 141 0
19 97 82 0
20 83 175 0
21 77 105 0
22 94 220 0
23 44 41 0
24 26 115 0
25 24 68 0
26 97 233 0
27 48 186 0
28 79 303 0
29 55 233 0
30 30 83 0
31 31 120 0
32 35 130 0
33 32 115 0
34 27 26 0
35 37 20 0
36 33 74 0
37 52 165 0
38 90 195 0
39 36 54 0
40 41 105 0
41 90 344 0
42 73 299 0
43 83 369 0
44 35 39 0
45 29 16 0
46 31 57 0
47 55 51 0
48 96 124 0
49 97 272 0
