NAME GBP_INSTANCES\prob_3_A_2_4_2.txt
COMMENT
BINTYPES 3
ITEMS 100
BINS_SECTIONS
0 100 100 0 78 
1 120 120 0 65 
2 150 150 0 52 
ITEMS_SECTIONS
0 91 227 0 
1 77 79 0 
2 80 208 0 
3 63 229 0 
4 96 382 0 
5 54 201 0 
6 52 45 0 
7 51 165 0 
8 85 193 0 
9 81 162 0 
10 66 193 0 
11 85 76 0 
12 81 236 0 
13 61 101 0 
14 70 180 0 
15 56 220 0 
16 64 119 0 
17 96 77 0 
18 66 125 0 
19 87 52 0 
20 84 44 0 
21 81 114 0 
22 73 120 0 
23 86 44 0 
24 84 220 0 
25 67 112 0 
26 98 277 0 
27 59 191 0 
28 98 330 0 
29 98 97 0 
30 94 197 0 
31 88 83 0 
32 79 197 0 
33 55 210 0 
34 83 194 0 
35 75 171 0 
36 78 135 0 
37 59 51 0 
38 61 67 0 
39 52 108 0 
40 78 153 0 
41 63 75 0 
42 63 212 0 
43 75 188 0 
44 92 82 0 
45 87 137 0 
46 60 229 0 
47 90 329 0 
48 87 296 0 
49 79 217 0 
50 60 172 0 
51 97 138 0 
52 59 140 0 
53 53 69 0 
54 93 249 0 
55 88 159 0 
56 91 80 0 
57 86 189 0 
58 87 263 0 
59 94 146 0 
60 89 156 0 
61 75 202 0 
62 86 269 0 
63 74 95 0 
64 72 57 0 
65 92 343 0 
66 95 361 0 
67 60 196 0 
68 61 132 0 
69 81 271 0 
70 78 228 0 
71 60 222 0 
72 51 123 0 
73 82 194 0 
74 66 191 0 
75 77 95 0 
76 94 373 0 
77 93 255 0 
78 69 240 0 
79 93 317 0 
80 91 108 0 
81 82 306 0 
82 51 141 0 
83 81 143 0 
84 68 135 0 
85 78 79 0 
86 99 182 0 
87 85 88 0 
88 82 113 0 
89 97 202 0 
90 53 105 0 
91 98 140 0 
92 82 326 0 
93 73 200 0 
94 79 142 0 
95 57 160 0 
96 72 98 0 
97 68 35 0 
98 100 91 0 
99 99 118 0 
