NAME GBP_INSTANCES\prob_2_A_3_9_2.txt
COMMENT
BINTYPES 3
ITEMS 200
BINS_SECTIONS
0 100 100 0 120 
1 120 120 0 100 
2 150 150 0 80 
ITEMS_SECTIONS
0 57 71 0 
1 42 122 0 
2 65 116 0 
3 25 82 0 
4 45 154 0 
5 43 62 0 
6 38 140 0 
7 69 90 0 
8 33 129 0 
9 53 73 0 
10 29 19 0 
11 44 25 0 
12 54 139 0 
13 36 54 0 
14 95 53 0 
15 71 90 0 
16 100 369 0 
17 72 47 0 
18 39 95 0 
19 26 38 0 
20 97 279 0 
21 43 85 0 
22 29 101 0 
23 36 105 0 
24 24 56 0 
25 85 268 0 
26 86 342 0 
27 25 43 0 
28 59 77 0 
29 88 302 0 
30 65 148 0 
31 98 108 0 
32 24 49 0 
33 89 294 0 
34 99 345 0 
35 69 242 0 
36 95 82 0 
37 90 132 0 
38 89 162 0 
39 80 261 0 
40 44 96 0 
41 28 31 0 
42 52 60 0 
43 57 149 0 
44 22 54 0 
45 95 347 0 
46 70 162 0 
47 37 126 0 
48 65 215 0 
49 77 155 0 
50 56 200 0 
51 71 272 0 
52 64 196 0 
53 50 31 0 
54 68 67 0 
55 37 53 0 
56 83 64 0 
57 73 166 0 
58 45 66 0 
59 96 166 0 
60 62 58 0 
61 93 358 0 
62 75 265 0 
63 40 38 0 
64 69 157 0 
65 21 49 0 
66 90 164 0 
67 76 41 0 
68 37 69 0 
69 74 291 0 
70 84 202 0 
71 59 160 0 
72 95 280 0 
73 65 139 0 
74 67 44 0 
75 86 110 0 
76 21 13 0 
77 59 209 0 
78 68 223 0 
79 27 79 0 
80 35 49 0 
81 95 283 0 
82 26 88 0 
83 50 34 0 
84 40 85 0 
85 72 278 0 
86 33 96 0 
87 86 56 0 
88 67 42 0 
89 97 187 0 
90 79 140 0 
91 60 232 0 
92 88 47 0 
93 21 22 0 
94 52 95 0 
95 42 110 0 
96 34 87 0 
97 57 172 0 
98 35 92 0 
99 67 62 0 
100 85 209 0 
101 61 107 0 
102 60 154 0 
103 34 25 0 
104 87 89 0 
105 55 159 0 
106 66 164 0 
107 99 164 0 
108 73 184 0 
109 95 268 0 
110 32 123 0 
111 43 172 0 
112 29 55 0 
113 71 275 0 
114 75 201 0 
115 99 64 0 
116 77 54 0 
117 38 135 0 
118 70 270 0 
119 66 150 0 
120 95 111 0 
121 52 160 0 
122 29 69 0 
123 37 50 0 
124 37 87 0 
125 25 76 0 
126 86 255 0 
127 85 173 0 
128 36 34 0 
129 23 47 0 
130 29 53 0 
131 50 104 0 
132 48 126 0 
133 87 221 0 
134 33 73 0 
135 60 47 0 
136 36 144 0 
137 56 149 0 
138 57 157 0 
139 53 202 0 
140 38 91 0 
141 21 17 0 
142 39 99 0 
143 37 137 0 
144 23 83 0 
145 32 60 0 
146 26 42 0 
147 21 12 0 
148 64 39 0 
149 89 300 0 
150 61 137 0 
151 43 162 0 
152 84 319 0 
153 80 239 0 
154 73 67 0 
155 58 129 0 
156 47 149 0 
157 64 190 0 
158 85 298 0 
159 91 75 0 
160 70 61 0 
161 75 257 0 
162 24 63 0 
163 22 39 0 
164 55 141 0 
165 74 75 0 
166 73 159 0 
167 58 49 0 
168 77 276 0 
169 54 130 0 
170 67 104 0 
171 50 113 0 
172 93 209 0 
173 21 51 0 
174 65 226 0 
175 69 76 0 
176 32 71 0 
177 99 185 0 
178 42 36 0 
179 84 260 0 
180 47 105 0 
181 89 233 0 
182 28 94 0 
183 35 50 0 
184 67 190 0 
185 91 323 0 
186 86 111 0 
187 59 125 0 
188 95 171 0 
189 68 48 0 
190 93 163 0 
191 95 198 0 
192 90 357 0 
193 52 102 0 
194 70 85 0 
195 46 108 0 
196 70 74 0 
197 71 217 0 
198 71 258 0 
199 59 156 0 
