NAME GBP_INSTANCES\prob_3_B_2_2_2.txt
COMMENT
BINTYPES 5
ITEMS 100
BINS_SECTIONS
0 60 60 0 125 
1 80 80 0 94 
2 100 100 0 75 
3 120 120 0 63 
4 150 150 0 50 
ITEMS_SECTIONS
0 89 235 0 
1 94 72 0 
2 82 131 0 
3 71 166 0 
4 64 134 0 
5 60 145 0 
6 66 93 0 
7 80 193 0 
8 82 176 0 
9 100 211 0 
10 53 44 0 
11 69 177 0 
12 92 177 0 
13 67 240 0 
14 76 138 0 
15 59 119 0 
16 93 328 0 
17 77 128 0 
18 78 248 0 
19 68 191 0 
20 70 42 0 
21 81 80 0 
22 52 105 0 
23 87 253 0 
24 62 230 0 
25 52 132 0 
26 64 60 0 
27 58 225 0 
28 70 132 0 
29 51 75 0 
30 94 117 0 
31 95 373 0 
32 93 54 0 
33 84 220 0 
34 89 168 0 
35 87 139 0 
36 61 132 0 
37 88 75 0 
38 100 239 0 
39 70 254 0 
40 85 286 0 
41 68 253 0 
42 54 148 0 
43 81 90 0 
44 100 140 0 
45 79 88 0 
46 83 217 0 
47 54 125 0 
48 75 97 0 
49 60 180 0 
50 63 245 0 
51 83 195 0 
52 62 99 0 
53 77 228 0 
54 77 248 0 
55 68 271 0 
56 59 171 0 
57 74 151 0 
58 61 60 0 
59 57 135 0 
60 62 239 0 
61 100 170 0 
62 98 334 0 
63 52 65 0 
64 69 112 0 
65 94 322 0 
66 61 56 0 
67 58 122 0 
68 79 143 0 
69 57 172 0 
70 87 177 0 
71 69 153 0 
72 85 98 0 
73 52 171 0 
74 61 244 0 
75 82 205 0 
76 62 33 0 
77 85 258 0 
78 55 123 0 
79 88 274 0 
80 94 185 0 
81 84 48 0 
82 58 132 0 
83 72 167 0 
84 91 341 0 
85 65 189 0 
86 68 74 0 
87 75 77 0 
88 97 169 0 
89 99 201 0 
90 58 176 0 
91 100 237 0 
92 76 235 0 
93 93 149 0 
94 75 138 0 
95 62 174 0 
96 100 227 0 
97 63 190 0 
98 77 280 0 
99 67 93 0 
