NAME GBP_INSTANCES\prob_3_A_1_0_2.txt
COMMENT
BINTYPES 3
ITEMS 50
BINS_SECTIONS
0 100 100 0 40 
1 120 120 0 33 
2 150 150 0 27 
ITEMS_SECTIONS
0 99 330 0 
1 98 133 0 
2 83 254 0 
3 87 124 0 
4 67 210 0 
5 89 68 0 
6 82 301 0 
7 62 202 0 
8 89 143 0 
9 91 199 0 
10 58 93 0 
11 95 278 0 
12 100 279 0 
13 52 122 0 
14 75 64 0 
15 94 305 0 
16 63 181 0 
17 65 217 0 
18 79 178 0 
19 97 376 0 
20 69 130 0 
21 79 212 0 
22 73 160 0 
23 60 231 0 
24 57 127 0 
25 96 197 0 
26 59 123 0 
27 100 112 0 
28 71 194 0 
29 98 246 0 
30 69 110 0 
31 91 266 0 
32 64 161 0 
33 92 237 0 
34 56 32 0 
35 76 179 0 
36 73 214 0 
37 63 130 0 
38 78 97 0 
39 93 99 0 
40 89 161 0 
41 85 244 0 
42 89 187 0 
43 73 210 0 
44 91 195 0 
45 77 266 0 
46 59 38 0 
47 66 155 0 
48 92 75 0 
49 91 115 0 
