NAME GBP_INSTANCES\prob_1_B_3_2_2.txt
COMMENT
BINTYPES 5
ITEMS 200
BINS_SECTIONS
0 60 60 0 169 
1 80 80 0 127 
2 100 100 0 102 
3 120 120 0 85 
4 150 150 0 68 
ITEMS_SECTIONS
0 7 6 0 
1 47 151 0 
2 83 290 0 
3 60 99 0 
4 26 35 0 
5 20 64 0 
6 21 15 0 
7 85 129 0 
8 28 74 0 
9 89 45 0 
10 34 67 0 
11 14 48 0 
12 21 75 0 
13 39 91 0 
14 53 143 0 
15 66 219 0 
16 30 58 0 
17 74 127 0 
18 27 85 0 
19 68 183 0 
20 66 68 0 
21 42 34 0 
22 21 71 0 
23 90 75 0 
24 37 43 0 
25 59 224 0 
26 57 135 0 
27 71 248 0 
28 82 295 0 
29 3 3 0 
30 31 76 0 
31 98 133 0 
32 45 161 0 
33 32 64 0 
34 16 59 0 
35 43 65 0 
36 51 79 0 
37 78 85 0 
38 89 225 0 
39 23 69 0 
40 23 66 0 
41 94 99 0 
42 89 321 0 
43 77 60 0 
44 2 3 0 
45 96 277 0 
46 42 104 0 
47 56 143 0 
48 86 100 0 
49 68 269 0 
50 51 201 0 
51 73 217 0 
52 85 213 0 
53 91 329 0 
54 14 42 0 
55 54 88 0 
56 71 68 0 
57 50 126 0 
58 39 79 0 
59 11 43 0 
60 41 158 0 
61 76 182 0 
62 29 26 0 
63 79 57 0 
64 84 124 0 
65 98 121 0 
66 20 19 0 
67 60 155 0 
68 39 141 0 
69 44 34 0 
70 19 37 0 
71 79 76 0 
72 53 42 0 
73 63 96 0 
74 44 134 0 
75 32 123 0 
76 25 40 0 
77 21 38 0 
78 16 61 0 
79 6 8 0 
80 50 31 0 
81 44 116 0 
82 83 254 0 
83 60 98 0 
84 37 140 0 
85 40 44 0 
86 46 158 0 
87 61 40 0 
88 18 11 0 
89 95 270 0 
90 61 82 0 
91 27 21 0 
92 26 36 0 
93 68 90 0 
94 90 67 0 
95 2 8 0 
96 67 122 0 
97 67 188 0 
98 66 259 0 
99 21 14 0 
100 47 48 0 
101 59 142 0 
102 50 137 0 
103 58 173 0 
104 78 258 0 
105 73 86 0 
106 54 198 0 
107 39 30 0 
108 52 160 0 
109 50 64 0 
110 91 298 0 
111 7 10 0 
112 75 81 0 
113 13 9 0 
114 41 139 0 
115 18 59 0 
116 64 48 0 
117 95 233 0 
118 80 222 0 
119 70 101 0 
120 99 235 0 
121 18 46 0 
122 79 281 0 
123 11 21 0 
124 35 99 0 
125 34 79 0 
126 3 9 0 
127 63 52 0 
128 60 171 0 
129 42 119 0 
130 21 34 0 
131 94 261 0 
132 2 3 0 
133 96 146 0 
134 72 88 0 
135 70 232 0 
136 84 161 0 
137 89 308 0 
138 73 160 0 
139 21 17 0 
140 18 70 0 
141 55 125 0 
142 31 64 0 
143 60 226 0 
144 40 98 0 
145 73 251 0 
146 40 140 0 
147 96 225 0 
148 79 195 0 
149 99 353 0 
150 30 17 0 
151 46 79 0 
152 61 149 0 
153 22 78 0 
154 44 148 0 
155 16 14 0 
156 39 134 0 
157 61 195 0 
158 2 4 0 
159 68 248 0 
160 52 52 0 
161 16 41 0 
162 47 142 0 
163 12 22 0 
164 5 18 0 
165 68 201 0 
166 20 64 0 
167 35 48 0 
168 75 64 0 
169 61 153 0 
170 52 189 0 
171 57 40 0 
172 26 31 0 
173 43 130 0 
174 43 160 0 
175 77 73 0 
176 42 133 0 
177 8 31 0 
178 90 354 0 
179 5 9 0 
180 69 111 0 
181 31 92 0 
182 52 45 0 
183 63 127 0 
184 71 219 0 
185 99 305 0 
186 4 15 0 
187 51 154 0 
188 78 193 0 
189 74 135 0 
190 71 101 0 
191 34 63 0 
192 51 98 0 
193 60 189 0 
194 6 5 0 
195 58 216 0 
196 27 60 0 
197 18 47 0 
198 74 275 0 
199 83 119 0 
