NAME GBP_INSTANCES\prob_2_A_1_7_2.txt
COMMENT
BINTYPES 3
ITEMS 50
BINS_SECTIONS
0 100 100 0 30 
1 120 120 0 25 
2 150 150 0 20 
ITEMS_SECTIONS
0 26 20 0 
1 55 160 0 
2 56 222 0 
3 56 72 0 
4 52 57 0 
5 39 122 0 
6 83 180 0 
7 32 22 0 
8 89 165 0 
9 50 173 0 
10 58 70 0 
11 98 154 0 
12 87 77 0 
13 28 88 0 
14 24 44 0 
15 45 111 0 
16 24 95 0 
17 64 183 0 
18 90 280 0 
19 66 124 0 
20 67 60 0 
21 54 204 0 
22 81 224 0 
23 34 37 0 
24 100 115 0 
25 71 210 0 
26 74 228 0 
27 89 204 0 
28 45 158 0 
29 40 137 0 
30 24 35 0 
31 56 135 0 
32 44 72 0 
33 56 188 0 
34 74 280 0 
35 90 75 0 
36 58 89 0 
37 21 66 0 
38 68 149 0 
39 35 19 0 
40 39 142 0 
41 32 74 0 
42 22 63 0 
43 64 141 0 
44 83 98 0 
45 91 106 0 
46 73 205 0 
47 97 279 0 
48 25 75 0 
49 98 302 0 
