NAME GBP_INSTANCES\prob_3_B_3_1_2.txt
COMMENT
BINTYPES 5
ITEMS 200
BINS_SECTIONS
0 60 60 0 256 
1 80 80 0 192 
2 100 100 0 154 
3 120 120 0 128 
4 150 150 0 103 
ITEMS_SECTIONS
0 56 173 0 
1 75 205 0 
2 75 128 0 
3 81 135 0 
4 77 178 0 
5 91 87 0 
6 76 133 0 
7 68 118 0 
8 93 81 0 
9 53 198 0 
10 78 219 0 
11 99 338 0 
12 97 345 0 
13 97 88 0 
14 91 274 0 
15 58 195 0 
16 80 285 0 
17 73 268 0 
18 52 170 0 
19 76 126 0 
20 82 162 0 
21 81 157 0 
22 85 323 0 
23 73 101 0 
24 77 112 0 
25 62 223 0 
26 80 104 0 
27 61 108 0 
28 71 79 0 
29 85 156 0 
30 84 92 0 
31 68 150 0 
32 73 107 0 
33 93 194 0 
34 70 144 0 
35 53 171 0 
36 81 324 0 
37 55 38 0 
38 96 380 0 
39 86 238 0 
40 89 160 0 
41 87 56 0 
42 67 250 0 
43 54 169 0 
44 56 187 0 
45 95 218 0 
46 98 191 0 
47 53 66 0 
48 87 209 0 
49 82 312 0 
50 65 56 0 
51 54 121 0 
52 75 82 0 
53 100 91 0 
54 67 39 0 
55 88 141 0 
56 59 31 0 
57 69 169 0 
58 56 169 0 
59 79 115 0 
60 86 154 0 
61 51 124 0 
62 99 85 0 
63 92 134 0 
64 76 94 0 
65 52 153 0 
66 75 94 0 
67 59 205 0 
68 52 32 0 
69 83 115 0 
70 81 79 0 
71 100 372 0 
72 66 113 0 
73 70 271 0 
74 90 283 0 
75 64 121 0 
76 78 121 0 
77 69 148 0 
78 97 183 0 
79 96 335 0 
80 93 114 0 
81 97 294 0 
82 82 82 0 
83 58 154 0 
84 86 129 0 
85 75 166 0 
86 86 121 0 
87 59 100 0 
88 83 256 0 
89 97 374 0 
90 75 237 0 
91 76 301 0 
92 83 308 0 
93 77 83 0 
94 89 318 0 
95 68 115 0 
96 82 325 0 
97 65 104 0 
98 53 183 0 
99 65 65 0 
100 76 167 0 
101 63 131 0 
102 91 362 0 
103 82 173 0 
104 72 110 0 
105 70 255 0 
106 76 84 0 
107 95 97 0 
108 75 276 0 
109 81 65 0 
110 57 225 0 
111 81 119 0 
112 71 70 0 
113 77 283 0 
114 88 154 0 
115 92 318 0 
116 94 276 0 
117 76 84 0 
118 61 236 0 
119 87 190 0 
120 78 128 0 
121 87 153 0 
122 64 247 0 
123 82 76 0 
124 95 228 0 
125 84 296 0 
126 59 177 0 
127 91 74 0 
128 68 93 0 
129 91 277 0 
130 61 138 0 
131 65 216 0 
132 74 256 0 
133 98 227 0 
134 58 101 0 
135 60 75 0 
136 71 83 0 
137 98 389 0 
138 53 31 0 
139 95 167 0 
140 96 133 0 
141 57 120 0 
142 73 104 0 
143 57 171 0 
144 53 62 0 
145 76 191 0 
146 66 190 0 
147 92 340 0 
148 62 56 0 
149 91 303 0 
150 86 124 0 
151 77 107 0 
152 88 328 0 
153 69 248 0 
154 51 91 0 
155 60 59 0 
156 87 200 0 
157 55 54 0 
158 91 279 0 
159 61 139 0 
160 73 53 0 
161 77 120 0 
162 58 41 0 
163 84 253 0 
164 54 88 0 
165 61 158 0 
166 87 166 0 
167 69 105 0 
168 84 296 0 
169 56 122 0 
170 97 271 0 
171 88 181 0 
172 75 87 0 
173 91 285 0 
174 64 233 0 
175 76 116 0 
176 83 276 0 
177 88 58 0 
178 98 292 0 
179 71 55 0 
180 91 250 0 
181 76 61 0 
182 80 41 0 
183 91 288 0 
184 65 57 0 
185 69 144 0 
186 60 89 0 
187 99 347 0 
188 62 205 0 
189 96 200 0 
190 91 204 0 
191 84 311 0 
192 95 320 0 
193 66 196 0 
194 98 277 0 
195 75 38 0 
196 57 40 0 
197 89 349 0 
198 59 235 0 
199 94 169 0 
