NAME GBP_INSTANCES\prob_3_B_0_0_2.txt
COMMENT
BINTYPES 5
ITEMS 25
BINS_SECTIONS
0 60 60 0 31 
1 80 80 0 23 
2 100 100 0 19 
3 120 120 0 16 
4 150 150 0 13 
ITEMS_SECTIONS
0 70 111 0 
1 59 106 0 
2 51 82 0 
3 73 98 0 
4 69 211 0 
5 84 209 0 
6 55 197 0 
7 81 119 0 
8 62 47 0 
9 93 211 0 
10 58 172 0 
11 73 113 0 
12 100 134 0 
13 94 84 0 
14 59 234 0 
15 64 93 0 
16 73 102 0 
17 87 320 0 
18 56 87 0 
19 95 122 0 
20 82 139 0 
21 95 180 0 
22 54 70 0 
23 91 333 0 
24 56 190 0 
