NAME GBP_INSTANCES\prob_3_A_3_8_2.txt
COMMENT
BINTYPES 3
ITEMS 200
BINS_SECTIONS
0 100 100 0 152 
1 120 120 0 126 
2 150 150 0 101 
ITEMS_SECTIONS
0 90 159 0 
1 89 255 0 
2 91 175 0 
3 65 176 0 
4 99 179 0 
5 90 85 0 
6 92 168 0 
7 89 135 0 
8 68 150 0 
9 90 144 0 
10 63 235 0 
11 56 143 0 
12 62 187 0 
13 83 184 0 
14 91 218 0 
15 61 101 0 
16 86 47 0 
17 54 158 0 
18 51 114 0 
19 85 77 0 
20 65 242 0 
21 52 27 0 
22 65 112 0 
23 68 204 0 
24 87 180 0 
25 85 264 0 
26 85 137 0 
27 80 117 0 
28 94 338 0 
29 91 183 0 
30 85 117 0 
31 73 212 0 
32 70 144 0 
33 69 145 0 
34 79 179 0 
35 87 343 0 
36 93 293 0 
37 73 156 0 
38 87 136 0 
39 92 241 0 
40 51 103 0 
41 99 97 0 
42 82 229 0 
43 53 137 0 
44 99 241 0 
45 68 60 0 
46 74 161 0 
47 82 286 0 
48 58 156 0 
49 82 104 0 
50 74 241 0 
51 74 93 0 
52 62 69 0 
53 73 274 0 
54 99 245 0 
55 97 100 0 
56 80 184 0 
57 98 143 0 
58 98 130 0 
59 61 190 0 
60 61 237 0 
61 65 45 0 
62 59 133 0 
63 64 53 0 
64 59 117 0 
65 92 298 0 
66 96 290 0 
67 71 155 0 
68 69 171 0 
69 75 272 0 
70 63 177 0 
71 77 140 0 
72 64 236 0 
73 79 106 0 
74 83 269 0 
75 67 57 0 
76 54 200 0 
77 71 138 0 
78 62 237 0 
79 62 159 0 
80 76 42 0 
81 64 154 0 
82 64 156 0 
83 84 225 0 
84 77 238 0 
85 75 208 0 
86 59 79 0 
87 56 194 0 
88 52 85 0 
89 91 112 0 
90 94 135 0 
91 78 72 0 
92 88 296 0 
93 82 48 0 
94 70 124 0 
95 59 166 0 
96 94 274 0 
97 99 205 0 
98 91 160 0 
99 76 133 0 
100 57 42 0 
101 60 201 0 
102 76 213 0 
103 52 159 0 
104 52 35 0 
105 55 91 0 
106 79 262 0 
107 65 209 0 
108 55 172 0 
109 67 41 0 
110 73 250 0 
111 89 69 0 
112 77 223 0 
113 53 63 0 
114 87 320 0 
115 81 322 0 
116 79 232 0 
117 77 179 0 
118 57 204 0 
119 99 317 0 
120 70 256 0 
121 80 274 0 
122 80 216 0 
123 81 43 0 
124 67 90 0 
125 91 79 0 
126 64 183 0 
127 65 189 0 
128 62 175 0 
129 56 123 0 
130 96 68 0 
131 75 210 0 
132 61 113 0 
133 100 54 0 
134 93 107 0 
135 66 254 0 
136 57 34 0 
137 85 232 0 
138 68 104 0 
139 81 239 0 
140 56 163 0 
141 81 262 0 
142 81 105 0 
143 91 63 0 
144 99 182 0 
145 81 323 0 
146 94 276 0 
147 96 357 0 
148 57 196 0 
149 51 135 0 
150 66 225 0 
151 72 39 0 
152 51 110 0 
153 63 202 0 
154 96 128 0 
155 90 357 0 
156 63 73 0 
157 97 255 0 
158 99 97 0 
159 83 216 0 
160 99 96 0 
161 62 38 0 
162 80 152 0 
163 60 49 0 
164 57 47 0 
165 69 91 0 
166 93 182 0 
167 60 198 0 
168 70 208 0 
169 54 108 0 
170 85 278 0 
171 68 140 0 
172 85 262 0 
173 97 58 0 
174 75 142 0 
175 89 330 0 
176 76 51 0 
177 61 119 0 
178 72 266 0 
179 81 210 0 
180 76 261 0 
181 75 131 0 
182 70 164 0 
183 62 46 0 
184 60 85 0 
185 64 138 0 
186 70 128 0 
187 88 132 0 
188 65 218 0 
189 60 138 0 
190 92 85 0 
191 55 190 0 
192 89 260 0 
193 93 302 0 
194 99 253 0 
195 89 297 0 
196 98 127 0 
197 95 132 0 
198 65 254 0 
199 69 240 0 
