NAME GBP_INSTANCES\prob_3_A_2_2_2.txt
COMMENT
BINTYPES 3
ITEMS 100
BINS_SECTIONS
0 100 100 0 74 
1 120 120 0 61 
2 150 150 0 49 
ITEMS_SECTIONS
0 54 154 0 
1 72 215 0 
2 52 187 0 
3 70 191 0 
4 56 57 0 
5 95 264 0 
6 58 91 0 
7 98 186 0 
8 68 216 0 
9 64 233 0 
10 56 124 0 
11 65 99 0 
12 52 82 0 
13 98 67 0 
14 54 196 0 
15 93 164 0 
16 58 105 0 
17 63 114 0 
18 63 84 0 
19 99 365 0 
20 63 203 0 
21 52 191 0 
22 56 160 0 
23 58 71 0 
24 74 71 0 
25 94 299 0 
26 58 84 0 
27 96 232 0 
28 59 78 0 
29 64 91 0 
30 67 207 0 
31 57 127 0 
32 55 59 0 
33 95 101 0 
34 88 164 0 
35 53 138 0 
36 91 151 0 
37 91 175 0 
38 68 204 0 
39 98 179 0 
40 54 49 0 
41 68 132 0 
42 78 125 0 
43 91 268 0 
44 87 274 0 
45 78 266 0 
46 89 263 0 
47 87 340 0 
48 64 252 0 
49 53 179 0 
50 54 87 0 
51 77 64 0 
52 55 62 0 
53 64 233 0 
54 70 40 0 
55 66 205 0 
56 96 212 0 
57 76 64 0 
58 53 106 0 
59 68 133 0 
60 74 89 0 
61 65 211 0 
62 77 211 0 
63 62 147 0 
64 85 75 0 
65 56 111 0 
66 83 252 0 
67 69 109 0 
68 78 220 0 
69 63 238 0 
70 98 390 0 
71 55 206 0 
72 99 165 0 
73 84 289 0 
74 67 157 0 
75 61 123 0 
76 88 286 0 
77 76 46 0 
78 95 165 0 
79 68 254 0 
80 95 372 0 
81 77 237 0 
82 93 246 0 
83 51 184 0 
84 83 88 0 
85 89 202 0 
86 90 79 0 
87 73 118 0 
88 59 100 0 
89 93 223 0 
90 94 143 0 
91 84 264 0 
92 69 273 0 
93 57 118 0 
94 55 55 0 
95 66 51 0 
96 97 145 0 
97 65 125 0 
98 87 236 0 
99 85 325 0 
