NAME GBP_INSTANCES\prob_3_B_0_7_2.txt
COMMENT
BINTYPES 5
ITEMS 25
BINS_SECTIONS
0 60 60 0 31 
1 80 80 0 23 
2 100 100 0 19 
3 120 120 0 16 
4 150 150 0 13 
ITEMS_SECTIONS
0 99 86 0 
1 83 329 0 
2 83 124 0 
3 53 35 0 
4 53 33 0 
5 52 201 0 
6 73 114 0 
7 52 190 0 
8 56 114 0 
9 57 201 0 
10 79 117 0 
11 57 103 0 
12 78 287 0 
13 53 91 0 
14 55 179 0 
15 82 73 0 
16 73 255 0 
17 77 111 0 
18 100 379 0 
19 92 138 0 
20 53 109 0 
21 92 225 0 
22 97 350 0 
23 98 358 0 
24 75 65 0 
