NAME GBP_INSTANCES\prob_3_A_4_5_2.txt
COMMENT
BINTYPES 3
ITEMS 500
BINS_SECTIONS
0 100 100 0 382 
1 120 120 0 319 
2 150 150 0 255 
ITEMS_SECTIONS
0 94 135 0 
1 59 216 0 
2 84 60 0 
3 78 228 0 
4 54 213 0 
5 59 86 0 
6 61 244 0 
7 81 199 0 
8 75 258 0 
9 81 311 0 
10 69 89 0 
11 60 136 0 
12 95 90 0 
13 98 239 0 
14 81 245 0 
15 52 194 0 
16 64 199 0 
17 78 73 0 
18 91 324 0 
19 81 198 0 
20 82 82 0 
21 93 261 0 
22 68 270 0 
23 81 203 0 
24 89 266 0 
25 52 179 0 
26 73 250 0 
27 87 309 0 
28 87 125 0 
29 86 82 0 
30 73 89 0 
31 78 300 0 
32 81 256 0 
33 83 210 0 
34 76 93 0 
35 55 109 0 
36 61 142 0 
37 71 267 0 
38 64 139 0 
39 74 52 0 
40 94 330 0 
41 80 42 0 
42 78 103 0 
43 73 251 0 
44 69 171 0 
45 82 207 0 
46 62 91 0 
47 63 77 0 
48 68 105 0 
49 52 188 0 
50 52 179 0 
51 81 84 0 
52 76 187 0 
53 90 348 0 
54 66 245 0 
55 53 46 0 
56 79 194 0 
57 95 238 0 
58 91 315 0 
59 86 107 0 
60 74 264 0 
61 85 196 0 
62 68 61 0 
63 85 301 0 
64 91 305 0 
65 57 104 0 
66 71 229 0 
67 93 324 0 
68 98 103 0 
69 68 118 0 
70 71 282 0 
71 80 317 0 
72 93 233 0 
73 57 64 0 
74 58 138 0 
75 57 82 0 
76 95 264 0 
77 58 62 0 
78 87 130 0 
79 97 280 0 
80 93 260 0 
81 88 133 0 
82 69 44 0 
83 99 99 0 
84 77 46 0 
85 74 131 0 
86 96 288 0 
87 59 174 0 
88 90 98 0 
89 76 66 0 
90 57 35 0 
91 97 73 0 
92 78 292 0 
93 88 94 0 
94 81 144 0 
95 53 83 0 
96 100 228 0 
97 69 52 0 
98 63 75 0 
99 93 84 0 
100 92 272 0 
101 88 263 0 
102 72 113 0 
103 97 57 0 
104 72 268 0 
105 83 93 0 
106 91 153 0 
107 67 66 0 
108 68 171 0 
109 66 219 0 
110 74 208 0 
111 73 159 0 
112 52 169 0 
113 78 237 0 
114 92 90 0 
115 82 82 0 
116 87 330 0 
117 75 77 0 
118 91 185 0 
119 81 238 0 
120 84 218 0 
121 95 192 0 
122 82 108 0 
123 96 117 0 
124 96 311 0 
125 98 259 0 
126 96 245 0 
127 62 248 0 
128 58 110 0 
129 65 48 0 
130 61 73 0 
131 97 165 0 
132 71 75 0 
133 100 103 0 
134 94 251 0 
135 90 57 0 
136 56 59 0 
137 86 342 0 
138 67 247 0 
139 100 237 0 
140 83 100 0 
141 77 99 0 
142 76 42 0 
143 80 177 0 
144 82 162 0 
145 70 132 0 
146 85 95 0 
147 68 121 0 
148 57 47 0 
149 99 301 0 
150 70 85 0 
151 68 124 0 
152 98 283 0 
153 56 138 0 
154 88 212 0 
155 51 204 0 
156 72 48 0 
157 51 145 0 
158 86 184 0 
159 58 36 0 
160 90 122 0 
161 93 63 0 
162 82 114 0 
163 90 276 0 
164 58 118 0 
165 100 133 0 
166 98 388 0 
167 91 130 0 
168 92 302 0 
169 97 292 0 
170 89 194 0 
171 95 248 0 
172 83 312 0 
173 90 298 0 
174 83 324 0 
175 73 249 0 
176 93 81 0 
177 64 219 0 
178 71 109 0 
179 89 200 0 
180 84 79 0 
181 86 82 0 
182 89 118 0 
183 85 250 0 
184 90 85 0 
185 66 71 0 
186 57 55 0 
187 72 224 0 
188 98 341 0 
189 58 124 0 
190 56 44 0 
191 56 208 0 
192 91 287 0 
193 58 105 0 
194 57 67 0 
195 98 316 0 
196 78 60 0 
197 68 210 0 
198 81 312 0 
199 99 182 0 
200 52 180 0 
201 51 148 0 
202 69 272 0 
203 83 75 0 
204 59 189 0 
205 82 215 0 
206 69 39 0 
207 74 265 0 
208 68 222 0 
209 66 151 0 
210 84 321 0 
211 68 88 0 
212 66 138 0 
213 53 104 0 
214 86 275 0 
215 67 239 0 
216 95 59 0 
217 91 265 0 
218 82 306 0 
219 61 75 0 
220 63 220 0 
221 66 184 0 
222 52 88 0 
223 87 296 0 
224 82 180 0 
225 66 123 0 
226 74 85 0 
227 92 366 0 
228 51 190 0 
229 60 124 0 
230 78 183 0 
231 82 46 0 
232 82 152 0 
233 91 249 0 
234 82 306 0 
235 88 337 0 
236 52 125 0 
237 63 40 0 
238 97 328 0 
239 73 161 0 
240 64 124 0 
241 88 186 0 
242 71 141 0 
243 70 77 0 
244 100 359 0 
245 96 259 0 
246 90 176 0 
247 62 178 0 
248 68 87 0 
249 97 386 0 
250 69 259 0 
251 64 157 0 
252 59 134 0 
253 96 86 0 
254 52 206 0 
255 98 277 0 
256 56 137 0 
257 82 163 0 
258 85 276 0 
259 82 174 0 
260 97 131 0 
261 64 36 0 
262 57 144 0 
263 72 78 0 
264 98 349 0 
265 60 153 0 
266 62 165 0 
267 75 40 0 
268 100 248 0 
269 71 187 0 
270 63 135 0 
271 78 213 0 
272 61 174 0 
273 93 298 0 
274 87 122 0 
275 52 67 0 
276 79 165 0 
277 92 248 0 
278 62 42 0 
279 89 162 0 
280 91 237 0 
281 57 225 0 
282 83 215 0 
283 66 84 0 
284 72 136 0 
285 52 159 0 
286 71 170 0 
287 55 178 0 
288 81 203 0 
289 73 48 0 
290 51 149 0 
291 72 65 0 
292 85 195 0 
293 96 381 0 
294 75 45 0 
295 72 226 0 
296 93 283 0 
297 60 100 0 
298 56 149 0 
299 53 47 0 
300 90 85 0 
301 74 210 0 
302 51 129 0 
303 62 138 0 
304 64 118 0 
305 53 166 0 
306 100 177 0 
307 64 127 0 
308 97 233 0 
309 99 286 0 
310 51 171 0 
311 82 151 0 
312 65 206 0 
313 100 249 0 
314 99 158 0 
315 97 222 0 
316 87 100 0 
317 67 177 0 
318 61 33 0 
319 91 321 0 
320 97 185 0 
321 62 243 0 
322 96 239 0 
323 57 198 0 
324 83 302 0 
325 52 34 0 
326 72 180 0 
327 99 233 0 
328 81 51 0 
329 94 254 0 
330 70 198 0 
331 71 104 0 
332 56 66 0 
333 70 46 0 
334 80 41 0 
335 66 143 0 
336 99 230 0 
337 93 353 0 
338 88 120 0 
339 98 267 0 
340 93 175 0 
341 52 129 0 
342 91 90 0 
343 92 183 0 
344 68 79 0 
345 57 111 0 
346 56 34 0 
347 78 245 0 
348 91 120 0 
349 53 28 0 
350 58 32 0 
351 56 193 0 
352 67 173 0 
353 75 193 0 
354 53 139 0 
355 76 280 0 
356 54 163 0 
357 60 210 0 
358 76 90 0 
359 88 248 0 
360 52 40 0 
361 73 232 0 
362 72 62 0 
363 71 243 0 
364 83 177 0 
365 85 50 0 
366 55 83 0 
367 99 310 0 
368 68 45 0 
369 91 341 0 
370 91 150 0 
371 88 74 0 
372 59 208 0 
373 68 84 0 
374 52 97 0 
375 89 284 0 
376 51 159 0 
377 65 199 0 
378 51 54 0 
379 72 104 0 
380 65 204 0 
381 52 165 0 
382 86 287 0 
383 67 55 0 
384 80 63 0 
385 94 335 0 
386 67 97 0 
387 59 198 0 
388 63 159 0 
389 74 252 0 
390 100 207 0 
391 93 293 0 
392 68 171 0 
393 61 106 0 
394 90 172 0 
395 88 95 0 
396 53 175 0 
397 77 127 0 
398 67 77 0 
399 87 168 0 
400 94 245 0 
401 81 83 0 
402 58 139 0 
403 61 227 0 
404 81 274 0 
405 92 230 0 
406 92 59 0 
407 59 142 0 
408 86 46 0 
409 66 102 0 
410 94 285 0 
411 84 132 0 
412 91 47 0 
413 86 295 0 
414 54 33 0 
415 58 99 0 
416 97 187 0 
417 57 184 0 
418 94 107 0 
419 78 245 0 
420 73 165 0 
421 79 228 0 
422 93 55 0 
423 82 186 0 
424 63 71 0 
425 77 102 0 
426 66 176 0 
427 99 158 0 
428 96 356 0 
429 82 189 0 
430 92 351 0 
431 71 168 0 
432 74 104 0 
433 54 79 0 
434 52 125 0 
435 83 52 0 
436 96 166 0 
437 99 98 0 
438 51 41 0 
439 56 55 0 
440 72 57 0 
441 55 202 0 
442 55 118 0 
443 63 60 0 
444 99 194 0 
445 57 127 0 
446 56 77 0 
447 80 101 0 
448 100 128 0 
449 53 38 0 
450 100 205 0 
451 98 166 0 
452 93 73 0 
453 92 265 0 
454 91 339 0 
455 94 246 0 
456 97 133 0 
457 94 345 0 
458 98 359 0 
459 72 40 0 
460 91 151 0 
461 67 225 0 
462 94 185 0 
463 64 88 0 
464 81 199 0 
465 51 124 0 
466 93 64 0 
467 67 197 0 
468 89 343 0 
469 95 364 0 
470 58 54 0 
471 99 89 0 
472 78 65 0 
473 85 258 0 
474 64 110 0 
475 99 86 0 
476 67 123 0 
477 96 124 0 
478 74 282 0 
479 52 127 0 
480 99 82 0 
481 79 70 0 
482 63 153 0 
483 75 217 0 
484 83 316 0 
485 58 182 0 
486 64 165 0 
487 81 305 0 
488 53 177 0 
489 90 350 0 
490 98 164 0 
491 68 248 0 
492 66 157 0 
493 77 132 0 
494 72 245 0 
495 90 187 0 
496 58 103 0 
497 71 89 0 
498 65 116 0 
499 64 208 0 
