NAME GBP_INSTANCES\prob_1_A_1_1_2.txt
COMMENT
BINTYPES 3
ITEMS 50
BINS_SECTIONS
0 100 100 0 25 
1 120 120 0 21 
2 150 150 0 17 
ITEMS_SECTIONS
0 4 3 0 
1 95 93 0 
2 93 260 0 
3 91 281 0 
4 87 286 0 
5 16 25 0 
6 19 20 0 
7 8 17 0 
8 66 103 0 
9 74 291 0 
10 12 15 0 
11 17 15 0 
12 11 33 0 
13 14 52 0 
14 4 5 0 
15 77 237 0 
16 96 315 0 
17 4 3 0 
18 66 183 0 
19 12 47 0 
20 44 43 0 
21 32 20 0 
22 3 12 0 
23 89 343 0 
24 77 92 0 
25 52 60 0 
26 18 21 0 
27 77 234 0 
28 89 130 0 
29 51 185 0 
30 88 119 0 
31 74 288 0 
32 25 61 0 
33 7 13 0 
34 61 89 0 
35 88 53 0 
36 51 92 0 
37 69 114 0 
38 99 195 0 
39 61 183 0 
40 51 47 0 
41 60 188 0 
42 90 238 0 
43 6 14 0 
44 89 309 0 
45 12 10 0 
46 53 147 0 
47 59 95 0 
48 2 6 0 
49 40 52 0 
