NAME GBP_INSTANCES\prob_3_B_4_5_2.txt
COMMENT
BINTYPES 5
ITEMS 500
BINS_SECTIONS
0 60 60 0 628 
1 80 80 0 471 
2 100 100 0 377 
3 120 120 0 314 
4 150 150 0 251 
ITEMS_SECTIONS
0 100 275 0 
1 91 289 0 
2 70 256 0 
3 73 265 0 
4 81 316 0 
5 96 82 0 
6 90 266 0 
7 95 62 0 
8 55 62 0 
9 74 101 0 
10 86 112 0 
11 73 126 0 
12 73 271 0 
13 98 310 0 
14 67 101 0 
15 67 52 0 
16 64 126 0 
17 79 196 0 
18 73 171 0 
19 55 72 0 
20 98 93 0 
21 97 99 0 
22 59 146 0 
23 93 250 0 
24 99 130 0 
25 70 183 0 
26 79 235 0 
27 79 108 0 
28 89 48 0 
29 60 200 0 
30 62 192 0 
31 100 83 0 
32 84 51 0 
33 82 211 0 
34 53 203 0 
35 63 186 0 
36 64 34 0 
37 55 194 0 
38 75 269 0 
39 54 191 0 
40 93 171 0 
41 57 49 0 
42 75 147 0 
43 99 101 0 
44 67 41 0 
45 96 176 0 
46 56 222 0 
47 56 183 0 
48 95 365 0 
49 87 160 0 
50 79 184 0 
51 83 259 0 
52 66 99 0 
53 99 314 0 
54 62 40 0 
55 66 112 0 
56 91 209 0 
57 80 258 0 
58 71 201 0 
59 71 251 0 
60 81 239 0 
61 53 152 0 
62 90 275 0 
63 84 224 0 
64 94 242 0 
65 98 79 0 
66 90 243 0 
67 100 182 0 
68 65 225 0 
69 69 138 0 
70 61 92 0 
71 55 81 0 
72 55 179 0 
73 58 181 0 
74 60 175 0 
75 74 172 0 
76 76 276 0 
77 93 265 0 
78 94 372 0 
79 98 105 0 
80 82 260 0 
81 55 48 0 
82 91 328 0 
83 75 218 0 
84 89 267 0 
85 83 158 0 
86 78 63 0 
87 95 320 0 
88 100 99 0 
89 54 171 0 
90 69 274 0 
91 90 319 0 
92 59 160 0 
93 66 84 0 
94 84 179 0 
95 52 118 0 
96 60 49 0 
97 51 41 0 
98 94 251 0 
99 56 94 0 
100 74 201 0 
101 54 75 0 
102 73 239 0 
103 83 57 0 
104 86 229 0 
105 98 335 0 
106 55 191 0 
107 77 257 0 
108 96 183 0 
109 80 257 0 
110 51 187 0 
111 53 166 0 
112 71 271 0 
113 54 164 0 
114 60 220 0 
115 54 168 0 
116 61 104 0 
117 60 108 0 
118 57 83 0 
119 53 166 0 
120 63 126 0 
121 100 53 0 
122 97 136 0 
123 89 331 0 
124 52 42 0 
125 64 95 0 
126 60 235 0 
127 81 276 0 
128 96 219 0 
129 72 263 0 
130 98 70 0 
131 57 42 0 
132 88 168 0 
133 64 159 0 
134 85 325 0 
135 100 277 0 
136 65 103 0 
137 70 118 0 
138 92 271 0 
139 92 55 0 
140 86 326 0 
141 93 62 0 
142 93 316 0 
143 59 36 0 
144 95 280 0 
145 74 70 0 
146 55 52 0 
147 100 350 0 
148 85 317 0 
149 81 296 0 
150 98 321 0 
151 93 214 0 
152 52 97 0 
153 91 100 0 
154 99 125 0 
155 82 204 0 
156 97 77 0 
157 53 90 0 
158 87 198 0 
159 73 85 0 
160 52 78 0 
161 59 127 0 
162 61 210 0 
163 84 318 0 
164 66 235 0 
165 98 383 0 
166 70 162 0 
167 98 356 0 
168 57 61 0 
169 81 120 0 
170 80 215 0 
171 57 59 0 
172 64 44 0 
173 60 73 0 
174 86 67 0 
175 86 339 0 
176 71 186 0 
177 72 57 0 
178 73 213 0 
179 95 127 0 
180 76 43 0 
181 92 179 0 
182 97 289 0 
183 96 250 0 
184 76 160 0 
185 69 110 0 
186 97 202 0 
187 84 174 0 
188 93 234 0 
189 81 279 0 
190 78 107 0 
191 62 46 0 
192 65 56 0 
193 75 279 0 
194 66 87 0 
195 73 252 0 
196 81 102 0 
197 97 336 0 
198 98 129 0 
199 51 83 0 
200 65 55 0 
201 57 212 0 
202 51 184 0 
203 66 157 0 
204 59 137 0 
205 100 314 0 
206 94 72 0 
207 82 71 0 
208 55 211 0 
209 69 90 0 
210 81 135 0 
211 78 175 0 
212 61 83 0 
213 77 54 0 
214 99 242 0 
215 76 194 0 
216 80 54 0 
217 93 247 0 
218 83 199 0 
219 65 130 0 
220 100 245 0 
221 89 342 0 
222 98 241 0 
223 62 152 0 
224 57 76 0 
225 54 100 0 
226 67 38 0 
227 64 146 0 
228 62 170 0 
229 92 241 0 
230 88 324 0 
231 59 105 0 
232 75 269 0 
233 90 215 0 
234 60 107 0 
235 66 191 0 
236 61 140 0 
237 74 97 0 
238 81 106 0 
239 74 229 0 
240 85 264 0 
241 56 32 0 
242 73 241 0 
243 92 303 0 
244 77 244 0 
245 66 252 0 
246 98 171 0 
247 74 199 0 
248 93 265 0 
249 90 223 0 
250 74 46 0 
251 99 189 0 
252 89 147 0 
253 59 110 0 
254 57 134 0 
255 65 77 0 
256 86 303 0 
257 93 347 0 
258 94 191 0 
259 52 67 0 
260 52 205 0 
261 58 62 0 
262 58 65 0 
263 54 167 0 
264 61 55 0 
265 89 103 0 
266 84 204 0 
267 59 220 0 
268 73 105 0 
269 88 71 0 
270 56 205 0 
271 71 205 0 
272 89 178 0 
273 92 165 0 
274 64 218 0 
275 83 88 0 
276 71 81 0 
277 79 177 0 
278 85 152 0 
279 61 99 0 
280 83 233 0 
281 52 93 0 
282 61 84 0 
283 68 36 0 
284 91 301 0 
285 67 159 0 
286 67 69 0 
287 94 276 0 
288 97 348 0 
289 60 57 0 
290 99 140 0 
291 87 64 0 
292 55 214 0 
293 62 169 0 
294 75 96 0 
295 99 208 0 
296 83 287 0 
297 82 163 0 
298 77 305 0 
299 53 91 0 
300 55 117 0 
301 86 253 0 
302 80 174 0 
303 60 32 0 
304 79 250 0 
305 51 196 0 
306 92 316 0 
307 54 154 0 
308 52 178 0 
309 80 54 0 
310 100 218 0 
311 88 140 0 
312 51 90 0 
313 89 269 0 
314 56 34 0 
315 56 120 0 
316 51 31 0 
317 80 192 0 
318 85 58 0 
319 100 240 0 
320 68 237 0 
321 87 334 0 
322 56 41 0 
323 74 211 0 
324 84 148 0 
325 63 185 0 
326 52 67 0 
327 82 222 0 
328 85 291 0 
329 62 63 0 
330 62 186 0 
331 60 132 0 
332 83 99 0 
333 57 138 0 
334 60 169 0 
335 59 191 0 
336 52 184 0 
337 75 124 0 
338 70 43 0 
339 61 114 0 
340 90 133 0 
341 73 268 0 
342 83 279 0 
343 87 231 0 
344 86 88 0 
345 80 240 0 
346 97 350 0 
347 51 71 0 
348 70 262 0 
349 58 203 0 
350 69 233 0 
351 67 102 0 
352 67 176 0 
353 76 78 0 
354 67 167 0 
355 71 78 0 
356 66 177 0 
357 63 55 0 
358 53 105 0 
359 76 176 0 
360 99 83 0 
361 90 197 0 
362 90 345 0 
363 95 340 0 
364 89 70 0 
365 82 235 0 
366 53 73 0 
367 63 228 0 
368 93 202 0 
369 74 153 0 
370 84 155 0 
371 67 170 0 
372 65 188 0 
373 55 107 0 
374 70 38 0 
375 67 87 0 
376 62 49 0 
377 69 104 0 
378 94 275 0 
379 99 276 0 
380 65 128 0 
381 51 127 0 
382 75 253 0 
383 56 119 0 
384 96 331 0 
385 94 119 0 
386 52 60 0 
387 92 108 0 
388 86 106 0 
389 54 64 0 
390 89 197 0 
391 81 94 0 
392 92 73 0 
393 95 186 0 
394 81 56 0 
395 81 140 0 
396 69 202 0 
397 83 55 0 
398 63 97 0 
399 99 182 0 
400 72 159 0 
401 73 152 0 
402 93 87 0 
403 87 75 0 
404 69 73 0 
405 68 272 0 
406 98 63 0 
407 69 170 0 
408 89 168 0 
409 68 167 0 
410 81 241 0 
411 96 286 0 
412 60 132 0 
413 54 93 0 
414 56 121 0 
415 58 185 0 
416 91 289 0 
417 76 215 0 
418 58 121 0 
419 57 159 0 
420 91 290 0 
421 73 283 0 
422 70 115 0 
423 76 255 0 
424 68 221 0 
425 73 133 0 
426 82 183 0 
427 94 96 0 
428 79 294 0 
429 75 113 0 
430 94 68 0 
431 75 198 0 
432 93 94 0 
433 66 55 0 
434 79 109 0 
435 92 153 0 
436 55 56 0 
437 90 336 0 
438 100 170 0 
439 63 126 0 
440 63 244 0 
441 56 190 0 
442 66 258 0 
443 97 161 0 
444 92 311 0 
445 53 192 0 
446 65 213 0 
447 93 306 0 
448 78 283 0 
449 74 139 0 
450 55 97 0 
451 87 266 0 
452 89 75 0 
453 97 143 0 
454 54 36 0 
455 71 105 0 
456 65 220 0 
457 86 190 0 
458 61 120 0 
459 63 247 0 
460 86 295 0 
461 66 175 0 
462 97 342 0 
463 74 293 0 
464 100 294 0 
465 64 177 0 
466 100 232 0 
467 57 211 0 
468 85 170 0 
469 98 294 0 
470 59 45 0 
471 98 153 0 
472 67 64 0 
473 79 244 0 
474 79 72 0 
475 59 176 0 
476 59 173 0 
477 76 109 0 
478 53 100 0 
479 64 133 0 
480 65 132 0 
481 57 211 0 
482 85 316 0 
483 61 171 0 
484 99 232 0 
485 96 300 0 
486 99 137 0 
487 56 30 0 
488 58 81 0 
489 64 54 0 
490 62 208 0 
491 75 246 0 
492 67 243 0 
493 54 119 0 
494 73 193 0 
495 64 211 0 
496 70 253 0 
497 96 206 0 
498 84 108 0 
499 64 176 0 
