NAME GBP_INSTANCES\prob_2_A_4_6_2.txt
COMMENT
BINTYPES 3
ITEMS 500
BINS_SECTIONS
0 100 100 0 303 
1 120 120 0 253 
2 150 150 0 202 
ITEMS_SECTIONS
0 97 269 0 
1 92 282 0 
2 92 325 0 
3 26 18 0 
4 85 154 0 
5 59 129 0 
6 99 51 0 
7 35 46 0 
8 71 215 0 
9 79 157 0 
10 87 121 0 
11 72 231 0 
12 27 72 0 
13 55 158 0 
14 85 99 0 
15 99 393 0 
16 64 195 0 
17 57 173 0 
18 65 171 0 
19 55 46 0 
20 90 162 0 
21 23 53 0 
22 27 95 0 
23 99 393 0 
24 78 303 0 
25 66 66 0 
26 89 78 0 
27 41 139 0 
28 51 90 0 
29 68 229 0 
30 97 368 0 
31 29 22 0 
32 81 73 0 
33 91 69 0 
34 32 96 0 
35 47 141 0 
36 34 63 0 
37 47 103 0 
38 84 241 0 
39 28 112 0 
40 85 240 0 
41 82 120 0 
42 87 262 0 
43 93 261 0 
44 60 198 0 
45 36 67 0 
46 53 117 0 
47 43 81 0 
48 53 29 0 
49 72 140 0 
50 60 83 0 
51 41 160 0 
52 72 193 0 
53 30 92 0 
54 37 138 0 
55 83 180 0 
56 34 56 0 
57 92 274 0 
58 96 134 0 
59 28 44 0 
60 24 22 0 
61 68 38 0 
62 36 88 0 
63 33 72 0 
64 54 210 0 
65 37 119 0 
66 31 18 0 
67 46 74 0 
68 45 117 0 
69 76 120 0 
70 84 205 0 
71 40 24 0 
72 67 250 0 
73 36 115 0 
74 99 299 0 
75 32 67 0 
76 31 36 0 
77 54 189 0 
78 73 178 0 
79 66 153 0 
80 72 194 0 
81 56 114 0 
82 25 34 0 
83 71 93 0 
84 28 33 0 
85 51 116 0 
86 39 150 0 
87 22 62 0 
88 39 48 0 
89 99 238 0 
90 33 129 0 
91 65 132 0 
92 41 74 0 
93 98 227 0 
94 44 63 0 
95 90 73 0 
96 86 189 0 
97 99 159 0 
98 76 120 0 
99 75 82 0 
100 80 201 0 
101 85 150 0 
102 46 147 0 
103 47 93 0 
104 67 107 0 
105 22 36 0 
106 23 86 0 
107 50 134 0 
108 31 21 0 
109 67 154 0 
110 75 279 0 
111 44 161 0 
112 49 192 0 
113 64 126 0 
114 76 136 0 
115 72 167 0 
116 77 154 0 
117 47 41 0 
118 87 88 0 
119 64 88 0 
120 41 85 0 
121 90 69 0 
122 50 181 0 
123 65 52 0 
124 71 214 0 
125 21 56 0 
126 43 72 0 
127 49 110 0 
128 45 37 0 
129 53 125 0 
130 91 108 0 
131 91 123 0 
132 99 140 0 
133 57 79 0 
134 54 139 0 
135 54 93 0 
136 92 308 0 
137 47 71 0 
138 100 167 0 
139 51 118 0 
140 70 144 0 
141 83 207 0 
142 49 139 0 
143 37 102 0 
144 32 18 0 
145 75 247 0 
146 26 100 0 
147 37 28 0 
148 100 289 0 
149 28 83 0 
150 56 91 0 
151 69 206 0 
152 25 81 0 
153 79 41 0 
154 75 216 0 
155 86 70 0 
156 85 82 0 
157 68 207 0 
158 89 132 0 
159 24 18 0 
160 76 288 0 
161 83 230 0 
162 99 179 0 
163 43 152 0 
164 60 237 0 
165 25 40 0 
166 91 124 0 
167 94 253 0 
168 27 78 0 
169 48 33 0 
170 25 100 0 
171 89 235 0 
172 75 149 0 
173 75 40 0 
174 41 67 0 
175 55 190 0 
176 23 16 0 
177 77 211 0 
178 27 22 0 
179 24 46 0 
180 53 139 0 
181 49 62 0 
182 36 118 0 
183 83 139 0 
184 96 284 0 
185 84 58 0 
186 54 48 0 
187 95 269 0 
188 47 63 0 
189 36 101 0 
190 57 195 0 
191 79 153 0 
192 44 151 0 
193 60 82 0 
194 60 126 0 
195 23 75 0 
196 78 174 0 
197 69 201 0 
198 36 109 0 
199 65 119 0 
200 34 118 0 
201 49 148 0 
202 72 277 0 
203 44 58 0 
204 50 151 0 
205 66 91 0 
206 74 255 0 
207 54 127 0 
208 66 252 0 
209 65 145 0 
210 87 151 0 
211 81 200 0 
212 50 116 0 
213 54 89 0 
214 95 186 0 
215 99 387 0 
216 74 218 0 
217 52 130 0 
218 28 84 0 
219 48 39 0 
220 81 235 0 
221 92 74 0 
222 41 146 0 
223 63 223 0 
224 87 71 0 
225 25 32 0 
226 30 57 0 
227 32 41 0 
228 26 45 0 
229 77 284 0 
230 65 109 0 
231 56 163 0 
232 72 167 0 
233 79 175 0 
234 54 54 0 
235 25 68 0 
236 77 306 0 
237 45 58 0 
238 70 48 0 
239 99 115 0 
240 79 191 0 
241 42 114 0 
242 71 250 0 
243 85 338 0 
244 41 154 0 
245 33 126 0 
246 38 137 0 
247 58 81 0 
248 58 172 0 
249 99 290 0 
250 59 136 0 
251 46 142 0 
252 67 76 0 
253 48 46 0 
254 29 19 0 
255 95 327 0 
256 64 159 0 
257 22 34 0 
258 84 268 0 
259 60 44 0 
260 93 179 0 
261 63 123 0 
262 93 305 0 
263 21 71 0 
264 60 84 0 
265 98 170 0 
266 39 119 0 
267 47 39 0 
268 77 295 0 
269 48 102 0 
270 88 230 0 
271 40 116 0 
272 99 266 0 
273 98 76 0 
274 24 90 0 
275 57 170 0 
276 56 133 0 
277 27 27 0 
278 49 143 0 
279 89 356 0 
280 24 24 0 
281 26 39 0 
282 65 212 0 
283 98 351 0 
284 44 175 0 
285 85 177 0 
286 70 89 0 
287 81 43 0 
288 31 92 0 
289 26 75 0 
290 75 87 0 
291 83 316 0 
292 68 211 0 
293 91 97 0 
294 92 185 0 
295 22 49 0 
296 33 54 0 
297 71 75 0 
298 34 124 0 
299 34 110 0 
300 45 180 0 
301 81 181 0 
302 83 240 0 
303 78 274 0 
304 41 67 0 
305 91 332 0 
306 85 80 0 
307 86 120 0 
308 42 105 0 
309 40 63 0 
310 48 100 0 
311 28 32 0 
312 65 79 0 
313 44 136 0 
314 60 187 0 
315 42 58 0 
316 48 86 0 
317 31 118 0 
318 28 76 0 
319 32 31 0 
320 80 223 0 
321 99 150 0 
322 32 83 0 
323 64 102 0 
324 56 95 0 
325 29 46 0 
326 90 168 0 
327 69 215 0 
328 61 32 0 
329 51 119 0 
330 62 46 0 
331 55 71 0 
332 57 113 0 
333 33 73 0 
334 69 100 0 
335 38 37 0 
336 95 67 0 
337 46 69 0 
338 94 138 0 
339 92 315 0 
340 22 12 0 
341 47 47 0 
342 93 302 0 
343 58 193 0 
344 73 146 0 
345 48 67 0 
346 77 78 0 
347 21 76 0 
348 31 106 0 
349 81 313 0 
350 65 172 0 
351 70 259 0 
352 22 72 0 
353 69 204 0 
354 82 87 0 
355 35 30 0 
356 78 68 0 
357 35 67 0 
358 96 65 0 
359 40 159 0 
360 96 136 0 
361 100 124 0 
362 86 170 0 
363 90 74 0 
364 25 100 0 
365 86 268 0 
366 38 55 0 
367 95 371 0 
368 91 324 0 
369 75 280 0 
370 67 100 0 
371 59 163 0 
372 97 268 0 
373 68 75 0 
374 60 193 0 
375 70 256 0 
376 57 194 0 
377 23 18 0 
378 87 169 0 
379 88 162 0 
380 25 38 0 
381 78 240 0 
382 83 56 0 
383 22 39 0 
384 24 61 0 
385 93 301 0 
386 50 144 0 
387 96 187 0 
388 76 192 0 
389 74 39 0 
390 93 122 0 
391 78 77 0 
392 45 168 0 
393 46 26 0 
394 84 107 0 
395 24 72 0 
396 97 169 0 
397 66 217 0 
398 39 31 0 
399 51 30 0 
400 57 163 0 
401 60 231 0 
402 36 123 0 
403 39 100 0 
404 47 161 0 
405 93 217 0 
406 42 67 0 
407 62 204 0 
408 62 108 0 
409 43 132 0 
410 77 147 0 
411 42 89 0 
412 57 57 0 
413 73 253 0 
414 38 82 0 
415 64 118 0 
416 53 205 0 
417 95 280 0 
418 98 108 0 
419 91 194 0 
420 67 117 0 
421 78 171 0 
422 43 166 0 
423 37 26 0 
424 92 149 0 
425 44 82 0 
426 53 163 0 
427 50 49 0 
428 21 69 0 
429 86 108 0 
430 97 153 0 
431 55 172 0 
432 55 106 0 
433 47 118 0 
434 53 159 0 
435 72 104 0 
436 48 148 0 
437 78 94 0 
438 30 115 0 
439 62 241 0 
440 91 344 0 
441 25 62 0 
442 53 83 0 
443 70 167 0 
444 74 89 0 
445 84 127 0 
446 25 34 0 
447 78 117 0 
448 31 118 0 
449 86 134 0 
450 86 302 0 
451 95 266 0 
452 66 260 0 
453 28 27 0 
454 46 173 0 
455 35 134 0 
456 59 193 0 
457 98 217 0 
458 86 281 0 
459 29 81 0 
460 22 45 0 
461 69 164 0 
462 57 165 0 
463 42 48 0 
464 27 47 0 
465 92 59 0 
466 26 55 0 
467 27 80 0 
468 33 68 0 
469 25 32 0 
470 72 267 0 
471 42 32 0 
472 27 37 0 
473 58 209 0 
474 38 30 0 
475 27 69 0 
476 99 193 0 
477 97 351 0 
478 37 48 0 
479 55 197 0 
480 78 141 0 
481 86 118 0 
482 51 149 0 
483 89 232 0 
484 86 323 0 
485 31 70 0 
486 98 90 0 
487 61 141 0 
488 48 28 0 
489 58 114 0 
490 57 153 0 
491 49 127 0 
492 81 103 0 
493 65 173 0 
494 59 167 0 
495 58 106 0 
496 34 74 0 
497 98 145 0 
498 41 144 0 
499 78 46 0 
