NAME GBP_INSTANCES\prob_2_B_2_6_2.txt
COMMENT
BINTYPES 5
ITEMS 100
BINS_SECTIONS
0 60 60 0 108 
1 80 80 0 81 
2 100 100 0 65 
3 120 120 0 54 
4 150 150 0 44 
ITEMS_SECTIONS
0 100 164 0 
1 22 56 0 
2 72 99 0 
3 37 31 0 
4 87 108 0 
5 27 84 0 
6 89 45 0 
7 67 40 0 
8 99 389 0 
9 83 331 0 
10 77 180 0 
11 24 20 0 
12 40 49 0 
13 100 259 0 
14 89 141 0 
15 99 274 0 
16 90 208 0 
17 42 163 0 
18 98 123 0 
19 77 256 0 
20 82 275 0 
21 74 267 0 
22 96 320 0 
23 67 61 0 
24 70 161 0 
25 47 168 0 
26 21 14 0 
27 78 303 0 
28 84 283 0 
29 87 94 0 
30 72 84 0 
31 88 120 0 
32 28 28 0 
33 59 114 0 
34 93 354 0 
35 55 94 0 
36 41 73 0 
37 61 171 0 
38 22 40 0 
39 74 193 0 
40 32 47 0 
41 59 35 0 
42 84 213 0 
43 50 64 0 
44 76 81 0 
45 81 312 0 
46 78 289 0 
47 53 113 0 
48 57 184 0 
49 46 104 0 
50 47 26 0 
51 89 93 0 
52 94 242 0 
53 89 74 0 
54 84 237 0 
55 37 140 0 
56 41 66 0 
57 60 187 0 
58 24 60 0 
59 26 79 0 
60 85 51 0 
61 86 96 0 
62 69 166 0 
63 77 139 0 
64 100 76 0 
65 83 294 0 
66 63 228 0 
67 60 176 0 
68 86 228 0 
69 37 84 0 
70 49 91 0 
71 36 26 0 
72 84 105 0 
73 37 125 0 
74 66 197 0 
75 74 286 0 
76 52 202 0 
77 58 87 0 
78 74 251 0 
79 27 94 0 
80 88 78 0 
81 68 164 0 
82 26 60 0 
83 49 180 0 
84 49 127 0 
85 64 91 0 
86 22 37 0 
87 77 209 0 
88 73 106 0 
89 46 139 0 
90 93 309 0 
91 30 38 0 
92 98 264 0 
93 91 277 0 
94 95 380 0 
95 71 93 0 
96 32 105 0 
97 65 234 0 
98 72 190 0 
99 38 150 0 
