NAME GBP_INSTANCES\prob_1_B_3_3_2.txt
COMMENT
BINTYPES 5
ITEMS 200
BINS_SECTIONS
0 60 60 0 183 
1 80 80 0 138 
2 100 100 0 110 
3 120 120 0 92 
4 150 150 0 74 
ITEMS_SECTIONS
0 80 269 0 
1 20 53 0 
2 37 98 0 
3 90 82 0 
4 55 120 0 
5 53 65 0 
6 83 81 0 
7 78 196 0 
8 2 8 0 
9 83 234 0 
10 3 9 0 
11 9 28 0 
12 91 209 0 
13 99 303 0 
14 52 72 0 
15 9 26 0 
16 16 18 0 
17 26 74 0 
18 6 24 0 
19 88 338 0 
20 66 93 0 
21 31 29 0 
22 40 105 0 
23 83 81 0 
24 89 124 0 
25 35 40 0 
26 54 62 0 
27 82 279 0 
28 13 42 0 
29 24 63 0 
30 64 134 0 
31 55 131 0 
32 49 135 0 
33 84 304 0 
34 71 39 0 
35 20 70 0 
36 54 33 0 
37 60 68 0 
38 55 171 0 
39 90 182 0 
40 63 240 0 
41 50 165 0 
42 82 137 0 
43 37 115 0 
44 75 248 0 
45 53 93 0 
46 83 253 0 
47 74 245 0 
48 7 26 0 
49 59 57 0 
50 90 271 0 
51 56 210 0 
52 87 203 0 
53 22 62 0 
54 83 94 0 
55 50 197 0 
56 21 34 0 
57 82 209 0 
58 46 123 0 
59 92 166 0 
60 77 44 0 
61 99 250 0 
62 66 42 0 
63 97 341 0 
64 52 148 0 
65 55 62 0 
66 97 300 0 
67 4 4 0 
68 44 122 0 
69 73 274 0 
70 9 15 0 
71 54 75 0 
72 89 260 0 
73 43 26 0 
74 31 91 0 
75 75 176 0 
76 23 58 0 
77 69 56 0 
78 43 99 0 
79 65 153 0 
80 76 224 0 
81 45 57 0 
82 97 231 0 
83 43 126 0 
84 99 101 0 
85 74 78 0 
86 27 85 0 
87 77 296 0 
88 20 44 0 
89 32 118 0 
90 32 42 0 
91 53 60 0 
92 8 12 0 
93 91 195 0 
94 2 2 0 
95 70 55 0 
96 83 291 0 
97 18 63 0 
98 52 92 0 
99 62 130 0 
100 18 34 0 
101 36 113 0 
102 40 101 0 
103 16 50 0 
104 67 66 0 
105 81 315 0 
106 48 137 0 
107 70 207 0 
108 8 18 0 
109 63 214 0 
110 78 157 0 
111 92 239 0 
112 78 169 0 
113 11 17 0 
114 64 94 0 
115 97 201 0 
116 32 68 0 
117 48 81 0 
118 39 69 0 
119 20 31 0 
120 84 279 0 
121 92 325 0 
122 61 115 0 
123 90 125 0 
124 64 130 0 
125 82 175 0 
126 41 38 0 
127 39 21 0 
128 57 157 0 
129 44 60 0 
130 69 119 0 
131 71 280 0 
132 39 81 0 
133 26 61 0 
134 92 80 0 
135 34 129 0 
136 6 17 0 
137 70 120 0 
138 30 95 0 
139 28 21 0 
140 74 278 0 
141 85 55 0 
142 81 215 0 
143 79 278 0 
144 90 282 0 
145 68 251 0 
146 22 51 0 
147 28 109 0 
148 84 148 0 
149 39 147 0 
150 37 131 0 
151 37 138 0 
152 34 84 0 
153 63 160 0 
154 76 79 0 
155 89 323 0 
156 77 106 0 
157 87 239 0 
158 98 265 0 
159 82 127 0 
160 12 43 0 
161 88 119 0 
162 81 171 0 
163 71 105 0 
164 47 68 0 
165 55 187 0 
166 58 78 0 
167 74 169 0 
168 33 35 0 
169 97 368 0 
170 70 142 0 
171 11 33 0 
172 41 161 0 
173 18 67 0 
174 91 354 0 
175 57 80 0 
176 9 23 0 
177 15 10 0 
178 2 7 0 
179 2 5 0 
180 30 25 0 
181 75 106 0 
182 84 47 0 
183 100 199 0 
184 9 5 0 
185 22 22 0 
186 21 22 0 
187 94 95 0 
188 51 131 0 
189 58 65 0 
190 39 121 0 
191 85 113 0 
192 6 7 0 
193 89 64 0 
194 17 38 0 
195 56 29 0 
196 48 133 0 
197 71 115 0 
198 72 126 0 
199 14 55 0 
