NAME GBP_INSTANCES\prob_3_B_1_5_2.txt
COMMENT
BINTYPES 5
ITEMS 50
BINS_SECTIONS
0 60 60 0 62 
1 80 80 0 47 
2 100 100 0 38 
3 120 120 0 31 
4 150 150 0 25 
ITEMS_SECTIONS
0 81 55 0 
1 94 50 0 
2 86 235 0 
3 97 384 0 
4 78 114 0 
5 90 230 0 
6 60 60 0 
7 80 294 0 
8 97 198 0 
9 84 308 0 
10 71 203 0 
11 60 237 0 
12 78 270 0 
13 57 133 0 
14 56 152 0 
15 71 276 0 
16 68 205 0 
17 62 236 0 
18 64 163 0 
19 54 131 0 
20 63 34 0 
21 90 143 0 
22 81 147 0 
23 85 334 0 
24 63 64 0 
25 88 298 0 
26 54 180 0 
27 57 100 0 
28 97 331 0 
29 84 121 0 
30 91 145 0 
31 71 251 0 
32 92 288 0 
33 96 105 0 
34 54 199 0 
35 71 162 0 
36 64 120 0 
37 76 164 0 
38 78 220 0 
39 59 32 0 
40 89 72 0 
41 82 104 0 
42 84 208 0 
43 72 208 0 
44 65 134 0 
45 61 66 0 
46 56 113 0 
47 75 229 0 
48 73 160 0 
49 52 57 0 
