NAME GBP_INSTANCES\prob_3_B_0_3_2.txt
COMMENT
BINTYPES 5
ITEMS 25
BINS_SECTIONS
0 60 60 0 34 
1 80 80 0 26 
2 100 100 0 21 
3 120 120 0 17 
4 150 150 0 14 
ITEMS_SECTIONS
0 94 242 0 
1 75 297 0 
2 99 71 0 
3 99 92 0 
4 96 98 0 
5 79 147 0 
6 64 250 0 
7 55 69 0 
8 92 353 0 
9 79 110 0 
10 74 79 0 
11 95 234 0 
12 62 50 0 
13 64 127 0 
14 73 92 0 
15 96 269 0 
16 89 55 0 
17 54 153 0 
18 96 301 0 
19 98 256 0 
20 81 210 0 
21 72 115 0 
22 79 181 0 
23 72 41 0 
24 83 73 0 
