NAME GBP_INSTANCES\prob_1_B_2_1_2.txt
COMMENT
BINTYPES 5
ITEMS 100
BINS_SECTIONS
0 60 60 0 82 
1 80 80 0 61 
2 100 100 0 49 
3 120 120 0 41 
4 150 150 0 33 
ITEMS_SECTIONS
0 47 132 0 
1 11 36 0 
2 27 16 0 
3 49 167 0 
4 35 44 0 
5 7 7 0 
6 40 27 0 
7 57 102 0 
8 76 131 0 
9 94 101 0 
10 62 54 0 
11 10 26 0 
12 60 237 0 
13 81 270 0 
14 51 68 0 
15 20 77 0 
16 66 241 0 
17 20 61 0 
18 83 222 0 
19 44 55 0 
20 6 19 0 
21 17 23 0 
22 78 114 0 
23 2 7 0 
24 86 157 0 
25 29 63 0 
26 78 166 0 
27 63 200 0 
28 42 40 0 
29 48 108 0 
30 83 187 0 
31 75 269 0 
32 93 80 0 
33 95 188 0 
34 76 115 0 
35 10 29 0 
36 53 31 0 
37 18 13 0 
38 44 171 0 
39 21 70 0 
40 58 37 0 
41 11 27 0 
42 38 115 0 
43 9 6 0 
44 52 205 0 
45 72 71 0 
46 75 170 0 
47 42 59 0 
48 74 107 0 
49 95 163 0 
50 22 22 0 
51 63 51 0 
52 94 325 0 
53 6 8 0 
54 52 181 0 
55 27 75 0 
56 58 116 0 
57 65 114 0 
58 47 184 0 
59 81 96 0 
60 62 119 0 
61 34 133 0 
62 7 21 0 
63 52 134 0 
64 38 148 0 
65 21 40 0 
66 39 120 0 
67 43 156 0 
68 55 94 0 
69 8 23 0 
70 20 65 0 
71 10 34 0 
72 29 67 0 
73 82 200 0 
74 61 110 0 
75 7 5 0 
76 48 88 0 
77 64 191 0 
78 100 217 0 
79 86 336 0 
80 90 349 0 
81 58 194 0 
82 39 49 0 
83 45 79 0 
84 55 141 0 
85 17 33 0 
86 48 76 0 
87 73 189 0 
88 81 163 0 
89 53 115 0 
90 68 271 0 
91 33 54 0 
92 71 90 0 
93 80 280 0 
94 10 30 0 
95 11 39 0 
96 94 141 0 
97 14 52 0 
98 10 25 0 
99 58 196 0 
