NAME GBP_INSTANCES\prob_3_A_2_8_2.txt
COMMENT
BINTYPES 3
ITEMS 100
BINS_SECTIONS
0 100 100 0 76 
1 120 120 0 63 
2 150 150 0 51 
ITEMS_SECTIONS
0 84 261 0 
1 53 36 0 
2 74 259 0 
3 91 241 0 
4 95 146 0 
5 53 36 0 
6 79 64 0 
7 93 257 0 
8 85 331 0 
9 77 184 0 
10 56 164 0 
11 69 105 0 
12 55 198 0 
13 53 109 0 
14 55 147 0 
15 98 350 0 
16 74 156 0 
17 72 107 0 
18 84 224 0 
19 76 129 0 
20 69 62 0 
21 90 307 0 
22 67 217 0 
23 51 60 0 
24 70 49 0 
25 78 239 0 
26 90 104 0 
27 100 310 0 
28 83 154 0 
29 58 93 0 
30 100 179 0 
31 68 150 0 
32 76 256 0 
33 69 60 0 
34 82 73 0 
35 60 216 0 
36 66 213 0 
37 57 146 0 
38 99 311 0 
39 64 136 0 
40 97 253 0 
41 72 228 0 
42 96 381 0 
43 68 176 0 
44 89 172 0 
45 84 63 0 
46 69 246 0 
47 80 242 0 
48 95 160 0 
49 88 253 0 
50 97 249 0 
51 53 205 0 
52 58 130 0 
53 52 57 0 
54 75 115 0 
55 63 207 0 
56 92 200 0 
57 100 260 0 
58 72 280 0 
59 60 150 0 
60 87 314 0 
61 69 113 0 
62 77 79 0 
63 77 134 0 
64 62 192 0 
65 85 80 0 
66 69 253 0 
67 69 228 0 
68 63 70 0 
69 94 77 0 
70 71 68 0 
71 78 246 0 
72 76 260 0 
73 52 103 0 
74 76 259 0 
75 77 306 0 
76 60 208 0 
77 54 104 0 
78 60 121 0 
79 57 114 0 
80 77 267 0 
81 100 250 0 
82 99 300 0 
83 52 119 0 
84 92 196 0 
85 88 282 0 
86 82 208 0 
87 57 131 0 
88 62 137 0 
89 86 293 0 
90 75 104 0 
91 57 165 0 
92 59 228 0 
93 52 193 0 
94 70 221 0 
95 99 278 0 
96 100 238 0 
97 74 149 0 
98 90 88 0 
99 88 333 0 
