NAME GBP_INSTANCES\prob_3_A_1_8_2.txt
COMMENT
BINTYPES 3
ITEMS 50
BINS_SECTIONS
0 100 100 0 38 
1 120 120 0 31 
2 150 150 0 25 
ITEMS_SECTIONS
0 81 141 0 
1 91 249 0 
2 76 113 0 
3 58 105 0 
4 75 63 0 
5 82 91 0 
6 84 50 0 
7 63 198 0 
8 90 188 0 
9 59 134 0 
10 90 351 0 
11 71 215 0 
12 95 363 0 
13 71 135 0 
14 92 130 0 
15 95 182 0 
16 93 243 0 
17 63 91 0 
18 69 163 0 
19 82 182 0 
20 64 105 0 
21 86 127 0 
22 100 96 0 
23 70 154 0 
24 58 156 0 
25 57 144 0 
26 94 299 0 
27 64 151 0 
28 83 71 0 
29 68 166 0 
30 59 70 0 
31 89 148 0 
32 76 100 0 
33 81 43 0 
34 68 152 0 
35 74 249 0 
36 86 207 0 
37 52 37 0 
38 66 96 0 
39 70 130 0 
40 58 45 0 
41 84 267 0 
42 72 155 0 
43 57 136 0 
44 56 42 0 
45 83 192 0 
46 66 169 0 
47 53 174 0 
48 61 140 0 
49 79 286 0 
