NAME GBP_INSTANCES\prob_1_B_0_1_2.txt
COMMENT
BINTYPES 5
ITEMS 25
BINS_SECTIONS
0 60 60 0 21 
1 80 80 0 16 
2 100 100 0 13 
3 120 120 0 11 
4 150 150 0 9 
ITEMS_SECTIONS
0 30 109 0 
1 23 78 0 
2 88 134 0 
3 91 248 0 
4 6 12 0 
5 16 49 0 
6 62 109 0 
7 50 167 0 
8 30 115 0 
9 19 17 0 
10 90 146 0 
11 35 140 0 
12 59 121 0 
13 16 11 0 
14 85 306 0 
15 65 104 0 
16 30 37 0 
17 12 18 0 
18 71 92 0 
19 52 92 0 
20 51 30 0 
21 3 8 0 
22 95 280 0 
23 87 243 0 
24 73 102 0 
