NAME GBP_INSTANCES\prob_3_B_0_6_2.txt
COMMENT
BINTYPES 5
ITEMS 25
BINS_SECTIONS
0 60 60 0 33 
1 80 80 0 25 
2 100 100 0 20 
3 120 120 0 17 
4 150 150 0 14 
ITEMS_SECTIONS
0 74 259 0 
1 100 297 0 
2 83 241 0 
3 55 51 0 
4 74 76 0 
5 59 231 0 
6 67 143 0 
7 62 71 0 
8 95 297 0 
9 97 62 0 
10 70 225 0 
11 65 98 0 
12 83 139 0 
13 74 49 0 
14 81 232 0 
15 56 97 0 
16 93 89 0 
17 94 123 0 
18 87 51 0 
19 97 372 0 
20 86 227 0 
21 92 272 0 
22 100 211 0 
23 55 108 0 
24 62 155 0 
