NAME GBP_INSTANCES\prob_1_B_1_2_8.txt
COMMENT
BINTYPES 5
ITEMS 50
BINS_SECTIONS
0 60 60 0 48 
1 80 80 0 36 
2 100 100 0 29 
3 120 120 0 24 
4 150 150 0 19 
ITEMS_SECTIONS
0 6 12 0
1 71 90 0
2 11 21 0
3 9 12 0
4 46 41 0
5 31 116 0
6 63 59 0
7 83 63 0
8 37 67 0
9 8 13 0
10 84 61 0
11 96 374 0
12 90 331 0
13 34 103 0
14 71 225 0
15 78 342 0
16 56 74 0
17 68 272 0
18 32 125 0
19 44 167 0
20 54 224 0
21 88 330 0
22 77 148 0
23 42 80 0
24 9 19 0
25 2 1 0
26 80 356 0
27 69 257 0
28 91 157 0
29 76 255 0
30 88 184 0
31 86 343 0
32 51 130 0
33 13 18 0
34 38 167 0
35 52 111 0
36 51 35 0
37 46 146 0
38 69 245 0
39 40 136 0
40 85 331 0
41 14 50 0
42 91 100 0
43 45 90 0
44 100 411 0
45 72 229 0
46 82 210 0
47 31 103 0
48 85 223 0
49 100 433 0
