NAME GBP_INSTANCES\prob_1_B_2_4_2.txt
COMMENT
BINTYPES 5
ITEMS 100
BINS_SECTIONS
0 60 60 0 93 
1 80 80 0 70 
2 100 100 0 56 
3 120 120 0 47 
4 150 150 0 38 
ITEMS_SECTIONS
0 45 162 0 
1 35 106 0 
2 67 225 0 
3 95 208 0 
4 57 197 0 
5 42 36 0 
6 20 70 0 
7 80 42 0 
8 86 180 0 
9 7 10 0 
10 87 183 0 
11 84 295 0 
12 76 288 0 
13 85 155 0 
14 11 35 0 
15 88 196 0 
16 67 60 0 
17 97 82 0 
18 18 72 0 
19 62 182 0 
20 73 130 0 
21 12 37 0 
22 99 114 0 
23 98 179 0 
24 69 237 0 
25 12 11 0 
26 58 32 0 
27 24 73 0 
28 90 62 0 
29 62 54 0 
30 61 40 0 
31 87 179 0 
32 42 24 0 
33 78 75 0 
34 22 32 0 
35 94 270 0 
36 5 9 0 
37 8 10 0 
38 21 39 0 
39 88 183 0 
40 56 179 0 
41 40 32 0 
42 4 9 0 
43 41 112 0 
44 75 154 0 
45 50 27 0 
46 61 240 0 
47 67 106 0 
48 53 38 0 
49 78 122 0 
50 30 16 0 
51 17 60 0 
52 86 180 0 
53 71 230 0 
54 19 62 0 
55 46 181 0 
56 71 108 0 
57 76 217 0 
58 98 260 0 
59 52 158 0 
60 67 122 0 
61 15 27 0 
62 68 193 0 
63 50 89 0 
64 63 220 0 
65 23 75 0 
66 11 26 0 
67 75 197 0 
68 5 9 0 
69 3 5 0 
70 92 201 0 
71 4 5 0 
72 9 30 0 
73 47 183 0 
74 80 125 0 
75 69 149 0 
76 45 89 0 
77 97 208 0 
78 46 111 0 
79 59 84 0 
80 98 244 0 
81 98 220 0 
82 41 159 0 
83 77 161 0 
84 79 116 0 
85 95 169 0 
86 96 337 0 
87 61 202 0 
88 22 82 0 
89 58 106 0 
90 35 29 0 
91 31 107 0 
92 19 76 0 
93 58 204 0 
94 59 110 0 
95 55 55 0 
96 34 116 0 
97 91 347 0 
98 90 121 0 
99 28 60 0 
