NAME GBP_INSTANCES\prob_2_B_4_7_2.txt
COMMENT
BINTYPES 5
ITEMS 500
BINS_SECTIONS
0 60 60 0 502 
1 80 80 0 376 
2 100 100 0 301 
3 120 120 0 251 
4 150 150 0 201 
ITEMS_SECTIONS
0 29 28 0 
1 95 278 0 
2 48 102 0 
3 74 111 0 
4 74 188 0 
5 37 121 0 
6 51 67 0 
7 37 33 0 
8 90 292 0 
9 43 131 0 
10 90 212 0 
11 38 148 0 
12 25 54 0 
13 71 199 0 
14 30 34 0 
15 31 122 0 
16 30 99 0 
17 64 204 0 
18 86 223 0 
19 57 150 0 
20 45 64 0 
21 28 31 0 
22 60 137 0 
23 66 67 0 
24 91 207 0 
25 97 78 0 
26 39 26 0 
27 44 90 0 
28 53 200 0 
29 54 91 0 
30 35 58 0 
31 52 119 0 
32 89 129 0 
33 59 230 0 
34 87 61 0 
35 78 291 0 
36 42 24 0 
37 42 119 0 
38 60 67 0 
39 90 242 0 
40 36 53 0 
41 89 138 0 
42 96 63 0 
43 31 118 0 
44 63 193 0 
45 57 177 0 
46 80 104 0 
47 82 194 0 
48 37 65 0 
49 38 141 0 
50 39 46 0 
51 29 54 0 
52 31 98 0 
53 73 139 0 
54 57 78 0 
55 82 79 0 
56 94 224 0 
57 89 222 0 
58 50 162 0 
59 55 204 0 
60 87 55 0 
61 58 184 0 
62 54 133 0 
63 40 44 0 
64 58 129 0 
65 69 237 0 
66 70 154 0 
67 72 144 0 
68 66 95 0 
69 90 134 0 
70 77 198 0 
71 55 144 0 
72 59 115 0 
73 50 117 0 
74 31 79 0 
75 92 167 0 
76 79 184 0 
77 25 57 0 
78 59 33 0 
79 98 109 0 
80 35 25 0 
81 39 45 0 
82 45 165 0 
83 28 22 0 
84 40 90 0 
85 69 144 0 
86 80 41 0 
87 85 86 0 
88 61 82 0 
89 80 62 0 
90 96 220 0 
91 71 50 0 
92 66 223 0 
93 29 112 0 
94 89 180 0 
95 63 151 0 
96 23 50 0 
97 84 269 0 
98 35 80 0 
99 43 72 0 
100 72 111 0 
101 24 39 0 
102 27 16 0 
103 23 76 0 
104 78 310 0 
105 71 252 0 
106 64 37 0 
107 66 48 0 
108 61 237 0 
109 34 128 0 
110 92 247 0 
111 58 120 0 
112 77 278 0 
113 59 137 0 
114 65 131 0 
115 63 224 0 
116 22 61 0 
117 35 44 0 
118 35 121 0 
119 86 73 0 
120 82 128 0 
121 50 84 0 
122 63 138 0 
123 83 242 0 
124 47 48 0 
125 84 237 0 
126 46 128 0 
127 64 240 0 
128 84 172 0 
129 50 80 0 
130 23 47 0 
131 22 13 0 
132 39 146 0 
133 38 50 0 
134 38 74 0 
135 88 78 0 
136 30 106 0 
137 46 105 0 
138 42 156 0 
139 90 55 0 
140 54 165 0 
141 96 294 0 
142 24 34 0 
143 32 91 0 
144 73 95 0 
145 80 139 0 
146 53 149 0 
147 30 110 0 
148 70 191 0 
149 97 83 0 
150 25 35 0 
151 26 17 0 
152 99 247 0 
153 45 60 0 
154 78 252 0 
155 48 166 0 
156 65 159 0 
157 46 29 0 
158 28 26 0 
159 74 124 0 
160 43 84 0 
161 62 57 0 
162 66 180 0 
163 88 100 0 
164 89 270 0 
165 31 80 0 
166 29 46 0 
167 34 60 0 
168 29 34 0 
169 95 139 0 
170 50 38 0 
171 23 45 0 
172 84 336 0 
173 85 205 0 
174 57 100 0 
175 94 72 0 
176 33 18 0 
177 68 74 0 
178 45 143 0 
179 33 41 0 
180 91 239 0 
181 87 295 0 
182 33 46 0 
183 91 183 0 
184 78 194 0 
185 100 323 0 
186 24 78 0 
187 53 181 0 
188 52 199 0 
189 84 322 0 
190 96 274 0 
191 53 77 0 
192 35 32 0 
193 41 33 0 
194 39 37 0 
195 50 56 0 
196 78 296 0 
197 89 47 0 
198 42 28 0 
199 52 87 0 
200 47 150 0 
201 86 205 0 
202 90 199 0 
203 97 158 0 
204 71 180 0 
205 67 42 0 
206 29 55 0 
207 86 287 0 
208 62 200 0 
209 59 125 0 
210 71 112 0 
211 63 135 0 
212 51 99 0 
213 28 103 0 
214 75 146 0 
215 76 116 0 
216 77 271 0 
217 77 77 0 
218 23 21 0 
219 69 45 0 
220 78 283 0 
221 77 56 0 
222 27 48 0 
223 47 37 0 
224 56 210 0 
225 54 168 0 
226 51 149 0 
227 83 142 0 
228 80 290 0 
229 89 236 0 
230 74 202 0 
231 100 239 0 
232 72 257 0 
233 36 29 0 
234 81 88 0 
235 27 64 0 
236 74 286 0 
237 52 117 0 
238 58 62 0 
239 100 292 0 
240 43 103 0 
241 75 69 0 
242 80 212 0 
243 79 240 0 
244 53 72 0 
245 47 55 0 
246 50 72 0 
247 24 88 0 
248 95 90 0 
249 65 230 0 
250 31 77 0 
251 39 138 0 
252 31 93 0 
253 90 353 0 
254 37 126 0 
255 29 69 0 
256 38 98 0 
257 80 149 0 
258 49 147 0 
259 88 71 0 
260 67 200 0 
261 92 318 0 
262 79 311 0 
263 64 132 0 
264 32 115 0 
265 27 74 0 
266 100 291 0 
267 57 213 0 
268 48 86 0 
269 81 234 0 
270 57 180 0 
271 72 138 0 
272 38 29 0 
273 46 142 0 
274 99 69 0 
275 86 317 0 
276 98 132 0 
277 61 181 0 
278 49 173 0 
279 63 45 0 
280 66 125 0 
281 61 148 0 
282 85 160 0 
283 29 51 0 
284 96 83 0 
285 56 158 0 
286 58 41 0 
287 62 232 0 
288 90 121 0 
289 81 211 0 
290 59 132 0 
291 96 379 0 
292 69 186 0 
293 27 108 0 
294 50 113 0 
295 78 60 0 
296 29 74 0 
297 50 72 0 
298 62 202 0 
299 81 136 0 
300 89 225 0 
301 59 135 0 
302 58 76 0 
303 28 55 0 
304 44 54 0 
305 50 175 0 
306 72 97 0 
307 59 58 0 
308 83 195 0 
309 92 150 0 
310 44 47 0 
311 91 201 0 
312 25 35 0 
313 50 129 0 
314 58 152 0 
315 75 224 0 
316 35 99 0 
317 95 311 0 
318 62 149 0 
319 55 165 0 
320 100 338 0 
321 88 241 0 
322 24 62 0 
323 23 91 0 
324 92 70 0 
325 93 68 0 
326 96 290 0 
327 42 59 0 
328 26 59 0 
329 83 313 0 
330 39 127 0 
331 36 115 0 
332 26 43 0 
333 81 199 0 
334 51 174 0 
335 80 206 0 
336 79 184 0 
337 71 95 0 
338 99 215 0 
339 98 311 0 
340 45 170 0 
341 33 52 0 
342 44 39 0 
343 93 362 0 
344 100 379 0 
345 83 328 0 
346 61 31 0 
347 100 293 0 
348 68 145 0 
349 35 77 0 
350 55 146 0 
351 83 145 0 
352 52 198 0 
353 42 83 0 
354 44 119 0 
355 76 231 0 
356 40 115 0 
357 34 89 0 
358 46 142 0 
359 24 40 0 
360 82 92 0 
361 92 188 0 
362 21 28 0 
363 69 194 0 
364 69 200 0 
365 28 102 0 
366 62 178 0 
367 30 106 0 
368 94 63 0 
369 83 288 0 
370 41 60 0 
371 32 31 0 
372 76 187 0 
373 42 67 0 
374 94 278 0 
375 60 192 0 
376 40 68 0 
377 41 162 0 
378 43 61 0 
379 75 89 0 
380 73 244 0 
381 52 78 0 
382 85 320 0 
383 70 274 0 
384 29 73 0 
385 27 71 0 
386 56 214 0 
387 26 69 0 
388 36 40 0 
389 22 77 0 
390 83 80 0 
391 21 84 0 
392 33 74 0 
393 30 84 0 
394 73 138 0 
395 55 135 0 
396 84 334 0 
397 50 39 0 
398 75 172 0 
399 84 154 0 
400 62 72 0 
401 45 175 0 
402 72 252 0 
403 58 209 0 
404 87 147 0 
405 64 89 0 
406 39 62 0 
407 73 194 0 
408 91 115 0 
409 29 46 0 
410 28 20 0 
411 98 162 0 
412 64 119 0 
413 28 39 0 
414 73 52 0 
415 29 91 0 
416 50 133 0 
417 38 42 0 
418 76 237 0 
419 93 335 0 
420 99 133 0 
421 96 107 0 
422 31 18 0 
423 36 28 0 
424 53 155 0 
425 77 211 0 
426 22 16 0 
427 76 117 0 
428 75 146 0 
429 83 212 0 
430 33 69 0 
431 57 128 0 
432 50 128 0 
433 65 144 0 
434 48 102 0 
435 98 183 0 
436 46 61 0 
437 73 79 0 
438 79 192 0 
439 57 176 0 
440 34 55 0 
441 63 194 0 
442 40 125 0 
443 75 118 0 
444 35 36 0 
445 33 66 0 
446 59 153 0 
447 58 32 0 
448 72 285 0 
449 56 89 0 
450 35 114 0 
451 65 145 0 
452 66 222 0 
453 85 112 0 
454 68 248 0 
455 79 262 0 
456 94 283 0 
457 83 234 0 
458 88 143 0 
459 21 34 0 
460 23 21 0 
461 91 133 0 
462 73 189 0 
463 93 259 0 
464 65 65 0 
465 78 71 0 
466 59 229 0 
467 45 48 0 
468 59 34 0 
469 70 214 0 
470 53 66 0 
471 28 40 0 
472 70 178 0 
473 64 191 0 
474 21 40 0 
475 37 68 0 
476 35 102 0 
477 87 198 0 
478 43 23 0 
479 24 88 0 
480 70 180 0 
481 50 63 0 
482 25 31 0 
483 97 352 0 
484 71 195 0 
485 83 270 0 
486 93 147 0 
487 89 273 0 
488 45 93 0 
489 42 140 0 
490 92 101 0 
491 67 263 0 
492 47 65 0 
493 66 248 0 
494 54 141 0 
495 22 36 0 
496 49 186 0 
497 87 268 0 
498 34 112 0 
499 77 256 0 
