NAME GBP_INSTANCES\prob_2_A_3_4_2.txt
COMMENT
BINTYPES 3
ITEMS 200
BINS_SECTIONS
0 100 100 0 113 
1 120 120 0 94 
2 150 150 0 75 
ITEMS_SECTIONS
0 51 63 0 
1 64 189 0 
2 83 253 0 
3 46 141 0 
4 59 146 0 
5 71 205 0 
6 60 201 0 
7 95 67 0 
8 46 35 0 
9 38 113 0 
10 48 125 0 
11 52 178 0 
12 41 35 0 
13 94 349 0 
14 24 58 0 
15 44 78 0 
16 48 186 0 
17 67 254 0 
18 86 340 0 
19 95 158 0 
20 76 260 0 
21 21 11 0 
22 38 51 0 
23 93 183 0 
24 79 136 0 
25 21 33 0 
26 80 184 0 
27 47 138 0 
28 50 81 0 
29 78 287 0 
30 35 71 0 
31 32 118 0 
32 56 56 0 
33 35 19 0 
34 94 225 0 
35 37 78 0 
36 65 124 0 
37 78 101 0 
38 77 296 0 
39 71 79 0 
40 71 67 0 
41 48 152 0 
42 52 105 0 
43 35 137 0 
44 42 38 0 
45 67 206 0 
46 29 73 0 
47 27 72 0 
48 38 100 0 
49 23 57 0 
50 39 38 0 
51 22 24 0 
52 35 119 0 
53 28 76 0 
54 95 158 0 
55 80 310 0 
56 32 99 0 
57 24 15 0 
58 38 51 0 
59 31 82 0 
60 53 90 0 
61 21 19 0 
62 71 78 0 
63 100 226 0 
64 72 107 0 
65 94 170 0 
66 52 137 0 
67 57 191 0 
68 28 25 0 
69 32 119 0 
70 23 37 0 
71 56 122 0 
72 42 69 0 
73 75 214 0 
74 61 68 0 
75 80 295 0 
76 24 71 0 
77 88 313 0 
78 76 257 0 
79 54 75 0 
80 94 215 0 
81 25 81 0 
82 47 42 0 
83 32 36 0 
84 23 63 0 
85 91 238 0 
86 36 82 0 
87 83 52 0 
88 75 160 0 
89 97 255 0 
90 86 331 0 
91 43 67 0 
92 32 117 0 
93 73 273 0 
94 38 133 0 
95 25 91 0 
96 57 50 0 
97 58 183 0 
98 36 103 0 
99 70 249 0 
100 91 294 0 
101 83 217 0 
102 65 226 0 
103 28 108 0 
104 75 103 0 
105 27 42 0 
106 89 249 0 
107 35 118 0 
108 38 143 0 
109 30 91 0 
110 100 177 0 
111 100 205 0 
112 74 74 0 
113 51 142 0 
114 37 55 0 
115 80 168 0 
116 60 91 0 
117 27 73 0 
118 22 21 0 
119 52 77 0 
120 23 58 0 
121 30 72 0 
122 47 123 0 
123 46 158 0 
124 37 20 0 
125 51 139 0 
126 61 166 0 
127 36 96 0 
128 89 73 0 
129 68 221 0 
130 65 258 0 
131 24 71 0 
132 70 226 0 
133 34 58 0 
134 33 126 0 
135 74 44 0 
136 86 115 0 
137 55 53 0 
138 89 45 0 
139 57 182 0 
140 50 53 0 
141 57 165 0 
142 92 308 0 
143 86 279 0 
144 31 112 0 
145 87 302 0 
146 38 92 0 
147 29 87 0 
148 82 143 0 
149 100 233 0 
150 28 112 0 
151 46 141 0 
152 51 190 0 
153 100 276 0 
154 83 221 0 
155 68 121 0 
156 33 62 0 
157 63 154 0 
158 80 84 0 
159 70 254 0 
160 40 83 0 
161 33 72 0 
162 93 260 0 
163 96 230 0 
164 23 13 0 
165 52 53 0 
166 51 127 0 
167 64 110 0 
168 29 96 0 
169 83 65 0 
170 30 88 0 
171 50 41 0 
172 26 39 0 
173 57 166 0 
174 22 67 0 
175 43 96 0 
176 59 128 0 
177 46 53 0 
178 92 277 0 
179 51 138 0 
180 23 47 0 
181 62 184 0 
182 88 335 0 
183 73 268 0 
184 51 155 0 
185 33 123 0 
186 51 143 0 
187 49 83 0 
188 65 173 0 
189 22 15 0 
190 93 187 0 
191 89 330 0 
192 62 239 0 
193 31 39 0 
194 94 222 0 
195 51 41 0 
196 82 147 0 
197 33 107 0 
198 61 147 0 
199 61 39 0 
