NAME GBP_INSTANCES\prob_2_B_2_2_2.txt
COMMENT
BINTYPES 5
ITEMS 100
BINS_SECTIONS
0 60 60 0 106 
1 80 80 0 80 
2 100 100 0 64 
3 120 120 0 53 
4 150 150 0 43 
ITEMS_SECTIONS
0 57 45 0 
1 69 59 0 
2 88 192 0 
3 79 61 0 
4 90 287 0 
5 41 54 0 
6 26 78 0 
7 67 125 0 
8 52 31 0 
9 89 274 0 
10 95 155 0 
11 96 207 0 
12 77 136 0 
13 37 105 0 
14 53 60 0 
15 88 264 0 
16 85 232 0 
17 86 86 0 
18 54 216 0 
19 64 83 0 
20 77 210 0 
21 36 77 0 
22 79 168 0 
23 45 106 0 
24 31 75 0 
25 76 141 0 
26 96 225 0 
27 43 131 0 
28 32 61 0 
29 69 184 0 
30 54 86 0 
31 42 65 0 
32 71 54 0 
33 87 80 0 
34 79 216 0 
35 40 94 0 
36 88 261 0 
37 35 41 0 
38 67 126 0 
39 64 35 0 
40 65 130 0 
41 54 65 0 
42 57 115 0 
43 52 29 0 
44 47 95 0 
45 21 41 0 
46 53 208 0 
47 83 163 0 
48 46 160 0 
49 88 340 0 
50 96 310 0 
51 59 236 0 
52 99 310 0 
53 94 137 0 
54 48 124 0 
55 99 392 0 
56 58 158 0 
57 33 94 0 
58 82 206 0 
59 47 82 0 
60 85 100 0 
61 40 28 0 
62 23 53 0 
63 63 248 0 
64 67 263 0 
65 23 54 0 
66 77 210 0 
67 65 258 0 
68 53 120 0 
69 96 298 0 
70 44 94 0 
71 66 253 0 
72 98 105 0 
73 34 113 0 
74 30 48 0 
75 63 107 0 
76 67 195 0 
77 31 47 0 
78 90 318 0 
79 73 275 0 
80 49 32 0 
81 91 79 0 
82 30 113 0 
83 91 197 0 
84 92 281 0 
85 96 376 0 
86 25 62 0 
87 96 160 0 
88 48 118 0 
89 41 77 0 
90 72 75 0 
91 36 83 0 
92 28 40 0 
93 87 335 0 
94 44 146 0 
95 70 39 0 
96 80 47 0 
97 67 169 0 
98 62 229 0 
99 43 87 0 
