NAME GBP_INSTANCES\prob_2_A_2_6_2.txt
COMMENT
BINTYPES 3
ITEMS 100
BINS_SECTIONS
0 100 100 0 62 
1 120 120 0 52 
2 150 150 0 41 
ITEMS_SECTIONS
0 98 149 0 
1 60 41 0 
2 83 301 0 
3 43 40 0 
4 61 137 0 
5 50 107 0 
6 52 87 0 
7 56 138 0 
8 40 43 0 
9 33 68 0 
10 93 306 0 
11 82 104 0 
12 57 72 0 
13 67 89 0 
14 49 45 0 
15 88 282 0 
16 88 115 0 
17 72 264 0 
18 86 80 0 
19 88 201 0 
20 76 278 0 
21 69 223 0 
22 45 42 0 
23 38 22 0 
24 46 154 0 
25 37 96 0 
26 28 16 0 
27 77 295 0 
28 74 185 0 
29 29 20 0 
30 100 196 0 
31 51 134 0 
32 82 126 0 
33 46 153 0 
34 95 218 0 
35 53 128 0 
36 83 143 0 
37 57 200 0 
38 63 193 0 
39 87 341 0 
40 37 105 0 
41 79 171 0 
42 88 287 0 
43 51 82 0 
44 41 105 0 
45 55 177 0 
46 24 84 0 
47 56 150 0 
48 80 229 0 
49 88 250 0 
50 37 30 0 
51 43 54 0 
52 74 193 0 
53 48 36 0 
54 26 60 0 
55 66 42 0 
56 75 191 0 
57 67 131 0 
58 75 142 0 
59 46 85 0 
60 70 187 0 
61 65 83 0 
62 23 38 0 
63 57 224 0 
64 61 192 0 
65 59 33 0 
66 65 76 0 
67 87 108 0 
68 21 35 0 
69 40 96 0 
70 56 222 0 
71 30 45 0 
72 77 141 0 
73 43 139 0 
74 91 87 0 
75 47 182 0 
76 51 118 0 
77 80 75 0 
78 99 53 0 
79 57 156 0 
80 59 142 0 
81 87 191 0 
82 67 220 0 
83 89 167 0 
84 25 94 0 
85 24 82 0 
86 68 62 0 
87 95 307 0 
88 48 150 0 
89 48 186 0 
90 48 122 0 
91 84 43 0 
92 35 119 0 
93 88 131 0 
94 41 89 0 
95 54 134 0 
96 68 37 0 
97 32 24 0 
98 57 39 0 
99 96 211 0 
