NAME GBP_INSTANCES\prob_1_A_1_2_2.txt
COMMENT
BINTYPES 3
ITEMS 50
BINS_SECTIONS
0 100 100 0 26 
1 120 120 0 22 
2 150 150 0 17 
ITEMS_SECTIONS
0 49 193 0 
1 21 43 0 
2 52 47 0 
3 78 236 0 
4 37 19 0 
5 71 36 0 
6 92 142 0 
7 68 209 0 
8 71 78 0 
9 44 169 0 
10 4 6 0 
11 23 59 0 
12 95 272 0 
13 51 111 0 
14 21 14 0 
15 65 206 0 
16 14 35 0 
17 28 76 0 
18 35 61 0 
19 71 259 0 
20 5 5 0 
21 96 354 0 
22 76 176 0 
23 88 47 0 
24 64 229 0 
25 26 39 0 
26 64 252 0 
27 86 71 0 
28 25 52 0 
29 73 143 0 
30 35 79 0 
31 6 9 0 
32 50 129 0 
33 90 283 0 
34 25 43 0 
35 54 73 0 
36 50 154 0 
37 86 72 0 
38 36 115 0 
39 14 11 0 
40 23 16 0 
41 13 13 0 
42 37 132 0 
43 22 61 0 
44 45 123 0 
45 84 199 0 
46 52 80 0 
47 83 125 0 
48 42 162 0 
49 88 352 0 
