NAME GBP_INSTANCES\prob_2_A_2_4_2.txt
COMMENT
BINTYPES 3
ITEMS 100
BINS_SECTIONS
0 100 100 0 61 
1 120 120 0 51 
2 150 150 0 41 
ITEMS_SECTIONS
0 49 63 0 
1 68 51 0 
2 94 373 0 
3 70 85 0 
4 71 217 0 
5 37 85 0 
6 31 23 0 
7 76 153 0 
8 46 166 0 
9 91 151 0 
10 72 202 0 
11 77 271 0 
12 49 173 0 
13 27 79 0 
14 64 193 0 
15 48 112 0 
16 49 126 0 
17 71 215 0 
18 93 227 0 
19 62 33 0 
20 92 365 0 
21 56 40 0 
22 90 259 0 
23 67 256 0 
24 36 29 0 
25 67 124 0 
26 63 121 0 
27 47 129 0 
28 31 67 0 
29 24 34 0 
30 61 236 0 
31 50 103 0 
32 98 59 0 
33 64 167 0 
34 40 146 0 
35 48 111 0 
36 92 337 0 
37 94 176 0 
38 22 24 0 
39 80 113 0 
40 78 304 0 
41 100 148 0 
42 60 168 0 
43 86 99 0 
44 87 267 0 
45 86 326 0 
46 97 93 0 
47 33 63 0 
48 80 180 0 
49 32 27 0 
50 30 94 0 
51 71 247 0 
52 40 154 0 
53 89 90 0 
54 55 122 0 
55 34 128 0 
56 82 261 0 
57 50 120 0 
58 96 157 0 
59 29 70 0 
60 73 287 0 
61 73 292 0 
62 69 237 0 
63 61 43 0 
64 27 52 0 
65 99 290 0 
66 31 121 0 
67 45 169 0 
68 52 189 0 
69 87 261 0 
70 28 101 0 
71 64 189 0 
72 59 56 0 
73 53 179 0 
74 69 176 0 
75 73 217 0 
76 21 56 0 
77 87 136 0 
78 36 34 0 
79 28 20 0 
80 30 59 0 
81 79 133 0 
82 32 124 0 
83 21 45 0 
84 59 177 0 
85 34 104 0 
86 100 268 0 
87 71 260 0 
88 35 53 0 
89 69 132 0 
90 57 171 0 
91 93 191 0 
92 55 218 0 
93 23 50 0 
94 51 74 0 
95 89 319 0 
96 64 216 0 
97 67 80 0 
98 31 41 0 
99 60 196 0 
