NAME GBP_INSTANCES\prob_3_B_3_0_2.txt
COMMENT
BINTYPES 5
ITEMS 200
BINS_SECTIONS
0 60 60 0 254 
1 80 80 0 191 
2 100 100 0 153 
3 120 120 0 127 
4 150 150 0 102 
ITEMS_SECTIONS
0 95 296 0 
1 59 236 0 
2 95 315 0 
3 56 101 0 
4 98 137 0 
5 83 286 0 
6 52 186 0 
7 62 112 0 
8 59 129 0 
9 77 100 0 
10 97 364 0 
11 58 43 0 
12 91 87 0 
13 64 191 0 
14 97 143 0 
15 68 210 0 
16 87 70 0 
17 71 260 0 
18 91 116 0 
19 65 211 0 
20 56 128 0 
21 83 76 0 
22 81 68 0 
23 70 61 0 
24 63 82 0 
25 98 96 0 
26 62 199 0 
27 54 184 0 
28 63 163 0 
29 58 114 0 
30 97 89 0 
31 99 395 0 
32 89 155 0 
33 92 319 0 
34 94 308 0 
35 52 147 0 
36 77 250 0 
37 98 229 0 
38 51 196 0 
39 68 128 0 
40 96 294 0 
41 93 276 0 
42 86 82 0 
43 81 116 0 
44 63 41 0 
45 53 169 0 
46 96 247 0 
47 100 220 0 
48 54 150 0 
49 99 64 0 
50 71 213 0 
51 67 52 0 
52 99 207 0 
53 67 47 0 
54 71 117 0 
55 73 232 0 
56 76 79 0 
57 86 253 0 
58 70 38 0 
59 71 158 0 
60 74 121 0 
61 60 99 0 
62 83 107 0 
63 84 131 0 
64 63 122 0 
65 98 99 0 
66 94 91 0 
67 90 187 0 
68 79 293 0 
69 76 107 0 
70 76 109 0 
71 86 341 0 
72 99 383 0 
73 98 72 0 
74 90 286 0 
75 70 201 0 
76 97 336 0 
77 96 375 0 
78 99 361 0 
79 84 93 0 
80 77 141 0 
81 97 322 0 
82 79 77 0 
83 100 222 0 
84 83 172 0 
85 78 48 0 
86 69 162 0 
87 62 83 0 
88 85 315 0 
89 52 121 0 
90 90 98 0 
91 58 195 0 
92 89 251 0 
93 56 38 0 
94 74 164 0 
95 69 198 0 
96 72 89 0 
97 72 159 0 
98 84 71 0 
99 93 187 0 
100 83 332 0 
101 63 229 0 
102 70 233 0 
103 78 205 0 
104 69 56 0 
105 54 120 0 
106 78 264 0 
107 64 202 0 
108 61 156 0 
109 77 68 0 
110 75 235 0 
111 65 116 0 
112 91 164 0 
113 83 196 0 
114 52 108 0 
115 51 157 0 
116 53 92 0 
117 74 201 0 
118 55 139 0 
119 53 124 0 
120 97 70 0 
121 53 101 0 
122 66 205 0 
123 90 347 0 
124 71 275 0 
125 62 221 0 
126 100 200 0 
127 75 97 0 
128 81 87 0 
129 100 175 0 
130 53 156 0 
131 64 171 0 
132 56 199 0 
133 77 218 0 
134 51 42 0 
135 63 214 0 
136 68 68 0 
137 64 136 0 
138 68 157 0 
139 77 149 0 
140 63 110 0 
141 96 342 0 
142 66 252 0 
143 94 112 0 
144 92 300 0 
145 64 222 0 
146 78 262 0 
147 90 89 0 
148 93 106 0 
149 79 292 0 
150 81 234 0 
151 65 162 0 
152 79 98 0 
153 88 168 0 
154 91 65 0 
155 74 236 0 
156 68 104 0 
157 65 113 0 
158 63 91 0 
159 81 250 0 
160 67 126 0 
161 61 145 0 
162 86 199 0 
163 86 221 0 
164 97 109 0 
165 99 262 0 
166 58 67 0 
167 62 70 0 
168 69 146 0 
169 76 58 0 
170 79 300 0 
171 58 220 0 
172 93 268 0 
173 73 269 0 
174 87 209 0 
175 75 38 0 
176 87 169 0 
177 90 176 0 
178 92 241 0 
179 64 165 0 
180 73 84 0 
181 84 200 0 
182 76 218 0 
183 74 204 0 
184 60 76 0 
185 100 113 0 
186 57 89 0 
187 98 303 0 
188 65 176 0 
189 64 146 0 
190 91 128 0 
191 67 189 0 
192 66 103 0 
193 78 183 0 
194 67 135 0 
195 71 48 0 
196 95 57 0 
197 79 104 0 
198 57 142 0 
199 53 63 0 
