NAME GBP_INSTANCES\prob_1_B_0_0_2.txt
COMMENT
BINTYPES 5
ITEMS 25
BINS_SECTIONS
0 60 60 0 22 
1 80 80 0 17 
2 100 100 0 14 
3 120 120 0 11 
4 150 150 0 9 
ITEMS_SECTIONS
0 55 55 0 
1 99 141 0 
2 81 51 0 
3 59 110 0 
4 11 34 0 
5 73 225 0 
6 100 292 0 
7 32 21 0 
8 59 231 0 
9 60 43 0 
10 66 106 0 
11 41 52 0 
12 28 64 0 
13 68 222 0 
14 74 206 0 
15 24 34 0 
16 28 20 0 
17 57 180 0 
18 74 122 0 
19 5 4 0 
20 31 99 0 
21 50 87 0 
22 21 39 0 
23 94 185 0 
24 29 26 0 
