NAME GBP_INSTANCES\prob_2_A_4_0_2.txt
COMMENT
BINTYPES 3
ITEMS 500
BINS_SECTIONS
0 100 100 0 301 
1 120 120 0 251 
2 150 150 0 201 
ITEMS_SECTIONS
0 64 132 0 
1 42 149 0 
2 61 165 0 
3 21 23 0 
4 92 246 0 
5 87 223 0 
6 65 191 0 
7 65 251 0 
8 26 60 0 
9 75 228 0 
10 59 164 0 
11 67 237 0 
12 69 114 0 
13 33 21 0 
14 48 77 0 
15 84 122 0 
16 34 129 0 
17 81 46 0 
18 40 129 0 
19 45 168 0 
20 73 267 0 
21 91 126 0 
22 53 88 0 
23 77 123 0 
24 87 182 0 
25 45 70 0 
26 73 85 0 
27 94 366 0 
28 56 183 0 
29 97 321 0 
30 52 182 0 
31 39 41 0 
32 45 72 0 
33 100 199 0 
34 99 154 0 
35 44 110 0 
36 47 136 0 
37 97 139 0 
38 50 144 0 
39 60 145 0 
40 96 370 0 
41 93 323 0 
42 34 106 0 
43 55 138 0 
44 93 113 0 
45 42 153 0 
46 96 168 0 
47 21 63 0 
48 95 210 0 
49 56 108 0 
50 87 313 0 
51 87 118 0 
52 32 120 0 
53 76 146 0 
54 45 114 0 
55 44 172 0 
56 87 320 0 
57 69 203 0 
58 38 57 0 
59 45 52 0 
60 53 149 0 
61 56 161 0 
62 22 65 0 
63 84 46 0 
64 28 106 0 
65 79 66 0 
66 22 23 0 
67 25 18 0 
68 48 105 0 
69 60 225 0 
70 88 310 0 
71 34 38 0 
72 48 66 0 
73 54 138 0 
74 21 72 0 
75 40 63 0 
76 78 266 0 
77 45 67 0 
78 47 55 0 
79 26 39 0 
80 76 298 0 
81 26 102 0 
82 74 235 0 
83 85 61 0 
84 21 35 0 
85 95 357 0 
86 46 82 0 
87 33 83 0 
88 77 159 0 
89 69 264 0 
90 69 141 0 
91 85 317 0 
92 98 92 0 
93 61 66 0 
94 42 46 0 
95 65 36 0 
96 57 74 0 
97 72 246 0 
98 84 272 0 
99 98 204 0 
100 21 77 0 
101 29 104 0 
102 66 86 0 
103 77 112 0 
104 47 108 0 
105 25 26 0 
106 90 360 0 
107 83 221 0 
108 59 235 0 
109 97 326 0 
110 71 69 0 
111 64 248 0 
112 80 302 0 
113 93 303 0 
114 26 52 0 
115 87 283 0 
116 86 77 0 
117 24 81 0 
118 91 196 0 
119 25 86 0 
120 79 92 0 
121 76 140 0 
122 43 42 0 
123 67 39 0 
124 68 211 0 
125 31 74 0 
126 71 91 0 
127 43 73 0 
128 56 100 0 
129 24 89 0 
130 82 261 0 
131 62 98 0 
132 52 108 0 
133 26 99 0 
134 87 196 0 
135 66 230 0 
136 53 190 0 
137 82 231 0 
138 89 192 0 
139 70 115 0 
140 70 268 0 
141 62 192 0 
142 76 68 0 
143 49 141 0 
144 88 137 0 
145 43 108 0 
146 67 127 0 
147 45 143 0 
148 29 111 0 
149 30 69 0 
150 33 19 0 
151 32 93 0 
152 74 285 0 
153 48 46 0 
154 99 182 0 
155 73 278 0 
156 74 239 0 
157 94 245 0 
158 47 72 0 
159 24 52 0 
160 63 231 0 
161 45 83 0 
162 65 174 0 
163 25 45 0 
164 62 203 0 
165 39 85 0 
166 73 151 0 
167 65 49 0 
168 67 151 0 
169 67 191 0 
170 46 70 0 
171 38 68 0 
172 63 176 0 
173 92 216 0 
174 26 83 0 
175 81 225 0 
176 39 127 0 
177 70 122 0 
178 95 262 0 
179 63 62 0 
180 51 57 0 
181 86 271 0 
182 22 54 0 
183 91 268 0 
184 80 101 0 
185 33 95 0 
186 71 184 0 
187 93 337 0 
188 67 200 0 
189 25 73 0 
190 44 153 0 
191 44 172 0 
192 76 126 0 
193 94 78 0 
194 23 34 0 
195 85 289 0 
196 51 203 0 
197 27 100 0 
198 82 44 0 
199 85 302 0 
200 44 101 0 
201 71 84 0 
202 82 202 0 
203 88 137 0 
204 67 201 0 
205 65 231 0 
206 27 90 0 
207 49 135 0 
208 69 82 0 
209 57 50 0 
210 30 101 0 
211 70 218 0 
212 31 17 0 
213 52 127 0 
214 25 25 0 
215 27 50 0 
216 73 204 0 
217 85 75 0 
218 52 81 0 
219 21 77 0 
220 74 247 0 
221 47 48 0 
222 33 92 0 
223 85 233 0 
224 51 126 0 
225 57 34 0 
226 43 42 0 
227 83 240 0 
228 96 78 0 
229 73 74 0 
230 70 191 0 
231 86 58 0 
232 59 43 0 
233 31 65 0 
234 99 134 0 
235 71 114 0 
236 28 75 0 
237 67 173 0 
238 77 225 0 
239 29 66 0 
240 31 112 0 
241 54 67 0 
242 46 148 0 
243 63 205 0 
244 84 171 0 
245 76 154 0 
246 68 249 0 
247 94 238 0 
248 64 240 0 
249 24 90 0 
250 70 226 0 
251 63 177 0 
252 40 135 0 
253 28 86 0 
254 44 70 0 
255 76 186 0 
256 59 183 0 
257 66 72 0 
258 68 249 0 
259 91 83 0 
260 31 76 0 
261 70 51 0 
262 52 82 0 
263 54 135 0 
264 65 88 0 
265 52 123 0 
266 95 341 0 
267 64 103 0 
268 51 155 0 
269 72 82 0 
270 76 128 0 
271 45 121 0 
272 57 33 0 
273 36 51 0 
274 96 211 0 
275 25 76 0 
276 84 309 0 
277 34 73 0 
278 72 288 0 
279 91 313 0 
280 25 85 0 
281 80 228 0 
282 94 319 0 
283 89 158 0 
284 68 65 0 
285 47 83 0 
286 84 59 0 
287 54 44 0 
288 50 187 0 
289 23 79 0 
290 61 241 0 
291 87 226 0 
292 88 191 0 
293 35 75 0 
294 99 388 0 
295 83 99 0 
296 49 80 0 
297 87 347 0 
298 87 241 0 
299 52 117 0 
300 75 89 0 
301 21 28 0 
302 58 38 0 
303 68 239 0 
304 75 233 0 
305 70 139 0 
306 70 119 0 
307 90 220 0 
308 61 204 0 
309 89 266 0 
310 98 312 0 
311 87 64 0 
312 44 153 0 
313 90 253 0 
314 27 87 0 
315 38 61 0 
316 99 381 0 
317 68 197 0 
318 57 220 0 
319 85 135 0 
320 91 140 0 
321 76 165 0 
322 79 217 0 
323 35 69 0 
324 98 378 0 
325 36 82 0 
326 98 336 0 
327 55 103 0 
328 39 148 0 
329 97 350 0 
330 28 51 0 
331 88 153 0 
332 42 114 0 
333 62 246 0 
334 38 104 0 
335 95 60 0 
336 51 201 0 
337 67 109 0 
338 37 134 0 
339 56 133 0 
340 44 140 0 
341 51 84 0 
342 23 31 0 
343 98 213 0 
344 86 49 0 
345 56 83 0 
346 33 34 0 
347 76 283 0 
348 70 259 0 
349 24 37 0 
350 85 206 0 
351 21 78 0 
352 48 167 0 
353 61 34 0 
354 41 48 0 
355 51 42 0 
356 46 101 0 
357 28 79 0 
358 78 62 0 
359 39 30 0 
360 98 234 0 
361 48 155 0 
362 48 162 0 
363 52 30 0 
364 45 90 0 
365 73 175 0 
366 84 86 0 
367 74 238 0 
368 69 223 0 
369 26 53 0 
370 82 291 0 
371 31 35 0 
372 58 125 0 
373 98 310 0 
374 22 46 0 
375 84 180 0 
376 74 65 0 
377 72 92 0 
378 50 141 0 
379 38 51 0 
380 75 127 0 
381 55 157 0 
382 28 97 0 
383 61 41 0 
384 63 35 0 
385 62 158 0 
386 39 151 0 
387 74 277 0 
388 77 241 0 
389 92 67 0 
390 40 38 0 
391 51 183 0 
392 89 325 0 
393 77 125 0 
394 56 99 0 
395 52 109 0 
396 21 65 0 
397 56 171 0 
398 87 161 0 
399 57 73 0 
400 90 125 0 
401 35 84 0 
402 67 156 0 
403 29 59 0 
404 47 37 0 
405 56 195 0 
406 88 111 0 
407 39 39 0 
408 48 56 0 
409 75 289 0 
410 35 128 0 
411 64 238 0 
412 48 137 0 
413 28 54 0 
414 42 155 0 
415 33 39 0 
416 75 195 0 
417 88 69 0 
418 26 54 0 
419 32 79 0 
420 94 226 0 
421 38 133 0 
422 47 141 0 
423 57 129 0 
424 71 93 0 
425 86 155 0 
426 58 118 0 
427 22 74 0 
428 59 225 0 
429 62 204 0 
430 71 131 0 
431 46 30 0 
432 32 34 0 
433 28 74 0 
434 32 69 0 
435 51 45 0 
436 32 97 0 
437 38 23 0 
438 30 71 0 
439 58 31 0 
440 87 164 0 
441 92 307 0 
442 45 114 0 
443 43 163 0 
444 79 255 0 
445 98 111 0 
446 21 34 0 
447 31 32 0 
448 61 189 0 
449 79 53 0 
450 50 187 0 
451 81 221 0 
452 76 161 0 
453 41 116 0 
454 57 126 0 
455 46 51 0 
456 61 220 0 
457 65 131 0 
458 77 259 0 
459 45 128 0 
460 89 94 0 
461 31 16 0 
462 39 24 0 
463 69 169 0 
464 92 104 0 
465 28 100 0 
466 36 80 0 
467 88 318 0 
468 30 30 0 
469 44 125 0 
470 37 34 0 
471 28 33 0 
472 66 34 0 
473 77 248 0 
474 69 101 0 
475 92 60 0 
476 95 325 0 
477 67 43 0 
478 78 299 0 
479 97 349 0 
480 37 80 0 
481 60 214 0 
482 98 372 0 
483 44 125 0 
484 79 110 0 
485 87 305 0 
486 86 238 0 
487 40 150 0 
488 32 84 0 
489 92 77 0 
490 75 270 0 
491 31 39 0 
492 38 51 0 
493 29 57 0 
494 52 79 0 
495 21 49 0 
496 23 71 0 
497 64 128 0 
498 74 112 0 
499 36 29 0 
