NAME GBP_INSTANCES\prob_3_B_3_6_2.txt
COMMENT
BINTYPES 5
ITEMS 200
BINS_SECTIONS
0 60 60 0 249 
1 80 80 0 187 
2 100 100 0 150 
3 120 120 0 125 
4 150 150 0 100 
ITEMS_SECTIONS
0 66 80 0 
1 63 79 0 
2 85 67 0 
3 98 236 0 
4 60 149 0 
5 100 312 0 
6 88 286 0 
7 91 213 0 
8 95 66 0 
9 80 246 0 
10 86 259 0 
11 68 153 0 
12 52 60 0 
13 92 305 0 
14 81 168 0 
15 53 190 0 
16 77 187 0 
17 80 248 0 
18 92 318 0 
19 95 54 0 
20 90 83 0 
21 81 108 0 
22 80 252 0 
23 92 99 0 
24 82 193 0 
25 76 186 0 
26 90 267 0 
27 79 225 0 
28 94 208 0 
29 74 95 0 
30 63 85 0 
31 83 301 0 
32 67 156 0 
33 60 195 0 
34 91 206 0 
35 69 226 0 
36 78 263 0 
37 89 161 0 
38 70 234 0 
39 91 195 0 
40 100 379 0 
41 54 153 0 
42 57 141 0 
43 67 87 0 
44 76 225 0 
45 57 113 0 
46 59 206 0 
47 51 179 0 
48 86 250 0 
49 68 272 0 
50 83 112 0 
51 52 89 0 
52 60 130 0 
53 92 310 0 
54 54 86 0 
55 86 229 0 
56 81 245 0 
57 84 295 0 
58 62 172 0 
59 72 273 0 
60 98 148 0 
61 83 251 0 
62 90 217 0 
63 78 117 0 
64 51 94 0 
65 55 171 0 
66 54 149 0 
67 58 201 0 
68 68 195 0 
69 58 134 0 
70 91 337 0 
71 67 134 0 
72 73 166 0 
73 79 303 0 
74 87 73 0 
75 53 67 0 
76 52 99 0 
77 57 133 0 
78 59 115 0 
79 63 245 0 
80 84 304 0 
81 80 42 0 
82 65 204 0 
83 59 125 0 
84 80 203 0 
85 82 223 0 
86 89 284 0 
87 83 123 0 
88 73 250 0 
89 71 120 0 
90 61 92 0 
91 60 35 0 
92 70 258 0 
93 65 53 0 
94 91 347 0 
95 98 380 0 
96 59 105 0 
97 75 153 0 
98 53 139 0 
99 51 188 0 
100 58 202 0 
101 99 276 0 
102 100 388 0 
103 59 39 0 
104 76 213 0 
105 73 100 0 
106 60 214 0 
107 100 152 0 
108 70 251 0 
109 95 378 0 
110 79 49 0 
111 86 138 0 
112 92 109 0 
113 65 228 0 
114 68 97 0 
115 69 135 0 
116 95 294 0 
117 54 59 0 
118 68 67 0 
119 72 100 0 
120 72 221 0 
121 52 119 0 
122 97 119 0 
123 57 67 0 
124 95 288 0 
125 56 201 0 
126 76 208 0 
127 65 72 0 
128 90 200 0 
129 88 181 0 
130 69 97 0 
131 63 46 0 
132 59 152 0 
133 72 59 0 
134 68 58 0 
135 61 181 0 
136 82 110 0 
137 96 172 0 
138 63 50 0 
139 62 91 0 
140 59 216 0 
141 92 179 0 
142 90 171 0 
143 70 268 0 
144 91 259 0 
145 62 32 0 
146 69 46 0 
147 61 39 0 
148 86 100 0 
149 75 198 0 
150 100 278 0 
151 100 103 0 
152 58 106 0 
153 84 122 0 
154 78 108 0 
155 60 68 0 
156 93 176 0 
157 59 124 0 
158 77 277 0 
159 58 228 0 
160 57 113 0 
161 54 61 0 
162 77 44 0 
163 91 231 0 
164 72 229 0 
165 53 62 0 
166 88 193 0 
167 69 154 0 
168 73 114 0 
169 52 189 0 
170 78 102 0 
171 76 236 0 
172 83 75 0 
173 86 97 0 
174 86 344 0 
175 71 258 0 
176 72 118 0 
177 52 135 0 
178 95 317 0 
179 97 311 0 
180 70 53 0 
181 81 77 0 
182 66 121 0 
183 68 153 0 
184 68 129 0 
185 65 148 0 
186 63 197 0 
187 91 310 0 
188 71 135 0 
189 98 341 0 
190 100 92 0 
191 59 53 0 
192 81 255 0 
193 79 127 0 
194 55 44 0 
195 61 223 0 
196 81 205 0 
197 88 293 0 
198 78 228 0 
199 87 333 0 
