NAME GBP_INSTANCES\prob_1_B_2_9_2.txt
COMMENT
BINTYPES 5
ITEMS 100
BINS_SECTIONS
0 60 60 0 88 
1 80 80 0 66 
2 100 100 0 53 
3 120 120 0 44 
4 150 150 0 35 
ITEMS_SECTIONS
0 54 32 0 
1 88 344 0 
2 25 22 0 
3 40 78 0 
4 18 30 0 
5 87 52 0 
6 29 23 0 
7 4 9 0 
8 49 35 0 
9 21 54 0 
10 5 5 0 
11 72 264 0 
12 62 208 0 
13 8 24 0 
14 62 227 0 
15 66 91 0 
16 26 70 0 
17 23 78 0 
18 76 138 0 
19 65 256 0 
20 63 117 0 
21 41 22 0 
22 9 13 0 
23 63 238 0 
24 58 164 0 
25 55 63 0 
26 70 47 0 
27 60 194 0 
28 93 259 0 
29 52 157 0 
30 93 71 0 
31 60 173 0 
32 94 99 0 
33 74 184 0 
34 85 112 0 
35 85 229 0 
36 2 2 0 
37 56 170 0 
38 51 181 0 
39 56 188 0 
40 34 128 0 
41 70 45 0 
42 22 36 0 
43 58 203 0 
44 80 273 0 
45 65 141 0 
46 9 14 0 
47 51 28 0 
48 81 76 0 
49 33 127 0 
50 5 12 0 
51 25 78 0 
52 21 56 0 
53 80 227 0 
54 47 80 0 
55 65 247 0 
56 5 15 0 
57 60 139 0 
58 88 346 0 
59 43 136 0 
60 54 111 0 
61 17 13 0 
62 54 212 0 
63 80 282 0 
64 66 157 0 
65 8 14 0 
66 60 34 0 
67 99 337 0 
68 87 318 0 
69 67 173 0 
70 66 196 0 
71 29 101 0 
72 51 188 0 
73 61 163 0 
74 20 58 0 
75 58 145 0 
76 18 44 0 
77 2 6 0 
78 92 233 0 
79 15 32 0 
80 77 292 0 
81 66 89 0 
82 48 56 0 
83 59 165 0 
84 41 126 0 
85 9 22 0 
86 37 118 0 
87 75 87 0 
88 96 333 0 
89 82 80 0 
90 74 71 0 
91 44 63 0 
92 42 58 0 
93 73 83 0 
94 93 87 0 
95 79 198 0 
96 79 159 0 
97 74 150 0 
98 15 8 0 
99 24 43 0 
