NAME GBP_INSTANCES\prob_2_A_3_6_2.txt
COMMENT
BINTYPES 3
ITEMS 200
BINS_SECTIONS
0 100 100 0 115 
1 120 120 0 96 
2 150 150 0 77 
ITEMS_SECTIONS
0 94 81 0 
1 68 222 0 
2 76 184 0 
3 93 290 0 
4 64 211 0 
5 49 34 0 
6 52 178 0 
7 57 182 0 
8 39 73 0 
9 57 143 0 
10 44 55 0 
11 62 206 0 
12 45 68 0 
13 83 115 0 
14 89 287 0 
15 55 190 0 
16 36 67 0 
17 26 56 0 
18 78 297 0 
19 43 142 0 
20 54 54 0 
21 49 65 0 
22 47 72 0 
23 89 164 0 
24 65 111 0 
25 52 114 0 
26 57 92 0 
27 66 75 0 
28 89 205 0 
29 69 256 0 
30 37 59 0 
31 83 297 0 
32 28 73 0 
33 74 105 0 
34 87 184 0 
35 57 184 0 
36 67 189 0 
37 46 65 0 
38 99 237 0 
39 41 80 0 
40 94 126 0 
41 60 49 0 
42 76 169 0 
43 38 80 0 
44 42 82 0 
45 47 45 0 
46 86 175 0 
47 26 53 0 
48 81 197 0 
49 42 40 0 
50 99 297 0 
51 40 148 0 
52 100 101 0 
53 70 129 0 
54 26 88 0 
55 87 314 0 
56 100 74 0 
57 97 138 0 
58 32 119 0 
59 43 73 0 
60 80 216 0 
61 78 258 0 
62 75 77 0 
63 51 53 0 
64 71 128 0 
65 40 92 0 
66 56 215 0 
67 26 84 0 
68 88 92 0 
69 75 59 0 
70 51 135 0 
71 74 244 0 
72 34 132 0 
73 30 34 0 
74 35 92 0 
75 47 165 0 
76 36 120 0 
77 39 71 0 
78 86 271 0 
79 92 341 0 
80 44 163 0 
81 82 118 0 
82 75 75 0 
83 38 109 0 
84 58 88 0 
85 50 89 0 
86 68 124 0 
87 31 46 0 
88 57 153 0 
89 88 297 0 
90 47 105 0 
91 22 18 0 
92 28 23 0 
93 54 209 0 
94 27 73 0 
95 40 148 0 
96 50 140 0 
97 36 19 0 
98 42 143 0 
99 46 62 0 
100 36 68 0 
101 44 124 0 
102 37 29 0 
103 38 71 0 
104 46 165 0 
105 88 141 0 
106 32 115 0 
107 62 219 0 
108 48 187 0 
109 46 71 0 
110 25 17 0 
111 91 134 0 
112 51 39 0 
113 57 93 0 
114 75 198 0 
115 75 156 0 
116 38 25 0 
117 41 77 0 
118 50 44 0 
119 97 228 0 
120 63 206 0 
121 29 89 0 
122 25 33 0 
123 88 288 0 
124 32 126 0 
125 87 141 0 
126 95 238 0 
127 61 107 0 
128 70 50 0 
129 57 86 0 
130 41 116 0 
131 71 55 0 
132 59 137 0 
133 67 143 0 
134 83 193 0 
135 82 178 0 
136 32 80 0 
137 41 33 0 
138 40 33 0 
139 42 41 0 
140 92 319 0 
141 25 60 0 
142 51 101 0 
143 50 52 0 
144 25 51 0 
145 49 43 0 
146 22 19 0 
147 98 148 0 
148 64 137 0 
149 60 164 0 
150 67 148 0 
151 88 160 0 
152 41 146 0 
153 93 162 0 
154 65 90 0 
155 76 157 0 
156 26 17 0 
157 78 277 0 
158 57 129 0 
159 75 109 0 
160 33 78 0 
161 26 89 0 
162 67 110 0 
163 42 167 0 
164 60 194 0 
165 64 35 0 
166 33 39 0 
167 63 32 0 
168 96 96 0 
169 25 88 0 
170 46 174 0 
171 97 143 0 
172 24 86 0 
173 60 42 0 
174 54 102 0 
175 21 15 0 
176 87 118 0 
177 63 143 0 
178 100 197 0 
179 43 101 0 
180 82 281 0 
181 93 220 0 
182 30 49 0 
183 75 76 0 
184 31 88 0 
185 57 167 0 
186 44 139 0 
187 46 153 0 
188 24 88 0 
189 54 63 0 
190 72 164 0 
191 68 67 0 
192 40 144 0 
193 34 60 0 
194 72 77 0 
195 46 44 0 
196 23 83 0 
197 86 246 0 
198 28 78 0 
199 25 97 0 
