NAME GBP_INSTANCES\prob_3_B_3_8_2.txt
COMMENT
BINTYPES 5
ITEMS 200
BINS_SECTIONS
0 60 60 0 255 
1 80 80 0 191 
2 100 100 0 153 
3 120 120 0 128 
4 150 150 0 102 
ITEMS_SECTIONS
0 76 288 0 
1 79 315 0 
2 94 250 0 
3 76 231 0 
4 60 61 0 
5 81 153 0 
6 57 200 0 
7 68 146 0 
8 52 133 0 
9 80 150 0 
10 59 171 0 
11 81 49 0 
12 68 242 0 
13 81 52 0 
14 73 44 0 
15 74 40 0 
16 100 396 0 
17 76 122 0 
18 83 317 0 
19 62 247 0 
20 91 151 0 
21 67 265 0 
22 60 82 0 
23 74 270 0 
24 83 316 0 
25 60 189 0 
26 77 86 0 
27 78 165 0 
28 89 53 0 
29 66 167 0 
30 67 114 0 
31 53 97 0 
32 91 185 0 
33 90 316 0 
34 94 331 0 
35 68 59 0 
36 52 29 0 
37 71 190 0 
38 75 287 0 
39 82 192 0 
40 55 218 0 
41 79 303 0 
42 54 184 0 
43 94 155 0 
44 57 215 0 
45 75 87 0 
46 89 223 0 
47 95 114 0 
48 57 75 0 
49 85 136 0 
50 59 163 0 
51 54 187 0 
52 80 57 0 
53 89 169 0 
54 70 79 0 
55 88 352 0 
56 80 214 0 
57 91 141 0 
58 95 186 0 
59 59 226 0 
60 92 183 0 
61 64 226 0 
62 74 275 0 
63 81 102 0 
64 60 160 0 
65 83 305 0 
66 88 186 0 
67 86 162 0 
68 55 80 0 
69 91 143 0 
70 63 154 0 
71 100 376 0 
72 71 84 0 
73 64 171 0 
74 51 174 0 
75 93 353 0 
76 57 221 0 
77 70 136 0 
78 83 87 0 
79 83 57 0 
80 65 157 0 
81 78 309 0 
82 66 206 0 
83 55 106 0 
84 95 370 0 
85 88 128 0 
86 67 39 0 
87 100 303 0 
88 93 58 0 
89 52 193 0 
90 71 270 0 
91 72 232 0 
92 97 128 0 
93 81 266 0 
94 94 59 0 
95 89 303 0 
96 82 249 0 
97 60 228 0 
98 89 180 0 
99 91 163 0 
100 96 321 0 
101 100 216 0 
102 85 58 0 
103 70 45 0 
104 98 253 0 
105 58 54 0 
106 90 360 0 
107 99 287 0 
108 85 247 0 
109 57 47 0 
110 95 62 0 
111 68 93 0 
112 57 170 0 
113 80 289 0 
114 65 209 0 
115 87 180 0 
116 79 51 0 
117 79 236 0 
118 52 28 0 
119 58 108 0 
120 76 279 0 
121 60 35 0 
122 74 46 0 
123 76 104 0 
124 64 114 0 
125 94 194 0 
126 80 115 0 
127 86 115 0 
128 70 243 0 
129 70 61 0 
130 54 125 0 
131 68 111 0 
132 85 125 0 
133 73 266 0 
134 79 152 0 
135 95 308 0 
136 94 85 0 
137 74 235 0 
138 62 129 0 
139 65 199 0 
140 92 70 0 
141 97 209 0 
142 89 81 0 
143 83 179 0 
144 76 146 0 
145 59 215 0 
146 64 187 0 
147 54 86 0 
148 64 56 0 
149 96 120 0 
150 100 117 0 
151 67 97 0 
152 94 65 0 
153 75 162 0 
154 66 116 0 
155 63 124 0 
156 87 160 0 
157 97 195 0 
158 57 59 0 
159 82 260 0 
160 98 314 0 
161 98 230 0 
162 93 49 0 
163 85 64 0 
164 72 221 0 
165 100 267 0 
166 60 217 0 
167 82 53 0 
168 80 179 0 
169 66 52 0 
170 56 145 0 
171 69 138 0 
172 68 79 0 
173 69 50 0 
174 52 207 0 
175 67 226 0 
176 75 82 0 
177 74 154 0 
178 71 95 0 
179 86 285 0 
180 65 115 0 
181 90 344 0 
182 62 145 0 
183 87 56 0 
184 70 142 0 
185 96 112 0 
186 61 38 0 
187 54 128 0 
188 99 112 0 
189 51 100 0 
190 74 82 0 
191 95 335 0 
192 100 377 0 
193 77 143 0 
194 60 232 0 
195 89 181 0 
196 90 246 0 
197 92 364 0 
198 61 61 0 
199 90 109 0 
