NAME GBP_INSTANCES\prob_1_B_2_5_2.txt
COMMENT
BINTYPES 5
ITEMS 100
BINS_SECTIONS
0 60 60 0 84 
1 80 80 0 63 
2 100 100 0 51 
3 120 120 0 42 
4 150 150 0 34 
ITEMS_SECTIONS
0 55 40 0 
1 81 98 0 
2 23 21 0 
3 25 72 0 
4 10 19 0 
5 35 124 0 
6 85 269 0 
7 41 84 0 
8 14 20 0 
9 5 11 0 
10 53 190 0 
11 75 79 0 
12 86 202 0 
13 24 16 0 
14 7 11 0 
15 66 60 0 
16 86 298 0 
17 57 202 0 
18 94 179 0 
19 46 107 0 
20 100 260 0 
21 55 154 0 
22 81 119 0 
23 8 25 0 
24 60 94 0 
25 36 19 0 
26 47 35 0 
27 69 125 0 
28 98 283 0 
29 90 231 0 
30 11 38 0 
31 4 16 0 
32 26 68 0 
33 32 35 0 
34 47 75 0 
35 57 173 0 
36 46 158 0 
37 92 140 0 
38 82 267 0 
39 83 300 0 
40 80 284 0 
41 80 285 0 
42 18 39 0 
43 36 36 0 
44 25 37 0 
45 100 282 0 
46 76 94 0 
47 64 189 0 
48 13 15 0 
49 60 76 0 
50 22 29 0 
51 11 37 0 
52 5 3 0 
53 48 121 0 
54 50 60 0 
55 93 249 0 
56 76 274 0 
57 27 85 0 
58 90 197 0 
59 66 195 0 
60 23 30 0 
61 11 35 0 
62 22 47 0 
63 16 62 0 
64 57 64 0 
65 78 294 0 
66 48 151 0 
67 15 54 0 
68 30 72 0 
69 93 57 0 
70 31 50 0 
71 84 279 0 
72 18 26 0 
73 68 238 0 
74 22 76 0 
75 72 220 0 
76 39 104 0 
77 63 208 0 
78 96 180 0 
79 13 9 0 
80 34 34 0 
81 46 104 0 
82 35 23 0 
83 74 176 0 
84 56 117 0 
85 5 20 0 
86 49 71 0 
87 54 61 0 
88 26 48 0 
89 39 98 0 
90 93 67 0 
91 32 22 0 
92 95 182 0 
93 26 103 0 
94 68 121 0 
95 32 59 0 
96 63 234 0 
97 78 176 0 
98 56 42 0 
99 23 41 0 
