NAME GBP_INSTANCES\prob_3_B_0_5_2.txt
COMMENT
BINTYPES 5
ITEMS 25
BINS_SECTIONS
0 60 60 0 32 
1 80 80 0 24 
2 100 100 0 19 
3 120 120 0 16 
4 150 150 0 13 
ITEMS_SECTIONS
0 82 203 0 
1 78 268 0 
2 72 91 0 
3 86 286 0 
4 72 107 0 
5 93 274 0 
6 64 233 0 
7 72 221 0 
8 65 65 0 
9 64 244 0 
10 76 179 0 
11 77 256 0 
12 100 178 0 
13 81 157 0 
14 53 172 0 
15 62 191 0 
16 79 55 0 
17 66 219 0 
18 64 128 0 
19 98 311 0 
20 81 77 0 
21 79 166 0 
22 63 72 0 
23 64 118 0 
24 75 103 0 
