NAME GBP_INSTANCES\prob_1_B_1_0_2.txt
COMMENT
BINTYPES 5
ITEMS 50
BINS_SECTIONS
0 60 60 0 44 
1 80 80 0 33 
2 100 100 0 27 
3 120 120 0 22 
4 150 150 0 18 
ITEMS_SECTIONS
0 98 376 0 
1 53 162 0 
2 15 32 0 
3 21 26 0 
4 64 94 0 
5 73 166 0 
6 74 238 0 
7 31 81 0 
8 64 188 0 
9 2 2 0 
10 85 115 0 
11 43 167 0 
12 64 91 0 
13 3 6 0 
14 58 165 0 
15 61 136 0 
16 100 313 0 
17 10 33 0 
18 54 130 0 
19 4 12 0 
20 90 178 0 
21 92 191 0 
22 84 311 0 
23 47 35 0 
24 37 126 0 
25 14 32 0 
26 81 223 0 
27 78 301 0 
28 78 171 0 
29 59 131 0 
30 37 140 0 
31 27 49 0 
32 17 21 0 
33 77 256 0 
34 53 61 0 
35 72 287 0 
36 78 136 0 
37 11 12 0 
38 11 25 0 
39 92 111 0 
40 63 215 0 
41 56 49 0 
42 93 96 0 
43 68 243 0 
44 7 14 0 
45 36 107 0 
46 72 138 0 
47 92 322 0 
48 28 47 0 
49 12 32 0 
