NAME GBP_INSTANCES\prob_3_B_3_4_2.txt
COMMENT
BINTYPES 5
ITEMS 200
BINS_SECTIONS
0 60 60 0 250 
1 80 80 0 188 
2 100 100 0 150 
3 120 120 0 125 
4 150 150 0 100 
ITEMS_SECTIONS
0 63 237 0 
1 54 158 0 
2 55 148 0 
3 75 39 0 
4 69 161 0 
5 71 169 0 
6 100 58 0 
7 82 45 0 
8 65 215 0 
9 87 51 0 
10 62 50 0 
11 72 167 0 
12 85 143 0 
13 76 269 0 
14 90 203 0 
15 100 81 0 
16 70 278 0 
17 75 197 0 
18 51 29 0 
19 86 56 0 
20 98 318 0 
21 67 167 0 
22 91 51 0 
23 99 82 0 
24 53 185 0 
25 63 34 0 
26 57 65 0 
27 67 187 0 
28 77 254 0 
29 86 272 0 
30 64 231 0 
31 96 226 0 
32 62 178 0 
33 68 81 0 
34 89 120 0 
35 58 33 0 
36 72 253 0 
37 55 66 0 
38 90 182 0 
39 65 95 0 
40 53 129 0 
41 86 91 0 
42 71 200 0 
43 56 155 0 
44 60 193 0 
45 91 319 0 
46 88 212 0 
47 93 369 0 
48 79 236 0 
49 67 86 0 
50 83 266 0 
51 58 199 0 
52 67 245 0 
53 91 270 0 
54 73 197 0 
55 99 286 0 
56 66 163 0 
57 60 218 0 
58 93 158 0 
59 57 199 0 
60 100 198 0 
61 86 67 0 
62 64 199 0 
63 75 102 0 
64 84 298 0 
65 75 226 0 
66 85 260 0 
67 72 227 0 
68 62 94 0 
69 65 51 0 
70 78 79 0 
71 92 160 0 
72 62 230 0 
73 65 182 0 
74 76 213 0 
75 89 248 0 
76 65 38 0 
77 62 161 0 
78 78 79 0 
79 81 306 0 
80 99 385 0 
81 79 97 0 
82 83 76 0 
83 72 57 0 
84 87 281 0 
85 71 274 0 
86 53 155 0 
87 76 250 0 
88 68 216 0 
89 78 222 0 
90 78 65 0 
91 94 368 0 
92 70 246 0 
93 72 268 0 
94 98 207 0 
95 78 214 0 
96 57 57 0 
97 75 278 0 
98 92 277 0 
99 85 209 0 
100 66 114 0 
101 77 91 0 
102 94 373 0 
103 92 135 0 
104 67 122 0 
105 90 306 0 
106 57 52 0 
107 51 86 0 
108 70 271 0 
109 52 207 0 
110 65 251 0 
111 76 257 0 
112 89 264 0 
113 80 135 0 
114 99 128 0 
115 60 135 0 
116 56 224 0 
117 93 171 0 
118 96 265 0 
119 61 163 0 
120 88 60 0 
121 78 112 0 
122 67 177 0 
123 97 359 0 
124 100 361 0 
125 89 112 0 
126 84 147 0 
127 96 87 0 
128 71 98 0 
129 59 181 0 
130 59 134 0 
131 90 198 0 
132 98 136 0 
133 89 198 0 
134 90 110 0 
135 51 122 0 
136 53 59 0 
137 70 199 0 
138 95 49 0 
139 99 299 0 
140 77 196 0 
141 92 109 0 
142 75 151 0 
143 95 66 0 
144 67 228 0 
145 84 148 0 
146 81 147 0 
147 80 250 0 
148 54 85 0 
149 62 149 0 
150 92 230 0 
151 94 263 0 
152 67 220 0 
153 65 143 0 
154 64 71 0 
155 66 150 0 
156 85 324 0 
157 54 122 0 
158 61 218 0 
159 75 200 0 
160 74 80 0 
161 61 70 0 
162 82 283 0 
163 64 227 0 
164 57 92 0 
165 61 138 0 
166 93 219 0 
167 58 160 0 
168 67 43 0 
169 54 199 0 
170 67 145 0 
171 74 66 0 
172 76 257 0 
173 80 173 0 
174 61 198 0 
175 60 127 0 
176 64 60 0 
177 94 237 0 
178 74 200 0 
179 74 181 0 
180 100 378 0 
181 98 179 0 
182 55 215 0 
183 64 186 0 
184 58 142 0 
185 86 147 0 
186 70 236 0 
187 79 82 0 
188 59 114 0 
189 97 111 0 
190 90 209 0 
191 62 174 0 
192 79 78 0 
193 57 138 0 
194 59 92 0 
195 60 145 0 
196 80 150 0 
197 73 68 0 
198 54 114 0 
199 57 169 0 
