NAME GBP_INSTANCES\prob_3_B_1_6_2.txt
COMMENT
BINTYPES 5
ITEMS 50
BINS_SECTIONS
0 60 60 0 64 
1 80 80 0 48 
2 100 100 0 39 
3 120 120 0 32 
4 150 150 0 26 
ITEMS_SECTIONS
0 61 231 0 
1 93 335 0 
2 57 198 0 
3 79 72 0 
4 90 258 0 
5 72 249 0 
6 63 38 0 
7 98 335 0 
8 75 231 0 
9 67 153 0 
10 84 221 0 
11 70 49 0 
12 77 295 0 
13 90 352 0 
14 77 239 0 
15 79 225 0 
16 59 94 0 
17 86 139 0 
18 56 94 0 
19 98 127 0 
20 59 225 0 
21 74 283 0 
22 86 299 0 
23 89 230 0 
24 57 103 0 
25 86 100 0 
26 68 91 0 
27 93 335 0 
28 87 316 0 
29 69 113 0 
30 52 99 0 
31 78 40 0 
32 83 237 0 
33 99 60 0 
34 62 108 0 
35 66 129 0 
36 78 211 0 
37 75 291 0 
38 67 54 0 
39 100 335 0 
40 72 268 0 
41 69 178 0 
42 89 280 0 
43 83 117 0 
44 62 198 0 
45 79 209 0 
46 79 177 0 
47 78 197 0 
48 78 287 0 
49 91 78 0 
