NAME GBP_INSTANCES\prob_3_B_2_0_2.txt
COMMENT
BINTYPES 5
ITEMS 100
BINS_SECTIONS
0 60 60 0 128 
1 80 80 0 96 
2 100 100 0 77 
3 120 120 0 64 
4 150 150 0 52 
ITEMS_SECTIONS
0 91 64 0 
1 77 187 0 
2 68 205 0 
3 100 179 0 
4 55 156 0 
5 83 63 0 
6 74 140 0 
7 85 310 0 
8 87 64 0 
9 54 138 0 
10 75 139 0 
11 91 60 0 
12 74 169 0 
13 79 241 0 
14 69 256 0 
15 58 55 0 
16 84 166 0 
17 84 323 0 
18 82 327 0 
19 88 64 0 
20 62 161 0 
21 54 174 0 
22 60 200 0 
23 66 134 0 
24 60 95 0 
25 84 176 0 
26 58 198 0 
27 92 296 0 
28 66 162 0 
29 82 58 0 
30 88 290 0 
31 73 153 0 
32 60 207 0 
33 69 172 0 
34 89 84 0 
35 61 118 0 
36 68 111 0 
37 86 303 0 
38 83 185 0 
39 86 230 0 
40 93 60 0 
41 100 90 0 
42 73 50 0 
43 65 109 0 
44 80 55 0 
45 88 327 0 
46 92 227 0 
47 92 69 0 
48 72 88 0 
49 80 127 0 
50 71 70 0 
51 97 298 0 
52 80 181 0 
53 76 173 0 
54 89 76 0 
55 58 116 0 
56 100 122 0 
57 90 57 0 
58 93 242 0 
59 68 247 0 
60 91 174 0 
61 84 252 0 
62 92 280 0 
63 51 163 0 
64 95 165 0 
65 75 292 0 
66 81 276 0 
67 56 36 0 
68 62 230 0 
69 100 332 0 
70 64 202 0 
71 82 311 0 
72 65 153 0 
73 62 71 0 
74 84 173 0 
75 81 290 0 
76 78 183 0 
77 88 257 0 
78 62 79 0 
79 59 216 0 
80 71 130 0 
81 89 239 0 
82 80 99 0 
83 99 230 0 
84 80 79 0 
85 78 96 0 
86 81 161 0 
87 67 236 0 
88 87 90 0 
89 58 96 0 
90 92 60 0 
91 65 223 0 
92 67 38 0 
93 76 109 0 
94 86 226 0 
95 65 73 0 
96 52 182 0 
97 53 59 0 
98 89 205 0 
99 60 74 0 
