NAME GBP_INSTANCES\prob_3_B_2_6_2.txt
COMMENT
BINTYPES 5
ITEMS 100
BINS_SECTIONS
0 60 60 0 128 
1 80 80 0 96 
2 100 100 0 77 
3 120 120 0 64 
4 150 150 0 51 
ITEMS_SECTIONS
0 68 271 0 
1 70 254 0 
2 91 174 0 
3 94 245 0 
4 57 157 0 
5 94 184 0 
6 90 91 0 
7 65 257 0 
8 67 239 0 
9 57 228 0 
10 100 336 0 
11 93 334 0 
12 100 132 0 
13 58 110 0 
14 76 52 0 
15 56 102 0 
16 68 215 0 
17 85 199 0 
18 87 137 0 
19 67 84 0 
20 66 262 0 
21 89 342 0 
22 75 62 0 
23 93 201 0 
24 61 242 0 
25 91 76 0 
26 90 340 0 
27 66 109 0 
28 81 130 0 
29 94 307 0 
30 84 143 0 
31 82 122 0 
32 61 38 0 
33 98 355 0 
34 67 167 0 
35 64 211 0 
36 83 133 0 
37 69 188 0 
38 87 292 0 
39 63 39 0 
40 83 266 0 
41 69 83 0 
42 85 101 0 
43 54 96 0 
44 88 213 0 
45 57 191 0 
46 64 155 0 
47 96 124 0 
48 68 85 0 
49 60 34 0 
50 91 306 0 
51 80 314 0 
52 68 98 0 
53 68 247 0 
54 89 293 0 
55 70 104 0 
56 97 360 0 
57 59 226 0 
58 85 333 0 
59 73 267 0 
60 55 124 0 
61 69 177 0 
62 68 50 0 
63 80 210 0 
64 100 284 0 
65 84 247 0 
66 80 273 0 
67 70 218 0 
68 55 42 0 
69 98 351 0 
70 79 268 0 
71 74 225 0 
72 57 159 0 
73 51 41 0 
74 66 114 0 
75 86 169 0 
76 89 353 0 
77 88 70 0 
78 100 349 0 
79 65 134 0 
80 98 51 0 
81 64 146 0 
82 55 95 0 
83 70 147 0 
84 95 304 0 
85 70 256 0 
86 82 249 0 
87 69 63 0 
88 91 299 0 
89 72 172 0 
90 82 179 0 
91 68 69 0 
92 60 42 0 
93 82 311 0 
94 65 153 0 
95 51 95 0 
96 79 216 0 
97 94 295 0 
98 88 223 0 
99 64 130 0 
