NAME GBP_INSTANCES\prob_1_B_2_0_2.txt
COMMENT
BINTYPES 5
ITEMS 100
BINS_SECTIONS
0 60 60 0 82 
1 80 80 0 62 
2 100 100 0 50 
3 120 120 0 41 
4 150 150 0 33 
ITEMS_SECTIONS
0 66 98 0 
1 57 99 0 
2 52 145 0 
3 27 65 0 
4 20 18 0 
5 31 117 0 
6 28 49 0 
7 74 171 0 
8 32 55 0 
9 81 136 0 
10 60 53 0 
11 52 152 0 
12 84 145 0 
13 10 33 0 
14 99 107 0 
15 29 74 0 
16 65 212 0 
17 55 51 0 
18 6 6 0 
19 13 47 0 
20 63 88 0 
21 79 177 0 
22 79 98 0 
23 87 78 0 
24 15 42 0 
25 80 94 0 
26 90 340 0 
27 83 268 0 
28 48 139 0 
29 80 73 0 
30 19 30 0 
31 86 100 0 
32 67 73 0 
33 65 250 0 
34 32 37 0 
35 58 94 0 
36 45 64 0 
37 20 69 0 
38 29 103 0 
39 65 123 0 
40 28 67 0 
41 32 81 0 
42 52 38 0 
43 79 144 0 
44 55 159 0 
45 8 18 0 
46 19 69 0 
47 68 104 0 
48 87 209 0 
49 74 201 0 
50 57 168 0 
51 15 49 0 
52 32 36 0 
53 21 20 0 
54 13 32 0 
55 95 194 0 
56 80 286 0 
57 39 152 0 
58 99 249 0 
59 66 187 0 
60 33 40 0 
61 16 57 0 
62 63 191 0 
63 69 223 0 
64 27 85 0 
65 57 131 0 
66 35 59 0 
67 18 57 0 
68 54 202 0 
69 71 268 0 
70 44 50 0 
71 63 66 0 
72 65 237 0 
73 7 5 0 
74 61 151 0 
75 22 77 0 
76 59 108 0 
77 70 54 0 
78 39 98 0 
79 48 115 0 
80 65 260 0 
81 13 41 0 
82 42 64 0 
83 25 28 0 
84 87 183 0 
85 20 51 0 
86 5 17 0 
87 86 206 0 
88 43 152 0 
89 86 337 0 
90 28 90 0 
91 20 26 0 
92 57 101 0 
93 12 47 0 
94 41 84 0 
95 62 209 0 
96 45 38 0 
97 2 8 0 
98 55 184 0 
99 53 87 0 
