NAME GBP_INSTANCES\prob_1_B_1_9_2.txt
COMMENT
BINTYPES 5
ITEMS 50
BINS_SECTIONS
0 60 60 0 39 
1 80 80 0 29 
2 100 100 0 24 
3 120 120 0 20 
4 150 150 0 16 
ITEMS_SECTIONS
0 91 266 0 
1 37 94 0 
2 54 168 0 
3 60 76 0 
4 16 36 0 
5 7 6 0 
6 8 28 0 
7 75 250 0 
8 23 87 0 
9 36 44 0 
10 69 191 0 
11 81 206 0 
12 96 292 0 
13 3 8 0 
14 92 158 0 
15 6 21 0 
16 64 195 0 
17 4 7 0 
18 46 154 0 
19 50 38 0 
20 97 207 0 
21 31 36 0 
22 52 154 0 
23 14 34 0 
24 35 26 0 
25 21 79 0 
26 6 23 0 
27 39 46 0 
28 24 32 0 
29 22 70 0 
30 40 136 0 
31 17 22 0 
32 27 39 0 
33 93 263 0 
34 59 77 0 
35 31 68 0 
36 91 265 0 
37 96 253 0 
38 19 30 0 
39 88 90 0 
40 28 72 0 
41 89 350 0 
42 64 213 0 
43 3 6 0 
44 93 278 0 
45 75 91 0 
46 9 14 0 
47 74 236 0 
48 30 74 0 
49 25 39 0 
