NAME GBP_INSTANCES\prob_1_A_1_6_2.txt
COMMENT
BINTYPES 3
ITEMS 50
BINS_SECTIONS
0 100 100 0 29 
1 120 120 0 24 
2 150 150 0 19 
ITEMS_SECTIONS
0 61 160 0 
1 53 174 0 
2 31 87 0 
3 91 323 0 
4 68 65 0 
5 79 59 0 
6 93 248 0 
7 80 299 0 
8 38 29 0 
9 57 163 0 
10 39 109 0 
11 79 59 0 
12 76 125 0 
13 64 157 0 
14 26 35 0 
15 82 184 0 
16 3 10 0 
17 48 136 0 
18 46 132 0 
19 51 193 0 
20 34 49 0 
21 26 53 0 
22 46 111 0 
23 40 75 0 
24 92 137 0 
25 89 151 0 
26 51 38 0 
27 22 82 0 
28 92 360 0 
29 20 46 0 
30 19 53 0 
31 76 304 0 
32 87 185 0 
33 83 81 0 
34 84 256 0 
35 93 344 0 
36 37 137 0 
37 96 274 0 
38 35 116 0 
39 70 138 0 
40 86 81 0 
41 43 27 0 
42 66 254 0 
43 26 27 0 
44 6 17 0 
45 41 151 0 
46 63 141 0 
47 43 118 0 
48 77 271 0 
49 7 11 0 
