NAME GBP_INSTANCES\prob_3_A_1_1_2.txt
COMMENT
BINTYPES 3
ITEMS 50
BINS_SECTIONS
0 100 100 0 38 
1 120 120 0 32 
2 150 150 0 25 
ITEMS_SECTIONS
0 59 127 0 
1 95 139 0 
2 59 190 0 
3 89 51 0 
4 73 147 0 
5 97 140 0 
6 84 274 0 
7 84 298 0 
8 59 163 0 
9 54 138 0 
10 92 194 0 
11 51 74 0 
12 95 293 0 
13 70 76 0 
14 65 153 0 
15 93 261 0 
16 70 96 0 
17 92 109 0 
18 92 290 0 
19 52 108 0 
20 56 169 0 
21 94 111 0 
22 97 290 0 
23 68 237 0 
24 66 211 0 
25 63 77 0 
26 56 72 0 
27 64 59 0 
28 95 266 0 
29 51 95 0 
30 82 139 0 
31 61 169 0 
32 98 221 0 
33 96 290 0 
34 61 210 0 
35 60 187 0 
36 89 261 0 
37 64 169 0 
38 77 134 0 
39 81 190 0 
40 81 276 0 
41 68 90 0 
42 63 81 0 
43 55 102 0 
44 89 141 0 
45 77 163 0 
46 58 216 0 
47 63 147 0 
48 73 89 0 
49 98 70 0 
