NAME GBP_INSTANCES\prob_2_B_3_2_2.txt
COMMENT
BINTYPES 5
ITEMS 200
BINS_SECTIONS
0 60 60 0 202 
1 80 80 0 151 
2 100 100 0 121 
3 120 120 0 101 
4 150 150 0 81 
ITEMS_SECTIONS
0 92 227 0 
1 84 198 0 
2 26 73 0 
3 39 28 0 
4 77 96 0 
5 67 53 0 
6 63 104 0 
7 91 209 0 
8 38 44 0 
9 69 157 0 
10 76 224 0 
11 38 51 0 
12 89 322 0 
13 70 270 0 
14 21 20 0 
15 23 88 0 
16 83 178 0 
17 25 59 0 
18 74 246 0 
19 73 178 0 
20 83 229 0 
21 42 140 0 
22 76 260 0 
23 54 156 0 
24 74 65 0 
25 47 77 0 
26 91 309 0 
27 47 39 0 
28 57 129 0 
29 41 70 0 
30 28 27 0 
31 87 241 0 
32 82 234 0 
33 21 51 0 
34 94 195 0 
35 54 182 0 
36 30 20 0 
37 26 47 0 
38 37 107 0 
39 91 206 0 
40 45 130 0 
41 27 106 0 
42 35 128 0 
43 45 101 0 
44 70 210 0 
45 32 112 0 
46 29 19 0 
47 48 151 0 
48 33 127 0 
49 54 64 0 
50 85 162 0 
51 81 232 0 
52 82 48 0 
53 65 152 0 
54 43 145 0 
55 30 68 0 
56 34 136 0 
57 69 244 0 
58 64 40 0 
59 54 127 0 
60 62 59 0 
61 100 371 0 
62 98 102 0 
63 54 163 0 
64 37 30 0 
65 30 32 0 
66 56 136 0 
67 81 178 0 
68 100 393 0 
69 35 96 0 
70 43 145 0 
71 51 110 0 
72 39 63 0 
73 93 79 0 
74 59 49 0 
75 52 126 0 
76 58 223 0 
77 71 245 0 
78 37 92 0 
79 24 73 0 
80 27 17 0 
81 51 86 0 
82 99 101 0 
83 76 41 0 
84 31 86 0 
85 80 219 0 
86 66 182 0 
87 76 57 0 
88 42 146 0 
89 74 60 0 
90 100 349 0 
91 91 137 0 
92 84 321 0 
93 50 73 0 
94 80 217 0 
95 72 97 0 
96 70 103 0 
97 48 159 0 
98 59 202 0 
99 53 130 0 
100 56 218 0 
101 74 86 0 
102 50 113 0 
103 42 143 0 
104 78 298 0 
105 64 222 0 
106 53 112 0 
107 83 232 0 
108 77 171 0 
109 51 179 0 
110 86 116 0 
111 63 214 0 
112 46 136 0 
113 48 69 0 
114 81 124 0 
115 75 41 0 
116 26 28 0 
117 58 155 0 
118 72 259 0 
119 87 107 0 
120 66 193 0 
121 71 242 0 
122 43 85 0 
123 67 103 0 
124 34 26 0 
125 29 23 0 
126 89 116 0 
127 38 53 0 
128 31 90 0 
129 43 23 0 
130 45 26 0 
131 69 154 0 
132 84 43 0 
133 28 38 0 
134 22 51 0 
135 23 43 0 
136 37 60 0 
137 82 300 0 
138 41 32 0 
139 88 90 0 
140 85 118 0 
141 67 85 0 
142 48 26 0 
143 86 255 0 
144 51 71 0 
145 24 24 0 
146 32 26 0 
147 100 260 0 
148 21 25 0 
149 42 106 0 
150 66 142 0 
151 84 240 0 
152 49 183 0 
153 97 80 0 
154 95 161 0 
155 57 32 0 
156 80 320 0 
157 87 80 0 
158 79 253 0 
159 55 128 0 
160 69 226 0 
161 88 284 0 
162 76 90 0 
163 77 275 0 
164 64 110 0 
165 93 162 0 
166 83 153 0 
167 78 256 0 
168 89 128 0 
169 77 127 0 
170 81 43 0 
171 28 92 0 
172 61 206 0 
173 41 160 0 
174 38 81 0 
175 61 182 0 
176 58 102 0 
177 68 141 0 
178 73 117 0 
179 23 13 0 
180 67 217 0 
181 58 105 0 
182 51 136 0 
183 56 68 0 
184 72 101 0 
185 56 197 0 
186 94 158 0 
187 63 120 0 
188 89 190 0 
189 98 267 0 
190 81 295 0 
191 35 42 0 
192 68 49 0 
193 43 96 0 
194 90 341 0 
195 29 50 0 
196 59 41 0 
197 50 182 0 
198 35 87 0 
199 21 31 0 
