NAME GBP_INSTANCES\prob_1_B_4_2_2.txt
COMMENT
BINTYPES 5
ITEMS 500
BINS_SECTIONS
0 60 60 0 432 
1 80 80 0 324 
2 100 100 0 259 
3 120 120 0 216 
4 150 150 0 173 
ITEMS_SECTIONS
0 36 27 0 
1 29 35 0 
2 86 95 0 
3 45 110 0 
4 4 6 0 
5 92 344 0 
6 76 88 0 
7 63 97 0 
8 100 260 0 
9 47 117 0 
10 57 214 0 
11 52 92 0 
12 64 161 0 
13 6 19 0 
14 42 67 0 
15 22 44 0 
16 88 160 0 
17 35 47 0 
18 34 59 0 
19 57 39 0 
20 58 87 0 
21 70 77 0 
22 86 156 0 
23 24 71 0 
24 96 161 0 
25 45 84 0 
26 17 49 0 
27 91 248 0 
28 86 149 0 
29 61 220 0 
30 14 41 0 
31 65 65 0 
32 16 19 0 
33 93 356 0 
34 64 41 0 
35 4 13 0 
36 92 358 0 
37 57 199 0 
38 5 15 0 
39 21 25 0 
40 61 140 0 
41 24 96 0 
42 33 90 0 
43 39 118 0 
44 95 169 0 
45 24 89 0 
46 3 3 0 
47 95 374 0 
48 87 103 0 
49 11 20 0 
50 5 4 0 
51 66 56 0 
52 96 216 0 
53 34 68 0 
54 86 232 0 
55 16 28 0 
56 96 371 0 
57 93 120 0 
58 100 67 0 
59 35 42 0 
60 78 90 0 
61 20 56 0 
62 29 72 0 
63 64 197 0 
64 34 74 0 
65 55 103 0 
66 85 141 0 
67 80 243 0 
68 96 84 0 
69 76 98 0 
70 41 43 0 
71 40 79 0 
72 62 159 0 
73 39 43 0 
74 60 87 0 
75 50 58 0 
76 50 145 0 
77 86 107 0 
78 12 7 0 
79 66 198 0 
80 39 80 0 
81 93 266 0 
82 34 84 0 
83 83 128 0 
84 44 53 0 
85 94 263 0 
86 20 15 0 
87 31 46 0 
88 62 114 0 
89 67 241 0 
90 93 136 0 
91 20 61 0 
92 42 61 0 
93 15 19 0 
94 53 77 0 
95 68 85 0 
96 24 56 0 
97 30 115 0 
98 55 207 0 
99 46 139 0 
100 99 348 0 
101 71 195 0 
102 99 53 0 
103 71 210 0 
104 32 67 0 
105 39 61 0 
106 5 18 0 
107 84 277 0 
108 91 144 0 
109 84 301 0 
110 30 62 0 
111 50 119 0 
112 37 35 0 
113 40 43 0 
114 25 82 0 
115 12 18 0 
116 22 76 0 
117 93 212 0 
118 73 146 0 
119 24 32 0 
120 30 37 0 
121 7 7 0 
122 11 26 0 
123 25 97 0 
124 26 87 0 
125 5 10 0 
126 73 110 0 
127 46 76 0 
128 41 111 0 
129 15 26 0 
130 72 194 0 
131 33 31 0 
132 56 150 0 
133 97 317 0 
134 37 141 0 
135 74 203 0 
136 19 50 0 
137 56 83 0 
138 28 52 0 
139 100 367 0 
140 55 100 0 
141 47 154 0 
142 65 79 0 
143 73 268 0 
144 98 174 0 
145 90 79 0 
146 74 265 0 
147 12 12 0 
148 20 57 0 
149 2 5 0 
150 78 225 0 
151 61 228 0 
152 59 61 0 
153 37 62 0 
154 60 219 0 
155 87 342 0 
156 52 164 0 
157 85 61 0 
158 21 76 0 
159 79 200 0 
160 63 137 0 
161 93 202 0 
162 35 91 0 
163 32 125 0 
164 93 347 0 
165 46 143 0 
166 61 212 0 
167 19 76 0 
168 92 74 0 
169 7 7 0 
170 87 330 0 
171 16 25 0 
172 49 29 0 
173 34 22 0 
174 74 256 0 
175 70 93 0 
176 63 191 0 
177 70 147 0 
178 78 58 0 
179 2 6 0 
180 3 11 0 
181 28 59 0 
182 15 26 0 
183 16 44 0 
184 32 125 0 
185 65 40 0 
186 51 40 0 
187 6 5 0 
188 16 25 0 
189 84 226 0 
190 73 208 0 
191 56 121 0 
192 91 220 0 
193 33 76 0 
194 36 85 0 
195 90 163 0 
196 11 22 0 
197 41 154 0 
198 24 19 0 
199 85 234 0 
200 47 128 0 
201 91 193 0 
202 41 142 0 
203 8 19 0 
204 53 173 0 
205 42 120 0 
206 59 164 0 
207 84 204 0 
208 91 360 0 
209 88 131 0 
210 30 54 0 
211 63 100 0 
212 5 10 0 
213 13 28 0 
214 11 21 0 
215 71 216 0 
216 53 181 0 
217 85 330 0 
218 86 150 0 
219 37 76 0 
220 80 190 0 
221 65 259 0 
222 57 220 0 
223 77 296 0 
224 45 124 0 
225 84 159 0 
226 66 113 0 
227 21 14 0 
228 80 276 0 
229 42 101 0 
230 26 63 0 
231 61 156 0 
232 96 296 0 
233 97 126 0 
234 40 147 0 
235 13 7 0 
236 19 71 0 
237 100 238 0 
238 67 76 0 
239 69 245 0 
240 64 238 0 
241 40 35 0 
242 18 46 0 
243 35 111 0 
244 33 37 0 
245 34 90 0 
246 37 95 0 
247 23 58 0 
248 45 145 0 
249 74 48 0 
250 67 154 0 
251 96 70 0 
252 83 312 0 
253 25 20 0 
254 46 120 0 
255 48 104 0 
256 69 276 0 
257 85 171 0 
258 15 31 0 
259 89 245 0 
260 44 68 0 
261 42 149 0 
262 13 45 0 
263 45 143 0 
264 76 108 0 
265 91 232 0 
266 34 135 0 
267 27 95 0 
268 69 229 0 
269 75 265 0 
270 96 76 0 
271 88 270 0 
272 86 219 0 
273 100 140 0 
274 28 69 0 
275 15 38 0 
276 66 90 0 
277 2 2 0 
278 15 53 0 
279 72 129 0 
280 58 92 0 
281 94 266 0 
282 91 122 0 
283 60 164 0 
284 37 30 0 
285 94 271 0 
286 57 47 0 
287 88 56 0 
288 28 110 0 
289 54 99 0 
290 64 181 0 
291 26 21 0 
292 16 46 0 
293 69 223 0 
294 79 314 0 
295 44 32 0 
296 45 119 0 
297 30 52 0 
298 69 144 0 
299 7 27 0 
300 100 242 0 
301 63 88 0 
302 87 235 0 
303 13 38 0 
304 84 318 0 
305 36 59 0 
306 44 122 0 
307 60 163 0 
308 56 209 0 
309 60 51 0 
310 11 10 0 
311 31 123 0 
312 59 101 0 
313 91 68 0 
314 55 43 0 
315 64 246 0 
316 19 49 0 
317 41 38 0 
318 57 146 0 
319 24 61 0 
320 10 22 0 
321 97 69 0 
322 97 146 0 
323 16 13 0 
324 84 82 0 
325 85 335 0 
326 64 75 0 
327 74 38 0 
328 82 143 0 
329 50 177 0 
330 88 273 0 
331 64 60 0 
332 79 142 0 
333 99 191 0 
334 31 99 0 
335 24 93 0 
336 7 5 0 
337 90 55 0 
338 45 65 0 
339 88 168 0 
340 24 63 0 
341 89 82 0 
342 39 27 0 
343 21 33 0 
344 41 61 0 
345 95 169 0 
346 47 43 0 
347 3 8 0 
348 84 120 0 
349 65 82 0 
350 60 40 0 
351 90 115 0 
352 21 56 0 
353 4 16 0 
354 91 76 0 
355 8 29 0 
356 8 23 0 
357 87 66 0 
358 57 148 0 
359 62 248 0 
360 91 273 0 
361 74 194 0 
362 33 50 0 
363 76 284 0 
364 44 159 0 
365 51 122 0 
366 64 110 0 
367 14 40 0 
368 23 50 0 
369 96 93 0 
370 9 20 0 
371 76 290 0 
372 65 62 0 
373 3 6 0 
374 59 217 0 
375 72 127 0 
376 15 56 0 
377 23 82 0 
378 58 48 0 
379 28 71 0 
380 58 184 0 
381 100 182 0 
382 25 16 0 
383 35 28 0 
384 95 178 0 
385 45 134 0 
386 23 33 0 
387 7 28 0 
388 15 35 0 
389 6 20 0 
390 89 100 0 
391 43 41 0 
392 95 279 0 
393 11 37 0 
394 38 137 0 
395 75 154 0 
396 7 21 0 
397 20 76 0 
398 69 153 0 
399 82 293 0 
400 24 67 0 
401 70 227 0 
402 7 12 0 
403 58 52 0 
404 46 168 0 
405 49 31 0 
406 81 172 0 
407 25 77 0 
408 17 52 0 
409 72 284 0 
410 72 153 0 
411 54 185 0 
412 36 77 0 
413 18 35 0 
414 59 77 0 
415 11 23 0 
416 83 261 0 
417 81 188 0 
418 63 242 0 
419 78 200 0 
420 10 8 0 
421 7 6 0 
422 45 137 0 
423 62 146 0 
424 40 136 0 
425 50 53 0 
426 38 82 0 
427 53 127 0 
428 49 126 0 
429 42 62 0 
430 76 245 0 
431 39 70 0 
432 25 20 0 
433 12 40 0 
434 12 31 0 
435 32 68 0 
436 5 4 0 
437 11 11 0 
438 58 172 0 
439 30 44 0 
440 2 5 0 
441 27 56 0 
442 72 260 0 
443 54 45 0 
444 88 243 0 
445 19 29 0 
446 16 11 0 
447 83 272 0 
448 61 242 0 
449 54 48 0 
450 80 76 0 
451 47 167 0 
452 65 176 0 
453 88 194 0 
454 49 72 0 
455 73 116 0 
456 92 215 0 
457 67 46 0 
458 64 222 0 
459 64 220 0 
460 27 90 0 
461 88 325 0 
462 64 226 0 
463 3 10 0 
464 59 78 0 
465 4 11 0 
466 90 205 0 
467 50 57 0 
468 51 122 0 
469 4 16 0 
470 90 327 0 
471 45 103 0 
472 50 40 0 
473 55 75 0 
474 37 131 0 
475 59 167 0 
476 54 108 0 
477 43 149 0 
478 95 222 0 
479 26 80 0 
480 24 72 0 
481 90 224 0 
482 42 167 0 
483 98 314 0 
484 29 30 0 
485 86 302 0 
486 78 285 0 
487 40 48 0 
488 43 124 0 
489 25 14 0 
490 43 136 0 
491 18 54 0 
492 65 97 0 
493 65 130 0 
494 55 35 0 
495 2 6 0 
496 86 48 0 
497 17 60 0 
498 7 28 0 
499 27 64 0 
