NAME GBP_INSTANCES\prob_2_B_0_8_2.txt
COMMENT
BINTYPES 5
ITEMS 25
BINS_SECTIONS
0 60 60 0 27 
1 80 80 0 20 
2 100 100 0 16 
3 120 120 0 14 
4 150 150 0 11 
ITEMS_SECTIONS
0 52 208 0 
1 30 67 0 
2 69 199 0 
3 66 250 0 
4 83 318 0 
5 84 136 0 
6 91 76 0 
7 96 264 0 
8 45 75 0 
9 97 235 0 
10 61 39 0 
11 44 78 0 
12 58 196 0 
13 43 58 0 
14 47 53 0 
15 53 68 0 
16 44 34 0 
17 46 145 0 
18 88 172 0 
19 80 115 0 
20 69 228 0 
21 50 109 0 
22 81 290 0 
23 54 95 0 
24 34 26 0 
