NAME GBP_INSTANCES\prob_3_A_3_4_2.txt
COMMENT
BINTYPES 3
ITEMS 200
BINS_SECTIONS
0 100 100 0 149 
1 120 120 0 125 
2 150 150 0 100 
ITEMS_SECTIONS
0 63 228 0 
1 54 70 0 
2 88 133 0 
3 71 273 0 
4 87 85 0 
5 90 112 0 
6 66 158 0 
7 56 207 0 
8 70 175 0 
9 85 195 0 
10 70 95 0 
11 61 93 0 
12 54 187 0 
13 74 156 0 
14 64 138 0 
15 67 232 0 
16 100 399 0 
17 98 318 0 
18 83 70 0 
19 57 213 0 
20 93 305 0 
21 100 294 0 
22 98 242 0 
23 72 44 0 
24 94 297 0 
25 54 200 0 
26 95 178 0 
27 74 103 0 
28 94 268 0 
29 84 301 0 
30 51 151 0 
31 95 128 0 
32 75 153 0 
33 55 106 0 
34 67 156 0 
35 66 47 0 
36 51 145 0 
37 91 84 0 
38 96 118 0 
39 87 214 0 
40 83 142 0 
41 96 176 0 
42 77 218 0 
43 79 127 0 
44 57 116 0 
45 82 206 0 
46 62 204 0 
47 97 126 0 
48 97 78 0 
49 93 124 0 
50 90 323 0 
51 74 247 0 
52 61 65 0 
53 67 183 0 
54 54 101 0 
55 98 370 0 
56 57 222 0 
57 75 193 0 
58 67 85 0 
59 67 43 0 
60 53 47 0 
61 86 208 0 
62 59 123 0 
63 91 155 0 
64 79 263 0 
65 93 325 0 
66 74 230 0 
67 88 163 0 
68 54 105 0 
69 100 275 0 
70 51 132 0 
71 74 196 0 
72 64 246 0 
73 53 185 0 
74 84 136 0 
75 64 37 0 
76 95 123 0 
77 63 228 0 
78 86 136 0 
79 78 166 0 
80 93 202 0 
81 64 126 0 
82 63 96 0 
83 62 227 0 
84 88 293 0 
85 96 103 0 
86 93 205 0 
87 76 145 0 
88 79 203 0 
89 55 171 0 
90 65 234 0 
91 56 106 0 
92 96 56 0 
93 100 92 0 
94 62 51 0 
95 56 165 0 
96 52 194 0 
97 64 135 0 
98 59 208 0 
99 66 140 0 
100 91 73 0 
101 65 223 0 
102 63 90 0 
103 70 107 0 
104 95 104 0 
105 91 73 0 
106 55 162 0 
107 54 184 0 
108 61 42 0 
109 71 252 0 
110 76 250 0 
111 93 310 0 
112 64 171 0 
113 71 281 0 
114 71 154 0 
115 56 177 0 
116 56 119 0 
117 89 66 0 
118 55 171 0 
119 55 88 0 
120 67 187 0 
121 70 99 0 
122 98 117 0 
123 64 63 0 
124 80 77 0 
125 59 126 0 
126 82 296 0 
127 93 56 0 
128 70 92 0 
129 95 322 0 
130 56 119 0 
131 92 183 0 
132 81 278 0 
133 89 175 0 
134 76 196 0 
135 71 141 0 
136 57 42 0 
137 74 190 0 
138 89 288 0 
139 54 161 0 
140 74 175 0 
141 69 78 0 
142 87 118 0 
143 66 262 0 
144 87 341 0 
145 55 47 0 
146 65 188 0 
147 58 42 0 
148 68 249 0 
149 100 155 0 
150 87 55 0 
151 76 181 0 
152 78 136 0 
153 73 210 0 
154 58 155 0 
155 77 137 0 
156 85 109 0 
157 51 129 0 
158 53 169 0 
159 97 324 0 
160 56 122 0 
161 90 163 0 
162 85 95 0 
163 79 58 0 
164 64 220 0 
165 80 225 0 
166 95 82 0 
167 62 57 0 
168 83 235 0 
169 96 62 0 
170 73 152 0 
171 86 246 0 
172 74 115 0 
173 69 240 0 
174 82 288 0 
175 63 218 0 
176 83 73 0 
177 86 198 0 
178 84 74 0 
179 90 261 0 
180 54 41 0 
181 89 222 0 
182 51 110 0 
183 73 159 0 
184 65 124 0 
185 99 134 0 
186 75 227 0 
187 52 177 0 
188 62 207 0 
189 68 256 0 
190 69 84 0 
191 55 152 0 
192 84 158 0 
193 86 208 0 
194 53 73 0 
195 56 84 0 
196 56 155 0 
197 99 238 0 
198 87 322 0 
199 75 79 0 
