NAME GBP_INSTANCES\prob_3_B_1_3_2.txt
COMMENT
BINTYPES 5
ITEMS 50
BINS_SECTIONS
0 60 60 0 61 
1 80 80 0 46 
2 100 100 0 37 
3 120 120 0 31 
4 150 150 0 25 
ITEMS_SECTIONS
0 80 272 0 
1 59 110 0 
2 73 147 0 
3 61 89 0 
4 76 297 0 
5 92 236 0 
6 87 191 0 
7 63 247 0 
8 82 51 0 
9 90 342 0 
10 91 294 0 
11 83 211 0 
12 57 79 0 
13 69 85 0 
14 60 55 0 
15 62 232 0 
16 75 57 0 
17 66 170 0 
18 55 219 0 
19 79 240 0 
20 60 214 0 
21 51 34 0 
22 96 64 0 
23 66 171 0 
24 91 112 0 
25 91 47 0 
26 53 165 0 
27 63 45 0 
28 77 64 0 
29 62 168 0 
30 70 76 0 
31 99 235 0 
32 75 134 0 
33 87 218 0 
34 55 55 0 
35 75 235 0 
36 82 285 0 
37 66 45 0 
38 53 139 0 
39 87 92 0 
40 66 171 0 
41 64 147 0 
42 79 299 0 
43 52 100 0 
44 77 248 0 
45 72 117 0 
46 81 197 0 
47 90 137 0 
48 68 167 0 
49 64 235 0 
