NAME GBP_INSTANCES\prob_2_B_4_6_2.txt
COMMENT
BINTYPES 5
ITEMS 500
BINS_SECTIONS
0 60 60 0 512 
1 80 80 0 384 
2 100 100 0 307 
3 120 120 0 256 
4 150 150 0 205 
ITEMS_SECTIONS
0 49 144 0 
1 61 114 0 
2 90 249 0 
3 56 213 0 
4 51 178 0 
5 59 69 0 
6 100 374 0 
7 72 107 0 
8 74 197 0 
9 76 68 0 
10 43 130 0 
11 95 126 0 
12 65 67 0 
13 37 106 0 
14 100 114 0 
15 67 223 0 
16 56 66 0 
17 37 139 0 
18 86 160 0 
19 58 195 0 
20 30 71 0 
21 40 68 0 
22 58 178 0 
23 45 89 0 
24 82 285 0 
25 21 82 0 
26 46 49 0 
27 75 234 0 
28 64 195 0 
29 42 64 0 
30 50 167 0 
31 37 64 0 
32 80 152 0 
33 56 64 0 
34 86 224 0 
35 98 390 0 
36 76 51 0 
37 64 250 0 
38 40 124 0 
39 24 22 0 
40 100 183 0 
41 98 313 0 
42 90 132 0 
43 87 271 0 
44 54 37 0 
45 86 228 0 
46 94 166 0 
47 30 118 0 
48 38 82 0 
49 40 28 0 
50 62 234 0 
51 81 114 0 
52 95 299 0 
53 66 142 0 
54 21 57 0 
55 75 134 0 
56 66 68 0 
57 63 68 0 
58 48 34 0 
59 46 68 0 
60 35 23 0 
61 69 89 0 
62 46 77 0 
63 89 51 0 
64 89 289 0 
65 65 201 0 
66 43 134 0 
67 81 91 0 
68 97 367 0 
69 36 69 0 
70 32 103 0 
71 84 114 0 
72 77 243 0 
73 76 231 0 
74 45 57 0 
75 93 177 0 
76 22 55 0 
77 44 118 0 
78 50 36 0 
79 49 108 0 
80 65 157 0 
81 66 210 0 
82 26 54 0 
83 55 117 0 
84 21 66 0 
85 55 117 0 
86 66 59 0 
87 23 85 0 
88 60 233 0 
89 96 225 0 
90 48 95 0 
91 65 236 0 
92 38 36 0 
93 86 165 0 
94 89 349 0 
95 47 147 0 
96 23 57 0 
97 31 80 0 
98 47 137 0 
99 26 59 0 
100 47 154 0 
101 86 130 0 
102 74 237 0 
103 62 230 0 
104 79 61 0 
105 68 127 0 
106 95 53 0 
107 84 57 0 
108 99 178 0 
109 89 194 0 
110 56 104 0 
111 75 106 0 
112 74 208 0 
113 29 25 0 
114 86 214 0 
115 43 96 0 
116 29 92 0 
117 76 220 0 
118 30 97 0 
119 40 67 0 
120 88 135 0 
121 33 97 0 
122 49 120 0 
123 27 42 0 
124 49 167 0 
125 26 57 0 
126 64 181 0 
127 86 96 0 
128 51 40 0 
129 82 217 0 
130 62 172 0 
131 41 38 0 
132 38 83 0 
133 75 157 0 
134 83 157 0 
135 54 105 0 
136 77 181 0 
137 79 54 0 
138 64 178 0 
139 39 108 0 
140 28 45 0 
141 68 243 0 
142 37 134 0 
143 27 100 0 
144 61 92 0 
145 32 68 0 
146 63 211 0 
147 37 133 0 
148 39 139 0 
149 21 27 0 
150 68 123 0 
151 87 246 0 
152 67 220 0 
153 52 202 0 
154 95 379 0 
155 78 178 0 
156 62 161 0 
157 49 59 0 
158 97 206 0 
159 27 101 0 
160 74 58 0 
161 55 147 0 
162 91 275 0 
163 80 121 0 
164 37 122 0 
165 91 139 0 
166 53 209 0 
167 43 39 0 
168 98 338 0 
169 63 246 0 
170 52 197 0 
171 27 103 0 
172 53 200 0 
173 57 78 0 
174 77 215 0 
175 29 59 0 
176 76 183 0 
177 47 43 0 
178 58 37 0 
179 37 35 0 
180 68 138 0 
181 91 212 0 
182 92 277 0 
183 91 165 0 
184 56 151 0 
185 42 29 0 
186 26 48 0 
187 47 84 0 
188 89 144 0 
189 63 236 0 
190 70 267 0 
191 58 211 0 
192 55 110 0 
193 55 100 0 
194 93 105 0 
195 26 18 0 
196 30 95 0 
197 48 157 0 
198 55 185 0 
199 60 64 0 
200 69 127 0 
201 82 226 0 
202 39 57 0 
203 42 166 0 
204 34 40 0 
205 36 102 0 
206 97 313 0 
207 94 163 0 
208 72 187 0 
209 70 233 0 
210 50 28 0 
211 47 68 0 
212 71 175 0 
213 76 187 0 
214 94 248 0 
215 27 70 0 
216 89 197 0 
217 76 235 0 
218 37 37 0 
219 93 225 0 
220 79 211 0 
221 45 35 0 
222 22 45 0 
223 98 322 0 
224 92 81 0 
225 53 155 0 
226 63 125 0 
227 90 360 0 
228 21 45 0 
229 89 96 0 
230 78 200 0 
231 25 54 0 
232 51 108 0 
233 63 235 0 
234 39 147 0 
235 85 203 0 
236 89 66 0 
237 56 61 0 
238 95 352 0 
239 44 162 0 
240 55 216 0 
241 47 174 0 
242 53 103 0 
243 84 278 0 
244 100 300 0 
245 72 249 0 
246 61 176 0 
247 77 69 0 
248 97 102 0 
249 98 283 0 
250 45 67 0 
251 61 202 0 
252 78 268 0 
253 37 136 0 
254 70 84 0 
255 30 62 0 
256 22 38 0 
257 48 82 0 
258 37 128 0 
259 89 178 0 
260 31 26 0 
261 25 18 0 
262 29 15 0 
263 63 72 0 
264 87 61 0 
265 43 120 0 
266 28 106 0 
267 87 66 0 
268 34 83 0 
269 73 233 0 
270 67 105 0 
271 67 84 0 
272 89 67 0 
273 31 31 0 
274 41 113 0 
275 87 140 0 
276 65 147 0 
277 82 56 0 
278 57 164 0 
279 71 91 0 
280 70 204 0 
281 77 81 0 
282 82 88 0 
283 45 45 0 
284 71 237 0 
285 70 83 0 
286 88 161 0 
287 27 35 0 
288 57 43 0 
289 66 213 0 
290 86 269 0 
291 89 50 0 
292 98 299 0 
293 52 151 0 
294 51 199 0 
295 27 92 0 
296 34 66 0 
297 85 207 0 
298 95 258 0 
299 64 104 0 
300 100 97 0 
301 31 47 0 
302 85 118 0 
303 77 49 0 
304 58 130 0 
305 23 52 0 
306 24 14 0 
307 86 240 0 
308 53 80 0 
309 98 146 0 
310 65 215 0 
311 46 62 0 
312 54 125 0 
313 90 231 0 
314 57 208 0 
315 66 126 0 
316 58 164 0 
317 82 285 0 
318 30 86 0 
319 66 160 0 
320 70 37 0 
321 83 84 0 
322 80 61 0 
323 81 210 0 
324 38 127 0 
325 37 140 0 
326 46 95 0 
327 60 117 0 
328 47 148 0 
329 40 97 0 
330 50 113 0 
331 41 33 0 
332 59 172 0 
333 24 32 0 
334 62 212 0 
335 37 94 0 
336 62 235 0 
337 50 159 0 
338 49 190 0 
339 37 67 0 
340 89 209 0 
341 98 144 0 
342 66 203 0 
343 89 65 0 
344 75 139 0 
345 82 98 0 
346 78 156 0 
347 73 39 0 
348 60 89 0 
349 80 272 0 
350 83 233 0 
351 96 236 0 
352 69 158 0 
353 99 150 0 
354 84 248 0 
355 67 152 0 
356 84 236 0 
357 70 94 0 
358 73 285 0 
359 30 24 0 
360 100 174 0 
361 27 49 0 
362 58 57 0 
363 50 61 0 
364 98 269 0 
365 49 42 0 
366 64 251 0 
367 40 46 0 
368 98 263 0 
369 87 293 0 
370 43 120 0 
371 65 191 0 
372 54 49 0 
373 50 103 0 
374 37 124 0 
375 90 300 0 
376 53 65 0 
377 25 60 0 
378 50 112 0 
379 100 395 0 
380 32 25 0 
381 55 32 0 
382 35 87 0 
383 30 59 0 
384 40 69 0 
385 63 219 0 
386 43 151 0 
387 54 191 0 
388 89 288 0 
389 73 195 0 
390 27 55 0 
391 92 344 0 
392 63 69 0 
393 32 40 0 
394 84 57 0 
395 51 114 0 
396 22 31 0 
397 94 120 0 
398 78 59 0 
399 61 43 0 
400 60 68 0 
401 57 50 0 
402 49 137 0 
403 60 67 0 
404 89 214 0 
405 66 187 0 
406 34 62 0 
407 70 236 0 
408 49 27 0 
409 79 53 0 
410 74 181 0 
411 31 103 0 
412 29 54 0 
413 69 139 0 
414 72 51 0 
415 70 197 0 
416 27 92 0 
417 33 65 0 
418 100 395 0 
419 58 90 0 
420 78 197 0 
421 34 106 0 
422 43 42 0 
423 51 109 0 
424 25 18 0 
425 67 160 0 
426 47 24 0 
427 91 131 0 
428 54 67 0 
429 54 211 0 
430 87 247 0 
431 47 142 0 
432 62 141 0 
433 72 46 0 
434 66 126 0 
435 83 207 0 
436 30 98 0 
437 89 61 0 
438 28 40 0 
439 96 106 0 
440 98 60 0 
441 31 117 0 
442 51 64 0 
443 78 115 0 
444 42 50 0 
445 90 328 0 
446 54 177 0 
447 66 168 0 
448 52 96 0 
449 91 47 0 
450 32 81 0 
451 100 359 0 
452 100 210 0 
453 86 168 0 
454 93 275 0 
455 78 104 0 
456 51 146 0 
457 95 88 0 
458 67 139 0 
459 64 209 0 
460 35 94 0 
461 50 115 0 
462 72 151 0 
463 72 160 0 
464 34 23 0 
465 28 109 0 
466 53 163 0 
467 38 65 0 
468 53 99 0 
469 46 184 0 
470 70 110 0 
471 43 24 0 
472 56 182 0 
473 97 321 0 
474 78 295 0 
475 58 185 0 
476 80 88 0 
477 74 126 0 
478 81 161 0 
479 74 72 0 
480 32 62 0 
481 31 110 0 
482 57 71 0 
483 52 60 0 
484 57 131 0 
485 32 37 0 
486 65 108 0 
487 71 153 0 
488 24 31 0 
489 23 58 0 
490 60 113 0 
491 33 38 0 
492 62 158 0 
493 32 99 0 
494 90 269 0 
495 94 278 0 
496 42 140 0 
497 91 165 0 
498 85 295 0 
499 81 293 0 
