NAME GBP_INSTANCES\prob_2_A_1_3_2.txt
COMMENT
BINTYPES 3
ITEMS 50
BINS_SECTIONS
0 100 100 0 30 
1 120 120 0 25 
2 150 150 0 20 
ITEMS_SECTIONS
0 75 240 0 
1 88 105 0 
2 41 119 0 
3 32 30 0 
4 74 101 0 
5 61 94 0 
6 31 112 0 
7 34 94 0 
8 46 150 0 
9 36 131 0 
10 96 128 0 
11 70 60 0 
12 37 54 0 
13 26 44 0 
14 24 20 0 
15 68 99 0 
16 48 82 0 
17 51 168 0 
18 73 148 0 
19 100 215 0 
20 52 164 0 
21 34 114 0 
22 99 291 0 
23 50 111 0 
24 78 178 0 
25 23 30 0 
26 60 42 0 
27 97 337 0 
28 95 135 0 
29 67 176 0 
30 90 116 0 
31 28 80 0 
32 29 98 0 
33 42 81 0 
34 65 177 0 
35 58 205 0 
36 58 103 0 
37 23 53 0 
38 57 67 0 
39 54 186 0 
40 67 260 0 
41 62 101 0 
42 68 36 0 
43 90 258 0 
44 28 92 0 
45 45 177 0 
46 53 78 0 
47 87 220 0 
48 93 336 0 
49 90 102 0 
