NAME GBP_INSTANCES\prob_2_A_3_8_2.txt
COMMENT
BINTYPES 3
ITEMS 200
BINS_SECTIONS
0 100 100 0 124 
1 120 120 0 103 
2 150 150 0 83 
ITEMS_SECTIONS
0 88 91 0 
1 95 160 0 
2 66 51 0 
3 30 73 0 
4 79 238 0 
5 35 43 0 
6 63 185 0 
7 97 92 0 
8 53 193 0 
9 36 132 0 
10 41 164 0 
11 36 80 0 
12 73 290 0 
13 73 289 0 
14 76 78 0 
15 80 187 0 
16 31 18 0 
17 76 87 0 
18 86 320 0 
19 36 102 0 
20 74 250 0 
21 82 264 0 
22 74 284 0 
23 62 247 0 
24 47 152 0 
25 86 268 0 
26 35 123 0 
27 43 57 0 
28 22 18 0 
29 54 175 0 
30 49 130 0 
31 60 35 0 
32 37 104 0 
33 87 75 0 
34 33 110 0 
35 42 50 0 
36 76 229 0 
37 79 124 0 
38 74 231 0 
39 40 64 0 
40 96 184 0 
41 70 176 0 
42 94 257 0 
43 94 125 0 
44 92 327 0 
45 58 78 0 
46 92 271 0 
47 32 100 0 
48 76 184 0 
49 88 131 0 
50 38 105 0 
51 63 57 0 
52 57 200 0 
53 94 254 0 
54 94 92 0 
55 39 42 0 
56 49 52 0 
57 65 91 0 
58 75 55 0 
59 97 177 0 
60 31 44 0 
61 32 68 0 
62 50 88 0 
63 51 97 0 
64 51 144 0 
65 24 90 0 
66 84 200 0 
67 23 78 0 
68 80 45 0 
69 64 102 0 
70 73 223 0 
71 89 172 0 
72 43 164 0 
73 32 54 0 
74 88 251 0 
75 45 104 0 
76 34 62 0 
77 92 103 0 
78 79 40 0 
79 47 159 0 
80 29 111 0 
81 95 72 0 
82 81 237 0 
83 34 38 0 
84 47 107 0 
85 72 198 0 
86 97 275 0 
87 32 22 0 
88 89 304 0 
89 79 213 0 
90 81 217 0 
91 53 206 0 
92 89 276 0 
93 73 231 0 
94 72 164 0 
95 21 64 0 
96 68 183 0 
97 67 92 0 
98 96 323 0 
99 21 57 0 
100 89 258 0 
101 51 182 0 
102 66 57 0 
103 30 89 0 
104 68 254 0 
105 97 308 0 
106 76 48 0 
107 64 175 0 
108 49 103 0 
109 38 97 0 
110 49 51 0 
111 67 131 0 
112 47 146 0 
113 21 71 0 
114 21 69 0 
115 74 90 0 
116 80 113 0 
117 59 181 0 
118 80 246 0 
119 39 45 0 
120 39 52 0 
121 26 77 0 
122 73 178 0 
123 40 90 0 
124 22 82 0 
125 66 69 0 
126 73 131 0 
127 87 58 0 
128 59 50 0 
129 65 108 0 
130 44 47 0 
131 75 256 0 
132 100 151 0 
133 67 138 0 
134 38 63 0 
135 75 38 0 
136 66 106 0 
137 46 162 0 
138 47 95 0 
139 74 215 0 
140 41 163 0 
141 46 75 0 
142 72 189 0 
143 61 145 0 
144 80 172 0 
145 41 118 0 
146 82 231 0 
147 52 110 0 
148 31 105 0 
149 68 199 0 
150 97 320 0 
151 87 298 0 
152 52 72 0 
153 50 146 0 
154 90 283 0 
155 97 227 0 
156 54 51 0 
157 23 71 0 
158 73 79 0 
159 73 45 0 
160 37 74 0 
161 37 58 0 
162 83 179 0 
163 47 143 0 
164 25 89 0 
165 29 68 0 
166 32 123 0 
167 65 76 0 
168 46 56 0 
169 69 35 0 
170 89 316 0 
171 68 127 0 
172 73 194 0 
173 73 186 0 
174 33 119 0 
175 27 64 0 
176 40 84 0 
177 96 204 0 
178 25 36 0 
179 67 213 0 
180 93 105 0 
181 78 53 0 
182 99 260 0 
183 70 240 0 
184 76 90 0 
185 66 162 0 
186 28 112 0 
187 88 346 0 
188 86 205 0 
189 86 201 0 
190 67 225 0 
191 70 77 0 
192 50 170 0 
193 86 328 0 
194 61 127 0 
195 31 88 0 
196 95 134 0 
197 59 209 0 
198 69 204 0 
199 27 82 0 
