NAME GBP_INSTANCES\prob_3_B_2_9_2.txt
COMMENT
BINTYPES 5
ITEMS 100
BINS_SECTIONS
0 60 60 0 131 
1 80 80 0 98 
2 100 100 0 79 
3 120 120 0 66 
4 150 150 0 53 
ITEMS_SECTIONS
0 73 93 0 
1 89 246 0 
2 71 249 0 
3 55 95 0 
4 63 87 0 
5 87 213 0 
6 92 50 0 
7 79 174 0 
8 98 200 0 
9 86 240 0 
10 74 111 0 
11 52 60 0 
12 51 178 0 
13 89 116 0 
14 93 284 0 
15 64 85 0 
16 88 88 0 
17 89 103 0 
18 99 312 0 
19 98 102 0 
20 86 85 0 
21 94 86 0 
22 57 74 0 
23 58 153 0 
24 79 129 0 
25 90 49 0 
26 99 366 0 
27 95 114 0 
28 54 43 0 
29 59 213 0 
30 96 200 0 
31 91 69 0 
32 72 114 0 
33 97 79 0 
34 69 88 0 
35 79 143 0 
36 84 243 0 
37 96 81 0 
38 87 115 0 
39 93 173 0 
40 73 241 0 
41 83 331 0 
42 74 114 0 
43 55 96 0 
44 85 136 0 
45 81 196 0 
46 74 241 0 
47 62 77 0 
48 83 180 0 
49 98 389 0 
50 59 96 0 
51 51 99 0 
52 85 250 0 
53 79 44 0 
54 51 88 0 
55 99 344 0 
56 78 148 0 
57 59 121 0 
58 66 166 0 
59 85 323 0 
60 56 109 0 
61 87 79 0 
62 98 150 0 
63 66 51 0 
64 85 142 0 
65 51 39 0 
66 87 216 0 
67 57 202 0 
68 87 320 0 
69 97 137 0 
70 57 201 0 
71 58 198 0 
72 99 201 0 
73 99 338 0 
74 58 63 0 
75 59 96 0 
76 99 291 0 
77 82 193 0 
78 51 104 0 
79 94 55 0 
80 97 81 0 
81 62 200 0 
82 59 233 0 
83 97 315 0 
84 51 180 0 
85 92 331 0 
86 98 234 0 
87 85 195 0 
88 90 339 0 
89 88 172 0 
90 90 136 0 
91 92 249 0 
92 51 37 0 
93 73 199 0 
94 71 239 0 
95 58 150 0 
96 81 292 0 
97 99 191 0 
98 60 101 0 
99 94 263 0 
