NAME GBP_INSTANCES\prob_2_B_4_0_2.txt
COMMENT
BINTYPES 5
ITEMS 500
BINS_SECTIONS
0 60 60 0 496 
1 80 80 0 372 
2 100 100 0 298 
3 120 120 0 248 
4 150 150 0 199 
ITEMS_SECTIONS
0 78 310 0 
1 94 63 0 
2 31 79 0 
3 70 72 0 
4 26 91 0 
5 65 137 0 
6 66 224 0 
7 85 332 0 
8 66 227 0 
9 59 103 0 
10 68 87 0 
11 80 93 0 
12 62 196 0 
13 65 212 0 
14 22 84 0 
15 41 123 0 
16 35 78 0 
17 60 46 0 
18 50 169 0 
19 23 50 0 
20 100 135 0 
21 94 259 0 
22 97 124 0 
23 80 268 0 
24 77 100 0 
25 60 136 0 
26 38 28 0 
27 90 66 0 
28 70 229 0 
29 100 58 0 
30 29 20 0 
31 92 304 0 
32 92 330 0 
33 75 122 0 
34 27 58 0 
35 33 42 0 
36 94 79 0 
37 77 121 0 
38 77 62 0 
39 73 104 0 
40 61 179 0 
41 25 68 0 
42 35 83 0 
43 28 90 0 
44 42 168 0 
45 84 88 0 
46 100 393 0 
47 85 136 0 
48 75 162 0 
49 89 329 0 
50 96 292 0 
51 48 155 0 
52 39 78 0 
53 58 165 0 
54 71 267 0 
55 85 286 0 
56 41 30 0 
57 47 83 0 
58 90 219 0 
59 63 85 0 
60 79 307 0 
61 55 191 0 
62 96 229 0 
63 25 60 0 
64 84 125 0 
65 100 63 0 
66 40 78 0 
67 41 28 0 
68 27 70 0 
69 38 33 0 
70 31 49 0 
71 55 65 0 
72 74 59 0 
73 37 46 0 
74 78 67 0 
75 42 151 0 
76 96 177 0 
77 21 75 0 
78 40 93 0 
79 47 39 0 
80 90 69 0 
81 25 68 0 
82 84 80 0 
83 40 39 0 
84 32 94 0 
85 80 105 0 
86 30 77 0 
87 21 57 0 
88 82 90 0 
89 80 112 0 
90 32 31 0 
91 81 232 0 
92 48 166 0 
93 70 146 0 
94 31 19 0 
95 44 89 0 
96 81 296 0 
97 43 44 0 
98 88 170 0 
99 80 131 0 
100 67 57 0 
101 22 58 0 
102 90 239 0 
103 77 277 0 
104 79 316 0 
105 63 202 0 
106 55 104 0 
107 40 143 0 
108 81 291 0 
109 79 213 0 
110 73 218 0 
111 96 378 0 
112 56 175 0 
113 75 262 0 
114 93 54 0 
115 70 256 0 
116 90 206 0 
117 67 112 0 
118 95 372 0 
119 78 277 0 
120 82 205 0 
121 24 81 0 
122 64 229 0 
123 26 25 0 
124 43 162 0 
125 62 111 0 
126 65 245 0 
127 22 85 0 
128 89 283 0 
129 45 132 0 
130 72 197 0 
131 65 144 0 
132 76 161 0 
133 92 119 0 
134 96 215 0 
135 73 49 0 
136 25 17 0 
137 23 57 0 
138 25 30 0 
139 28 68 0 
140 32 119 0 
141 45 39 0 
142 30 109 0 
143 47 61 0 
144 87 119 0 
145 75 223 0 
146 80 285 0 
147 56 109 0 
148 83 248 0 
149 77 229 0 
150 66 247 0 
151 93 54 0 
152 61 229 0 
153 91 111 0 
154 22 33 0 
155 27 25 0 
156 67 224 0 
157 92 346 0 
158 27 23 0 
159 36 67 0 
160 92 318 0 
161 33 110 0 
162 86 241 0 
163 78 241 0 
164 90 278 0 
165 56 86 0 
166 47 176 0 
167 22 88 0 
168 80 181 0 
169 21 17 0 
170 84 78 0 
171 22 41 0 
172 81 47 0 
173 96 125 0 
174 59 142 0 
175 81 69 0 
176 35 75 0 
177 46 159 0 
178 40 139 0 
179 84 328 0 
180 58 80 0 
181 70 123 0 
182 61 196 0 
183 29 73 0 
184 94 190 0 
185 39 62 0 
186 100 185 0 
187 63 68 0 
188 63 196 0 
189 51 155 0 
190 63 236 0 
191 52 135 0 
192 49 142 0 
193 45 94 0 
194 25 75 0 
195 49 115 0 
196 85 201 0 
197 32 38 0 
198 99 191 0 
199 33 49 0 
200 69 200 0 
201 30 81 0 
202 44 135 0 
203 42 96 0 
204 57 142 0 
205 77 217 0 
206 64 189 0 
207 28 23 0 
208 51 43 0 
209 38 73 0 
210 86 285 0 
211 87 346 0 
212 77 288 0 
213 80 143 0 
214 32 27 0 
215 58 186 0 
216 75 183 0 
217 55 55 0 
218 50 31 0 
219 39 132 0 
220 67 78 0 
221 55 90 0 
222 78 159 0 
223 85 325 0 
224 59 40 0 
225 63 156 0 
226 60 154 0 
227 75 71 0 
228 55 72 0 
229 45 60 0 
230 84 208 0 
231 21 51 0 
232 35 31 0 
233 51 141 0 
234 76 140 0 
235 37 75 0 
236 49 81 0 
237 57 173 0 
238 28 106 0 
239 87 218 0 
240 99 148 0 
241 50 132 0 
242 47 86 0 
243 86 240 0 
244 64 102 0 
245 43 147 0 
246 94 321 0 
247 80 310 0 
248 35 113 0 
249 33 50 0 
250 61 213 0 
251 27 77 0 
252 57 179 0 
253 51 182 0 
254 52 164 0 
255 35 137 0 
256 37 80 0 
257 98 334 0 
258 80 60 0 
259 100 87 0 
260 88 258 0 
261 25 54 0 
262 74 93 0 
263 29 90 0 
264 76 98 0 
265 32 40 0 
266 68 42 0 
267 43 31 0 
268 79 120 0 
269 97 340 0 
270 92 329 0 
271 21 41 0 
272 46 156 0 
273 24 19 0 
274 31 83 0 
275 30 25 0 
276 36 124 0 
277 45 48 0 
278 34 75 0 
279 42 168 0 
280 63 131 0 
281 55 92 0 
282 40 77 0 
283 28 98 0 
284 25 41 0 
285 51 121 0 
286 45 159 0 
287 92 91 0 
288 37 98 0 
289 30 88 0 
290 89 222 0 
291 76 121 0 
292 54 110 0 
293 52 62 0 
294 56 120 0 
295 68 194 0 
296 32 121 0 
297 28 48 0 
298 25 89 0 
299 26 88 0 
300 32 46 0 
301 82 252 0 
302 72 80 0 
303 44 154 0 
304 52 74 0 
305 94 64 0 
306 23 44 0 
307 34 111 0 
308 31 124 0 
309 80 147 0 
310 40 72 0 
311 97 149 0 
312 65 245 0 
313 70 160 0 
314 91 197 0 
315 50 157 0 
316 62 197 0 
317 55 69 0 
318 32 76 0 
319 90 315 0 
320 90 153 0 
321 83 121 0 
322 53 142 0 
323 44 76 0 
324 76 288 0 
325 34 50 0 
326 97 51 0 
327 35 126 0 
328 37 92 0 
329 41 84 0 
330 71 110 0 
331 35 46 0 
332 46 109 0 
333 46 166 0 
334 25 15 0 
335 94 339 0 
336 98 89 0 
337 100 92 0 
338 44 125 0 
339 62 71 0 
340 23 76 0 
341 47 188 0 
342 57 193 0 
343 48 161 0 
344 85 84 0 
345 54 106 0 
346 36 101 0 
347 27 62 0 
348 37 78 0 
349 50 127 0 
350 69 225 0 
351 75 270 0 
352 42 72 0 
353 32 99 0 
354 52 163 0 
355 50 74 0 
356 59 216 0 
357 25 44 0 
358 100 206 0 
359 37 76 0 
360 43 121 0 
361 23 40 0 
362 45 178 0 
363 51 56 0 
364 38 126 0 
365 90 305 0 
366 83 275 0 
367 81 127 0 
368 59 33 0 
369 68 75 0 
370 75 162 0 
371 85 111 0 
372 82 321 0 
373 77 206 0 
374 27 101 0 
375 64 176 0 
376 64 242 0 
377 92 101 0 
378 54 113 0 
379 63 136 0 
380 75 267 0 
381 91 352 0 
382 45 132 0 
383 57 100 0 
384 41 72 0 
385 78 257 0 
386 44 176 0 
387 69 44 0 
388 82 231 0 
389 66 168 0 
390 46 102 0 
391 66 164 0 
392 60 237 0 
393 30 90 0 
394 65 43 0 
395 59 120 0 
396 24 75 0 
397 64 98 0 
398 56 218 0 
399 38 132 0 
400 31 118 0 
401 53 159 0 
402 52 116 0 
403 80 148 0 
404 58 226 0 
405 43 154 0 
406 48 35 0 
407 42 35 0 
408 81 158 0 
409 56 53 0 
410 41 69 0 
411 27 54 0 
412 81 49 0 
413 61 114 0 
414 91 263 0 
415 94 355 0 
416 49 78 0 
417 49 49 0 
418 26 20 0 
419 82 47 0 
420 84 248 0 
421 28 88 0 
422 73 75 0 
423 83 301 0 
424 76 84 0 
425 69 266 0 
426 48 30 0 
427 54 51 0 
428 34 103 0 
429 43 75 0 
430 71 220 0 
431 47 121 0 
432 84 156 0 
433 58 82 0 
434 32 82 0 
435 34 56 0 
436 58 134 0 
437 49 48 0 
438 59 155 0 
439 85 249 0 
440 33 79 0 
441 84 243 0 
442 92 332 0 
443 38 148 0 
444 54 183 0 
445 71 276 0 
446 92 337 0 
447 54 158 0 
448 86 194 0 
449 40 49 0 
450 31 57 0 
451 80 42 0 
452 98 338 0 
453 87 304 0 
454 76 79 0 
455 96 200 0 
456 55 202 0 
457 93 155 0 
458 26 39 0 
459 37 25 0 
460 40 137 0 
461 92 48 0 
462 94 215 0 
463 80 59 0 
464 29 115 0 
465 32 53 0 
466 26 50 0 
467 100 204 0 
468 46 178 0 
469 27 16 0 
470 73 185 0 
471 26 50 0 
472 32 48 0 
473 22 32 0 
474 99 385 0 
475 60 161 0 
476 94 96 0 
477 57 116 0 
478 92 269 0 
479 89 353 0 
480 71 36 0 
481 96 112 0 
482 51 60 0 
483 59 102 0 
484 99 118 0 
485 87 267 0 
486 29 44 0 
487 80 166 0 
488 21 66 0 
489 81 104 0 
490 69 199 0 
491 97 225 0 
492 28 76 0 
493 22 75 0 
494 87 320 0 
495 72 209 0 
496 53 109 0 
497 33 103 0 
498 83 183 0 
499 39 28 0 
