NAME GBP_INSTANCES\prob_1_B_2_7_2.txt
COMMENT
BINTYPES 5
ITEMS 100
BINS_SECTIONS
0 60 60 0 82 
1 80 80 0 61 
2 100 100 0 49 
3 120 120 0 41 
4 150 150 0 33 
ITEMS_SECTIONS
0 21 52 0 
1 40 148 0 
2 6 14 0 
3 91 93 0 
4 85 205 0 
5 78 186 0 
6 15 11 0 
7 93 317 0 
8 48 48 0 
9 23 44 0 
10 7 9 0 
11 47 134 0 
12 5 20 0 
13 42 138 0 
14 20 25 0 
15 89 68 0 
16 28 84 0 
17 52 71 0 
18 53 30 0 
19 98 255 0 
20 17 21 0 
21 4 14 0 
22 10 7 0 
23 30 118 0 
24 13 13 0 
25 61 206 0 
26 78 62 0 
27 77 115 0 
28 7 12 0 
29 72 65 0 
30 44 124 0 
31 24 25 0 
32 3 7 0 
33 60 129 0 
34 73 218 0 
35 79 314 0 
36 65 92 0 
37 14 41 0 
38 85 156 0 
39 77 171 0 
40 27 76 0 
41 30 21 0 
42 30 29 0 
43 34 129 0 
44 64 133 0 
45 64 202 0 
46 94 290 0 
47 25 91 0 
48 26 56 0 
49 54 189 0 
50 76 156 0 
51 4 8 0 
52 30 79 0 
53 78 279 0 
54 7 26 0 
55 2 8 0 
56 6 21 0 
57 91 67 0 
58 100 159 0 
59 33 113 0 
60 95 198 0 
61 25 89 0 
62 94 231 0 
63 57 196 0 
64 94 170 0 
65 79 158 0 
66 55 113 0 
67 19 26 0 
68 48 68 0 
69 5 18 0 
70 23 36 0 
71 2 5 0 
72 75 222 0 
73 82 302 0 
74 59 130 0 
75 35 61 0 
76 54 83 0 
77 20 22 0 
78 88 340 0 
79 89 337 0 
80 13 16 0 
81 69 237 0 
82 75 202 0 
83 82 201 0 
84 83 54 0 
85 72 234 0 
86 47 90 0 
87 47 89 0 
88 62 64 0 
89 43 101 0 
90 89 334 0 
91 82 67 0 
92 11 20 0 
93 4 8 0 
94 33 62 0 
95 30 115 0 
96 73 211 0 
97 84 334 0 
98 62 128 0 
99 5 19 0 
