NAME GBP_INSTANCES\prob_3_B_4_8_2.txt
COMMENT
BINTYPES 5
ITEMS 500
BINS_SECTIONS
0 60 60 0 635 
1 80 80 0 477 
2 100 100 0 381 
3 120 120 0 318 
4 150 150 0 254 
ITEMS_SECTIONS
0 98 236 0 
1 81 123 0 
2 79 103 0 
3 72 111 0 
4 86 245 0 
5 78 121 0 
6 60 87 0 
7 92 347 0 
8 85 65 0 
9 92 57 0 
10 79 266 0 
11 81 307 0 
12 86 137 0 
13 84 172 0 
14 74 44 0 
15 82 246 0 
16 53 160 0 
17 64 141 0 
18 98 378 0 
19 79 235 0 
20 94 312 0 
21 84 193 0 
22 70 136 0 
23 88 201 0 
24 91 219 0 
25 62 161 0 
26 53 77 0 
27 84 200 0 
28 83 209 0 
29 70 74 0 
30 95 266 0 
31 67 147 0 
32 56 87 0 
33 59 54 0 
34 76 129 0 
35 52 198 0 
36 79 126 0 
37 99 328 0 
38 80 81 0 
39 77 255 0 
40 52 185 0 
41 81 279 0 
42 100 271 0 
43 78 281 0 
44 86 201 0 
45 86 234 0 
46 93 55 0 
47 63 247 0 
48 100 163 0 
49 71 107 0 
50 83 115 0 
51 78 40 0 
52 100 101 0 
53 86 149 0 
54 90 230 0 
55 70 259 0 
56 57 53 0 
57 70 267 0 
58 79 283 0 
59 72 119 0 
60 78 216 0 
61 82 54 0 
62 55 130 0 
63 66 228 0 
64 70 97 0 
65 69 55 0 
66 51 115 0 
67 54 206 0 
68 88 75 0 
69 90 133 0 
70 85 105 0 
71 93 148 0 
72 82 160 0 
73 75 250 0 
74 80 70 0 
75 69 71 0 
76 64 133 0 
77 97 107 0 
78 73 63 0 
79 75 281 0 
80 79 294 0 
81 51 73 0 
82 64 108 0 
83 60 123 0 
84 94 116 0 
85 100 299 0 
86 75 184 0 
87 58 65 0 
88 80 242 0 
89 77 204 0 
90 66 249 0 
91 88 253 0 
92 63 183 0 
93 78 308 0 
94 85 58 0 
95 58 31 0 
96 69 112 0 
97 67 235 0 
98 52 126 0 
99 70 219 0 
100 80 207 0 
101 73 40 0 
102 90 122 0 
103 81 250 0 
104 77 137 0 
105 70 108 0 
106 71 67 0 
107 81 144 0 
108 53 197 0 
109 98 219 0 
110 75 215 0 
111 68 91 0 
112 100 83 0 
113 82 287 0 
114 86 170 0 
115 80 282 0 
116 62 184 0 
117 53 185 0 
118 74 181 0 
119 98 279 0 
120 66 169 0 
121 74 147 0 
122 89 354 0 
123 51 155 0 
124 64 165 0 
125 74 283 0 
126 60 42 0 
127 68 151 0 
128 95 62 0 
129 99 81 0 
130 71 50 0 
131 69 90 0 
132 57 145 0 
133 87 171 0 
134 80 96 0 
135 88 205 0 
136 100 195 0 
137 56 102 0 
138 73 79 0 
139 73 79 0 
140 73 96 0 
141 88 173 0 
142 87 310 0 
143 95 103 0 
144 85 263 0 
145 79 171 0 
146 92 169 0 
147 72 241 0 
148 75 253 0 
149 93 227 0 
150 61 35 0 
151 89 338 0 
152 85 335 0 
153 97 224 0 
154 74 194 0 
155 59 187 0 
156 94 129 0 
157 53 36 0 
158 77 254 0 
159 80 261 0 
160 51 189 0 
161 56 202 0 
162 53 87 0 
163 99 320 0 
164 60 201 0 
165 85 339 0 
166 66 80 0 
167 66 237 0 
168 75 218 0 
169 63 65 0 
170 86 312 0 
171 82 325 0 
172 77 93 0 
173 83 212 0 
174 68 90 0 
175 66 181 0 
176 67 256 0 
177 55 42 0 
178 76 249 0 
179 51 154 0 
180 90 102 0 
181 84 206 0 
182 82 318 0 
183 83 268 0 
184 65 161 0 
185 73 288 0 
186 92 360 0 
187 90 179 0 
188 99 274 0 
189 63 169 0 
190 58 97 0 
191 79 254 0 
192 98 203 0 
193 67 239 0 
194 89 189 0 
195 90 195 0 
196 65 199 0 
197 91 207 0 
198 81 48 0 
199 70 276 0 
200 86 268 0 
201 65 85 0 
202 57 81 0 
203 77 148 0 
204 57 167 0 
205 66 212 0 
206 51 129 0 
207 93 233 0 
208 90 248 0 
209 61 218 0 
210 77 237 0 
211 59 134 0 
212 52 201 0 
213 57 164 0 
214 58 75 0 
215 90 219 0 
216 97 182 0 
217 70 155 0 
218 67 250 0 
219 51 93 0 
220 64 105 0 
221 72 125 0 
222 98 346 0 
223 55 178 0 
224 62 208 0 
225 56 121 0 
226 69 107 0 
227 100 230 0 
228 81 47 0 
229 95 216 0 
230 81 105 0 
231 60 35 0 
232 79 105 0 
233 76 104 0 
234 81 154 0 
235 53 193 0 
236 89 113 0 
237 87 244 0 
238 92 291 0 
239 95 231 0 
240 57 174 0 
241 91 309 0 
242 85 115 0 
243 71 91 0 
244 89 124 0 
245 59 56 0 
246 82 175 0 
247 72 141 0 
248 81 306 0 
249 100 169 0 
250 67 120 0 
251 78 99 0 
252 57 151 0 
253 63 41 0 
254 64 210 0 
255 54 144 0 
256 77 246 0 
257 90 63 0 
258 81 203 0 
259 68 166 0 
260 58 167 0 
261 53 114 0 
262 99 163 0 
263 54 215 0 
264 60 186 0 
265 55 168 0 
266 53 30 0 
267 89 169 0 
268 86 243 0 
269 64 129 0 
270 72 241 0 
271 95 72 0 
272 84 57 0 
273 83 56 0 
274 88 254 0 
275 90 92 0 
276 66 34 0 
277 57 179 0 
278 71 125 0 
279 97 215 0 
280 79 125 0 
281 67 207 0 
282 62 48 0 
283 89 343 0 
284 85 218 0 
285 87 180 0 
286 99 344 0 
287 76 232 0 
288 89 155 0 
289 76 81 0 
290 61 41 0 
291 61 160 0 
292 77 78 0 
293 90 277 0 
294 86 247 0 
295 69 49 0 
296 97 133 0 
297 100 344 0 
298 65 247 0 
299 90 301 0 
300 96 359 0 
301 81 208 0 
302 94 122 0 
303 69 220 0 
304 98 371 0 
305 66 35 0 
306 71 240 0 
307 97 351 0 
308 85 239 0 
309 83 139 0 
310 67 181 0 
311 87 312 0 
312 65 218 0 
313 67 61 0 
314 68 56 0 
315 80 46 0 
316 88 155 0 
317 63 64 0 
318 68 253 0 
319 77 175 0 
320 55 98 0 
321 63 38 0 
322 97 239 0 
323 77 113 0 
324 58 54 0 
325 96 81 0 
326 71 175 0 
327 82 243 0 
328 68 212 0 
329 54 132 0 
330 59 107 0 
331 93 286 0 
332 53 175 0 
333 90 281 0 
334 85 96 0 
335 51 73 0 
336 86 103 0 
337 60 101 0 
338 70 160 0 
339 56 146 0 
340 82 292 0 
341 87 276 0 
342 82 106 0 
343 70 137 0 
344 71 219 0 
345 86 221 0 
346 100 322 0 
347 78 151 0 
348 94 268 0 
349 75 74 0 
350 59 229 0 
351 65 247 0 
352 93 367 0 
353 95 91 0 
354 70 180 0 
355 93 318 0 
356 56 68 0 
357 80 312 0 
358 53 84 0 
359 71 172 0 
360 61 239 0 
361 100 75 0 
362 74 60 0 
363 64 125 0 
364 77 109 0 
365 60 161 0 
366 95 162 0 
367 77 84 0 
368 96 74 0 
369 79 78 0 
370 66 166 0 
371 59 40 0 
372 82 125 0 
373 85 323 0 
374 54 107 0 
375 78 110 0 
376 92 235 0 
377 57 74 0 
378 73 42 0 
379 87 201 0 
380 67 133 0 
381 77 273 0 
382 84 269 0 
383 54 81 0 
384 80 241 0 
385 56 182 0 
386 63 134 0 
387 66 158 0 
388 62 37 0 
389 67 113 0 
390 58 84 0 
391 71 173 0 
392 78 65 0 
393 65 89 0 
394 98 252 0 
395 99 287 0 
396 76 91 0 
397 77 226 0 
398 98 360 0 
399 89 93 0 
400 87 253 0 
401 78 44 0 
402 91 249 0 
403 77 61 0 
404 92 96 0 
405 63 42 0 
406 94 196 0 
407 96 158 0 
408 85 90 0 
409 100 304 0 
410 98 127 0 
411 94 205 0 
412 55 141 0 
413 88 302 0 
414 79 187 0 
415 65 173 0 
416 58 86 0 
417 72 277 0 
418 56 87 0 
419 83 277 0 
420 53 103 0 
421 52 63 0 
422 83 52 0 
423 71 59 0 
424 79 266 0 
425 68 202 0 
426 68 188 0 
427 73 154 0 
428 90 244 0 
429 94 250 0 
430 90 52 0 
431 82 126 0 
432 80 129 0 
433 56 172 0 
434 76 252 0 
435 63 70 0 
436 57 158 0 
437 72 83 0 
438 87 255 0 
439 66 206 0 
440 66 81 0 
441 80 202 0 
442 87 216 0 
443 64 129 0 
444 93 116 0 
445 96 126 0 
446 53 151 0 
447 69 204 0 
448 77 290 0 
449 61 84 0 
450 79 160 0 
451 60 228 0 
452 91 288 0 
453 92 50 0 
454 99 149 0 
455 64 181 0 
456 87 112 0 
457 68 104 0 
458 67 190 0 
459 90 113 0 
460 99 245 0 
461 83 221 0 
462 93 184 0 
463 58 129 0 
464 55 52 0 
465 51 157 0 
466 98 96 0 
467 96 205 0 
468 59 101 0 
469 80 99 0 
470 89 200 0 
471 83 313 0 
472 62 89 0 
473 54 195 0 
474 97 88 0 
475 91 193 0 
476 54 73 0 
477 53 192 0 
478 87 138 0 
479 96 323 0 
480 97 241 0 
481 86 109 0 
482 60 182 0 
483 93 186 0 
484 77 80 0 
485 67 95 0 
486 99 231 0 
487 97 250 0 
488 84 243 0 
489 69 219 0 
490 81 285 0 
491 86 97 0 
492 65 162 0 
493 80 71 0 
494 51 69 0 
495 72 215 0 
496 54 119 0 
497 97 64 0 
498 83 256 0 
499 89 284 0 
