NAME GBP_INSTANCES\prob_3_A_4_7_2.txt
COMMENT
BINTYPES 3
ITEMS 500
BINS_SECTIONS
0 100 100 0 378 
1 120 120 0 315 
2 150 150 0 252 
ITEMS_SECTIONS
0 58 40 0 
1 69 268 0 
2 52 183 0 
3 98 362 0 
4 74 244 0 
5 77 136 0 
6 67 87 0 
7 100 132 0 
8 89 230 0 
9 91 105 0 
10 80 242 0 
11 90 272 0 
12 55 218 0 
13 97 180 0 
14 95 118 0 
15 79 228 0 
16 64 75 0 
17 66 65 0 
18 68 219 0 
19 51 42 0 
20 96 114 0 
21 75 122 0 
22 84 263 0 
23 57 131 0 
24 55 139 0 
25 56 162 0 
26 74 49 0 
27 99 249 0 
28 66 50 0 
29 86 278 0 
30 74 243 0 
31 87 207 0 
32 76 275 0 
33 83 222 0 
34 76 257 0 
35 99 273 0 
36 85 55 0 
37 85 254 0 
38 71 175 0 
39 76 41 0 
40 68 172 0 
41 70 131 0 
42 73 155 0 
43 77 95 0 
44 80 246 0 
45 86 147 0 
46 94 69 0 
47 71 91 0 
48 84 199 0 
49 61 166 0 
50 83 250 0 
51 62 192 0 
52 84 249 0 
53 60 107 0 
54 73 91 0 
55 51 57 0 
56 52 68 0 
57 100 181 0 
58 84 219 0 
59 91 150 0 
60 82 126 0 
61 53 120 0 
62 82 311 0 
63 94 104 0 
64 54 66 0 
65 86 229 0 
66 96 196 0 
67 85 242 0 
68 53 164 0 
69 74 206 0 
70 74 231 0 
71 65 142 0 
72 75 39 0 
73 91 146 0 
74 61 118 0 
75 92 330 0 
76 99 243 0 
77 99 366 0 
78 53 142 0 
79 67 151 0 
80 68 45 0 
81 54 168 0 
82 65 43 0 
83 53 82 0 
84 71 235 0 
85 96 79 0 
86 90 311 0 
87 64 194 0 
88 94 368 0 
89 85 225 0 
90 51 138 0 
91 83 203 0 
92 94 180 0 
93 65 76 0 
94 94 347 0 
95 72 201 0 
96 70 64 0 
97 96 105 0 
98 81 290 0 
99 68 231 0 
100 75 214 0 
101 54 72 0 
102 59 158 0 
103 71 205 0 
104 100 391 0 
105 91 281 0 
106 85 303 0 
107 89 276 0 
108 64 143 0 
109 86 45 0 
110 68 205 0 
111 80 317 0 
112 57 187 0 
113 90 255 0 
114 64 83 0 
115 58 146 0 
116 55 67 0 
117 58 39 0 
118 87 275 0 
119 58 172 0 
120 57 68 0 
121 52 30 0 
122 73 206 0 
123 74 214 0 
124 79 65 0 
125 61 141 0 
126 51 78 0 
127 68 116 0 
128 75 223 0 
129 85 159 0 
130 61 212 0 
131 53 155 0 
132 97 321 0 
133 65 174 0 
134 93 146 0 
135 64 54 0 
136 54 149 0 
137 63 43 0 
138 97 294 0 
139 64 169 0 
140 79 144 0 
141 74 64 0 
142 74 117 0 
143 91 296 0 
144 63 144 0 
145 67 100 0 
146 90 318 0 
147 51 116 0 
148 80 113 0 
149 100 386 0 
150 99 363 0 
151 63 38 0 
152 91 335 0 
153 93 165 0 
154 56 120 0 
155 59 234 0 
156 64 219 0 
157 59 123 0 
158 77 203 0 
159 98 168 0 
160 94 266 0 
161 80 49 0 
162 79 165 0 
163 87 115 0 
164 64 166 0 
165 76 184 0 
166 79 170 0 
167 83 230 0 
168 77 223 0 
169 52 122 0 
170 59 119 0 
171 57 174 0 
172 92 269 0 
173 71 164 0 
174 89 256 0 
175 100 226 0 
176 73 260 0 
177 91 99 0 
178 65 37 0 
179 51 168 0 
180 90 262 0 
181 58 220 0 
182 97 204 0 
183 75 65 0 
184 70 136 0 
185 59 97 0 
186 69 136 0 
187 71 250 0 
188 72 247 0 
189 56 128 0 
190 84 186 0 
191 93 248 0 
192 75 148 0 
193 62 51 0 
194 85 142 0 
195 59 135 0 
196 68 81 0 
197 86 145 0 
198 56 31 0 
199 82 238 0 
200 76 208 0 
201 61 176 0 
202 95 200 0 
203 98 325 0 
204 54 89 0 
205 67 234 0 
206 67 79 0 
207 71 57 0 
208 95 202 0 
209 68 247 0 
210 71 44 0 
211 69 253 0 
212 77 216 0 
213 94 278 0 
214 89 212 0 
215 58 184 0 
216 89 263 0 
217 53 37 0 
218 90 292 0 
219 87 63 0 
220 78 243 0 
221 82 111 0 
222 71 95 0 
223 52 68 0 
224 88 88 0 
225 67 135 0 
226 93 120 0 
227 51 33 0 
228 52 84 0 
229 75 263 0 
230 51 201 0 
231 85 111 0 
232 86 128 0 
233 95 345 0 
234 89 248 0 
235 60 180 0 
236 62 189 0 
237 77 279 0 
238 99 189 0 
239 89 292 0 
240 64 47 0 
241 64 246 0 
242 52 132 0 
243 56 77 0 
244 83 46 0 
245 53 170 0 
246 67 236 0 
247 94 181 0 
248 70 92 0 
249 82 326 0 
250 60 90 0 
251 77 283 0 
252 52 176 0 
253 92 59 0 
254 71 68 0 
255 94 50 0 
256 80 271 0 
257 86 180 0 
258 77 134 0 
259 86 301 0 
260 55 213 0 
261 100 245 0 
262 74 200 0 
263 82 271 0 
264 64 228 0 
265 64 206 0 
266 88 339 0 
267 59 151 0 
268 61 230 0 
269 100 182 0 
270 62 56 0 
271 53 126 0 
272 86 127 0 
273 96 164 0 
274 64 46 0 
275 58 64 0 
276 96 335 0 
277 57 164 0 
278 62 241 0 
279 81 323 0 
280 55 36 0 
281 61 197 0 
282 79 176 0 
283 53 135 0 
284 65 100 0 
285 74 242 0 
286 53 149 0 
287 51 141 0 
288 67 262 0 
289 65 197 0 
290 72 124 0 
291 79 58 0 
292 66 243 0 
293 100 159 0 
294 72 63 0 
295 78 225 0 
296 89 237 0 
297 85 63 0 
298 97 375 0 
299 52 124 0 
300 96 196 0 
301 61 53 0 
302 68 216 0 
303 81 197 0 
304 90 325 0 
305 87 107 0 
306 70 259 0 
307 60 233 0 
308 54 129 0 
309 61 83 0 
310 88 192 0 
311 83 97 0 
312 63 107 0 
313 57 39 0 
314 60 230 0 
315 67 40 0 
316 85 204 0 
317 95 200 0 
318 72 90 0 
319 74 188 0 
320 92 172 0 
321 53 29 0 
322 74 176 0 
323 88 191 0 
324 71 238 0 
325 94 281 0 
326 80 105 0 
327 98 388 0 
328 67 198 0 
329 77 195 0 
330 83 320 0 
331 89 209 0 
332 59 193 0 
333 69 54 0 
334 65 158 0 
335 58 158 0 
336 80 267 0 
337 64 61 0 
338 97 116 0 
339 93 140 0 
340 93 56 0 
341 96 154 0 
342 97 201 0 
343 85 50 0 
344 83 325 0 
345 92 128 0 
346 75 112 0 
347 65 190 0 
348 80 113 0 
349 52 30 0 
350 71 119 0 
351 82 152 0 
352 70 118 0 
353 55 60 0 
354 89 356 0 
355 64 158 0 
356 55 217 0 
357 77 60 0 
358 65 135 0 
359 84 163 0 
360 73 57 0 
361 65 154 0 
362 76 175 0 
363 61 93 0 
364 91 296 0 
365 59 222 0 
366 88 177 0 
367 84 177 0 
368 84 202 0 
369 60 239 0 
370 83 169 0 
371 76 213 0 
372 97 174 0 
373 76 291 0 
374 76 123 0 
375 85 191 0 
376 79 224 0 
377 93 74 0 
378 58 68 0 
379 85 297 0 
380 63 65 0 
381 69 130 0 
382 77 127 0 
383 60 180 0 
384 90 281 0 
385 82 95 0 
386 86 93 0 
387 99 221 0 
388 53 83 0 
389 79 91 0 
390 83 321 0 
391 93 366 0 
392 60 202 0 
393 78 270 0 
394 64 183 0 
395 53 39 0 
396 83 43 0 
397 96 162 0 
398 57 223 0 
399 80 256 0 
400 100 105 0 
401 61 195 0 
402 76 279 0 
403 74 176 0 
404 100 235 0 
405 91 296 0 
406 97 308 0 
407 100 136 0 
408 89 275 0 
409 93 200 0 
410 54 202 0 
411 58 163 0 
412 100 358 0 
413 54 159 0 
414 52 81 0 
415 61 165 0 
416 62 150 0 
417 96 105 0 
418 93 57 0 
419 77 115 0 
420 96 259 0 
421 55 177 0 
422 75 190 0 
423 52 64 0 
424 100 368 0 
425 51 78 0 
426 98 287 0 
427 91 100 0 
428 71 186 0 
429 77 101 0 
430 79 134 0 
431 81 279 0 
432 54 193 0 
433 59 50 0 
434 85 165 0 
435 91 218 0 
436 82 52 0 
437 65 40 0 
438 70 138 0 
439 66 81 0 
440 74 77 0 
441 77 292 0 
442 69 121 0 
443 56 216 0 
444 53 123 0 
445 91 164 0 
446 96 332 0 
447 54 179 0 
448 74 243 0 
449 67 164 0 
450 100 156 0 
451 74 274 0 
452 66 99 0 
453 93 169 0 
454 69 97 0 
455 53 71 0 
456 91 149 0 
457 72 256 0 
458 88 60 0 
459 93 139 0 
460 93 337 0 
461 78 188 0 
462 95 152 0 
463 91 67 0 
464 91 77 0 
465 100 357 0 
466 80 62 0 
467 77 269 0 
468 74 146 0 
469 99 289 0 
470 90 66 0 
471 83 330 0 
472 68 125 0 
473 87 256 0 
474 69 107 0 
475 93 168 0 
476 81 240 0 
477 96 264 0 
478 94 194 0 
479 76 284 0 
480 83 56 0 
481 69 150 0 
482 57 105 0 
483 60 36 0 
484 90 357 0 
485 58 148 0 
486 76 242 0 
487 56 224 0 
488 55 90 0 
489 85 75 0 
490 57 53 0 
491 69 165 0 
492 83 96 0 
493 52 157 0 
494 83 136 0 
495 80 203 0 
496 84 68 0 
497 86 323 0 
498 92 236 0 
499 69 99 0 
