NAME GBP_INSTANCES\prob_2_B_0_3_2.txt
COMMENT
BINTYPES 5
ITEMS 25
BINS_SECTIONS
0 60 60 0 26 
1 80 80 0 20 
2 100 100 0 16 
3 120 120 0 13 
4 150 150 0 11 
ITEMS_SECTIONS
0 90 243 0 
1 36 100 0 
2 78 206 0 
3 26 96 0 
4 92 62 0 
5 57 113 0 
6 27 77 0 
7 85 337 0 
8 92 168 0 
9 70 234 0 
10 45 30 0 
11 66 198 0 
12 55 93 0 
13 22 88 0 
14 87 259 0 
15 43 84 0 
16 65 89 0 
17 24 23 0 
18 97 79 0 
19 22 75 0 
20 66 41 0 
21 94 295 0 
22 75 100 0 
23 70 47 0 
24 57 161 0 
