NAME GBP_INSTANCES\prob_2_B_3_1_2.txt
COMMENT
BINTYPES 5
ITEMS 200
BINS_SECTIONS
0 60 60 0 204 
1 80 80 0 153 
2 100 100 0 123 
3 120 120 0 102 
4 150 150 0 82 
ITEMS_SECTIONS
0 82 162 0 
1 27 90 0 
2 34 24 0 
3 26 50 0 
4 54 151 0 
5 93 303 0 
6 96 244 0 
7 64 213 0 
8 76 176 0 
9 80 214 0 
10 100 353 0 
11 75 228 0 
12 41 44 0 
13 52 118 0 
14 30 49 0 
15 24 30 0 
16 80 210 0 
17 92 100 0 
18 97 105 0 
19 72 161 0 
20 61 54 0 
21 38 71 0 
22 72 243 0 
23 65 147 0 
24 49 88 0 
25 25 32 0 
26 31 58 0 
27 62 188 0 
28 64 172 0 
29 39 88 0 
30 33 24 0 
31 50 45 0 
32 83 215 0 
33 33 70 0 
34 57 81 0 
35 44 24 0 
36 56 48 0 
37 50 67 0 
38 99 148 0 
39 52 186 0 
40 74 140 0 
41 34 62 0 
42 91 49 0 
43 90 164 0 
44 71 207 0 
45 61 80 0 
46 86 286 0 
47 41 126 0 
48 69 134 0 
49 39 93 0 
50 63 125 0 
51 85 242 0 
52 38 85 0 
53 78 212 0 
54 39 66 0 
55 82 213 0 
56 54 39 0 
57 27 60 0 
58 69 93 0 
59 57 83 0 
60 54 168 0 
61 93 313 0 
62 29 40 0 
63 87 346 0 
64 59 128 0 
65 89 113 0 
66 42 154 0 
67 68 82 0 
68 69 230 0 
69 87 313 0 
70 89 270 0 
71 68 137 0 
72 86 93 0 
73 47 47 0 
74 47 73 0 
75 43 75 0 
76 59 171 0 
77 61 210 0 
78 72 200 0 
79 32 103 0 
80 28 15 0 
81 61 198 0 
82 88 259 0 
83 30 96 0 
84 98 353 0 
85 94 202 0 
86 50 123 0 
87 53 73 0 
88 59 54 0 
89 60 140 0 
90 68 225 0 
91 23 32 0 
92 21 30 0 
93 37 108 0 
94 66 63 0 
95 65 83 0 
96 54 102 0 
97 90 286 0 
98 52 83 0 
99 35 75 0 
100 40 44 0 
101 32 54 0 
102 39 156 0 
103 77 181 0 
104 39 121 0 
105 52 27 0 
106 49 51 0 
107 59 69 0 
108 69 199 0 
109 26 43 0 
110 51 77 0 
111 24 79 0 
112 70 154 0 
113 28 47 0 
114 93 320 0 
115 48 107 0 
116 78 246 0 
117 26 41 0 
118 77 224 0 
119 46 80 0 
120 22 55 0 
121 71 131 0 
122 88 69 0 
123 89 355 0 
124 38 134 0 
125 78 230 0 
126 87 231 0 
127 74 132 0 
128 90 142 0 
129 41 85 0 
130 27 57 0 
131 46 83 0 
132 97 272 0 
133 100 90 0 
134 80 238 0 
135 88 134 0 
136 80 317 0 
137 90 206 0 
138 56 198 0 
139 35 70 0 
140 100 212 0 
141 77 221 0 
142 84 222 0 
143 90 297 0 
144 44 120 0 
145 76 291 0 
146 37 109 0 
147 45 150 0 
148 72 268 0 
149 44 96 0 
150 89 170 0 
151 96 105 0 
152 36 90 0 
153 37 146 0 
154 66 44 0 
155 74 60 0 
156 33 56 0 
157 92 250 0 
158 32 24 0 
159 91 258 0 
160 85 219 0 
161 53 197 0 
162 23 61 0 
163 52 68 0 
164 61 126 0 
165 92 225 0 
166 21 59 0 
167 82 127 0 
168 90 96 0 
169 68 261 0 
170 64 82 0 
171 31 105 0 
172 91 317 0 
173 86 162 0 
174 70 276 0 
175 30 82 0 
176 98 100 0 
177 52 171 0 
178 73 105 0 
179 95 136 0 
180 33 121 0 
181 64 93 0 
182 56 144 0 
183 45 175 0 
184 93 123 0 
185 38 148 0 
186 57 36 0 
187 45 25 0 
188 34 93 0 
189 23 20 0 
190 77 214 0 
191 60 120 0 
192 95 333 0 
193 26 94 0 
194 53 145 0 
195 91 217 0 
196 95 288 0 
197 40 148 0 
198 69 141 0 
199 84 135 0 
