NAME GBP_INSTANCES\prob_1_B_1_2_2.txt
COMMENT
BINTYPES 5
ITEMS 50
BINS_SECTIONS
0 60 60 0 40 
1 80 80 0 30 
2 100 100 0 24 
3 120 120 0 20 
4 150 150 0 16 
ITEMS_SECTIONS
0 5 5 0 
1 74 254 0 
2 16 11 0 
3 73 121 0 
4 47 154 0 
5 48 164 0 
6 26 61 0 
7 4 11 0 
8 91 194 0 
9 73 283 0 
10 38 96 0 
11 70 185 0 
12 90 271 0 
13 10 19 0 
14 14 51 0 
15 64 114 0 
16 27 46 0 
17 18 10 0 
18 34 42 0 
19 33 131 0 
20 92 231 0 
21 84 301 0 
22 52 162 0 
23 58 101 0 
24 25 96 0 
25 40 24 0 
26 41 83 0 
27 37 111 0 
28 65 159 0 
29 15 40 0 
30 77 294 0 
31 70 113 0 
32 59 139 0 
33 6 24 0 
34 66 88 0 
35 11 10 0 
36 74 259 0 
37 3 6 0 
38 50 86 0 
39 90 142 0 
40 64 160 0 
41 48 86 0 
42 96 273 0 
43 88 317 0 
44 31 68 0 
45 65 83 0 
46 15 27 0 
47 35 81 0 
48 31 32 0 
49 49 113 0 
