NAME GBP_INSTANCES\prob_1_A_1_5_2.txt
COMMENT
BINTYPES 3
ITEMS 50
BINS_SECTIONS
0 100 100 0 27 
1 120 120 0 23 
2 150 150 0 18 
ITEMS_SECTIONS
0 90 215 0 
1 60 208 0 
2 40 48 0 
3 48 134 0 
4 20 48 0 
5 14 33 0 
6 48 58 0 
7 70 267 0 
8 100 380 0 
9 73 46 0 
10 99 198 0 
11 68 62 0 
12 73 209 0 
13 39 142 0 
14 10 18 0 
15 6 18 0 
16 4 3 0 
17 56 212 0 
18 99 195 0 
19 35 37 0 
20 85 282 0 
21 14 42 0 
22 39 29 0 
23 80 163 0 
24 11 37 0 
25 76 191 0 
26 53 187 0 
27 17 52 0 
28 86 238 0 
29 96 141 0 
30 39 76 0 
31 52 37 0 
32 13 15 0 
33 88 228 0 
34 85 96 0 
35 66 80 0 
36 98 232 0 
37 97 319 0 
38 51 146 0 
39 16 61 0 
40 31 118 0 
41 54 107 0 
42 88 99 0 
43 74 61 0 
44 77 127 0 
45 31 110 0 
46 60 36 0 
47 10 25 0 
48 40 36 0 
49 14 18 0 
