NAME GBP_INSTANCES\prob_1_B_0_5_2.txt
COMMENT
BINTYPES 5
ITEMS 25
BINS_SECTIONS
0 60 60 0 22 
1 80 80 0 16 
2 100 100 0 13 
3 120 120 0 11 
4 150 150 0 9 
ITEMS_SECTIONS
0 60 70 0 
1 84 109 0 
2 26 40 0 
3 74 98 0 
4 57 76 0 
5 82 172 0 
6 80 103 0 
7 2 7 0 
8 60 205 0 
9 51 66 0 
10 15 18 0 
11 99 63 0 
12 33 80 0 
13 46 117 0 
14 11 29 0 
15 70 205 0 
16 21 38 0 
17 29 32 0 
18 52 77 0 
19 30 48 0 
20 23 29 0 
21 84 289 0 
22 63 188 0 
23 39 43 0 
24 77 287 0 
