NAME GBP_INSTANCES\prob_3_A_1_3_2.txt
COMMENT
BINTYPES 3
ITEMS 50
BINS_SECTIONS
0 100 100 0 38 
1 120 120 0 32 
2 150 150 0 26 
ITEMS_SECTIONS
0 81 192 0 
1 89 103 0 
2 54 196 0 
3 89 71 0 
4 93 75 0 
5 80 54 0 
6 57 212 0 
7 97 350 0 
8 59 82 0 
9 72 248 0 
10 66 87 0 
11 73 60 0 
12 79 134 0 
13 55 144 0 
14 86 252 0 
15 89 136 0 
16 76 45 0 
17 99 363 0 
18 53 159 0 
19 98 291 0 
20 77 302 0 
21 57 170 0 
22 78 185 0 
23 73 150 0 
24 89 92 0 
25 53 75 0 
26 70 181 0 
27 86 64 0 
28 73 39 0 
29 93 73 0 
30 82 51 0 
31 60 131 0 
32 55 79 0 
33 67 112 0 
34 95 86 0 
35 54 161 0 
36 86 121 0 
37 86 63 0 
38 52 85 0 
39 100 64 0 
40 86 85 0 
41 75 115 0 
42 62 160 0 
43 58 124 0 
44 78 56 0 
45 97 266 0 
46 54 64 0 
47 62 204 0 
48 56 88 0 
49 100 150 0 
