NAME GBP_INSTANCES\prob_1_B_3_6_2.txt
COMMENT
BINTYPES 5
ITEMS 200
BINS_SECTIONS
0 60 60 0 163 
1 80 80 0 122 
2 100 100 0 98 
3 120 120 0 82 
4 150 150 0 65 
ITEMS_SECTIONS
0 73 70 0 
1 23 35 0 
2 29 107 0 
3 98 350 0 
4 80 264 0 
5 10 29 0 
6 72 61 0 
7 82 290 0 
8 32 89 0 
9 55 213 0 
10 42 49 0 
11 69 53 0 
12 13 22 0 
13 58 188 0 
14 14 25 0 
15 74 207 0 
16 44 141 0 
17 8 12 0 
18 71 210 0 
19 30 118 0 
20 83 103 0 
21 19 28 0 
22 79 138 0 
23 40 97 0 
24 58 161 0 
25 53 73 0 
26 71 108 0 
27 74 155 0 
28 75 63 0 
29 81 178 0 
30 89 174 0 
31 14 21 0 
32 60 92 0 
33 39 36 0 
34 89 282 0 
35 4 5 0 
36 68 81 0 
37 38 77 0 
38 38 143 0 
39 29 44 0 
40 16 40 0 
41 13 33 0 
42 19 13 0 
43 67 204 0 
44 77 155 0 
45 19 24 0 
46 82 190 0 
47 31 39 0 
48 100 146 0 
49 89 47 0 
50 37 77 0 
51 53 163 0 
52 76 228 0 
53 76 228 0 
54 32 89 0 
55 37 117 0 
56 20 77 0 
57 49 98 0 
58 33 107 0 
59 11 37 0 
60 8 17 0 
61 9 31 0 
62 20 41 0 
63 22 22 0 
64 13 45 0 
65 77 252 0 
66 27 90 0 
67 6 15 0 
68 88 113 0 
69 15 24 0 
70 57 100 0 
71 53 158 0 
72 48 150 0 
73 39 99 0 
74 67 59 0 
75 27 20 0 
76 89 301 0 
77 87 117 0 
78 83 305 0 
79 52 163 0 
80 3 7 0 
81 97 232 0 
82 26 27 0 
83 15 59 0 
84 18 27 0 
85 51 92 0 
86 2 7 0 
87 4 7 0 
88 31 81 0 
89 60 203 0 
90 69 134 0 
91 37 21 0 
92 70 70 0 
93 26 58 0 
94 95 162 0 
95 93 188 0 
96 21 29 0 
97 67 204 0 
98 33 78 0 
99 100 364 0 
100 92 193 0 
101 38 148 0 
102 42 48 0 
103 91 206 0 
104 38 52 0 
105 24 87 0 
106 67 215 0 
107 95 369 0 
108 8 19 0 
109 63 199 0 
110 6 23 0 
111 63 240 0 
112 52 165 0 
113 56 192 0 
114 77 56 0 
115 87 185 0 
116 47 112 0 
117 13 17 0 
118 25 42 0 
119 31 80 0 
120 63 131 0 
121 18 21 0 
122 57 75 0 
123 31 61 0 
124 58 145 0 
125 48 95 0 
126 79 250 0 
127 60 158 0 
128 99 343 0 
129 27 26 0 
130 97 384 0 
131 40 42 0 
132 6 8 0 
133 43 64 0 
134 54 198 0 
135 89 112 0 
136 16 54 0 
137 40 93 0 
138 92 158 0 
139 80 250 0 
140 62 151 0 
141 76 234 0 
142 83 65 0 
143 2 8 0 
144 73 169 0 
145 71 173 0 
146 30 41 0 
147 4 5 0 
148 75 98 0 
149 61 154 0 
150 83 262 0 
151 21 61 0 
152 7 13 0 
153 38 129 0 
154 69 262 0 
155 28 16 0 
156 36 72 0 
157 24 42 0 
158 77 150 0 
159 61 61 0 
160 81 315 0 
161 52 191 0 
162 4 16 0 
163 39 32 0 
164 26 28 0 
165 100 72 0 
166 99 380 0 
167 4 12 0 
168 35 44 0 
169 46 37 0 
170 16 23 0 
171 45 79 0 
172 55 83 0 
173 90 257 0 
174 96 366 0 
175 10 22 0 
176 12 30 0 
177 35 98 0 
178 17 40 0 
179 58 86 0 
180 85 311 0 
181 34 42 0 
182 10 21 0 
183 80 121 0 
184 76 302 0 
185 21 34 0 
186 76 272 0 
187 23 51 0 
188 44 83 0 
189 34 37 0 
190 44 110 0 
191 46 162 0 
192 24 65 0 
193 29 30 0 
194 35 62 0 
195 68 256 0 
196 21 18 0 
197 13 49 0 
198 31 53 0 
199 95 273 0 
