NAME GBP_INSTANCES\prob_1_B_0_7_2.txt
COMMENT
BINTYPES 5
ITEMS 25
BINS_SECTIONS
0 60 60 0 20 
1 80 80 0 15 
2 100 100 0 12 
3 120 120 0 10 
4 150 150 0 8 
ITEMS_SECTIONS
0 21 41 0 
1 74 45 0 
2 52 148 0 
3 62 46 0 
4 34 64 0 
5 77 53 0 
6 97 107 0 
7 77 248 0 
8 55 77 0 
9 17 43 0 
10 64 168 0 
11 5 4 0 
12 19 64 0 
13 89 137 0 
14 18 20 0 
15 89 197 0 
16 15 48 0 
17 7 24 0 
18 12 11 0 
19 85 97 0 
20 86 262 0 
21 39 129 0 
22 54 37 0 
23 23 39 0 
24 11 37 0 
