NAME GBP_INSTANCES\prob_2_B_3_8_2.txt
COMMENT
BINTYPES 5
ITEMS 200
BINS_SECTIONS
0 60 60 0 198 
1 80 80 0 148 
2 100 100 0 119 
3 120 120 0 99 
4 150 150 0 79 
ITEMS_SECTIONS
0 23 44 0 
1 53 67 0 
2 25 54 0 
3 29 49 0 
4 22 21 0 
5 39 47 0 
6 70 116 0 
7 97 234 0 
8 27 63 0 
9 25 93 0 
10 97 93 0 
11 86 229 0 
12 52 147 0 
13 51 108 0 
14 84 268 0 
15 92 178 0 
16 79 217 0 
17 58 148 0 
18 66 91 0 
19 27 108 0 
20 25 23 0 
21 98 77 0 
22 48 142 0 
23 68 235 0 
24 42 142 0 
25 41 105 0 
26 21 81 0 
27 22 20 0 
28 30 22 0 
29 40 100 0 
30 72 83 0 
31 56 142 0 
32 50 143 0 
33 33 88 0 
34 77 229 0 
35 77 284 0 
36 25 31 0 
37 25 72 0 
38 87 298 0 
39 46 117 0 
40 85 215 0 
41 49 174 0 
42 82 181 0 
43 43 131 0 
44 52 201 0 
45 52 36 0 
46 65 74 0 
47 40 80 0 
48 27 104 0 
49 33 79 0 
50 32 113 0 
51 41 101 0 
52 42 118 0 
53 39 69 0 
54 73 125 0 
55 62 199 0 
56 92 337 0 
57 28 106 0 
58 78 240 0 
59 54 82 0 
60 92 254 0 
61 86 180 0 
62 73 182 0 
63 40 154 0 
64 65 123 0 
65 49 113 0 
66 45 165 0 
67 94 290 0 
68 84 230 0 
69 45 156 0 
70 35 111 0 
71 29 40 0 
72 38 139 0 
73 68 223 0 
74 60 91 0 
75 91 175 0 
76 27 96 0 
77 80 47 0 
78 38 76 0 
79 72 184 0 
80 100 220 0 
81 36 37 0 
82 45 143 0 
83 39 82 0 
84 55 125 0 
85 61 44 0 
86 47 29 0 
87 90 57 0 
88 96 300 0 
89 81 83 0 
90 89 188 0 
91 29 16 0 
92 26 52 0 
93 21 39 0 
94 69 264 0 
95 39 122 0 
96 96 100 0 
97 29 88 0 
98 82 149 0 
99 53 103 0 
100 64 241 0 
101 89 213 0 
102 68 154 0 
103 96 218 0 
104 59 218 0 
105 70 36 0 
106 63 188 0 
107 95 153 0 
108 57 183 0 
109 54 197 0 
110 27 58 0 
111 82 295 0 
112 36 86 0 
113 89 252 0 
114 77 197 0 
115 79 193 0 
116 98 245 0 
117 68 83 0 
118 83 275 0 
119 27 93 0 
120 56 131 0 
121 79 83 0 
122 25 78 0 
123 96 302 0 
124 41 159 0 
125 34 96 0 
126 82 151 0 
127 50 145 0 
128 72 141 0 
129 93 256 0 
130 57 182 0 
131 95 112 0 
132 87 144 0 
133 57 108 0 
134 98 161 0 
135 28 65 0 
136 59 182 0 
137 67 67 0 
138 79 60 0 
139 88 281 0 
140 77 307 0 
141 37 57 0 
142 54 197 0 
143 91 59 0 
144 32 86 0 
145 84 80 0 
146 57 210 0 
147 65 151 0 
148 59 222 0 
149 32 121 0 
150 50 134 0 
151 36 143 0 
152 34 61 0 
153 92 268 0 
154 54 108 0 
155 91 197 0 
156 40 106 0 
157 66 98 0 
158 52 127 0 
159 39 128 0 
160 55 140 0 
161 63 140 0 
162 37 20 0 
163 47 109 0 
164 50 38 0 
165 72 269 0 
166 35 56 0 
167 51 186 0 
168 88 186 0 
169 23 91 0 
170 57 40 0 
171 31 48 0 
172 41 120 0 
173 84 151 0 
174 57 39 0 
175 88 331 0 
176 99 170 0 
177 99 106 0 
178 29 114 0 
179 68 183 0 
180 89 356 0 
181 72 160 0 
182 59 96 0 
183 86 91 0 
184 65 147 0 
185 53 63 0 
186 61 147 0 
187 98 120 0 
188 26 35 0 
189 43 47 0 
190 76 78 0 
191 98 331 0 
192 88 80 0 
193 34 136 0 
194 47 29 0 
195 67 112 0 
196 31 124 0 
197 89 207 0 
198 27 26 0 
199 39 154 0 
