NAME GBP_INSTANCES\prob_3_A_1_6_2.txt
COMMENT
BINTYPES 3
ITEMS 50
BINS_SECTIONS
0 100 100 0 38 
1 120 120 0 32 
2 150 150 0 26 
ITEMS_SECTIONS
0 73 207 0 
1 88 109 0 
2 98 158 0 
3 81 90 0 
4 84 234 0 
5 54 124 0 
6 88 49 0 
7 60 156 0 
8 97 86 0 
9 74 65 0 
10 52 107 0 
11 69 137 0 
12 80 218 0 
13 68 102 0 
14 78 199 0 
15 70 80 0 
16 89 318 0 
17 95 49 0 
18 69 273 0 
19 73 217 0 
20 96 339 0 
21 92 318 0 
22 74 134 0 
23 78 218 0 
24 72 132 0 
25 52 60 0 
26 57 43 0 
27 75 132 0 
28 65 156 0 
29 100 234 0 
30 97 139 0 
31 99 294 0 
32 58 84 0 
33 99 365 0 
34 75 88 0 
35 52 81 0 
36 51 102 0 
37 85 57 0 
38 91 263 0 
39 89 139 0 
40 85 312 0 
41 62 81 0 
42 64 130 0 
43 85 61 0 
44 67 264 0 
45 65 256 0 
46 57 59 0 
47 69 61 0 
48 60 46 0 
49 72 261 0 
