NAME GBP_INSTANCES\prob_2_A_3_5_2.txt
COMMENT
BINTYPES 3
ITEMS 200
BINS_SECTIONS
0 100 100 0 118 
1 120 120 0 99 
2 150 150 0 79 
ITEMS_SECTIONS
0 54 112 0 
1 40 99 0 
2 59 235 0 
3 64 178 0 
4 89 122 0 
5 49 80 0 
6 76 170 0 
7 28 95 0 
8 47 111 0 
9 89 144 0 
10 22 15 0 
11 62 167 0 
12 57 73 0 
13 32 83 0 
14 54 79 0 
15 87 262 0 
16 32 61 0 
17 42 86 0 
18 68 209 0 
19 72 227 0 
20 93 111 0 
21 48 119 0 
22 75 219 0 
23 86 166 0 
24 23 17 0 
25 67 74 0 
26 57 130 0 
27 41 131 0 
28 57 209 0 
29 79 112 0 
30 64 90 0 
31 71 138 0 
32 28 88 0 
33 21 82 0 
34 21 73 0 
35 59 163 0 
36 38 93 0 
37 97 207 0 
38 100 382 0 
39 45 30 0 
40 82 247 0 
41 65 214 0 
42 66 262 0 
43 50 84 0 
44 32 41 0 
45 97 147 0 
46 73 201 0 
47 68 47 0 
48 40 81 0 
49 26 42 0 
50 26 15 0 
51 51 63 0 
52 78 310 0 
53 71 65 0 
54 60 33 0 
55 77 180 0 
56 69 252 0 
57 72 285 0 
58 71 78 0 
59 45 122 0 
60 78 234 0 
61 21 66 0 
62 37 116 0 
63 51 41 0 
64 97 364 0 
65 50 39 0 
66 99 241 0 
67 62 34 0 
68 72 97 0 
69 74 191 0 
70 74 67 0 
71 47 50 0 
72 50 56 0 
73 69 85 0 
74 81 150 0 
75 67 168 0 
76 35 76 0 
77 71 204 0 
78 33 70 0 
79 27 81 0 
80 81 210 0 
81 54 132 0 
82 78 218 0 
83 46 105 0 
84 55 220 0 
85 67 39 0 
86 58 124 0 
87 30 31 0 
88 64 119 0 
89 66 208 0 
90 81 203 0 
91 30 106 0 
92 30 45 0 
93 58 215 0 
94 95 258 0 
95 63 134 0 
96 44 123 0 
97 80 57 0 
98 92 277 0 
99 85 333 0 
100 66 165 0 
101 60 165 0 
102 38 45 0 
103 94 76 0 
104 33 61 0 
105 45 44 0 
106 22 63 0 
107 74 184 0 
108 71 125 0 
109 56 215 0 
110 37 29 0 
111 79 53 0 
112 35 50 0 
113 41 37 0 
114 71 99 0 
115 23 21 0 
116 58 37 0 
117 59 162 0 
118 58 212 0 
119 97 89 0 
120 69 241 0 
121 76 121 0 
122 50 59 0 
123 31 82 0 
124 36 100 0 
125 34 109 0 
126 90 162 0 
127 37 66 0 
128 90 211 0 
129 69 230 0 
130 56 95 0 
131 51 79 0 
132 51 69 0 
133 21 77 0 
134 90 260 0 
135 32 44 0 
136 69 51 0 
137 23 14 0 
138 99 80 0 
139 99 83 0 
140 62 187 0 
141 42 115 0 
142 86 330 0 
143 49 26 0 
144 62 140 0 
145 68 72 0 
146 31 80 0 
147 99 77 0 
148 39 99 0 
149 39 34 0 
150 25 79 0 
151 60 76 0 
152 22 44 0 
153 57 61 0 
154 37 27 0 
155 69 232 0 
156 57 95 0 
157 83 47 0 
158 92 308 0 
159 91 252 0 
160 92 243 0 
161 63 118 0 
162 68 123 0 
163 27 75 0 
164 59 220 0 
165 54 171 0 
166 63 74 0 
167 57 196 0 
168 78 190 0 
169 42 135 0 
170 61 46 0 
171 78 223 0 
172 87 328 0 
173 65 117 0 
174 79 183 0 
175 29 27 0 
176 38 20 0 
177 68 206 0 
178 82 222 0 
179 55 33 0 
180 26 49 0 
181 45 161 0 
182 62 167 0 
183 47 43 0 
184 60 115 0 
185 50 138 0 
186 42 117 0 
187 74 274 0 
188 51 131 0 
189 66 222 0 
190 70 237 0 
191 51 176 0 
192 26 38 0 
193 37 85 0 
194 58 112 0 
195 71 171 0 
196 37 131 0 
197 60 56 0 
198 89 95 0 
199 71 49 0 
