NAME GBP_INSTANCES\prob_2_A_2_0_2.txt
COMMENT
BINTYPES 3
ITEMS 100
BINS_SECTIONS
0 100 100 0 62 
1 120 120 0 51 
2 150 150 0 41 
ITEMS_SECTIONS
0 84 121 0 
1 60 180 0 
2 48 153 0 
3 49 75 0 
4 91 99 0 
5 76 208 0 
6 68 160 0 
7 36 84 0 
8 60 137 0 
9 96 181 0 
10 61 174 0 
11 65 59 0 
12 69 195 0 
13 71 129 0 
14 67 59 0 
15 70 163 0 
16 86 156 0 
17 32 108 0 
18 61 198 0 
19 82 278 0 
20 82 48 0 
21 61 190 0 
22 92 331 0 
23 39 34 0 
24 91 285 0 
25 87 311 0 
26 41 131 0 
27 37 52 0 
28 69 176 0 
29 42 90 0 
30 66 62 0 
31 78 99 0 
32 69 268 0 
33 61 162 0 
34 85 340 0 
35 47 105 0 
36 80 98 0 
37 59 67 0 
38 36 37 0 
39 78 91 0 
40 57 203 0 
41 44 116 0 
42 47 119 0 
43 38 23 0 
44 55 35 0 
45 21 79 0 
46 90 358 0 
47 60 55 0 
48 23 82 0 
49 48 31 0 
50 29 40 0 
51 47 25 0 
52 63 210 0 
53 98 339 0 
54 26 97 0 
55 84 203 0 
56 61 218 0 
57 51 47 0 
58 48 191 0 
59 69 231 0 
60 55 32 0 
61 24 81 0 
62 55 65 0 
63 37 133 0 
64 99 273 0 
65 86 107 0 
66 84 136 0 
67 24 24 0 
68 86 247 0 
69 45 57 0 
70 46 85 0 
71 91 342 0 
72 76 64 0 
73 35 63 0 
74 52 51 0 
75 63 206 0 
76 47 112 0 
77 38 133 0 
78 51 101 0 
79 69 76 0 
80 31 84 0 
81 89 192 0 
82 71 217 0 
83 30 116 0 
84 28 35 0 
85 36 91 0 
86 89 301 0 
87 36 130 0 
88 97 203 0 
89 43 67 0 
90 92 252 0 
91 76 203 0 
92 28 62 0 
93 53 61 0 
94 90 162 0 
95 50 163 0 
96 92 360 0 
97 60 85 0 
98 72 186 0 
99 96 324 0 
