NAME GBP_INSTANCES\prob_2_A_1_9_2.txt
COMMENT
BINTYPES 3
ITEMS 50
BINS_SECTIONS
0 100 100 0 28 
1 120 120 0 23 
2 150 150 0 19 
ITEMS_SECTIONS
0 86 302 0 
1 52 85 0 
2 57 89 0 
3 88 116 0 
4 52 68 0 
5 29 103 0 
6 97 92 0 
7 34 124 0 
8 38 63 0 
9 74 240 0 
10 66 95 0 
11 51 164 0 
12 33 101 0 
13 89 65 0 
14 44 133 0 
15 67 121 0 
16 40 31 0 
17 93 185 0 
18 22 53 0 
19 89 141 0 
20 45 159 0 
21 62 199 0 
22 86 190 0 
23 71 245 0 
24 75 294 0 
25 52 152 0 
26 23 44 0 
27 83 163 0 
28 52 109 0 
29 30 96 0 
30 44 171 0 
31 21 18 0 
32 51 153 0 
33 88 163 0 
34 78 249 0 
35 83 231 0 
36 28 84 0 
37 54 153 0 
38 52 156 0 
39 40 90 0 
40 29 103 0 
41 56 79 0 
42 66 58 0 
43 42 33 0 
44 21 37 0 
45 30 90 0 
46 66 264 0 
47 37 109 0 
48 42 66 0 
49 29 20 0 
