NAME GBP_INSTANCES\prob_3_B_1_7_2.txt
COMMENT
BINTYPES 5
ITEMS 50
BINS_SECTIONS
0 60 60 0 63 
1 80 80 0 47 
2 100 100 0 38 
3 120 120 0 32 
4 150 150 0 25 
ITEMS_SECTIONS
0 54 36 0 
1 72 40 0 
2 80 278 0 
3 53 129 0 
4 67 93 0 
5 86 295 0 
6 64 36 0 
7 70 102 0 
8 67 52 0 
9 82 79 0 
10 68 223 0 
11 68 205 0 
12 59 69 0 
13 52 203 0 
14 88 307 0 
15 93 253 0 
16 80 85 0 
17 79 306 0 
18 89 331 0 
19 80 182 0 
20 92 245 0 
21 79 191 0 
22 76 110 0 
23 77 117 0 
24 67 169 0 
25 92 240 0 
26 56 122 0 
27 86 179 0 
28 64 39 0 
29 84 290 0 
30 51 179 0 
31 79 297 0 
32 56 80 0 
33 92 237 0 
34 55 38 0 
35 90 59 0 
36 86 235 0 
37 58 37 0 
38 91 205 0 
39 80 179 0 
40 92 236 0 
41 88 336 0 
42 53 57 0 
43 52 200 0 
44 73 288 0 
45 91 254 0 
46 94 293 0 
47 86 183 0 
48 57 220 0 
49 79 201 0 
