NAME GBP_INSTANCES\prob_3_A_3_0_2.txt
COMMENT
BINTYPES 3
ITEMS 200
BINS_SECTIONS
0 100 100 0 152 
1 120 120 0 127 
2 150 150 0 101 
ITEMS_SECTIONS
0 93 227 0 
1 89 60 0 
2 81 290 0 
3 56 128 0 
4 83 108 0 
5 55 179 0 
6 81 247 0 
7 53 114 0 
8 63 233 0 
9 82 273 0 
10 87 78 0 
11 80 227 0 
12 77 69 0 
13 98 372 0 
14 72 42 0 
15 76 237 0 
16 97 236 0 
17 69 100 0 
18 97 239 0 
19 71 143 0 
20 79 300 0 
21 71 78 0 
22 54 73 0 
23 68 41 0 
24 56 99 0 
25 100 113 0 
26 67 45 0 
27 95 219 0 
28 60 128 0 
29 93 152 0 
30 73 108 0 
31 68 35 0 
32 59 163 0 
33 76 232 0 
34 51 203 0 
35 73 57 0 
36 81 179 0 
37 58 217 0 
38 82 45 0 
39 76 115 0 
40 90 313 0 
41 80 157 0 
42 53 205 0 
43 59 109 0 
44 66 84 0 
45 51 135 0 
46 87 242 0 
47 90 263 0 
48 51 174 0 
49 74 70 0 
50 68 151 0 
51 86 344 0 
52 83 69 0 
53 82 268 0 
54 86 323 0 
55 63 115 0 
56 57 162 0 
57 66 100 0 
58 74 65 0 
59 87 191 0 
60 55 193 0 
61 84 174 0 
62 59 104 0 
63 79 62 0 
64 71 36 0 
65 99 360 0 
66 59 171 0 
67 74 234 0 
68 74 246 0 
69 88 267 0 
70 87 67 0 
71 97 58 0 
72 93 60 0 
73 55 207 0 
74 97 58 0 
75 97 63 0 
76 56 99 0 
77 61 66 0 
78 82 234 0 
79 65 184 0 
80 80 250 0 
81 81 132 0 
82 66 85 0 
83 63 235 0 
84 84 224 0 
85 66 254 0 
86 95 266 0 
87 100 350 0 
88 71 73 0 
89 76 156 0 
90 62 241 0 
91 78 273 0 
92 58 128 0 
93 87 234 0 
94 83 225 0 
95 90 283 0 
96 99 223 0 
97 60 99 0 
98 55 197 0 
99 57 119 0 
100 73 113 0 
101 75 104 0 
102 56 65 0 
103 64 61 0 
104 96 232 0 
105 100 99 0 
106 84 204 0 
107 54 93 0 
108 55 133 0 
109 65 236 0 
110 76 86 0 
111 78 290 0 
112 100 362 0 
113 58 64 0 
114 59 50 0 
115 58 121 0 
116 79 201 0 
117 57 101 0 
118 95 186 0 
119 72 110 0 
120 96 350 0 
121 64 120 0 
122 91 327 0 
123 59 142 0 
124 90 147 0 
125 68 56 0 
126 95 309 0 
127 100 146 0 
128 55 181 0 
129 94 314 0 
130 75 81 0 
131 86 207 0 
132 59 48 0 
133 56 178 0 
134 60 68 0 
135 67 231 0 
136 69 246 0 
137 86 332 0 
138 67 155 0 
139 54 35 0 
140 95 117 0 
141 56 80 0 
142 99 149 0 
143 98 297 0 
144 74 139 0 
145 55 181 0 
146 52 90 0 
147 94 294 0 
148 86 201 0 
149 91 298 0 
150 63 236 0 
151 68 92 0 
152 75 151 0 
153 90 139 0 
154 53 43 0 
155 91 95 0 
156 93 65 0 
157 97 175 0 
158 55 150 0 
159 100 111 0 
160 54 131 0 
161 64 49 0 
162 91 136 0 
163 92 154 0 
164 88 271 0 
165 71 131 0 
166 79 100 0 
167 90 358 0 
168 81 281 0 
169 67 136 0 
170 83 293 0 
171 89 352 0 
172 81 73 0 
173 83 230 0 
174 90 240 0 
175 89 238 0 
176 66 47 0 
177 99 86 0 
178 85 223 0 
179 62 53 0 
180 96 306 0 
181 63 213 0 
182 85 63 0 
183 64 175 0 
184 53 191 0 
185 97 191 0 
186 81 77 0 
187 98 175 0 
188 84 330 0 
189 100 221 0 
190 83 103 0 
191 72 203 0 
192 57 130 0 
193 63 129 0 
194 63 151 0 
195 76 76 0 
196 87 324 0 
197 64 101 0 
198 56 114 0 
199 55 108 0 
