NAME GBP_INSTANCES\prob_2_B_2_4_2.txt
COMMENT
BINTYPES 5
ITEMS 100
BINS_SECTIONS
0 60 60 0 101 
1 80 80 0 76 
2 100 100 0 61 
3 120 120 0 51 
4 150 150 0 41 
ITEMS_SECTIONS
0 35 28 0 
1 25 76 0 
2 96 280 0 
3 25 43 0 
4 63 137 0 
5 41 75 0 
6 62 177 0 
7 43 67 0 
8 100 108 0 
9 52 195 0 
10 98 378 0 
11 38 41 0 
12 52 86 0 
13 26 91 0 
14 79 47 0 
15 94 68 0 
16 60 43 0 
17 91 72 0 
18 53 172 0 
19 89 193 0 
20 61 53 0 
21 50 124 0 
22 90 329 0 
23 76 54 0 
24 100 201 0 
25 99 267 0 
26 53 75 0 
27 54 68 0 
28 44 151 0 
29 26 88 0 
30 77 276 0 
31 56 194 0 
32 35 58 0 
33 46 167 0 
34 41 152 0 
35 82 92 0 
36 90 325 0 
37 36 100 0 
38 37 140 0 
39 87 153 0 
40 48 180 0 
41 99 106 0 
42 100 342 0 
43 27 17 0 
44 100 337 0 
45 43 115 0 
46 82 266 0 
47 95 230 0 
48 46 184 0 
49 21 21 0 
50 31 122 0 
51 33 120 0 
52 26 50 0 
53 33 98 0 
54 32 99 0 
55 41 72 0 
56 47 96 0 
57 48 55 0 
58 100 390 0 
59 27 35 0 
60 95 344 0 
61 27 92 0 
62 53 72 0 
63 25 55 0 
64 85 121 0 
65 38 97 0 
66 33 93 0 
67 43 52 0 
68 64 35 0 
69 39 156 0 
70 79 274 0 
71 25 85 0 
72 95 232 0 
73 85 217 0 
74 68 139 0 
75 93 258 0 
76 63 84 0 
77 67 191 0 
78 100 211 0 
79 70 132 0 
80 37 35 0 
81 43 52 0 
82 84 181 0 
83 73 197 0 
84 72 53 0 
85 36 134 0 
86 48 57 0 
87 33 84 0 
88 81 44 0 
89 46 106 0 
90 80 59 0 
91 96 333 0 
92 23 56 0 
93 91 164 0 
94 69 53 0 
95 21 42 0 
96 71 139 0 
97 91 314 0 
98 78 148 0 
99 55 133 0 
