NAME GBP_INSTANCES\prob_2_B_3_9_2.txt
COMMENT
BINTYPES 5
ITEMS 200
BINS_SECTIONS
0 60 60 0 191 
1 80 80 0 144 
2 100 100 0 115 
3 120 120 0 96 
4 150 150 0 77 
ITEMS_SECTIONS
0 91 325 0 
1 85 83 0 
2 59 231 0 
3 51 44 0 
4 80 92 0 
5 73 212 0 
6 52 66 0 
7 29 41 0 
8 68 52 0 
9 80 196 0 
10 78 145 0 
11 90 335 0 
12 30 60 0 
13 56 198 0 
14 54 213 0 
15 37 44 0 
16 86 285 0 
17 86 248 0 
18 49 37 0 
19 49 45 0 
20 99 324 0 
21 37 144 0 
22 91 78 0 
23 46 184 0 
24 31 22 0 
25 44 52 0 
26 71 176 0 
27 77 140 0 
28 44 99 0 
29 48 136 0 
30 56 36 0 
31 74 272 0 
32 73 218 0 
33 31 79 0 
34 28 100 0 
35 43 149 0 
36 21 29 0 
37 33 78 0 
38 55 167 0 
39 77 218 0 
40 69 126 0 
41 80 51 0 
42 85 329 0 
43 56 148 0 
44 67 138 0 
45 78 79 0 
46 59 138 0 
47 34 116 0 
48 88 247 0 
49 21 14 0 
50 58 31 0 
51 43 124 0 
52 56 154 0 
53 31 27 0 
54 29 60 0 
55 72 173 0 
56 40 138 0 
57 80 47 0 
58 46 128 0 
59 88 189 0 
60 40 116 0 
61 38 56 0 
62 26 30 0 
63 46 154 0 
64 94 142 0 
65 65 145 0 
66 22 43 0 
67 70 83 0 
68 32 67 0 
69 59 155 0 
70 75 300 0 
71 43 51 0 
72 45 131 0 
73 21 39 0 
74 49 99 0 
75 61 55 0 
76 80 305 0 
77 59 150 0 
78 94 343 0 
79 30 19 0 
80 42 60 0 
81 36 22 0 
82 87 176 0 
83 26 101 0 
84 31 89 0 
85 73 78 0 
86 59 190 0 
87 90 280 0 
88 90 104 0 
89 78 171 0 
90 31 80 0 
91 38 113 0 
92 69 221 0 
93 54 108 0 
94 76 231 0 
95 51 55 0 
96 32 52 0 
97 98 360 0 
98 59 189 0 
99 42 36 0 
100 54 130 0 
101 72 68 0 
102 42 68 0 
103 27 15 0 
104 81 273 0 
105 91 84 0 
106 85 212 0 
107 48 155 0 
108 46 104 0 
109 70 107 0 
110 97 291 0 
111 25 28 0 
112 55 183 0 
113 97 81 0 
114 91 193 0 
115 32 128 0 
116 96 305 0 
117 41 160 0 
118 29 45 0 
119 62 145 0 
120 52 171 0 
121 79 207 0 
122 41 145 0 
123 34 22 0 
124 36 82 0 
125 79 179 0 
126 23 34 0 
127 73 72 0 
128 66 203 0 
129 70 121 0 
130 32 126 0 
131 37 111 0 
132 51 35 0 
133 64 136 0 
134 42 128 0 
135 95 376 0 
136 77 261 0 
137 27 42 0 
138 27 65 0 
139 45 165 0 
140 41 33 0 
141 87 208 0 
142 86 270 0 
143 68 260 0 
144 53 176 0 
145 36 29 0 
146 62 41 0 
147 22 86 0 
148 22 43 0 
149 36 93 0 
150 25 46 0 
151 78 209 0 
152 96 345 0 
153 74 188 0 
154 48 159 0 
155 28 103 0 
156 27 35 0 
157 84 94 0 
158 81 41 0 
159 65 208 0 
160 27 31 0 
161 27 106 0 
162 34 39 0 
163 61 53 0 
164 78 133 0 
165 91 177 0 
166 80 157 0 
167 39 28 0 
168 71 84 0 
169 70 215 0 
170 66 125 0 
171 91 165 0 
172 77 115 0 
173 75 141 0 
174 72 196 0 
175 93 167 0 
176 96 380 0 
177 34 38 0 
178 32 85 0 
179 46 28 0 
180 76 195 0 
181 71 54 0 
182 50 57 0 
183 36 76 0 
184 49 144 0 
185 80 231 0 
186 62 226 0 
187 61 112 0 
188 62 157 0 
189 27 63 0 
190 62 49 0 
191 25 33 0 
192 48 173 0 
193 43 131 0 
194 34 99 0 
195 45 87 0 
196 54 154 0 
197 39 147 0 
198 76 137 0 
199 22 87 0 
