NAME GBP_INSTANCES\prob_3_A_1_2_2.txt
COMMENT
BINTYPES 3
ITEMS 50
BINS_SECTIONS
0 100 100 0 39 
1 120 120 0 33 
2 150 150 0 26 
ITEMS_SECTIONS
0 72 37 0 
1 55 117 0 
2 93 127 0 
3 64 155 0 
4 70 124 0 
5 57 155 0 
6 95 257 0 
7 58 95 0 
8 83 272 0 
9 85 127 0 
10 63 131 0 
11 98 158 0 
12 76 269 0 
13 88 173 0 
14 95 55 0 
15 62 200 0 
16 95 221 0 
17 80 194 0 
18 90 110 0 
19 94 211 0 
20 53 152 0 
21 83 222 0 
22 61 96 0 
23 58 147 0 
24 72 51 0 
25 98 51 0 
26 100 264 0 
27 70 218 0 
28 74 79 0 
29 66 243 0 
30 70 113 0 
31 52 164 0 
32 56 167 0 
33 98 78 0 
34 100 120 0 
35 70 160 0 
36 87 122 0 
37 74 108 0 
38 90 196 0 
39 97 311 0 
40 62 144 0 
41 94 329 0 
42 77 150 0 
43 71 64 0 
44 92 324 0 
45 88 306 0 
46 62 192 0 
47 96 127 0 
48 80 281 0 
49 64 40 0 
