NAME GBP_INSTANCES\prob_1_B_1_3_2.txt
COMMENT
BINTYPES 5
ITEMS 50
BINS_SECTIONS
0 60 60 0 48 
1 80 80 0 36 
2 100 100 0 29 
3 120 120 0 24 
4 150 150 0 20 
ITEMS_SECTIONS
0 100 123 0 
1 20 28 0 
2 81 318 0 
3 35 73 0 
4 46 137 0 
5 20 37 0 
6 89 317 0 
7 52 126 0 
8 25 67 0 
9 94 142 0 
10 85 174 0 
11 83 248 0 
12 85 198 0 
13 63 160 0 
14 73 80 0 
15 11 8 0 
16 65 236 0 
17 23 25 0 
18 73 283 0 
19 98 310 0 
20 57 209 0 
21 24 49 0 
22 78 153 0 
23 79 43 0 
24 36 37 0 
25 42 109 0 
26 97 353 0 
27 90 212 0 
28 83 192 0 
29 85 299 0 
30 5 3 0 
31 39 59 0 
32 20 60 0 
33 66 238 0 
34 70 239 0 
35 33 64 0 
36 76 72 0 
37 71 102 0 
38 89 114 0 
39 59 138 0 
40 13 25 0 
41 71 142 0 
42 88 123 0 
43 49 30 0 
44 25 77 0 
45 96 188 0 
46 23 43 0 
47 5 19 0 
48 44 142 0 
49 19 44 0 
