NAME GBP_INSTANCES\prob_1_A_1_3_2.txt
COMMENT
BINTYPES 3
ITEMS 50
BINS_SECTIONS
0 100 100 0 22 
1 120 120 0 19 
2 150 150 0 15 
ITEMS_SECTIONS
0 72 186 0 
1 65 116 0 
2 59 53 0 
3 96 154 0 
4 47 160 0 
5 53 204 0 
6 37 26 0 
7 34 73 0 
8 2 7 0 
9 98 105 0 
10 44 137 0 
11 19 70 0 
12 17 58 0 
13 54 208 0 
14 59 188 0 
15 33 94 0 
16 35 21 0 
17 17 16 0 
18 45 55 0 
19 26 47 0 
20 21 45 0 
21 73 172 0 
22 23 82 0 
23 21 27 0 
24 43 63 0 
25 78 201 0 
26 84 116 0 
27 26 75 0 
28 2 3 0 
29 52 145 0 
30 36 109 0 
31 10 7 0 
32 71 110 0 
33 27 42 0 
34 36 24 0 
35 55 186 0 
36 88 157 0 
37 32 123 0 
38 9 12 0 
39 46 98 0 
40 39 52 0 
41 48 180 0 
42 84 292 0 
43 4 7 0 
44 91 241 0 
45 21 74 0 
46 64 173 0 
47 14 31 0 
48 25 35 0 
49 61 111 0 
