NAME GBP_INSTANCES\prob_2_A_4_9_2.txt
COMMENT
BINTYPES 3
ITEMS 500
BINS_SECTIONS
0 100 100 0 297 
1 120 120 0 248 
2 150 150 0 198 
ITEMS_SECTIONS
0 34 35 0 
1 81 217 0 
2 79 162 0 
3 76 106 0 
4 55 168 0 
5 75 165 0 
6 97 113 0 
7 34 122 0 
8 60 106 0 
9 86 322 0 
10 32 50 0 
11 63 112 0 
12 22 51 0 
13 64 110 0 
14 44 167 0 
15 21 72 0 
16 81 103 0 
17 78 225 0 
18 21 14 0 
19 27 62 0 
20 48 187 0 
21 94 129 0 
22 56 202 0 
23 67 47 0 
24 48 101 0 
25 49 145 0 
26 49 72 0 
27 40 55 0 
28 42 164 0 
29 61 153 0 
30 67 93 0 
31 81 272 0 
32 44 174 0 
33 30 36 0 
34 68 119 0 
35 53 125 0 
36 48 28 0 
37 75 294 0 
38 49 99 0 
39 45 140 0 
40 50 95 0 
41 90 180 0 
42 47 129 0 
43 61 213 0 
44 48 81 0 
45 35 78 0 
46 71 118 0 
47 94 365 0 
48 97 185 0 
49 42 146 0 
50 36 46 0 
51 39 112 0 
52 61 165 0 
53 30 40 0 
54 37 34 0 
55 85 115 0 
56 87 191 0 
57 66 176 0 
58 51 102 0 
59 86 224 0 
60 90 201 0 
61 54 62 0 
62 52 79 0 
63 65 39 0 
64 85 105 0 
65 71 121 0 
66 37 86 0 
67 29 83 0 
68 39 40 0 
69 71 81 0 
70 54 100 0 
71 53 50 0 
72 44 57 0 
73 61 233 0 
74 56 185 0 
75 95 262 0 
76 41 67 0 
77 23 52 0 
78 78 107 0 
79 88 287 0 
80 72 188 0 
81 36 42 0 
82 67 255 0 
83 21 69 0 
84 34 37 0 
85 41 104 0 
86 34 21 0 
87 74 273 0 
88 61 208 0 
89 98 343 0 
90 96 57 0 
91 30 78 0 
92 66 249 0 
93 31 93 0 
94 29 114 0 
95 48 108 0 
96 93 348 0 
97 92 196 0 
98 74 45 0 
99 75 207 0 
100 21 46 0 
101 23 42 0 
102 42 105 0 
103 82 46 0 
104 45 100 0 
105 88 83 0 
106 70 84 0 
107 75 146 0 
108 53 177 0 
109 63 153 0 
110 71 168 0 
111 54 130 0 
112 61 184 0 
113 92 285 0 
114 29 59 0 
115 21 44 0 
116 57 182 0 
117 52 133 0 
118 25 55 0 
119 91 163 0 
120 55 42 0 
121 100 306 0 
122 61 51 0 
123 35 90 0 
124 82 102 0 
125 28 48 0 
126 89 128 0 
127 73 189 0 
128 81 100 0 
129 28 64 0 
130 79 167 0 
131 52 98 0 
132 23 65 0 
133 62 183 0 
134 40 57 0 
135 63 186 0 
136 57 126 0 
137 70 227 0 
138 75 214 0 
139 98 162 0 
140 95 142 0 
141 34 40 0 
142 72 269 0 
143 32 31 0 
144 36 26 0 
145 49 144 0 
146 53 31 0 
147 33 53 0 
148 100 217 0 
149 77 85 0 
150 86 143 0 
151 21 44 0 
152 70 273 0 
153 73 100 0 
154 42 112 0 
155 53 128 0 
156 46 139 0 
157 91 148 0 
158 24 85 0 
159 94 159 0 
160 60 178 0 
161 22 40 0 
162 94 57 0 
163 89 277 0 
164 34 22 0 
165 83 226 0 
166 93 174 0 
167 75 44 0 
168 80 150 0 
169 31 41 0 
170 36 54 0 
171 48 166 0 
172 53 148 0 
173 66 106 0 
174 38 99 0 
175 45 34 0 
176 47 76 0 
177 34 91 0 
178 88 103 0 
179 78 210 0 
180 90 110 0 
181 56 124 0 
182 71 105 0 
183 57 97 0 
184 25 20 0 
185 65 72 0 
186 32 89 0 
187 60 81 0 
188 65 202 0 
189 31 54 0 
190 41 124 0 
191 49 187 0 
192 39 136 0 
193 26 47 0 
194 55 113 0 
195 100 55 0 
196 79 134 0 
197 71 142 0 
198 23 21 0 
199 25 33 0 
200 31 41 0 
201 43 60 0 
202 54 199 0 
203 79 126 0 
204 93 161 0 
205 53 149 0 
206 27 61 0 
207 29 29 0 
208 59 168 0 
209 61 152 0 
210 59 158 0 
211 46 176 0 
212 71 84 0 
213 95 242 0 
214 90 121 0 
215 59 96 0 
216 76 123 0 
217 93 362 0 
218 82 321 0 
219 64 77 0 
220 41 81 0 
221 67 174 0 
222 45 161 0 
223 25 83 0 
224 22 77 0 
225 36 123 0 
226 37 124 0 
227 28 60 0 
228 62 55 0 
229 96 89 0 
230 69 78 0 
231 46 25 0 
232 66 111 0 
233 67 247 0 
234 48 152 0 
235 50 28 0 
236 96 209 0 
237 61 77 0 
238 32 66 0 
239 62 182 0 
240 39 46 0 
241 31 57 0 
242 31 56 0 
243 92 336 0 
244 45 104 0 
245 72 121 0 
246 33 35 0 
247 34 110 0 
248 58 222 0 
249 60 153 0 
250 60 40 0 
251 99 249 0 
252 77 175 0 
253 28 89 0 
254 39 99 0 
255 97 375 0 
256 94 268 0 
257 99 240 0 
258 94 82 0 
259 84 125 0 
260 81 307 0 
261 79 92 0 
262 88 339 0 
263 100 97 0 
264 97 137 0 
265 30 39 0 
266 76 301 0 
267 88 177 0 
268 63 100 0 
269 78 139 0 
270 66 61 0 
271 54 38 0 
272 28 98 0 
273 55 182 0 
274 44 160 0 
275 82 224 0 
276 50 131 0 
277 27 73 0 
278 43 139 0 
279 58 196 0 
280 41 154 0 
281 77 249 0 
282 52 164 0 
283 64 158 0 
284 70 121 0 
285 67 143 0 
286 44 174 0 
287 87 83 0 
288 94 370 0 
289 68 56 0 
290 94 105 0 
291 26 77 0 
292 37 74 0 
293 25 83 0 
294 36 77 0 
295 54 74 0 
296 34 30 0 
297 67 112 0 
298 93 173 0 
299 28 74 0 
300 31 74 0 
301 24 14 0 
302 76 70 0 
303 59 187 0 
304 65 139 0 
305 49 34 0 
306 38 36 0 
307 67 130 0 
308 84 250 0 
309 92 228 0 
310 47 74 0 
311 33 46 0 
312 95 348 0 
313 63 231 0 
314 41 67 0 
315 49 28 0 
316 36 60 0 
317 27 28 0 
318 98 89 0 
319 45 74 0 
320 22 85 0 
321 82 167 0 
322 46 178 0 
323 38 118 0 
324 23 21 0 
325 28 94 0 
326 45 45 0 
327 87 322 0 
328 25 63 0 
329 39 77 0 
330 28 16 0 
331 52 40 0 
332 75 206 0 
333 65 195 0 
334 31 77 0 
335 43 52 0 
336 28 88 0 
337 56 76 0 
338 89 328 0 
339 45 99 0 
340 21 80 0 
341 83 256 0 
342 63 176 0 
343 89 173 0 
344 45 104 0 
345 65 149 0 
346 66 136 0 
347 89 90 0 
348 30 40 0 
349 77 213 0 
350 95 317 0 
351 86 144 0 
352 34 60 0 
353 91 263 0 
354 94 288 0 
355 95 154 0 
356 93 114 0 
357 30 80 0 
358 23 86 0 
359 41 37 0 
360 56 117 0 
361 98 254 0 
362 34 122 0 
363 50 40 0 
364 66 150 0 
365 54 172 0 
366 73 144 0 
367 33 46 0 
368 31 106 0 
369 90 59 0 
370 91 343 0 
371 45 37 0 
372 92 113 0 
373 68 242 0 
374 51 189 0 
375 23 45 0 
376 36 123 0 
377 95 341 0 
378 68 173 0 
379 89 265 0 
380 62 216 0 
381 74 190 0 
382 28 86 0 
383 76 82 0 
384 41 36 0 
385 90 62 0 
386 41 118 0 
387 35 107 0 
388 98 283 0 
389 59 130 0 
390 59 222 0 
391 67 110 0 
392 28 18 0 
393 40 150 0 
394 75 214 0 
395 98 214 0 
396 76 63 0 
397 91 76 0 
398 45 180 0 
399 51 172 0 
400 25 22 0 
401 49 119 0 
402 74 282 0 
403 38 114 0 
404 87 321 0 
405 37 39 0 
406 66 256 0 
407 22 86 0 
408 49 142 0 
409 55 63 0 
410 40 45 0 
411 58 181 0 
412 100 58 0 
413 43 167 0 
414 68 187 0 
415 27 62 0 
416 35 136 0 
417 41 100 0 
418 68 89 0 
419 48 158 0 
420 85 114 0 
421 73 170 0 
422 97 372 0 
423 65 204 0 
424 82 47 0 
425 31 25 0 
426 96 299 0 
427 63 119 0 
428 50 108 0 
429 45 117 0 
430 45 168 0 
431 99 90 0 
432 42 116 0 
433 40 35 0 
434 47 178 0 
435 29 63 0 
436 72 267 0 
437 71 50 0 
438 22 60 0 
439 96 89 0 
440 64 237 0 
441 54 203 0 
442 36 130 0 
443 36 87 0 
444 72 188 0 
445 96 66 0 
446 82 274 0 
447 97 380 0 
448 85 71 0 
449 35 116 0 
450 90 355 0 
451 28 40 0 
452 59 231 0 
453 35 36 0 
454 99 230 0 
455 81 237 0 
456 36 27 0 
457 42 148 0 
458 100 206 0 
459 76 287 0 
460 55 119 0 
461 32 125 0 
462 30 52 0 
463 93 156 0 
464 27 97 0 
465 57 134 0 
466 77 240 0 
467 44 100 0 
468 72 41 0 
469 99 85 0 
470 90 162 0 
471 87 67 0 
472 55 103 0 
473 88 218 0 
474 87 192 0 
475 88 307 0 
476 100 61 0 
477 33 69 0 
478 36 37 0 
479 35 108 0 
480 96 230 0 
481 51 192 0 
482 84 292 0 
483 58 81 0 
484 65 252 0 
485 77 213 0 
486 45 29 0 
487 69 51 0 
488 24 57 0 
489 94 133 0 
490 65 99 0 
491 56 29 0 
492 31 50 0 
493 95 365 0 
494 54 175 0 
495 93 260 0 
496 84 73 0 
497 63 230 0 
498 48 183 0 
499 62 198 0 
