NAME GBP_INSTANCES\prob_2_B_1_2_9.txt
COMMENT
BINTYPES 5
ITEMS 50
BINS_SECTIONS
0 60 60 0 53 
1 80 80 0 40 
2 100 100 0 32 
3 120 120 0 27 
4 150 150 0 22 
ITEMS_SECTIONS
0 66 234 0
1 32 26 0
2 46 102 0
3 87 123 0
4 47 42 0
5 100 334 0
6 46 126 0
7 40 117 0
8 100 150 0
9 56 69 0
10 55 175 0
11 55 166 0
12 53 185 0
13 24 26 0
14 76 147 0
15 46 102 0
16 50 79 0
17 99 320 0
18 32 125 0
19 50 162 0
20 74 162 0
21 71 290 0
22 77 148 0
23 47 171 0
24 37 105 0
25 93 187 0
26 82 213 0
27 68 228 0
28 66 180 0
29 60 55 0
30 87 112 0
31 21 27 0
32 99 286 0
33 64 131 0
34 85 91 0
35 70 240 0
36 36 39 0
37 93 214 0
38 52 80 0
39 100 326 0
40 45 191 0
41 70 134 0
42 21 37 0
43 75 225 0
44 89 58 0
45 64 225 0
46 72 109 0
47 48 179 0
48 36 142 0
49 93 218 0
