NAME GBP_INSTANCES\prob_3_B_2_4_2.txt
COMMENT
BINTYPES 5
ITEMS 100
BINS_SECTIONS
0 60 60 0 125 
1 80 80 0 94 
2 100 100 0 75 
3 120 120 0 63 
4 150 150 0 50 
ITEMS_SECTIONS
0 66 77 0 
1 69 120 0 
2 61 52 0 
3 68 100 0 
4 51 156 0 
5 93 280 0 
6 99 273 0 
7 52 195 0 
8 85 99 0 
9 92 120 0 
10 66 88 0 
11 82 206 0 
12 55 50 0 
13 88 300 0 
14 73 229 0 
15 92 223 0 
16 74 271 0 
17 58 159 0 
18 73 107 0 
19 64 152 0 
20 71 195 0 
21 69 121 0 
22 90 305 0 
23 59 123 0 
24 64 252 0 
25 64 69 0 
26 78 294 0 
27 81 268 0 
28 66 49 0 
29 72 76 0 
30 88 77 0 
31 76 46 0 
32 81 61 0 
33 80 251 0 
34 55 83 0 
35 80 86 0 
36 64 209 0 
37 77 134 0 
38 53 160 0 
39 100 177 0 
40 81 319 0 
41 79 304 0 
42 94 355 0 
43 74 189 0 
44 75 218 0 
45 88 288 0 
46 75 291 0 
47 93 49 0 
48 77 177 0 
49 79 310 0 
50 81 49 0 
51 97 65 0 
52 74 261 0 
53 92 357 0 
54 59 132 0 
55 59 59 0 
56 62 35 0 
57 57 153 0 
58 77 82 0 
59 81 290 0 
60 65 38 0 
61 80 283 0 
62 68 270 0 
63 58 206 0 
64 72 69 0 
65 80 173 0 
66 86 284 0 
67 96 279 0 
68 96 362 0 
69 87 299 0 
70 68 179 0 
71 77 178 0 
72 97 166 0 
73 55 170 0 
74 72 186 0 
75 61 174 0 
76 66 245 0 
77 100 256 0 
78 61 178 0 
79 78 228 0 
80 83 316 0 
81 51 31 0 
82 64 179 0 
83 79 128 0 
84 72 277 0 
85 94 140 0 
86 67 171 0 
87 67 155 0 
88 80 306 0 
89 85 189 0 
90 55 38 0 
91 78 116 0 
92 54 192 0 
93 70 68 0 
94 96 195 0 
95 69 216 0 
96 82 86 0 
97 79 307 0 
98 55 159 0 
99 88 270 0 
