NAME GBP_INSTANCES\prob_3_A_2_7_2.txt
COMMENT
BINTYPES 3
ITEMS 100
BINS_SECTIONS
0 100 100 0 76 
1 120 120 0 63 
2 150 150 0 51 
ITEMS_SECTIONS
0 88 196 0 
1 86 200 0 
2 94 95 0 
3 63 212 0 
4 70 247 0 
5 51 108 0 
6 81 233 0 
7 59 106 0 
8 84 216 0 
9 79 223 0 
10 67 210 0 
11 86 128 0 
12 61 106 0 
13 93 71 0 
14 67 148 0 
15 96 319 0 
16 55 133 0 
17 88 185 0 
18 97 242 0 
19 60 107 0 
20 81 221 0 
21 98 144 0 
22 68 101 0 
23 89 246 0 
24 97 229 0 
25 64 185 0 
26 72 218 0 
27 52 115 0 
28 68 155 0 
29 81 48 0 
30 87 79 0 
31 64 233 0 
32 93 171 0 
33 70 124 0 
34 83 253 0 
35 88 233 0 
36 92 305 0 
37 70 178 0 
38 90 272 0 
39 68 217 0 
40 77 300 0 
41 85 167 0 
42 58 220 0 
43 77 88 0 
44 97 71 0 
45 89 344 0 
46 86 310 0 
47 59 85 0 
48 98 300 0 
49 71 145 0 
50 85 301 0 
51 53 75 0 
52 78 162 0 
53 67 190 0 
54 55 114 0 
55 56 144 0 
56 72 50 0 
57 69 143 0 
58 91 91 0 
59 90 194 0 
60 62 92 0 
61 60 133 0 
62 61 111 0 
63 62 106 0 
64 82 175 0 
65 52 162 0 
66 100 320 0 
67 84 205 0 
68 76 89 0 
69 92 51 0 
70 71 88 0 
71 55 159 0 
72 69 255 0 
73 53 81 0 
74 98 123 0 
75 54 189 0 
76 61 57 0 
77 71 249 0 
78 57 165 0 
79 53 129 0 
80 65 54 0 
81 64 256 0 
82 84 54 0 
83 59 96 0 
84 80 208 0 
85 67 48 0 
86 96 323 0 
87 84 299 0 
88 80 298 0 
89 96 291 0 
90 66 142 0 
91 90 168 0 
92 70 143 0 
93 58 198 0 
94 64 228 0 
95 90 339 0 
96 68 250 0 
97 68 150 0 
98 100 77 0 
99 72 87 0 
