NAME GBP_INSTANCES\prob_1_A_2_2_2.txt
COMMENT
BINTYPES 3
ITEMS 100
BINS_SECTIONS
0 100 100 0 51 
1 120 120 0 43 
2 150 150 0 34 
ITEMS_SECTIONS
0 68 120 0 
1 6 21 0 
2 25 18 0 
3 72 200 0 
4 58 160 0 
5 43 27 0 
6 100 273 0 
7 59 89 0 
8 63 195 0 
9 75 55 0 
10 91 284 0 
11 92 116 0 
12 15 23 0 
13 35 125 0 
14 6 12 0 
15 71 187 0 
16 49 85 0 
17 65 196 0 
18 99 351 0 
19 72 111 0 
20 6 16 0 
21 91 229 0 
22 29 22 0 
23 99 106 0 
24 36 34 0 
25 48 25 0 
26 91 238 0 
27 62 71 0 
28 72 189 0 
29 38 40 0 
30 81 46 0 
31 62 128 0 
32 51 103 0 
33 23 13 0 
34 33 34 0 
35 33 104 0 
36 46 88 0 
37 18 18 0 
38 73 124 0 
39 2 4 0 
40 89 241 0 
41 68 55 0 
42 49 77 0 
43 22 25 0 
44 52 186 0 
45 18 21 0 
46 56 125 0 
47 51 49 0 
48 58 182 0 
49 22 40 0 
50 47 59 0 
51 16 22 0 
52 92 101 0 
53 16 43 0 
54 31 109 0 
55 37 130 0 
56 100 277 0 
57 6 18 0 
58 33 94 0 
59 68 243 0 
60 15 32 0 
61 77 174 0 
62 60 165 0 
63 12 30 0 
64 16 15 0 
65 91 243 0 
66 7 16 0 
67 60 142 0 
68 72 69 0 
69 80 227 0 
70 59 223 0 
71 38 133 0 
72 56 171 0 
73 89 295 0 
74 50 32 0 
75 92 327 0 
76 72 245 0 
77 87 290 0 
78 79 299 0 
79 96 330 0 
80 20 29 0 
81 93 60 0 
82 3 8 0 
83 20 51 0 
84 7 7 0 
85 45 28 0 
86 72 47 0 
87 39 109 0 
88 32 84 0 
89 46 163 0 
90 26 104 0 
91 21 71 0 
92 77 256 0 
93 27 28 0 
94 47 81 0 
95 77 144 0 
96 5 4 0 
97 55 131 0 
98 47 115 0 
99 4 15 0 
