NAME GBP_INSTANCES\prob_2_B_3_6_2.txt
COMMENT
BINTYPES 5
ITEMS 200
BINS_SECTIONS
0 60 60 0 198 
1 80 80 0 148 
2 100 100 0 119 
3 120 120 0 99 
4 150 150 0 79 
ITEMS_SECTIONS
0 29 40 0 
1 40 124 0 
2 78 120 0 
3 88 320 0 
4 90 278 0 
5 62 129 0 
6 55 92 0 
7 80 116 0 
8 32 103 0 
9 76 256 0 
10 87 149 0 
11 33 111 0 
12 61 134 0 
13 87 182 0 
14 57 221 0 
15 74 243 0 
16 57 93 0 
17 28 67 0 
18 27 64 0 
19 55 47 0 
20 96 222 0 
21 50 102 0 
22 93 141 0 
23 89 113 0 
24 35 70 0 
25 38 131 0 
26 28 108 0 
27 55 191 0 
28 84 203 0 
29 26 56 0 
30 75 232 0 
31 35 36 0 
32 36 130 0 
33 89 81 0 
34 53 185 0 
35 89 169 0 
36 55 137 0 
37 25 44 0 
38 35 56 0 
39 64 178 0 
40 100 192 0 
41 55 106 0 
42 28 101 0 
43 71 190 0 
44 24 40 0 
45 46 73 0 
46 48 83 0 
47 93 47 0 
48 72 210 0 
49 90 269 0 
50 39 36 0 
51 72 260 0 
52 46 124 0 
53 93 363 0 
54 62 136 0 
55 68 142 0 
56 60 119 0 
57 22 44 0 
58 38 86 0 
59 75 191 0 
60 39 49 0 
61 55 158 0 
62 43 96 0 
63 27 61 0 
64 85 121 0 
65 43 80 0 
66 23 41 0 
67 94 294 0 
68 63 120 0 
69 93 59 0 
70 25 61 0 
71 21 69 0 
72 42 32 0 
73 76 233 0 
74 39 75 0 
75 79 215 0 
76 38 138 0 
77 29 37 0 
78 72 245 0 
79 82 47 0 
80 47 175 0 
81 56 94 0 
82 23 47 0 
83 82 122 0 
84 88 73 0 
85 28 80 0 
86 73 134 0 
87 44 32 0 
88 59 110 0 
89 67 220 0 
90 27 97 0 
91 68 187 0 
92 73 158 0 
93 45 31 0 
94 82 150 0 
95 44 169 0 
96 47 74 0 
97 46 94 0 
98 32 23 0 
99 64 78 0 
100 79 136 0 
101 94 202 0 
102 89 277 0 
103 91 236 0 
104 74 252 0 
105 64 175 0 
106 85 213 0 
107 26 41 0 
108 85 267 0 
109 69 94 0 
110 24 50 0 
111 64 181 0 
112 43 108 0 
113 85 302 0 
114 83 216 0 
115 48 152 0 
116 38 52 0 
117 74 293 0 
118 71 44 0 
119 59 103 0 
120 77 67 0 
121 70 153 0 
122 54 34 0 
123 50 102 0 
124 57 170 0 
125 65 198 0 
126 85 130 0 
127 51 86 0 
128 90 280 0 
129 33 54 0 
130 83 47 0 
131 46 73 0 
132 85 205 0 
133 82 155 0 
134 50 148 0 
135 58 135 0 
136 68 265 0 
137 48 37 0 
138 84 258 0 
139 53 206 0 
140 81 54 0 
141 27 54 0 
142 36 86 0 
143 23 58 0 
144 95 54 0 
145 45 38 0 
146 39 40 0 
147 23 38 0 
148 46 155 0 
149 39 81 0 
150 76 180 0 
151 41 50 0 
152 54 119 0 
153 34 101 0 
154 60 160 0 
155 43 128 0 
156 34 127 0 
157 89 63 0 
158 24 77 0 
159 57 195 0 
160 40 108 0 
161 44 176 0 
162 52 27 0 
163 93 311 0 
164 82 158 0 
165 99 193 0 
166 49 108 0 
167 75 44 0 
168 34 40 0 
169 86 260 0 
170 76 242 0 
171 66 152 0 
172 41 39 0 
173 73 263 0 
174 79 115 0 
175 77 150 0 
176 58 125 0 
177 70 72 0 
178 67 183 0 
179 63 87 0 
180 42 160 0 
181 39 37 0 
182 29 51 0 
183 49 92 0 
184 70 180 0 
185 72 159 0 
186 22 18 0 
187 78 151 0 
188 69 276 0 
189 81 241 0 
190 27 93 0 
191 43 91 0 
192 99 292 0 
193 69 117 0 
194 97 269 0 
195 28 96 0 
196 88 247 0 
197 94 105 0 
198 65 43 0 
199 24 88 0 
