NAME GBP_INSTANCES\prob_1_B_1_4_2.txt
COMMENT
BINTYPES 5
ITEMS 50
BINS_SECTIONS
0 60 60 0 45 
1 80 80 0 34 
2 100 100 0 27 
3 120 120 0 23 
4 150 150 0 18 
ITEMS_SECTIONS
0 43 74 0 
1 32 50 0 
2 64 116 0 
3 65 234 0 
4 53 123 0 
5 65 79 0 
6 100 99 0 
7 15 60 0 
8 23 35 0 
9 99 138 0 
10 35 65 0 
11 92 366 0 
12 85 107 0 
13 41 30 0 
14 23 91 0 
15 10 8 0 
16 96 238 0 
17 90 234 0 
18 32 61 0 
19 77 52 0 
20 56 89 0 
21 50 38 0 
22 97 228 0 
23 33 81 0 
24 92 136 0 
25 96 283 0 
26 36 32 0 
27 5 18 0 
28 6 7 0 
29 82 91 0 
30 34 118 0 
31 65 80 0 
32 58 146 0 
33 32 126 0 
34 35 80 0 
35 86 171 0 
36 31 88 0 
37 86 247 0 
38 34 95 0 
39 52 108 0 
40 9 23 0 
41 45 40 0 
42 34 45 0 
43 42 84 0 
44 32 82 0 
45 96 172 0 
46 38 94 0 
47 47 27 0 
48 67 62 0 
49 55 76 0 
