NAME GBP_INSTANCES\prob_2_A_3_0_2.txt
COMMENT
BINTYPES 3
ITEMS 200
BINS_SECTIONS
0 100 100 0 122 
1 120 120 0 102 
2 150 150 0 81 
ITEMS_SECTIONS
0 26 96 0 
1 76 114 0 
2 45 29 0 
3 22 27 0 
4 35 110 0 
5 87 314 0 
6 40 95 0 
7 33 49 0 
8 78 285 0 
9 25 92 0 
10 98 124 0 
11 36 100 0 
12 92 203 0 
13 38 140 0 
14 49 38 0 
15 36 136 0 
16 42 140 0 
17 79 288 0 
18 39 101 0 
19 52 129 0 
20 38 126 0 
21 89 205 0 
22 85 339 0 
23 66 148 0 
24 52 71 0 
25 82 295 0 
26 35 129 0 
27 54 127 0 
28 56 199 0 
29 28 103 0 
30 94 256 0 
31 27 33 0 
32 37 125 0 
33 95 210 0 
34 67 86 0 
35 92 49 0 
36 67 157 0 
37 93 192 0 
38 44 112 0 
39 63 119 0 
40 47 46 0 
41 65 247 0 
42 43 60 0 
43 61 139 0 
44 94 83 0 
45 47 144 0 
46 37 69 0 
47 39 118 0 
48 88 280 0 
49 74 248 0 
50 67 99 0 
51 74 289 0 
52 51 46 0 
53 49 67 0 
54 87 341 0 
55 80 161 0 
56 35 40 0 
57 66 179 0 
58 50 48 0 
59 60 79 0 
60 89 87 0 
61 28 102 0 
62 47 125 0 
63 34 34 0 
64 83 140 0 
65 76 153 0 
66 35 54 0 
67 41 56 0 
68 46 70 0 
69 57 169 0 
70 94 83 0 
71 74 131 0 
72 79 240 0 
73 98 216 0 
74 34 117 0 
75 25 52 0 
76 91 285 0 
77 28 91 0 
78 77 292 0 
79 54 139 0 
80 34 46 0 
81 54 182 0 
82 90 319 0 
83 23 90 0 
84 72 125 0 
85 83 60 0 
86 53 141 0 
87 96 139 0 
88 77 83 0 
89 42 45 0 
90 96 82 0 
91 88 346 0 
92 64 252 0 
93 27 73 0 
94 22 66 0 
95 85 89 0 
96 65 46 0 
97 47 101 0 
98 72 172 0 
99 64 100 0 
100 95 237 0 
101 63 194 0 
102 42 133 0 
103 76 231 0 
104 75 278 0 
105 82 310 0 
106 47 80 0 
107 90 321 0 
108 36 108 0 
109 28 55 0 
110 24 28 0 
111 89 336 0 
112 81 251 0 
113 49 78 0 
114 81 114 0 
115 89 316 0 
116 24 42 0 
117 100 75 0 
118 65 88 0 
119 97 321 0 
120 97 83 0 
121 93 124 0 
122 40 24 0 
123 92 360 0 
124 91 228 0 
125 96 161 0 
126 64 35 0 
127 39 30 0 
128 81 56 0 
129 41 46 0 
130 78 242 0 
131 22 60 0 
132 95 337 0 
133 86 72 0 
134 38 97 0 
135 26 65 0 
136 54 168 0 
137 66 213 0 
138 78 195 0 
139 83 164 0 
140 39 110 0 
141 62 246 0 
142 33 112 0 
143 99 257 0 
144 65 160 0 
145 98 275 0 
146 28 61 0 
147 47 185 0 
148 66 206 0 
149 57 29 0 
150 22 65 0 
151 97 243 0 
152 53 142 0 
153 68 43 0 
154 85 235 0 
155 94 335 0 
156 41 32 0 
157 35 77 0 
158 38 122 0 
159 25 27 0 
160 26 44 0 
161 21 20 0 
162 52 71 0 
163 85 108 0 
164 83 190 0 
165 64 122 0 
166 50 45 0 
167 69 251 0 
168 70 177 0 
169 22 47 0 
170 58 119 0 
171 62 235 0 
172 47 108 0 
173 33 84 0 
174 76 189 0 
175 66 127 0 
176 21 12 0 
177 87 117 0 
178 98 148 0 
179 60 148 0 
180 35 79 0 
181 39 58 0 
182 40 134 0 
183 53 54 0 
184 98 169 0 
185 65 187 0 
186 53 178 0 
187 26 73 0 
188 99 304 0 
189 90 202 0 
190 22 52 0 
191 40 52 0 
192 76 298 0 
193 37 107 0 
194 89 246 0 
195 90 167 0 
196 97 102 0 
197 68 83 0 
198 22 52 0 
199 59 70 0 
