NAME GBP_INSTANCES\prob_2_A_4_2_2.txt
COMMENT
BINTYPES 3
ITEMS 500
BINS_SECTIONS
0 100 100 0 303 
1 120 120 0 253 
2 150 150 0 202 
ITEMS_SECTIONS
0 92 180 0 
1 80 44 0 
2 64 43 0 
3 71 248 0 
4 98 385 0 
5 26 53 0 
6 56 65 0 
7 38 111 0 
8 48 66 0 
9 27 31 0 
10 57 192 0 
11 89 295 0 
12 79 234 0 
13 49 34 0 
14 51 48 0 
15 100 377 0 
16 62 162 0 
17 34 24 0 
18 83 129 0 
19 44 62 0 
20 61 112 0 
21 26 33 0 
22 31 32 0 
23 63 230 0 
24 94 330 0 
25 25 96 0 
26 78 232 0 
27 88 352 0 
28 63 35 0 
29 27 98 0 
30 28 92 0 
31 61 239 0 
32 62 201 0 
33 79 281 0 
34 31 100 0 
35 37 58 0 
36 91 118 0 
37 95 119 0 
38 64 164 0 
39 97 387 0 
40 21 54 0 
41 69 227 0 
42 26 56 0 
43 85 287 0 
44 36 69 0 
45 94 369 0 
46 21 79 0 
47 47 107 0 
48 90 114 0 
49 43 130 0 
50 40 85 0 
51 26 20 0 
52 30 23 0 
53 66 219 0 
54 79 54 0 
55 99 187 0 
56 47 87 0 
57 79 162 0 
58 45 159 0 
59 23 78 0 
60 79 281 0 
61 58 80 0 
62 92 84 0 
63 97 386 0 
64 41 83 0 
65 87 157 0 
66 25 34 0 
67 49 105 0 
68 91 306 0 
69 67 239 0 
70 79 172 0 
71 36 20 0 
72 82 175 0 
73 43 52 0 
74 56 186 0 
75 80 246 0 
76 40 75 0 
77 79 172 0 
78 61 101 0 
79 32 121 0 
80 96 327 0 
81 91 60 0 
82 69 215 0 
83 72 260 0 
84 54 63 0 
85 76 172 0 
86 55 48 0 
87 71 161 0 
88 38 46 0 
89 40 159 0 
90 66 166 0 
91 57 93 0 
92 86 66 0 
93 59 144 0 
94 49 41 0 
95 44 136 0 
96 76 152 0 
97 85 195 0 
98 99 140 0 
99 100 382 0 
100 55 117 0 
101 29 89 0 
102 56 137 0 
103 35 140 0 
104 57 104 0 
105 39 100 0 
106 76 257 0 
107 52 194 0 
108 57 98 0 
109 74 238 0 
110 71 92 0 
111 89 173 0 
112 67 51 0 
113 41 154 0 
114 32 114 0 
115 49 79 0 
116 92 86 0 
117 88 127 0 
118 100 186 0 
119 92 156 0 
120 29 27 0 
121 83 77 0 
122 76 109 0 
123 85 123 0 
124 90 348 0 
125 82 130 0 
126 25 68 0 
127 72 143 0 
128 92 155 0 
129 60 41 0 
130 85 176 0 
131 91 127 0 
132 99 315 0 
133 37 122 0 
134 85 171 0 
135 58 135 0 
136 50 105 0 
137 79 280 0 
138 30 32 0 
139 50 125 0 
140 54 200 0 
141 36 56 0 
142 84 143 0 
143 42 116 0 
144 24 29 0 
145 84 118 0 
146 48 133 0 
147 50 32 0 
148 97 150 0 
149 23 50 0 
150 95 264 0 
151 61 178 0 
152 23 52 0 
153 71 182 0 
154 30 50 0 
155 66 132 0 
156 96 240 0 
157 70 40 0 
158 43 130 0 
159 58 63 0 
160 51 41 0 
161 87 152 0 
162 72 221 0 
163 69 97 0 
164 99 252 0 
165 35 29 0 
166 74 192 0 
167 99 99 0 
168 42 53 0 
169 28 80 0 
170 42 96 0 
171 26 73 0 
172 74 74 0 
173 52 177 0 
174 33 51 0 
175 61 74 0 
176 29 24 0 
177 21 28 0 
178 96 68 0 
179 78 109 0 
180 24 57 0 
181 88 317 0 
182 55 35 0 
183 66 260 0 
184 61 230 0 
185 35 53 0 
186 59 128 0 
187 29 77 0 
188 25 66 0 
189 93 60 0 
190 26 67 0 
191 65 176 0 
192 31 26 0 
193 89 188 0 
194 84 168 0 
195 68 209 0 
196 85 336 0 
197 95 316 0 
198 69 92 0 
199 21 30 0 
200 50 199 0 
201 82 70 0 
202 91 328 0 
203 84 326 0 
204 77 53 0 
205 95 214 0 
206 68 141 0 
207 25 33 0 
208 98 251 0 
209 57 55 0 
210 89 66 0 
211 40 33 0 
212 61 135 0 
213 58 177 0 
214 56 166 0 
215 61 232 0 
216 60 66 0 
217 94 250 0 
218 73 249 0 
219 69 66 0 
220 37 45 0 
221 26 32 0 
222 31 55 0 
223 26 97 0 
224 69 190 0 
225 77 267 0 
226 85 165 0 
227 32 85 0 
228 86 184 0 
229 95 358 0 
230 93 155 0 
231 30 27 0 
232 52 195 0 
233 42 129 0 
234 96 177 0 
235 73 78 0 
236 23 82 0 
237 24 49 0 
238 77 77 0 
239 78 47 0 
240 49 183 0 
241 86 88 0 
242 39 128 0 
243 73 198 0 
244 78 226 0 
245 74 139 0 
246 68 66 0 
247 28 97 0 
248 53 193 0 
249 53 107 0 
250 78 253 0 
251 30 95 0 
252 50 107 0 
253 34 74 0 
254 95 255 0 
255 59 133 0 
256 80 75 0 
257 68 156 0 
258 57 170 0 
259 51 111 0 
260 49 179 0 
261 41 78 0 
262 66 197 0 
263 43 132 0 
264 61 151 0 
265 39 87 0 
266 72 78 0 
267 69 171 0 
268 26 74 0 
269 69 156 0 
270 85 163 0 
271 72 217 0 
272 53 34 0 
273 89 272 0 
274 57 67 0 
275 62 231 0 
276 98 181 0 
277 88 222 0 
278 42 106 0 
279 58 214 0 
280 35 137 0 
281 47 105 0 
282 98 132 0 
283 62 126 0 
284 57 143 0 
285 89 167 0 
286 72 157 0 
287 71 180 0 
288 95 291 0 
289 87 317 0 
290 78 126 0 
291 42 146 0 
292 77 68 0 
293 66 40 0 
294 47 182 0 
295 83 245 0 
296 48 37 0 
297 49 169 0 
298 51 96 0 
299 57 61 0 
300 40 57 0 
301 24 61 0 
302 94 218 0 
303 50 83 0 
304 81 237 0 
305 57 183 0 
306 30 25 0 
307 36 94 0 
308 64 142 0 
309 96 168 0 
310 64 52 0 
311 27 55 0 
312 34 36 0 
313 54 57 0 
314 94 166 0 
315 64 78 0 
316 51 176 0 
317 50 73 0 
318 33 113 0 
319 76 80 0 
320 23 19 0 
321 87 325 0 
322 83 257 0 
323 69 76 0 
324 32 21 0 
325 33 104 0 
326 71 191 0 
327 42 25 0 
328 21 83 0 
329 56 77 0 
330 84 73 0 
331 89 174 0 
332 97 50 0 
333 53 173 0 
334 84 327 0 
335 78 154 0 
336 61 125 0 
337 64 47 0 
338 21 54 0 
339 95 282 0 
340 77 63 0 
341 63 77 0 
342 38 57 0 
343 80 308 0 
344 38 119 0 
345 65 103 0 
346 46 26 0 
347 82 308 0 
348 22 37 0 
349 64 92 0 
350 26 98 0 
351 36 41 0 
352 51 138 0 
353 28 23 0 
354 27 104 0 
355 27 51 0 
356 93 108 0 
357 89 240 0 
358 71 169 0 
359 78 153 0 
360 26 20 0 
361 54 145 0 
362 79 311 0 
363 45 118 0 
364 63 239 0 
365 46 153 0 
366 92 147 0 
367 92 283 0 
368 38 47 0 
369 36 100 0 
370 34 107 0 
371 86 259 0 
372 75 196 0 
373 82 150 0 
374 87 275 0 
375 70 81 0 
376 71 106 0 
377 74 98 0 
378 30 67 0 
379 67 204 0 
380 35 98 0 
381 85 50 0 
382 78 270 0 
383 100 222 0 
384 84 321 0 
385 38 81 0 
386 39 44 0 
387 34 95 0 
388 35 108 0 
389 30 105 0 
390 39 124 0 
391 57 215 0 
392 68 177 0 
393 41 69 0 
394 40 146 0 
395 31 61 0 
396 45 33 0 
397 21 77 0 
398 54 140 0 
399 55 111 0 
400 96 130 0 
401 63 65 0 
402 88 153 0 
403 82 178 0 
404 71 63 0 
405 52 157 0 
406 70 91 0 
407 37 94 0 
408 37 67 0 
409 86 146 0 
410 60 219 0 
411 42 69 0 
412 76 283 0 
413 36 97 0 
414 33 86 0 
415 44 37 0 
416 62 51 0 
417 92 123 0 
418 29 87 0 
419 39 140 0 
420 34 70 0 
421 22 47 0 
422 21 34 0 
423 33 115 0 
424 27 102 0 
425 25 51 0 
426 72 236 0 
427 61 228 0 
428 66 100 0 
429 44 91 0 
430 42 153 0 
431 37 47 0 
432 35 105 0 
433 85 269 0 
434 60 181 0 
435 64 247 0 
436 80 289 0 
437 82 75 0 
438 63 111 0 
439 46 140 0 
440 34 100 0 
441 30 46 0 
442 87 249 0 
443 94 125 0 
444 47 149 0 
445 44 57 0 
446 31 63 0 
447 73 259 0 
448 46 100 0 
449 93 71 0 
450 82 160 0 
451 55 175 0 
452 100 61 0 
453 33 30 0 
454 44 95 0 
455 85 130 0 
456 62 240 0 
457 100 343 0 
458 53 124 0 
459 59 92 0 
460 66 136 0 
461 68 246 0 
462 26 40 0 
463 56 36 0 
464 93 128 0 
465 48 157 0 
466 85 209 0 
467 81 239 0 
468 31 65 0 
469 85 77 0 
470 41 161 0 
471 34 82 0 
472 41 155 0 
473 86 344 0 
474 82 294 0 
475 59 119 0 
476 88 52 0 
477 48 57 0 
478 32 98 0 
479 98 85 0 
480 51 51 0 
481 32 85 0 
482 62 40 0 
483 87 178 0 
484 83 317 0 
485 84 291 0 
486 30 99 0 
487 84 90 0 
488 49 194 0 
489 48 83 0 
490 42 63 0 
491 92 91 0 
492 65 131 0 
493 93 187 0 
494 33 26 0 
495 77 70 0 
496 64 200 0 
497 66 220 0 
498 75 240 0 
499 90 278 0 
