NAME GBP_INSTANCES\prob_1_B_3_9_2.txt
COMMENT
BINTYPES 5
ITEMS 200
BINS_SECTIONS
0 60 60 0 178 
1 80 80 0 134 
2 100 100 0 107 
3 120 120 0 89 
4 150 150 0 71 
ITEMS_SECTIONS
0 42 101 0 
1 90 197 0 
2 18 40 0 
3 64 251 0 
4 30 110 0 
5 82 81 0 
6 87 297 0 
7 91 210 0 
8 70 193 0 
9 78 185 0 
10 13 19 0 
11 64 103 0 
12 76 41 0 
13 78 292 0 
14 85 88 0 
15 44 31 0 
16 6 16 0 
17 52 120 0 
18 20 58 0 
19 11 32 0 
20 83 177 0 
21 21 24 0 
22 91 239 0 
23 53 185 0 
24 86 275 0 
25 50 105 0 
26 84 123 0 
27 71 232 0 
28 37 82 0 
29 67 177 0 
30 66 80 0 
31 78 93 0 
32 54 213 0 
33 8 32 0 
34 9 25 0 
35 78 160 0 
36 16 62 0 
37 99 320 0 
38 89 159 0 
39 2 5 0 
40 57 91 0 
41 100 394 0 
42 72 233 0 
43 96 217 0 
44 89 152 0 
45 88 165 0 
46 21 12 0 
47 51 49 0 
48 42 154 0 
49 22 22 0 
50 31 111 0 
51 21 48 0 
52 11 38 0 
53 82 321 0 
54 42 149 0 
55 73 185 0 
56 38 131 0 
57 92 85 0 
58 10 10 0 
59 5 18 0 
60 83 222 0 
61 43 76 0 
62 95 357 0 
63 35 123 0 
64 22 70 0 
65 13 45 0 
66 77 303 0 
67 43 92 0 
68 29 16 0 
69 15 11 0 
70 3 11 0 
71 62 158 0 
72 78 165 0 
73 54 133 0 
74 15 20 0 
75 74 174 0 
76 34 121 0 
77 33 113 0 
78 72 187 0 
79 27 82 0 
80 38 98 0 
81 82 109 0 
82 67 217 0 
83 34 35 0 
84 88 46 0 
85 65 36 0 
86 99 164 0 
87 56 165 0 
88 12 8 0 
89 22 53 0 
90 83 331 0 
91 38 66 0 
92 11 14 0 
93 99 182 0 
94 51 34 0 
95 90 212 0 
96 9 29 0 
97 57 75 0 
98 43 40 0 
99 5 14 0 
100 58 136 0 
101 60 180 0 
102 31 28 0 
103 74 157 0 
104 41 50 0 
105 72 98 0 
106 72 93 0 
107 19 29 0 
108 27 95 0 
109 64 205 0 
110 44 85 0 
111 86 186 0 
112 18 17 0 
113 25 30 0 
114 49 104 0 
115 26 54 0 
116 41 47 0 
117 20 50 0 
118 43 80 0 
119 6 11 0 
120 27 35 0 
121 64 240 0 
122 88 57 0 
123 70 209 0 
124 25 26 0 
125 59 52 0 
126 59 79 0 
127 16 28 0 
128 99 101 0 
129 74 227 0 
130 25 69 0 
131 66 42 0 
132 64 191 0 
133 2 2 0 
134 26 40 0 
135 46 96 0 
136 74 190 0 
137 72 215 0 
138 74 247 0 
139 12 27 0 
140 61 184 0 
141 71 178 0 
142 88 347 0 
143 53 100 0 
144 29 81 0 
145 28 79 0 
146 90 289 0 
147 31 87 0 
148 65 124 0 
149 31 77 0 
150 96 272 0 
151 36 96 0 
152 21 44 0 
153 29 51 0 
154 100 269 0 
155 65 121 0 
156 100 395 0 
157 75 215 0 
158 94 360 0 
159 88 174 0 
160 4 14 0 
161 84 330 0 
162 35 80 0 
163 93 194 0 
164 79 258 0 
165 42 57 0 
166 86 230 0 
167 96 168 0 
168 27 37 0 
169 58 127 0 
170 46 34 0 
171 94 52 0 
172 98 51 0 
173 75 198 0 
174 100 133 0 
175 60 141 0 
176 38 74 0 
177 51 95 0 
178 5 19 0 
179 42 23 0 
180 28 68 0 
181 17 38 0 
182 32 93 0 
183 69 52 0 
184 57 146 0 
185 13 43 0 
186 94 319 0 
187 42 61 0 
188 88 270 0 
189 39 102 0 
190 77 222 0 
191 96 76 0 
192 48 189 0 
193 88 270 0 
194 87 235 0 
195 9 7 0 
196 7 23 0 
197 17 36 0 
198 57 106 0 
199 52 120 0 
