NAME GBP_INSTANCES\prob_3_B_1_9_2.txt
COMMENT
BINTYPES 5
ITEMS 50
BINS_SECTIONS
0 60 60 0 66 
1 80 80 0 50 
2 100 100 0 40 
3 120 120 0 33 
4 150 150 0 27 
ITEMS_SECTIONS
0 66 90 0 
1 90 230 0 
2 100 366 0 
3 77 224 0 
4 79 303 0 
5 81 219 0 
6 78 266 0 
7 84 78 0 
8 96 140 0 
9 60 228 0 
10 96 254 0 
11 83 317 0 
12 72 280 0 
13 80 278 0 
14 61 137 0 
15 87 337 0 
16 55 104 0 
17 64 39 0 
18 92 105 0 
19 84 90 0 
20 74 252 0 
21 76 183 0 
22 94 281 0 
23 91 226 0 
24 79 210 0 
25 60 119 0 
26 93 77 0 
27 81 313 0 
28 51 123 0 
29 85 74 0 
30 78 209 0 
31 62 237 0 
32 51 172 0 
33 93 308 0 
34 57 140 0 
35 90 306 0 
36 91 70 0 
37 85 195 0 
38 56 99 0 
39 79 292 0 
40 77 96 0 
41 97 78 0 
42 84 95 0 
43 72 158 0 
44 97 140 0 
45 99 223 0 
46 93 344 0 
47 63 213 0 
48 95 76 0 
49 64 212 0 
