NAME GBP_INSTANCES\prob_1_B_1_5_2.txt
COMMENT
BINTYPES 5
ITEMS 50
BINS_SECTIONS
0 60 60 0 39 
1 80 80 0 29 
2 100 100 0 23 
3 120 120 0 20 
4 150 150 0 16 
ITEMS_SECTIONS
0 52 59 0 
1 16 53 0 
2 41 59 0 
3 97 138 0 
4 69 83 0 
5 3 11 0 
6 86 339 0 
7 41 147 0 
8 6 18 0 
9 27 21 0 
10 42 64 0 
11 26 38 0 
12 62 68 0 
13 89 222 0 
14 62 138 0 
15 62 181 0 
16 80 89 0 
17 68 153 0 
18 73 163 0 
19 6 4 0 
20 73 42 0 
21 57 137 0 
22 32 32 0 
23 10 10 0 
24 88 251 0 
25 31 115 0 
26 25 81 0 
27 27 74 0 
28 90 133 0 
29 35 72 0 
30 65 201 0 
31 7 7 0 
32 19 32 0 
33 70 273 0 
34 19 28 0 
35 59 121 0 
36 16 27 0 
37 64 83 0 
38 32 89 0 
39 37 20 0 
40 66 256 0 
41 14 32 0 
42 73 266 0 
43 2 5 0 
44 50 127 0 
45 75 84 0 
46 72 60 0 
47 21 74 0 
48 57 133 0 
49 2 7 0 
