NAME GBP_INSTANCES\prob_3_A_3_6_2.txt
COMMENT
BINTYPES 3
ITEMS 200
BINS_SECTIONS
0 100 100 0 149 
1 120 120 0 124 
2 150 150 0 99 
ITEMS_SECTIONS
0 84 318 0 
1 63 183 0 
2 65 225 0 
3 82 251 0 
4 70 227 0 
5 68 66 0 
6 94 286 0 
7 74 273 0 
8 65 59 0 
9 97 129 0 
10 80 125 0 
11 51 123 0 
12 78 42 0 
13 85 217 0 
14 66 39 0 
15 56 150 0 
16 76 86 0 
17 77 232 0 
18 81 198 0 
19 70 280 0 
20 86 329 0 
21 100 194 0 
22 69 230 0 
23 61 33 0 
24 78 42 0 
25 83 215 0 
26 99 77 0 
27 61 86 0 
28 54 142 0 
29 94 118 0 
30 94 204 0 
31 62 224 0 
32 83 192 0 
33 64 252 0 
34 89 339 0 
35 86 273 0 
36 61 125 0 
37 52 187 0 
38 95 136 0 
39 86 305 0 
40 86 87 0 
41 87 260 0 
42 97 147 0 
43 89 259 0 
44 94 61 0 
45 90 263 0 
46 51 97 0 
47 65 156 0 
48 69 214 0 
49 97 76 0 
50 64 74 0 
51 60 86 0 
52 86 252 0 
53 52 33 0 
54 68 42 0 
55 57 115 0 
56 62 219 0 
57 92 73 0 
58 75 116 0 
59 61 204 0 
60 96 175 0 
61 73 203 0 
62 74 165 0 
63 79 271 0 
64 99 387 0 
65 80 277 0 
66 53 183 0 
67 73 197 0 
68 80 292 0 
69 64 241 0 
70 62 195 0 
71 71 276 0 
72 53 121 0 
73 92 315 0 
74 97 161 0 
75 64 242 0 
76 60 224 0 
77 62 42 0 
78 73 150 0 
79 66 82 0 
80 87 247 0 
81 67 153 0 
82 63 179 0 
83 71 232 0 
84 82 159 0 
85 54 28 0 
86 74 258 0 
87 86 237 0 
88 75 237 0 
89 64 158 0 
90 87 219 0 
91 59 95 0 
92 74 274 0 
93 63 65 0 
94 79 122 0 
95 55 208 0 
96 87 339 0 
97 79 92 0 
98 56 153 0 
99 86 82 0 
100 93 228 0 
101 61 170 0 
102 66 155 0 
103 84 222 0 
104 55 109 0 
105 90 285 0 
106 69 268 0 
107 53 93 0 
108 64 242 0 
109 90 280 0 
110 85 213 0 
111 66 197 0 
112 88 188 0 
113 72 271 0 
114 94 347 0 
115 54 154 0 
116 72 77 0 
117 65 173 0 
118 61 214 0 
119 98 83 0 
120 79 201 0 
121 70 56 0 
122 65 195 0 
123 66 240 0 
124 86 340 0 
125 81 152 0 
126 92 215 0 
127 71 52 0 
128 56 206 0 
129 57 43 0 
130 81 118 0 
131 85 67 0 
132 83 205 0 
133 55 44 0 
134 87 282 0 
135 73 80 0 
136 79 135 0 
137 94 245 0 
138 87 176 0 
139 51 70 0 
140 67 143 0 
141 69 167 0 
142 51 166 0 
143 69 38 0 
144 78 195 0 
145 71 69 0 
146 59 194 0 
147 78 175 0 
148 80 79 0 
149 98 313 0 
150 66 178 0 
151 89 149 0 
152 84 313 0 
153 60 129 0 
154 78 229 0 
155 61 116 0 
156 54 58 0 
157 98 264 0 
158 59 181 0 
159 99 284 0 
160 59 157 0 
161 91 124 0 
162 98 90 0 
163 95 165 0 
164 60 120 0 
165 61 110 0 
166 66 143 0 
167 78 154 0 
168 60 119 0 
169 94 300 0 
170 60 32 0 
171 69 222 0 
172 52 49 0 
173 96 158 0 
174 98 355 0 
175 67 220 0 
176 61 98 0 
177 57 213 0 
178 95 118 0 
179 76 253 0 
180 51 49 0 
181 73 58 0 
182 86 290 0 
183 93 221 0 
184 52 35 0 
185 64 250 0 
186 77 128 0 
187 89 219 0 
188 73 258 0 
189 89 113 0 
190 85 297 0 
191 55 40 0 
192 99 278 0 
193 88 85 0 
194 63 40 0 
195 60 152 0 
196 57 128 0 
197 51 202 0 
198 57 208 0 
199 79 259 0 
