NAME GBP_INSTANCES\prob_1_B_0_4_2.txt
COMMENT
BINTYPES 5
ITEMS 25
BINS_SECTIONS
0 60 60 0 23 
1 80 80 0 17 
2 100 100 0 14 
3 120 120 0 12 
4 150 150 0 9 
ITEMS_SECTIONS
0 55 62 0 
1 38 94 0 
2 51 154 0 
3 67 265 0 
4 9 12 0 
5 54 132 0 
6 25 15 0 
7 51 166 0 
8 49 91 0 
9 48 124 0 
10 73 51 0 
11 41 51 0 
12 75 157 0 
13 92 76 0 
14 100 123 0 
15 81 63 0 
16 99 212 0 
17 50 177 0 
18 33 87 0 
19 20 17 0 
20 14 45 0 
21 15 10 0 
22 87 56 0 
23 27 14 0 
24 80 193 0 
