NAME GBP_INSTANCES\prob_1_B_1_6_2.txt
COMMENT
BINTYPES 5
ITEMS 50
BINS_SECTIONS
0 60 60 0 45 
1 80 80 0 34 
2 100 100 0 27 
3 120 120 0 23 
4 150 150 0 18 
ITEMS_SECTIONS
0 65 233 0 
1 74 255 0 
2 54 66 0 
3 92 246 0 
4 39 83 0 
5 14 54 0 
6 56 201 0 
7 63 175 0 
8 67 211 0 
9 41 164 0 
10 2 6 0 
11 87 323 0 
12 40 38 0 
13 60 116 0 
14 64 256 0 
15 37 51 0 
16 83 109 0 
17 75 115 0 
18 20 37 0 
19 61 130 0 
20 61 129 0 
21 70 64 0 
22 98 314 0 
23 26 28 0 
24 64 153 0 
25 59 102 0 
26 20 17 0 
27 69 234 0 
28 75 113 0 
29 40 138 0 
30 71 280 0 
31 84 44 0 
32 14 12 0 
33 26 35 0 
34 9 10 0 
35 81 112 0 
36 47 93 0 
37 12 29 0 
38 41 116 0 
39 52 60 0 
40 84 137 0 
41 32 19 0 
42 90 205 0 
43 80 71 0 
44 18 58 0 
45 67 42 0 
46 65 232 0 
47 20 70 0 
48 54 165 0 
49 72 159 0 
