NAME GBP_INSTANCES\prob_1_A_2_6_2.txt
COMMENT
BINTYPES 3
ITEMS 100
BINS_SECTIONS
0 100 100 0 49 
1 120 120 0 41 
2 150 150 0 33 
ITEMS_SECTIONS
0 43 162 0 
1 67 247 0 
2 22 47 0 
3 80 275 0 
4 15 54 0 
5 37 80 0 
6 80 205 0 
7 44 30 0 
8 63 229 0 
9 50 184 0 
10 22 43 0 
11 12 31 0 
12 71 156 0 
13 42 40 0 
14 39 74 0 
15 46 173 0 
16 19 48 0 
17 52 160 0 
18 58 107 0 
19 30 69 0 
20 38 75 0 
21 29 54 0 
22 70 68 0 
23 88 199 0 
24 77 286 0 
25 18 35 0 
26 41 149 0 
27 76 88 0 
28 2 5 0 
29 30 89 0 
30 24 56 0 
31 11 42 0 
32 48 109 0 
33 64 212 0 
34 46 63 0 
35 95 176 0 
36 57 107 0 
37 80 303 0 
38 85 278 0 
39 2 2 0 
40 8 21 0 
41 97 337 0 
42 24 72 0 
43 58 138 0 
44 75 115 0 
45 6 10 0 
46 79 201 0 
47 33 21 0 
48 21 48 0 
49 75 209 0 
50 6 5 0 
51 18 38 0 
52 66 264 0 
53 51 175 0 
54 68 136 0 
55 41 127 0 
56 36 142 0 
57 7 20 0 
58 83 176 0 
59 3 2 0 
60 24 50 0 
61 54 72 0 
62 26 33 0 
63 40 25 0 
64 79 279 0 
65 84 138 0 
66 89 197 0 
67 53 154 0 
68 58 145 0 
69 39 93 0 
70 13 36 0 
71 68 241 0 
72 34 124 0 
73 61 34 0 
74 55 44 0 
75 86 296 0 
76 21 13 0 
77 67 101 0 
78 28 22 0 
79 82 148 0 
80 2 2 0 
81 58 222 0 
82 64 210 0 
83 9 21 0 
84 10 13 0 
85 15 33 0 
86 52 124 0 
87 78 243 0 
88 58 145 0 
89 13 36 0 
90 86 111 0 
91 57 91 0 
92 68 269 0 
93 83 102 0 
94 81 183 0 
95 61 42 0 
96 91 50 0 
97 65 69 0 
98 4 16 0 
99 83 164 0 
