NAME GBP_INSTANCES\prob_2_B_1_2_2.txt
COMMENT
BINTYPES 5
ITEMS 50
BINS_SECTIONS
0 60 60 0 48 
1 80 80 0 36 
2 100 100 0 29 
3 120 120 0 24 
4 150 150 0 20 
ITEMS_SECTIONS
0 95 168 0 
1 33 66 0 
2 81 175 0 
3 46 128 0 
4 47 36 0 
5 89 56 0 
6 25 67 0 
7 81 224 0 
8 33 97 0 
9 89 171 0 
10 49 101 0 
11 40 143 0 
12 42 104 0 
13 41 25 0 
14 38 66 0 
15 94 263 0 
16 35 39 0 
17 49 137 0 
18 66 163 0 
19 80 244 0 
20 61 154 0 
21 74 72 0 
22 43 69 0 
23 51 126 0 
24 23 78 0 
25 38 84 0 
26 27 53 0 
27 88 269 0 
28 61 68 0 
29 35 98 0 
30 66 225 0 
31 40 160 0 
32 91 357 0 
33 22 25 0 
34 95 230 0 
35 96 183 0 
36 45 72 0 
37 30 104 0 
38 36 141 0 
39 70 76 0 
40 63 125 0 
41 29 104 0 
42 78 226 0 
43 38 146 0 
44 97 162 0 
45 91 161 0 
46 70 218 0 
47 79 134 0 
48 22 78 0 
49 67 86 0 
