NAME GBP_INSTANCES\prob_1_A_2_4_2.txt
COMMENT
BINTYPES 3
ITEMS 100
BINS_SECTIONS
0 100 100 0 52 
1 120 120 0 43 
2 150 150 0 35 
ITEMS_SECTIONS
0 39 43 0 
1 84 222 0 
2 32 44 0 
3 33 30 0 
4 25 54 0 
5 94 244 0 
6 66 158 0 
7 47 117 0 
8 58 122 0 
9 11 18 0 
10 56 65 0 
11 29 100 0 
12 76 63 0 
13 67 145 0 
14 61 243 0 
15 99 204 0 
16 16 40 0 
17 44 92 0 
18 74 219 0 
19 100 116 0 
20 48 156 0 
21 94 286 0 
22 65 136 0 
23 60 140 0 
24 20 46 0 
25 27 73 0 
26 67 44 0 
27 55 176 0 
28 50 131 0 
29 57 74 0 
30 15 17 0 
31 59 51 0 
32 67 200 0 
33 86 265 0 
34 15 35 0 
35 94 114 0 
36 53 133 0 
37 26 34 0 
38 69 274 0 
39 95 267 0 
40 75 167 0 
41 11 14 0 
42 21 31 0 
43 96 272 0 
44 65 70 0 
45 21 59 0 
46 38 67 0 
47 39 150 0 
48 20 38 0 
49 76 140 0 
50 27 60 0 
51 36 107 0 
52 9 22 0 
53 98 323 0 
54 75 114 0 
55 65 185 0 
56 43 170 0 
57 12 45 0 
58 9 35 0 
59 42 31 0 
60 80 315 0 
61 85 203 0 
62 82 298 0 
63 37 137 0 
64 57 46 0 
65 87 91 0 
66 69 118 0 
67 92 234 0 
68 89 343 0 
69 41 133 0 
70 85 148 0 
71 12 26 0 
72 40 86 0 
73 60 237 0 
74 5 9 0 
75 47 105 0 
76 4 6 0 
77 65 105 0 
78 2 6 0 
79 97 198 0 
80 6 19 0 
81 40 29 0 
82 74 226 0 
83 17 25 0 
84 58 107 0 
85 39 32 0 
86 98 177 0 
87 42 73 0 
88 73 126 0 
89 4 6 0 
90 47 73 0 
91 69 144 0 
92 75 280 0 
93 2 5 0 
94 36 68 0 
95 54 39 0 
96 21 31 0 
97 41 42 0 
98 36 95 0 
99 79 182 0 
