NAME GBP_INSTANCES\prob_3_B_2_1_2.txt
COMMENT
BINTYPES 5
ITEMS 100
BINS_SECTIONS
0 60 60 0 133 
1 80 80 0 100 
2 100 100 0 80 
3 120 120 0 67 
4 150 150 0 53 
ITEMS_SECTIONS
0 97 328 0 
1 93 79 0 
2 94 54 0 
3 96 109 0 
4 69 266 0 
5 77 76 0 
6 95 217 0 
7 92 277 0 
8 80 60 0 
9 94 133 0 
10 98 318 0 
11 77 291 0 
12 93 124 0 
13 63 74 0 
14 77 101 0 
15 61 67 0 
16 66 261 0 
17 61 35 0 
18 79 149 0 
19 95 116 0 
20 67 133 0 
21 94 352 0 
22 90 63 0 
23 52 124 0 
24 76 274 0 
25 82 214 0 
26 76 262 0 
27 83 105 0 
28 98 202 0 
29 51 106 0 
30 56 127 0 
31 82 47 0 
32 73 121 0 
33 99 202 0 
34 79 193 0 
35 55 128 0 
36 81 121 0 
37 75 169 0 
38 92 190 0 
39 80 226 0 
40 90 213 0 
41 88 224 0 
42 88 119 0 
43 67 219 0 
44 61 88 0 
45 99 107 0 
46 78 215 0 
47 79 251 0 
48 82 232 0 
49 94 175 0 
50 98 392 0 
51 96 132 0 
52 98 88 0 
53 99 239 0 
54 73 273 0 
55 74 94 0 
56 86 344 0 
57 93 228 0 
58 87 200 0 
59 80 260 0 
60 62 243 0 
61 62 238 0 
62 73 142 0 
63 56 216 0 
64 75 53 0 
65 71 177 0 
66 95 231 0 
67 90 300 0 
68 88 53 0 
69 76 269 0 
70 60 97 0 
71 60 195 0 
72 94 65 0 
73 71 104 0 
74 99 131 0 
75 57 80 0 
76 60 163 0 
77 85 182 0 
78 99 366 0 
79 80 51 0 
80 52 126 0 
81 62 244 0 
82 77 138 0 
83 79 256 0 
84 97 68 0 
85 65 250 0 
86 75 59 0 
87 61 64 0 
88 54 183 0 
89 67 128 0 
90 71 215 0 
91 87 92 0 
92 84 180 0 
93 70 100 0 
94 80 264 0 
95 100 263 0 
96 72 69 0 
97 76 145 0 
98 92 191 0 
99 90 213 0 
