NAME GBP_INSTANCES\prob_1_A_3_8_2.txt
COMMENT
BINTYPES 3
ITEMS 200
BINS_SECTIONS
0 100 100 0 103 
1 120 120 0 86 
2 150 150 0 69 
ITEMS_SECTIONS
0 55 110 0 
1 14 11 0 
2 61 94 0 
3 48 102 0 
4 15 14 0 
5 47 160 0 
6 90 83 0 
7 12 34 0 
8 72 70 0 
9 14 29 0 
10 66 86 0 
11 16 37 0 
12 53 108 0 
13 28 88 0 
14 53 161 0 
15 73 216 0 
16 80 185 0 
17 84 313 0 
18 53 40 0 
19 55 137 0 
20 98 366 0 
21 57 61 0 
22 92 328 0 
23 17 36 0 
24 27 41 0 
25 56 154 0 
26 18 54 0 
27 79 190 0 
28 96 281 0 
29 57 31 0 
30 40 66 0 
31 43 23 0 
32 74 182 0 
33 77 178 0 
34 83 92 0 
35 75 46 0 
36 7 23 0 
37 84 107 0 
38 67 205 0 
39 55 187 0 
40 96 259 0 
41 14 18 0 
42 94 300 0 
43 99 283 0 
44 49 158 0 
45 99 323 0 
46 64 194 0 
47 74 127 0 
48 78 211 0 
49 79 71 0 
50 84 143 0 
51 6 18 0 
52 42 121 0 
53 72 244 0 
54 6 8 0 
55 88 326 0 
56 81 226 0 
57 13 46 0 
58 41 31 0 
59 20 12 0 
60 21 33 0 
61 21 74 0 
62 10 16 0 
63 44 68 0 
64 22 55 0 
65 89 271 0 
66 56 145 0 
67 45 160 0 
68 46 136 0 
69 91 255 0 
70 82 106 0 
71 68 59 0 
72 12 16 0 
73 64 243 0 
74 61 53 0 
75 6 10 0 
76 2 4 0 
77 78 225 0 
78 45 121 0 
79 35 83 0 
80 9 20 0 
81 62 248 0 
82 53 203 0 
83 33 62 0 
84 78 105 0 
85 75 62 0 
86 53 74 0 
87 66 73 0 
88 36 110 0 
89 100 141 0 
90 7 13 0 
91 79 214 0 
92 46 77 0 
93 66 185 0 
94 7 5 0 
95 70 220 0 
96 5 10 0 
97 45 102 0 
98 72 234 0 
99 84 259 0 
100 11 13 0 
101 57 29 0 
102 35 24 0 
103 19 58 0 
104 11 20 0 
105 15 50 0 
106 66 84 0 
107 61 50 0 
108 63 155 0 
109 43 154 0 
110 88 318 0 
111 56 32 0 
112 27 63 0 
113 12 7 0 
114 40 65 0 
115 32 123 0 
116 11 41 0 
117 10 39 0 
118 97 210 0 
119 59 128 0 
120 83 115 0 
121 97 68 0 
122 50 124 0 
123 100 298 0 
124 100 372 0 
125 77 76 0 
126 33 73 0 
127 16 17 0 
128 29 108 0 
129 3 10 0 
130 98 369 0 
131 57 214 0 
132 28 78 0 
133 79 83 0 
134 47 69 0 
135 58 178 0 
136 84 287 0 
137 75 259 0 
138 80 266 0 
139 23 18 0 
140 34 38 0 
141 80 246 0 
142 10 16 0 
143 25 31 0 
144 86 124 0 
145 63 214 0 
146 96 328 0 
147 34 55 0 
148 87 66 0 
149 28 60 0 
150 20 40 0 
151 60 202 0 
152 12 31 0 
153 44 63 0 
154 76 166 0 
155 59 34 0 
156 56 223 0 
157 47 80 0 
158 14 48 0 
159 56 203 0 
160 92 334 0 
161 78 116 0 
162 72 275 0 
163 60 140 0 
164 69 257 0 
165 67 104 0 
166 62 242 0 
167 23 49 0 
168 21 54 0 
169 13 37 0 
170 46 73 0 
171 85 123 0 
172 61 114 0 
173 89 169 0 
174 45 132 0 
175 9 30 0 
176 37 86 0 
177 13 33 0 
178 46 148 0 
179 2 6 0 
180 4 3 0 
181 94 256 0 
182 25 35 0 
183 49 64 0 
184 9 32 0 
185 37 34 0 
186 67 101 0 
187 64 67 0 
188 34 120 0 
189 79 80 0 
190 98 332 0 
191 54 41 0 
192 96 317 0 
193 48 78 0 
194 3 12 0 
195 26 60 0 
196 54 64 0 
197 37 86 0 
198 45 138 0 
199 33 83 0 
