NAME GBP_INSTANCES\prob_1_B_3_1_2.txt
COMMENT
BINTYPES 5
ITEMS 200
BINS_SECTIONS
0 60 60 0 164 
1 80 80 0 123 
2 100 100 0 98 
3 120 120 0 82 
4 150 150 0 66 
ITEMS_SECTIONS
0 100 211 0 
1 15 8 0 
2 50 117 0 
3 74 126 0 
4 20 28 0 
5 83 218 0 
6 80 136 0 
7 93 248 0 
8 58 98 0 
9 74 107 0 
10 12 25 0 
11 97 103 0 
12 15 25 0 
13 50 34 0 
14 96 214 0 
15 60 101 0 
16 47 172 0 
17 33 100 0 
18 35 72 0 
19 14 11 0 
20 30 17 0 
21 60 97 0 
22 68 59 0 
23 39 94 0 
24 7 6 0 
25 88 180 0 
26 25 43 0 
27 7 18 0 
28 25 28 0 
29 77 301 0 
30 54 128 0 
31 66 98 0 
32 56 38 0 
33 53 122 0 
34 47 80 0 
35 68 123 0 
36 86 294 0 
37 56 166 0 
38 89 58 0 
39 88 105 0 
40 98 206 0 
41 94 228 0 
42 49 145 0 
43 62 116 0 
44 16 56 0 
45 3 9 0 
46 38 32 0 
47 91 338 0 
48 18 71 0 
49 14 39 0 
50 54 158 0 
51 21 77 0 
52 26 85 0 
53 69 141 0 
54 40 152 0 
55 68 163 0 
56 53 182 0 
57 53 170 0 
58 60 199 0 
59 81 308 0 
60 11 10 0 
61 85 317 0 
62 49 129 0 
63 24 56 0 
64 75 61 0 
65 54 87 0 
66 14 31 0 
67 56 124 0 
68 9 22 0 
69 31 63 0 
70 52 157 0 
71 14 11 0 
72 34 73 0 
73 41 33 0 
74 74 229 0 
75 47 145 0 
76 51 179 0 
77 38 102 0 
78 77 295 0 
79 28 105 0 
80 9 19 0 
81 50 41 0 
82 68 116 0 
83 91 319 0 
84 4 7 0 
85 44 71 0 
86 89 114 0 
87 5 8 0 
88 36 52 0 
89 91 57 0 
90 30 41 0 
91 46 78 0 
92 84 109 0 
93 64 159 0 
94 79 56 0 
95 83 272 0 
96 28 21 0 
97 50 67 0 
98 27 55 0 
99 16 29 0 
100 81 257 0 
101 20 42 0 
102 29 62 0 
103 100 208 0 
104 76 97 0 
105 28 68 0 
106 77 145 0 
107 7 24 0 
108 48 32 0 
109 91 210 0 
110 75 132 0 
111 17 35 0 
112 52 45 0 
113 16 20 0 
114 53 84 0 
115 30 30 0 
116 94 210 0 
117 16 38 0 
118 52 101 0 
119 82 220 0 
120 78 112 0 
121 9 31 0 
122 68 256 0 
123 35 65 0 
124 58 127 0 
125 16 52 0 
126 28 58 0 
127 45 131 0 
128 6 24 0 
129 56 130 0 
130 58 171 0 
131 82 163 0 
132 70 200 0 
133 72 184 0 
134 28 31 0 
135 88 185 0 
136 61 204 0 
137 55 138 0 
138 42 132 0 
139 54 203 0 
140 2 4 0 
141 32 111 0 
142 38 75 0 
143 11 28 0 
144 99 125 0 
145 68 197 0 
146 80 47 0 
147 4 11 0 
148 98 253 0 
149 50 60 0 
150 7 27 0 
151 48 130 0 
152 26 80 0 
153 96 196 0 
154 11 18 0 
155 40 21 0 
156 15 13 0 
157 75 152 0 
158 25 36 0 
159 20 29 0 
160 22 81 0 
161 73 272 0 
162 79 242 0 
163 50 183 0 
164 15 47 0 
165 69 74 0 
166 2 2 0 
167 26 35 0 
168 45 126 0 
169 5 9 0 
170 51 163 0 
171 61 148 0 
172 80 143 0 
173 61 162 0 
174 20 58 0 
175 76 142 0 
176 26 67 0 
177 51 111 0 
178 19 54 0 
179 37 111 0 
180 92 210 0 
181 46 122 0 
182 82 113 0 
183 55 178 0 
184 47 188 0 
185 32 127 0 
186 87 291 0 
187 14 18 0 
188 9 18 0 
189 16 31 0 
190 48 151 0 
191 25 30 0 
192 14 27 0 
193 84 168 0 
194 57 172 0 
195 75 70 0 
196 25 54 0 
197 30 19 0 
198 54 99 0 
199 73 79 0 
