NAME GBP_INSTANCES\prob_1_B_4_1_2.txt
COMMENT
BINTYPES 5
ITEMS 500
BINS_SECTIONS
0 60 60 0 435 
1 80 80 0 327 
2 100 100 0 261 
3 120 120 0 218 
4 150 150 0 174 
ITEMS_SECTIONS
0 72 227 0 
1 16 48 0 
2 93 82 0 
3 96 113 0 
4 42 156 0 
5 63 132 0 
6 88 295 0 
7 80 270 0 
8 91 49 0 
9 34 119 0 
10 51 64 0 
11 78 290 0 
12 35 67 0 
13 41 34 0 
14 99 136 0 
15 45 72 0 
16 27 15 0 
17 11 39 0 
18 69 198 0 
19 28 105 0 
20 27 59 0 
21 14 40 0 
22 51 104 0 
23 15 18 0 
24 42 84 0 
25 54 167 0 
26 79 112 0 
27 53 166 0 
28 66 118 0 
29 15 40 0 
30 62 183 0 
31 34 109 0 
32 100 73 0 
33 82 281 0 
34 2 2 0 
35 19 52 0 
36 63 74 0 
37 36 53 0 
38 3 4 0 
39 93 310 0 
40 71 256 0 
41 46 38 0 
42 16 54 0 
43 40 142 0 
44 5 14 0 
45 56 192 0 
46 9 6 0 
47 93 81 0 
48 35 131 0 
49 83 216 0 
50 19 47 0 
51 6 23 0 
52 39 143 0 
53 28 54 0 
54 82 240 0 
55 39 29 0 
56 63 231 0 
57 18 16 0 
58 76 75 0 
59 51 62 0 
60 65 103 0 
61 83 163 0 
62 87 119 0 
63 76 154 0 
64 2 5 0 
65 85 272 0 
66 48 59 0 
67 60 64 0 
68 93 349 0 
69 88 293 0 
70 22 14 0 
71 67 153 0 
72 25 59 0 
73 11 39 0 
74 17 38 0 
75 7 14 0 
76 8 12 0 
77 33 35 0 
78 86 319 0 
79 98 99 0 
80 89 107 0 
81 10 27 0 
82 95 131 0 
83 33 67 0 
84 5 11 0 
85 53 172 0 
86 34 46 0 
87 31 71 0 
88 71 41 0 
89 37 140 0 
90 23 14 0 
91 69 255 0 
92 26 67 0 
93 97 180 0 
94 15 45 0 
95 82 263 0 
96 89 78 0 
97 68 217 0 
98 45 41 0 
99 85 300 0 
100 77 251 0 
101 29 83 0 
102 99 384 0 
103 54 112 0 
104 20 28 0 
105 18 20 0 
106 91 242 0 
107 84 288 0 
108 33 24 0 
109 62 162 0 
110 97 84 0 
111 88 74 0 
112 89 344 0 
113 98 379 0 
114 34 124 0 
115 31 77 0 
116 29 109 0 
117 38 57 0 
118 56 35 0 
119 70 214 0 
120 70 112 0 
121 18 62 0 
122 28 89 0 
123 17 53 0 
124 48 190 0 
125 41 132 0 
126 56 110 0 
127 59 219 0 
128 51 74 0 
129 7 16 0 
130 50 176 0 
131 70 231 0 
132 81 132 0 
133 48 60 0 
134 84 270 0 
135 63 93 0 
136 98 241 0 
137 89 317 0 
138 23 47 0 
139 89 339 0 
140 88 304 0 
141 17 41 0 
142 2 2 0 
143 50 104 0 
144 8 29 0 
145 95 158 0 
146 15 20 0 
147 30 57 0 
148 41 141 0 
149 15 55 0 
150 95 153 0 
151 97 73 0 
152 39 141 0 
153 2 6 0 
154 47 117 0 
155 16 56 0 
156 52 64 0 
157 79 80 0 
158 20 47 0 
159 74 126 0 
160 43 75 0 
161 13 8 0 
162 70 174 0 
163 98 209 0 
164 94 89 0 
165 19 22 0 
166 21 24 0 
167 65 189 0 
168 74 263 0 
169 83 103 0 
170 38 80 0 
171 45 153 0 
172 7 15 0 
173 57 157 0 
174 56 47 0 
175 33 71 0 
176 87 278 0 
177 78 162 0 
178 68 58 0 
179 68 148 0 
180 89 343 0 
181 2 4 0 
182 95 209 0 
183 14 12 0 
184 25 29 0 
185 61 124 0 
186 84 120 0 
187 93 193 0 
188 80 278 0 
189 63 96 0 
190 11 27 0 
191 56 107 0 
192 96 176 0 
193 32 109 0 
194 56 118 0 
195 65 232 0 
196 27 102 0 
197 4 8 0 
198 51 54 0 
199 90 212 0 
200 33 99 0 
201 92 164 0 
202 16 29 0 
203 86 278 0 
204 42 125 0 
205 25 100 0 
206 16 18 0 
207 42 63 0 
208 44 53 0 
209 60 185 0 
210 68 187 0 
211 95 356 0 
212 46 25 0 
213 99 65 0 
214 97 319 0 
215 77 49 0 
216 51 137 0 
217 8 18 0 
218 89 99 0 
219 89 351 0 
220 96 283 0 
221 28 32 0 
222 32 112 0 
223 90 67 0 
224 11 38 0 
225 44 117 0 
226 8 11 0 
227 74 132 0 
228 12 28 0 
229 43 84 0 
230 16 48 0 
231 28 63 0 
232 31 28 0 
233 43 24 0 
234 78 275 0 
235 55 211 0 
236 68 194 0 
237 49 105 0 
238 30 97 0 
239 44 139 0 
240 66 150 0 
241 89 94 0 
242 38 127 0 
243 69 189 0 
244 4 10 0 
245 95 228 0 
246 40 133 0 
247 7 26 0 
248 9 9 0 
249 82 210 0 
250 58 104 0 
251 52 205 0 
252 88 146 0 
253 94 92 0 
254 82 228 0 
255 24 17 0 
256 61 191 0 
257 65 38 0 
258 70 77 0 
259 37 65 0 
260 3 10 0 
261 68 47 0 
262 50 89 0 
263 25 45 0 
264 96 371 0 
265 93 359 0 
266 94 317 0 
267 6 5 0 
268 84 141 0 
269 40 86 0 
270 48 52 0 
271 65 115 0 
272 12 18 0 
273 46 43 0 
274 47 108 0 
275 58 62 0 
276 78 45 0 
277 59 83 0 
278 55 136 0 
279 79 135 0 
280 64 115 0 
281 64 67 0 
282 34 115 0 
283 37 116 0 
284 64 235 0 
285 65 141 0 
286 60 102 0 
287 61 218 0 
288 91 191 0 
289 43 114 0 
290 36 57 0 
291 76 46 0 
292 76 76 0 
293 89 194 0 
294 86 249 0 
295 89 294 0 
296 31 56 0 
297 41 105 0 
298 83 311 0 
299 98 285 0 
300 8 29 0 
301 93 284 0 
302 14 48 0 
303 90 74 0 
304 13 32 0 
305 46 79 0 
306 12 46 0 
307 38 130 0 
308 7 9 0 
309 45 154 0 
310 77 102 0 
311 34 108 0 
312 52 89 0 
313 66 129 0 
314 8 19 0 
315 12 24 0 
316 52 144 0 
317 29 96 0 
318 56 102 0 
319 66 52 0 
320 20 15 0 
321 60 94 0 
322 46 53 0 
323 24 71 0 
324 30 26 0 
325 6 7 0 
326 56 46 0 
327 89 348 0 
328 7 10 0 
329 15 45 0 
330 9 21 0 
331 6 24 0 
332 80 311 0 
333 91 146 0 
334 69 87 0 
335 65 197 0 
336 72 283 0 
337 42 85 0 
338 94 217 0 
339 94 197 0 
340 47 163 0 
341 91 67 0 
342 32 21 0 
343 67 268 0 
344 83 307 0 
345 33 75 0 
346 17 46 0 
347 52 178 0 
348 6 11 0 
349 59 109 0 
350 61 162 0 
351 65 245 0 
352 36 89 0 
353 36 135 0 
354 85 140 0 
355 20 66 0 
356 84 280 0 
357 96 94 0 
358 84 169 0 
359 50 152 0 
360 69 228 0 
361 77 41 0 
362 79 261 0 
363 8 23 0 
364 64 162 0 
365 98 156 0 
366 53 177 0 
367 90 200 0 
368 65 99 0 
369 17 51 0 
370 6 8 0 
371 24 39 0 
372 81 176 0 
373 25 26 0 
374 46 72 0 
375 34 104 0 
376 37 45 0 
377 47 41 0 
378 45 74 0 
379 44 121 0 
380 98 364 0 
381 12 42 0 
382 63 199 0 
383 41 115 0 
384 98 291 0 
385 22 62 0 
386 88 157 0 
387 16 45 0 
388 80 287 0 
389 29 22 0 
390 95 194 0 
391 58 83 0 
392 34 77 0 
393 28 102 0 
394 54 88 0 
395 94 328 0 
396 46 133 0 
397 64 107 0 
398 99 262 0 
399 32 65 0 
400 39 104 0 
401 90 292 0 
402 2 8 0 
403 31 37 0 
404 12 18 0 
405 50 56 0 
406 41 70 0 
407 51 101 0 
408 65 243 0 
409 23 61 0 
410 24 27 0 
411 82 205 0 
412 26 69 0 
413 29 66 0 
414 44 85 0 
415 35 106 0 
416 43 85 0 
417 4 4 0 
418 35 32 0 
419 69 88 0 
420 82 153 0 
421 52 86 0 
422 11 17 0 
423 59 124 0 
424 88 145 0 
425 97 66 0 
426 38 142 0 
427 66 223 0 
428 30 95 0 
429 21 32 0 
430 42 150 0 
431 11 15 0 
432 11 24 0 
433 17 13 0 
434 86 52 0 
435 31 89 0 
436 63 104 0 
437 61 31 0 
438 37 64 0 
439 92 102 0 
440 93 219 0 
441 11 25 0 
442 31 107 0 
443 71 207 0 
444 6 24 0 
445 36 66 0 
446 85 163 0 
447 51 27 0 
448 72 267 0 
449 3 3 0 
450 52 43 0 
451 51 84 0 
452 76 252 0 
453 100 235 0 
454 46 96 0 
455 56 77 0 
456 94 295 0 
457 55 145 0 
458 81 124 0 
459 31 120 0 
460 46 52 0 
461 87 46 0 
462 9 13 0 
463 10 15 0 
464 72 135 0 
465 83 76 0 
466 11 6 0 
467 46 78 0 
468 81 188 0 
469 34 27 0 
470 47 146 0 
471 92 293 0 
472 17 13 0 
473 94 293 0 
474 91 232 0 
475 24 48 0 
476 76 142 0 
477 44 135 0 
478 65 82 0 
479 49 84 0 
480 63 147 0 
481 73 227 0 
482 14 53 0 
483 40 151 0 
484 68 249 0 
485 94 363 0 
486 17 44 0 
487 15 39 0 
488 83 228 0 
489 100 193 0 
490 82 233 0 
491 8 23 0 
492 44 24 0 
493 66 217 0 
494 26 23 0 
495 70 211 0 
496 86 269 0 
497 13 50 0 
498 72 225 0 
499 10 36 0 
