NAME GBP_INSTANCES\prob_3_B_4_6_2.txt
COMMENT
BINTYPES 5
ITEMS 500
BINS_SECTIONS
0 60 60 0 627 
1 80 80 0 470 
2 100 100 0 376 
3 120 120 0 314 
4 150 150 0 251 
ITEMS_SECTIONS
0 85 59 0 
1 57 212 0 
2 56 52 0 
3 53 163 0 
4 68 135 0 
5 51 136 0 
6 74 260 0 
7 95 269 0 
8 68 50 0 
9 93 301 0 
10 69 114 0 
11 100 393 0 
12 98 143 0 
13 63 121 0 
14 64 154 0 
15 61 212 0 
16 51 194 0 
17 82 260 0 
18 58 67 0 
19 100 315 0 
20 58 54 0 
21 54 181 0 
22 99 284 0 
23 68 219 0 
24 62 239 0 
25 81 65 0 
26 69 47 0 
27 89 186 0 
28 66 172 0 
29 55 100 0 
30 84 223 0 
31 96 251 0 
32 90 294 0 
33 74 217 0 
34 70 66 0 
35 88 311 0 
36 70 155 0 
37 53 96 0 
38 79 68 0 
39 73 231 0 
40 90 119 0 
41 67 139 0 
42 61 200 0 
43 61 192 0 
44 60 212 0 
45 95 82 0 
46 83 142 0 
47 75 67 0 
48 86 247 0 
49 59 199 0 
50 86 106 0 
51 52 83 0 
52 63 84 0 
53 70 227 0 
54 63 97 0 
55 89 133 0 
56 71 156 0 
57 81 192 0 
58 84 318 0 
59 75 229 0 
60 88 140 0 
61 56 204 0 
62 78 308 0 
63 93 321 0 
64 96 100 0 
65 51 173 0 
66 78 150 0 
67 91 282 0 
68 63 200 0 
69 83 139 0 
70 96 228 0 
71 64 101 0 
72 53 87 0 
73 53 109 0 
74 74 185 0 
75 88 314 0 
76 67 148 0 
77 74 250 0 
78 55 205 0 
79 95 179 0 
80 55 52 0 
81 75 112 0 
82 85 250 0 
83 89 119 0 
84 54 95 0 
85 95 96 0 
86 66 177 0 
87 86 114 0 
88 54 176 0 
89 79 229 0 
90 61 147 0 
91 75 118 0 
92 72 145 0 
93 76 254 0 
94 64 125 0 
95 100 158 0 
96 60 178 0 
97 81 192 0 
98 58 56 0 
99 80 79 0 
100 73 210 0 
101 55 200 0 
102 98 275 0 
103 96 116 0 
104 51 47 0 
105 96 149 0 
106 55 151 0 
107 99 184 0 
108 73 130 0 
109 88 349 0 
110 65 152 0 
111 67 72 0 
112 71 194 0 
113 67 40 0 
114 56 92 0 
115 70 150 0 
116 51 110 0 
117 76 115 0 
118 94 295 0 
119 62 237 0 
120 82 286 0 
121 94 78 0 
122 96 313 0 
123 75 235 0 
124 88 57 0 
125 63 151 0 
126 67 70 0 
127 65 59 0 
128 51 183 0 
129 97 165 0 
130 84 213 0 
131 54 181 0 
132 61 172 0 
133 52 197 0 
134 83 99 0 
135 98 53 0 
136 84 223 0 
137 88 127 0 
138 95 294 0 
139 94 245 0 
140 68 135 0 
141 92 308 0 
142 74 102 0 
143 93 49 0 
144 59 91 0 
145 67 262 0 
146 96 85 0 
147 84 190 0 
148 58 31 0 
149 80 215 0 
150 57 107 0 
151 78 163 0 
152 89 71 0 
153 86 323 0 
154 80 58 0 
155 88 97 0 
156 96 122 0 
157 80 194 0 
158 82 83 0 
159 93 293 0 
160 97 374 0 
161 77 89 0 
162 79 140 0 
163 89 190 0 
164 75 64 0 
165 74 245 0 
166 73 161 0 
167 59 236 0 
168 67 73 0 
169 58 99 0 
170 86 269 0 
171 51 197 0 
172 77 50 0 
173 59 156 0 
174 66 91 0 
175 78 262 0 
176 51 171 0 
177 98 183 0 
178 54 186 0 
179 96 266 0 
180 66 165 0 
181 89 54 0 
182 89 141 0 
183 96 83 0 
184 68 119 0 
185 56 163 0 
186 54 207 0 
187 58 100 0 
188 87 210 0 
189 60 151 0 
190 81 126 0 
191 91 326 0 
192 88 58 0 
193 90 237 0 
194 65 63 0 
195 94 257 0 
196 99 354 0 
197 86 160 0 
198 63 195 0 
199 67 102 0 
200 71 97 0 
201 80 264 0 
202 68 259 0 
203 80 246 0 
204 61 211 0 
205 79 105 0 
206 98 323 0 
207 83 296 0 
208 95 206 0 
209 74 175 0 
210 75 64 0 
211 56 88 0 
212 52 144 0 
213 53 40 0 
214 95 234 0 
215 85 45 0 
216 74 168 0 
217 100 95 0 
218 57 174 0 
219 58 174 0 
220 91 173 0 
221 99 173 0 
222 56 30 0 
223 73 129 0 
224 76 270 0 
225 98 271 0 
226 61 71 0 
227 56 103 0 
228 53 83 0 
229 73 129 0 
230 70 117 0 
231 70 230 0 
232 84 289 0 
233 71 46 0 
234 80 267 0 
235 68 230 0 
236 68 37 0 
237 58 111 0 
238 99 325 0 
239 73 60 0 
240 96 298 0 
241 54 185 0 
242 54 161 0 
243 89 166 0 
244 77 296 0 
245 91 280 0 
246 55 109 0 
247 67 201 0 
248 71 200 0 
249 54 30 0 
250 77 116 0 
251 91 234 0 
252 74 240 0 
253 64 237 0 
254 75 265 0 
255 56 53 0 
256 72 195 0 
257 53 71 0 
258 87 83 0 
259 90 190 0 
260 90 340 0 
261 86 324 0 
262 88 196 0 
263 66 204 0 
264 51 50 0 
265 87 85 0 
266 58 51 0 
267 83 110 0 
268 80 207 0 
269 70 56 0 
270 75 68 0 
271 70 202 0 
272 71 50 0 
273 87 116 0 
274 83 42 0 
275 52 59 0 
276 91 355 0 
277 87 161 0 
278 74 80 0 
279 70 177 0 
280 86 52 0 
281 98 100 0 
282 100 395 0 
283 90 306 0 
284 86 256 0 
285 88 127 0 
286 79 165 0 
287 62 69 0 
288 100 59 0 
289 52 33 0 
290 58 90 0 
291 94 216 0 
292 54 176 0 
293 93 295 0 
294 80 165 0 
295 61 212 0 
296 78 121 0 
297 79 42 0 
298 87 170 0 
299 73 173 0 
300 67 59 0 
301 57 60 0 
302 51 130 0 
303 96 118 0 
304 100 64 0 
305 65 65 0 
306 54 163 0 
307 81 43 0 
308 77 211 0 
309 93 309 0 
310 77 91 0 
311 75 203 0 
312 57 123 0 
313 52 93 0 
314 60 98 0 
315 68 232 0 
316 65 211 0 
317 69 222 0 
318 80 175 0 
319 70 238 0 
320 92 364 0 
321 83 136 0 
322 90 110 0 
323 94 69 0 
324 72 224 0 
325 80 261 0 
326 85 90 0 
327 65 134 0 
328 83 68 0 
329 89 281 0 
330 52 85 0 
331 65 108 0 
332 84 86 0 
333 78 146 0 
334 78 53 0 
335 83 149 0 
336 71 170 0 
337 72 262 0 
338 55 50 0 
339 93 355 0 
340 57 96 0 
341 76 80 0 
342 65 211 0 
343 71 241 0 
344 82 226 0 
345 79 306 0 
346 90 177 0 
347 67 36 0 
348 83 322 0 
349 75 236 0 
350 68 52 0 
351 59 99 0 
352 94 164 0 
353 76 184 0 
354 98 169 0 
355 95 323 0 
356 55 175 0 
357 98 87 0 
358 66 250 0 
359 91 141 0 
360 95 249 0 
361 51 166 0 
362 84 79 0 
363 66 100 0 
364 72 159 0 
365 57 73 0 
366 81 225 0 
367 63 163 0 
368 84 200 0 
369 85 267 0 
370 75 64 0 
371 83 234 0 
372 86 329 0 
373 75 293 0 
374 63 41 0 
375 97 104 0 
376 70 252 0 
377 86 148 0 
378 72 219 0 
379 58 110 0 
380 100 335 0 
381 91 194 0 
382 52 206 0 
383 68 91 0 
384 62 51 0 
385 53 96 0 
386 93 236 0 
387 83 57 0 
388 55 90 0 
389 68 52 0 
390 57 68 0 
391 58 85 0 
392 54 207 0 
393 93 182 0 
394 64 177 0 
395 63 130 0 
396 57 50 0 
397 87 141 0 
398 58 231 0 
399 76 283 0 
400 100 212 0 
401 70 222 0 
402 51 80 0 
403 76 213 0 
404 56 207 0 
405 92 78 0 
406 66 128 0 
407 51 99 0 
408 90 351 0 
409 70 143 0 
410 85 335 0 
411 93 199 0 
412 61 144 0 
413 67 75 0 
414 67 126 0 
415 87 258 0 
416 61 69 0 
417 78 167 0 
418 86 104 0 
419 73 166 0 
420 56 209 0 
421 77 296 0 
422 68 73 0 
423 90 236 0 
424 60 145 0 
425 82 255 0 
426 71 250 0 
427 72 133 0 
428 54 165 0 
429 79 156 0 
430 79 253 0 
431 66 214 0 
432 93 263 0 
433 90 82 0 
434 66 251 0 
435 78 135 0 
436 96 51 0 
437 97 288 0 
438 95 94 0 
439 84 238 0 
440 75 87 0 
441 71 152 0 
442 58 66 0 
443 54 215 0 
444 96 220 0 
445 72 142 0 
446 70 53 0 
447 62 36 0 
448 70 211 0 
449 59 61 0 
450 85 305 0 
451 60 128 0 
452 79 169 0 
453 79 167 0 
454 80 221 0 
455 65 254 0 
456 74 202 0 
457 80 314 0 
458 81 319 0 
459 90 117 0 
460 59 207 0 
461 60 122 0 
462 88 336 0 
463 79 237 0 
464 93 162 0 
465 97 283 0 
466 55 164 0 
467 72 183 0 
468 69 171 0 
469 79 72 0 
470 96 341 0 
471 51 121 0 
472 66 141 0 
473 71 158 0 
474 67 96 0 
475 100 384 0 
476 72 121 0 
477 93 169 0 
478 93 151 0 
479 93 64 0 
480 77 192 0 
481 94 267 0 
482 99 174 0 
483 69 172 0 
484 81 299 0 
485 95 249 0 
486 51 137 0 
487 66 238 0 
488 70 232 0 
489 90 189 0 
490 72 155 0 
491 91 191 0 
492 60 103 0 
493 74 62 0 
494 54 170 0 
495 70 218 0 
496 97 295 0 
497 86 102 0 
498 99 75 0 
499 74 149 0 
