NAME GBP_INSTANCES\prob_3_A_1_4_2.txt
COMMENT
BINTYPES 3
ITEMS 50
BINS_SECTIONS
0 100 100 0 39 
1 120 120 0 32 
2 150 150 0 26 
ITEMS_SECTIONS
0 94 102 0 
1 60 77 0 
2 95 286 0 
3 60 119 0 
4 64 89 0 
5 85 229 0 
6 86 333 0 
7 95 250 0 
8 74 282 0 
9 57 141 0 
10 61 150 0 
11 92 187 0 
12 67 131 0 
13 93 242 0 
14 87 319 0 
15 62 125 0 
16 64 178 0 
17 88 70 0 
18 57 176 0 
19 68 149 0 
20 92 108 0 
21 84 119 0 
22 87 307 0 
23 87 112 0 
24 62 140 0 
25 51 27 0 
26 57 91 0 
27 63 116 0 
28 100 237 0 
29 85 151 0 
30 60 229 0 
31 93 249 0 
32 60 138 0 
33 97 367 0 
34 92 306 0 
35 69 273 0 
36 55 214 0 
37 72 56 0 
38 92 229 0 
39 63 172 0 
40 92 310 0 
41 84 189 0 
42 70 85 0 
43 73 275 0 
44 98 170 0 
45 70 45 0 
46 92 221 0 
47 78 312 0 
48 73 221 0 
49 55 153 0 
