NAME GBP_INSTANCES\prob_3_B_1_2_2.txt
COMMENT
BINTYPES 5
ITEMS 50
BINS_SECTIONS
0 60 60 0 61 
1 80 80 0 46 
2 100 100 0 37 
3 120 120 0 31 
4 150 150 0 25 
ITEMS_SECTIONS
0 64 63 0 
1 82 235 0 
2 80 235 0 
3 61 214 0 
4 68 110 0 
5 98 309 0 
6 53 164 0 
7 84 188 0 
8 62 218 0 
9 51 135 0 
10 97 362 0 
11 53 59 0 
12 72 40 0 
13 66 200 0 
14 98 88 0 
15 74 56 0 
16 76 54 0 
17 84 116 0 
18 54 187 0 
19 57 64 0 
20 74 109 0 
21 90 322 0 
22 58 210 0 
23 56 145 0 
24 55 89 0 
25 55 213 0 
26 87 225 0 
27 87 85 0 
28 64 140 0 
29 60 203 0 
30 58 133 0 
31 53 209 0 
32 61 144 0 
33 94 123 0 
34 59 139 0 
35 75 41 0 
36 71 269 0 
37 98 175 0 
38 79 152 0 
39 71 121 0 
40 81 311 0 
41 84 127 0 
42 73 132 0 
43 77 82 0 
44 68 174 0 
45 69 136 0 
46 100 351 0 
47 93 270 0 
48 77 306 0 
49 84 262 0 
