NAME GBP_INSTANCES\prob_3_A_2_6_2.txt
COMMENT
BINTYPES 3
ITEMS 100
BINS_SECTIONS
0 100 100 0 75 
1 120 120 0 63 
2 150 150 0 50 
ITEMS_SECTIONS
0 73 73 0 
1 74 56 0 
2 93 255 0 
3 99 362 0 
4 76 80 0 
5 73 243 0 
6 51 161 0 
7 69 160 0 
8 79 204 0 
9 59 210 0 
10 84 103 0 
11 60 32 0 
12 51 112 0 
13 66 57 0 
14 63 198 0 
15 97 298 0 
16 51 38 0 
17 53 60 0 
18 87 186 0 
19 63 96 0 
20 52 65 0 
21 72 256 0 
22 96 236 0 
23 62 70 0 
24 87 263 0 
25 64 121 0 
26 55 102 0 
27 77 193 0 
28 100 148 0 
29 83 279 0 
30 63 87 0 
31 71 250 0 
32 93 190 0 
33 94 291 0 
34 81 77 0 
35 96 354 0 
36 57 165 0 
37 87 341 0 
38 82 296 0 
39 95 77 0 
40 54 175 0 
41 82 122 0 
42 62 34 0 
43 82 223 0 
44 73 80 0 
45 51 186 0 
46 82 70 0 
47 67 235 0 
48 98 136 0 
49 62 72 0 
50 54 107 0 
51 72 173 0 
52 71 179 0 
53 65 41 0 
54 61 68 0 
55 52 51 0 
56 51 130 0 
57 97 94 0 
58 70 215 0 
59 60 156 0 
60 74 291 0 
61 55 188 0 
62 76 289 0 
63 85 315 0 
64 92 266 0 
65 76 180 0 
66 77 159 0 
67 89 241 0 
68 80 102 0 
69 67 220 0 
70 88 51 0 
71 78 130 0 
72 96 319 0 
73 81 111 0 
74 81 299 0 
75 75 61 0 
76 79 203 0 
77 71 201 0 
78 98 319 0 
79 97 326 0 
80 73 225 0 
81 77 270 0 
82 58 202 0 
83 86 305 0 
84 63 241 0 
85 79 277 0 
86 68 50 0 
87 54 88 0 
88 52 127 0 
89 63 43 0 
90 80 270 0 
91 96 134 0 
92 81 227 0 
93 88 265 0 
94 99 230 0 
95 71 57 0 
96 55 184 0 
97 100 207 0 
98 84 304 0 
99 62 208 0 
