NAME GBP_INSTANCES\prob_3_B_4_9_2.txt
COMMENT
BINTYPES 5
ITEMS 500
BINS_SECTIONS
0 60 60 0 638 
1 80 80 0 479 
2 100 100 0 383 
3 120 120 0 319 
4 150 150 0 255 
ITEMS_SECTIONS
0 65 146 0 
1 72 139 0 
2 83 59 0 
3 99 74 0 
4 62 129 0 
5 71 178 0 
6 87 124 0 
7 100 169 0 
8 93 133 0 
9 82 79 0 
10 88 106 0 
11 79 170 0 
12 92 241 0 
13 99 270 0 
14 73 272 0 
15 58 54 0 
16 94 241 0 
17 69 143 0 
18 53 130 0 
19 75 229 0 
20 64 156 0 
21 65 110 0 
22 90 340 0 
23 75 287 0 
24 90 259 0 
25 91 344 0 
26 81 104 0 
27 85 214 0 
28 81 95 0 
29 66 207 0 
30 58 68 0 
31 81 230 0 
32 76 241 0 
33 53 87 0 
34 72 46 0 
35 69 80 0 
36 65 87 0 
37 72 61 0 
38 63 74 0 
39 95 366 0 
40 53 67 0 
41 71 195 0 
42 85 303 0 
43 54 163 0 
44 94 94 0 
45 96 108 0 
46 93 250 0 
47 61 33 0 
48 62 123 0 
49 61 53 0 
50 100 251 0 
51 55 191 0 
52 83 205 0 
53 94 67 0 
54 74 63 0 
55 51 70 0 
56 59 168 0 
57 88 50 0 
58 74 186 0 
59 62 95 0 
60 99 288 0 
61 77 235 0 
62 95 276 0 
63 94 163 0 
64 82 287 0 
65 92 252 0 
66 85 200 0 
67 52 42 0 
68 81 191 0 
69 89 88 0 
70 79 214 0 
71 61 118 0 
72 64 203 0 
73 76 51 0 
74 81 155 0 
75 65 65 0 
76 99 141 0 
77 63 156 0 
78 93 275 0 
79 86 324 0 
80 90 125 0 
81 72 224 0 
82 57 39 0 
83 98 265 0 
84 56 142 0 
85 85 315 0 
86 63 51 0 
87 88 204 0 
88 94 129 0 
89 60 56 0 
90 94 49 0 
91 71 218 0 
92 83 291 0 
93 87 301 0 
94 67 43 0 
95 76 98 0 
96 58 198 0 
97 76 181 0 
98 74 89 0 
99 63 53 0 
100 83 227 0 
101 100 243 0 
102 87 251 0 
103 61 175 0 
104 91 252 0 
105 70 180 0 
106 100 216 0 
107 58 63 0 
108 62 98 0 
109 81 86 0 
110 94 147 0 
111 98 266 0 
112 69 39 0 
113 96 214 0 
114 61 240 0 
115 72 197 0 
116 59 123 0 
117 60 186 0 
118 82 131 0 
119 89 292 0 
120 53 120 0 
121 64 165 0 
122 79 98 0 
123 89 100 0 
124 68 148 0 
125 97 243 0 
126 93 313 0 
127 57 50 0 
128 63 241 0 
129 60 107 0 
130 62 247 0 
131 71 233 0 
132 51 120 0 
133 70 78 0 
134 90 135 0 
135 87 257 0 
136 84 242 0 
137 92 323 0 
138 94 279 0 
139 85 232 0 
140 98 85 0 
141 72 241 0 
142 66 256 0 
143 92 303 0 
144 77 297 0 
145 98 106 0 
146 74 116 0 
147 98 177 0 
148 81 98 0 
149 82 272 0 
150 58 100 0 
151 88 341 0 
152 80 278 0 
153 72 56 0 
154 91 210 0 
155 93 125 0 
156 52 126 0 
157 100 197 0 
158 93 76 0 
159 97 86 0 
160 94 166 0 
161 66 98 0 
162 99 103 0 
163 51 174 0 
164 79 226 0 
165 61 147 0 
166 86 99 0 
167 64 122 0 
168 79 114 0 
169 51 119 0 
170 85 159 0 
171 53 172 0 
172 85 110 0 
173 100 285 0 
174 77 135 0 
175 92 190 0 
176 80 148 0 
177 58 200 0 
178 81 78 0 
179 53 194 0 
180 71 199 0 
181 57 114 0 
182 65 126 0 
183 97 67 0 
184 53 75 0 
185 77 125 0 
186 63 75 0 
187 68 156 0 
188 92 268 0 
189 82 50 0 
190 85 267 0 
191 86 230 0 
192 84 87 0 
193 82 166 0 
194 55 157 0 
195 80 213 0 
196 72 45 0 
197 73 209 0 
198 75 273 0 
199 94 267 0 
200 100 149 0 
201 70 115 0 
202 69 134 0 
203 72 287 0 
204 60 236 0 
205 71 132 0 
206 93 216 0 
207 51 193 0 
208 78 71 0 
209 73 289 0 
210 90 105 0 
211 68 186 0 
212 86 307 0 
213 83 245 0 
214 75 57 0 
215 59 151 0 
216 90 231 0 
217 86 185 0 
218 54 164 0 
219 51 112 0 
220 57 45 0 
221 70 40 0 
222 82 42 0 
223 90 174 0 
224 51 150 0 
225 65 171 0 
226 78 220 0 
227 92 200 0 
228 94 51 0 
229 51 124 0 
230 51 89 0 
231 59 106 0 
232 55 94 0 
233 91 170 0 
234 67 250 0 
235 58 216 0 
236 74 213 0 
237 83 51 0 
238 79 235 0 
239 54 171 0 
240 56 135 0 
241 58 199 0 
242 83 191 0 
243 79 302 0 
244 99 250 0 
245 51 126 0 
246 58 102 0 
247 95 376 0 
248 90 173 0 
249 75 294 0 
250 96 54 0 
251 86 93 0 
252 75 213 0 
253 83 126 0 
254 51 167 0 
255 60 175 0 
256 99 269 0 
257 88 193 0 
258 84 292 0 
259 76 52 0 
260 72 181 0 
261 82 307 0 
262 62 53 0 
263 71 261 0 
264 89 334 0 
265 73 75 0 
266 70 147 0 
267 83 198 0 
268 85 239 0 
269 78 96 0 
270 99 282 0 
271 63 124 0 
272 87 160 0 
273 94 134 0 
274 66 82 0 
275 75 289 0 
276 91 95 0 
277 92 83 0 
278 84 247 0 
279 59 145 0 
280 93 259 0 
281 85 49 0 
282 94 187 0 
283 71 69 0 
284 88 124 0 
285 83 143 0 
286 53 136 0 
287 72 39 0 
288 69 178 0 
289 91 309 0 
290 66 43 0 
291 74 66 0 
292 91 217 0 
293 94 181 0 
294 99 135 0 
295 72 126 0 
296 82 314 0 
297 92 253 0 
298 97 123 0 
299 70 37 0 
300 66 66 0 
301 87 228 0 
302 64 102 0 
303 71 73 0 
304 80 71 0 
305 82 120 0 
306 67 138 0 
307 51 31 0 
308 53 109 0 
309 83 232 0 
310 71 253 0 
311 81 314 0 
312 71 124 0 
313 76 105 0 
314 76 289 0 
315 58 79 0 
316 96 149 0 
317 74 194 0 
318 99 297 0 
319 85 215 0 
320 87 323 0 
321 82 181 0 
322 90 304 0 
323 83 146 0 
324 51 175 0 
325 57 85 0 
326 55 204 0 
327 83 125 0 
328 100 205 0 
329 91 270 0 
330 87 225 0 
331 99 202 0 
332 96 211 0 
333 87 282 0 
334 85 188 0 
335 51 197 0 
336 78 205 0 
337 86 77 0 
338 89 242 0 
339 59 145 0 
340 90 157 0 
341 88 183 0 
342 85 58 0 
343 72 119 0 
344 83 51 0 
345 76 207 0 
346 93 346 0 
347 55 177 0 
348 63 102 0 
349 52 151 0 
350 100 220 0 
351 86 148 0 
352 64 218 0 
353 87 167 0 
354 94 94 0 
355 55 116 0 
356 59 133 0 
357 86 62 0 
358 70 132 0 
359 56 83 0 
360 96 264 0 
361 80 105 0 
362 54 66 0 
363 56 189 0 
364 70 54 0 
365 94 303 0 
366 70 146 0 
367 56 118 0 
368 62 226 0 
369 92 81 0 
370 57 138 0 
371 51 97 0 
372 65 55 0 
373 68 177 0 
374 89 83 0 
375 75 253 0 
376 75 56 0 
377 78 63 0 
378 71 68 0 
379 72 39 0 
380 61 145 0 
381 55 141 0 
382 62 202 0 
383 93 275 0 
384 99 362 0 
385 96 175 0 
386 92 121 0 
387 98 208 0 
388 86 118 0 
389 84 43 0 
390 83 307 0 
391 71 272 0 
392 58 45 0 
393 88 207 0 
394 84 127 0 
395 79 50 0 
396 91 224 0 
397 67 167 0 
398 76 122 0 
399 66 125 0 
400 98 62 0 
401 98 384 0 
402 71 44 0 
403 88 266 0 
404 54 202 0 
405 74 238 0 
406 98 339 0 
407 59 31 0 
408 79 199 0 
409 93 340 0 
410 60 191 0 
411 78 122 0 
412 74 129 0 
413 65 152 0 
414 92 140 0 
415 51 148 0 
416 76 190 0 
417 69 263 0 
418 68 252 0 
419 72 43 0 
420 61 111 0 
421 99 386 0 
422 81 148 0 
423 89 161 0 
424 61 244 0 
425 59 129 0 
426 89 239 0 
427 63 218 0 
428 74 181 0 
429 59 130 0 
430 60 220 0 
431 95 168 0 
432 87 119 0 
433 73 44 0 
434 52 168 0 
435 82 61 0 
436 93 117 0 
437 99 318 0 
438 73 81 0 
439 74 153 0 
440 61 230 0 
441 100 66 0 
442 80 87 0 
443 92 235 0 
444 98 376 0 
445 53 187 0 
446 95 155 0 
447 88 140 0 
448 64 47 0 
449 83 251 0 
450 82 327 0 
451 94 342 0 
452 78 261 0 
453 70 219 0 
454 100 328 0 
455 100 321 0 
456 63 209 0 
457 54 66 0 
458 52 154 0 
459 55 151 0 
460 94 67 0 
461 63 188 0 
462 74 101 0 
463 83 317 0 
464 67 164 0 
465 52 202 0 
466 98 106 0 
467 53 30 0 
468 79 301 0 
469 79 171 0 
470 73 274 0 
471 51 95 0 
472 74 288 0 
473 95 167 0 
474 78 215 0 
475 91 210 0 
476 89 245 0 
477 85 113 0 
478 74 137 0 
479 60 37 0 
480 70 38 0 
481 81 242 0 
482 67 127 0 
483 85 67 0 
484 88 309 0 
485 80 198 0 
486 74 269 0 
487 74 295 0 
488 63 79 0 
489 54 214 0 
490 80 101 0 
491 60 196 0 
492 87 332 0 
493 65 243 0 
494 71 141 0 
495 51 148 0 
496 62 104 0 
497 87 248 0 
498 77 136 0 
499 73 170 0 
