NAME GBP_INSTANCES\prob_1_B_3_8_2.txt
COMMENT
BINTYPES 5
ITEMS 200
BINS_SECTIONS
0 60 60 0 169 
1 80 80 0 127 
2 100 100 0 102 
3 120 120 0 85 
4 150 150 0 68 
ITEMS_SECTIONS
0 89 301 0 
1 39 119 0 
2 59 186 0 
3 59 179 0 
4 93 197 0 
5 91 199 0 
6 39 66 0 
7 65 252 0 
8 24 49 0 
9 79 254 0 
10 58 134 0 
11 100 267 0 
12 25 77 0 
13 45 153 0 
14 62 218 0 
15 25 60 0 
16 70 122 0 
17 34 58 0 
18 96 216 0 
19 14 48 0 
20 57 113 0 
21 60 142 0 
22 38 126 0 
23 36 42 0 
24 15 20 0 
25 4 4 0 
26 37 58 0 
27 19 64 0 
28 90 121 0 
29 71 238 0 
30 87 287 0 
31 91 96 0 
32 34 70 0 
33 8 12 0 
34 59 129 0 
35 81 162 0 
36 63 74 0 
37 91 74 0 
38 12 18 0 
39 64 108 0 
40 15 15 0 
41 90 353 0 
42 89 60 0 
43 33 29 0 
44 69 247 0 
45 33 25 0 
46 67 251 0 
47 90 341 0 
48 61 147 0 
49 54 148 0 
50 10 40 0 
51 29 61 0 
52 52 101 0 
53 67 191 0 
54 23 69 0 
55 4 15 0 
56 85 211 0 
57 42 40 0 
58 66 264 0 
59 54 33 0 
60 95 166 0 
61 18 32 0 
62 5 18 0 
63 99 356 0 
64 91 358 0 
65 46 98 0 
66 57 122 0 
67 49 45 0 
68 94 188 0 
69 89 312 0 
70 32 76 0 
71 43 39 0 
72 40 89 0 
73 61 123 0 
74 10 23 0 
75 91 209 0 
76 22 26 0 
77 45 33 0 
78 41 64 0 
79 7 7 0 
80 7 21 0 
81 74 60 0 
82 48 90 0 
83 100 228 0 
84 75 274 0 
85 9 21 0 
86 86 243 0 
87 51 60 0 
88 28 99 0 
89 88 63 0 
90 43 107 0 
91 90 67 0 
92 16 17 0 
93 10 9 0 
94 46 83 0 
95 42 23 0 
96 26 78 0 
97 87 347 0 
98 54 62 0 
99 48 164 0 
100 88 229 0 
101 66 214 0 
102 100 181 0 
103 6 14 0 
104 29 51 0 
105 37 94 0 
106 58 31 0 
107 66 59 0 
108 40 41 0 
109 9 33 0 
110 6 23 0 
111 18 44 0 
112 82 208 0 
113 24 15 0 
114 61 52 0 
115 95 275 0 
116 15 53 0 
117 32 37 0 
118 51 122 0 
119 37 139 0 
120 35 127 0 
121 31 113 0 
122 4 9 0 
123 46 86 0 
124 44 67 0 
125 90 111 0 
126 9 7 0 
127 66 114 0 
128 23 92 0 
129 52 184 0 
130 51 160 0 
131 25 63 0 
132 18 31 0 
133 37 58 0 
134 61 86 0 
135 63 76 0 
136 38 44 0 
137 44 105 0 
138 71 65 0 
139 5 14 0 
140 51 64 0 
141 84 155 0 
142 33 118 0 
143 76 211 0 
144 85 227 0 
145 12 46 0 
146 96 282 0 
147 37 55 0 
148 28 77 0 
149 18 62 0 
150 87 189 0 
151 28 67 0 
152 22 80 0 
153 38 51 0 
154 82 43 0 
155 100 191 0 
156 45 41 0 
157 39 139 0 
158 35 49 0 
159 30 25 0 
160 91 328 0 
161 45 176 0 
162 44 89 0 
163 84 204 0 
164 29 22 0 
165 49 92 0 
166 9 8 0 
167 39 24 0 
168 43 89 0 
169 96 70 0 
170 80 169 0 
171 15 24 0 
172 57 120 0 
173 65 70 0 
174 39 150 0 
175 44 130 0 
176 34 110 0 
177 37 78 0 
178 99 89 0 
179 12 18 0 
180 48 38 0 
181 83 202 0 
182 12 48 0 
183 2 6 0 
184 26 31 0 
185 65 191 0 
186 12 30 0 
187 89 319 0 
188 55 201 0 
189 67 249 0 
190 18 29 0 
191 100 195 0 
192 62 152 0 
193 53 76 0 
194 25 65 0 
195 91 250 0 
196 39 113 0 
197 86 121 0 
198 81 298 0 
199 63 149 0 
