NAME GBP_INSTANCES\prob_1_A_4_9_2.txt
COMMENT
BINTYPES 3
ITEMS 500
BINS_SECTIONS
0 100 100 0 265 
1 120 120 0 221 
2 150 150 0 177 
ITEMS_SECTIONS
0 52 74 0 
1 23 18 0 
2 53 162 0 
3 33 93 0 
4 12 46 0 
5 24 52 0 
6 93 281 0 
7 87 120 0 
8 39 106 0 
9 39 47 0 
10 100 385 0 
11 23 43 0 
12 74 212 0 
13 7 10 0 
14 47 77 0 
15 79 275 0 
16 72 91 0 
17 48 106 0 
18 33 66 0 
19 44 122 0 
20 18 62 0 
21 12 11 0 
22 72 219 0 
23 4 6 0 
24 79 203 0 
25 59 221 0 
26 90 134 0 
27 98 79 0 
28 31 24 0 
29 62 236 0 
30 14 18 0 
31 27 54 0 
32 76 130 0 
33 24 17 0 
34 61 79 0 
35 82 150 0 
36 64 187 0 
37 73 174 0 
38 19 45 0 
39 49 43 0 
40 64 124 0 
41 50 164 0 
42 13 34 0 
43 51 166 0 
44 71 179 0 
45 41 58 0 
46 59 149 0 
47 87 264 0 
48 14 15 0 
49 61 125 0 
50 9 18 0 
51 23 58 0 
52 39 50 0 
53 67 248 0 
54 50 81 0 
55 97 52 0 
56 38 112 0 
57 82 287 0 
58 18 72 0 
59 11 28 0 
60 2 4 0 
61 17 20 0 
62 44 37 0 
63 30 53 0 
64 48 141 0 
65 73 190 0 
66 7 26 0 
67 5 13 0 
68 40 125 0 
69 17 48 0 
70 21 28 0 
71 23 38 0 
72 2 8 0 
73 94 223 0 
74 18 37 0 
75 83 277 0 
76 77 160 0 
77 91 337 0 
78 61 52 0 
79 38 83 0 
80 36 78 0 
81 10 18 0 
82 41 74 0 
83 65 102 0 
84 54 211 0 
85 39 90 0 
86 8 13 0 
87 29 30 0 
88 92 148 0 
89 31 107 0 
90 68 229 0 
91 95 48 0 
92 93 229 0 
93 35 121 0 
94 18 49 0 
95 48 75 0 
96 21 38 0 
97 95 323 0 
98 36 29 0 
99 77 215 0 
100 53 201 0 
101 88 239 0 
102 98 272 0 
103 92 113 0 
104 77 105 0 
105 83 241 0 
106 56 91 0 
107 29 16 0 
108 68 80 0 
109 20 13 0 
110 29 69 0 
111 86 102 0 
112 14 51 0 
113 71 144 0 
114 39 127 0 
115 89 76 0 
116 76 239 0 
117 90 283 0 
118 77 46 0 
119 99 295 0 
120 40 146 0 
121 24 24 0 
122 91 133 0 
123 57 86 0 
124 34 37 0 
125 59 110 0 
126 97 325 0 
127 6 6 0 
128 89 261 0 
129 25 48 0 
130 17 33 0 
131 61 235 0 
132 18 70 0 
133 82 166 0 
134 17 15 0 
135 78 248 0 
136 63 230 0 
137 42 132 0 
138 89 115 0 
139 83 58 0 
140 20 51 0 
141 46 26 0 
142 11 9 0 
143 23 65 0 
144 66 119 0 
145 34 110 0 
146 32 52 0 
147 100 293 0 
148 18 15 0 
149 46 79 0 
150 62 243 0 
151 44 164 0 
152 25 78 0 
153 87 247 0 
154 61 138 0 
155 80 213 0 
156 45 117 0 
157 89 221 0 
158 18 39 0 
159 58 224 0 
160 99 97 0 
161 2 3 0 
162 39 35 0 
163 2 6 0 
164 44 149 0 
165 51 170 0 
166 18 13 0 
167 32 88 0 
168 78 114 0 
169 2 6 0 
170 100 186 0 
171 25 15 0 
172 3 6 0 
173 52 145 0 
174 26 70 0 
175 70 105 0 
176 63 81 0 
177 94 153 0 
178 69 259 0 
179 84 111 0 
180 85 164 0 
181 87 248 0 
182 39 73 0 
183 34 73 0 
184 41 96 0 
185 59 184 0 
186 70 94 0 
187 37 92 0 
188 47 36 0 
189 86 256 0 
190 84 209 0 
191 96 320 0 
192 42 159 0 
193 78 291 0 
194 17 62 0 
195 29 94 0 
196 36 38 0 
197 8 27 0 
198 13 43 0 
199 40 51 0 
200 86 121 0 
201 4 4 0 
202 93 81 0 
203 17 56 0 
204 84 324 0 
205 76 245 0 
206 69 60 0 
207 87 166 0 
208 18 37 0 
209 59 32 0 
210 26 104 0 
211 15 55 0 
212 84 336 0 
213 58 68 0 
214 54 210 0 
215 72 113 0 
216 26 56 0 
217 85 79 0 
218 36 134 0 
219 82 95 0 
220 56 88 0 
221 69 52 0 
222 75 51 0 
223 46 136 0 
224 55 137 0 
225 17 24 0 
226 82 185 0 
227 56 157 0 
228 99 244 0 
229 23 92 0 
230 84 125 0 
231 25 66 0 
232 100 238 0 
233 99 275 0 
234 95 67 0 
235 8 30 0 
236 31 25 0 
237 18 52 0 
238 3 6 0 
239 66 66 0 
240 91 76 0 
241 45 127 0 
242 95 248 0 
243 45 137 0 
244 18 51 0 
245 58 143 0 
246 28 46 0 
247 98 323 0 
248 65 165 0 
249 23 56 0 
250 94 215 0 
251 57 52 0 
252 86 87 0 
253 16 47 0 
254 41 59 0 
255 68 52 0 
256 24 82 0 
257 87 180 0 
258 91 110 0 
259 82 170 0 
260 33 59 0 
261 29 97 0 
262 89 92 0 
263 42 31 0 
264 79 231 0 
265 50 124 0 
266 57 155 0 
267 29 115 0 
268 4 9 0 
269 36 76 0 
270 62 198 0 
271 36 140 0 
272 93 245 0 
273 76 130 0 
274 95 124 0 
275 19 24 0 
276 82 140 0 
277 49 182 0 
278 51 28 0 
279 85 338 0 
280 92 49 0 
281 35 53 0 
282 7 12 0 
283 85 57 0 
284 48 41 0 
285 65 107 0 
286 3 4 0 
287 55 218 0 
288 79 289 0 
289 70 112 0 
290 23 45 0 
291 91 255 0 
292 34 52 0 
293 16 52 0 
294 54 131 0 
295 81 266 0 
296 31 109 0 
297 25 94 0 
298 47 174 0 
299 96 75 0 
300 61 43 0 
301 47 42 0 
302 56 204 0 
303 55 121 0 
304 79 71 0 
305 88 131 0 
306 65 137 0 
307 60 120 0 
308 74 258 0 
309 50 37 0 
310 87 85 0 
311 41 80 0 
312 86 129 0 
313 97 388 0 
314 54 117 0 
315 75 299 0 
316 48 112 0 
317 15 12 0 
318 55 113 0 
319 37 56 0 
320 100 56 0 
321 54 193 0 
322 76 294 0 
323 49 183 0 
324 95 171 0 
325 33 106 0 
326 77 266 0 
327 69 220 0 
328 6 11 0 
329 2 5 0 
330 59 85 0 
331 13 7 0 
332 60 196 0 
333 31 86 0 
334 64 148 0 
335 21 21 0 
336 50 90 0 
337 26 43 0 
338 63 223 0 
339 78 108 0 
340 85 262 0 
341 42 27 0 
342 72 70 0 
343 7 19 0 
344 73 87 0 
345 93 50 0 
346 40 97 0 
347 20 20 0 
348 89 128 0 
349 22 74 0 
350 63 53 0 
351 76 103 0 
352 14 53 0 
353 38 99 0 
354 71 241 0 
355 7 9 0 
356 11 14 0 
357 90 119 0 
358 32 76 0 
359 63 102 0 
360 5 10 0 
361 71 89 0 
362 7 13 0 
363 62 109 0 
364 52 37 0 
365 21 14 0 
366 37 82 0 
367 64 175 0 
368 55 84 0 
369 40 36 0 
370 73 126 0 
371 67 87 0 
372 7 14 0 
373 63 159 0 
374 13 37 0 
375 58 97 0 
376 27 26 0 
377 17 41 0 
378 89 323 0 
379 97 126 0 
380 75 223 0 
381 2 2 0 
382 64 132 0 
383 70 265 0 
384 91 348 0 
385 30 92 0 
386 53 170 0 
387 2 7 0 
388 65 56 0 
389 56 181 0 
390 59 230 0 
391 57 80 0 
392 73 238 0 
393 31 55 0 
394 26 64 0 
395 15 41 0 
396 86 340 0 
397 16 58 0 
398 99 293 0 
399 48 98 0 
400 89 106 0 
401 95 359 0 
402 99 222 0 
403 5 3 0 
404 23 57 0 
405 13 42 0 
406 87 95 0 
407 8 32 0 
408 67 187 0 
409 69 65 0 
410 50 147 0 
411 69 146 0 
412 2 4 0 
413 31 110 0 
414 68 66 0 
415 50 149 0 
416 51 167 0 
417 48 147 0 
418 86 45 0 
419 54 44 0 
420 45 121 0 
421 59 156 0 
422 74 68 0 
423 79 275 0 
424 8 31 0 
425 86 309 0 
426 76 291 0 
427 23 80 0 
428 10 22 0 
429 69 199 0 
430 46 25 0 
431 71 154 0 
432 98 334 0 
433 63 113 0 
434 67 224 0 
435 54 93 0 
436 17 68 0 
437 47 38 0 
438 46 41 0 
439 98 342 0 
440 60 198 0 
441 64 160 0 
442 91 105 0 
443 80 199 0 
444 63 234 0 
445 44 165 0 
446 55 158 0 
447 82 80 0 
448 61 216 0 
449 18 16 0 
450 58 75 0 
451 68 109 0 
452 30 61 0 
453 85 73 0 
454 64 135 0 
455 90 152 0 
456 45 156 0 
457 56 139 0 
458 38 122 0 
459 27 77 0 
460 65 194 0 
461 97 379 0 
462 45 83 0 
463 69 191 0 
464 69 276 0 
465 25 51 0 
466 26 28 0 
467 61 190 0 
468 68 204 0 
469 83 170 0 
470 13 22 0 
471 12 12 0 
472 22 15 0 
473 22 20 0 
474 4 14 0 
475 63 224 0 
476 53 92 0 
477 36 68 0 
478 80 62 0 
479 68 80 0 
480 34 49 0 
481 76 49 0 
482 77 104 0 
483 34 25 0 
484 98 101 0 
485 83 74 0 
486 87 121 0 
487 89 259 0 
488 75 273 0 
489 66 226 0 
490 11 41 0 
491 48 110 0 
492 92 50 0 
493 73 206 0 
494 33 117 0 
495 8 23 0 
496 39 50 0 
497 72 274 0 
498 45 27 0 
499 59 44 0 
