NAME GBP_INSTANCES\prob_3_A_3_2_2.txt
COMMENT
BINTYPES 3
ITEMS 200
BINS_SECTIONS
0 100 100 0 148 
1 120 120 0 123 
2 150 150 0 99 
ITEMS_SECTIONS
0 75 237 0 
1 72 63 0 
2 56 126 0 
3 77 218 0 
4 82 89 0 
5 73 267 0 
6 54 185 0 
7 71 231 0 
8 74 132 0 
9 99 185 0 
10 97 126 0 
11 58 105 0 
12 70 99 0 
13 70 174 0 
14 91 103 0 
15 76 243 0 
16 64 99 0 
17 92 53 0 
18 78 198 0 
19 97 116 0 
20 66 36 0 
21 97 373 0 
22 78 275 0 
23 65 127 0 
24 89 53 0 
25 53 35 0 
26 93 256 0 
27 59 179 0 
28 97 199 0 
29 97 302 0 
30 69 200 0 
31 96 129 0 
32 71 77 0 
33 66 108 0 
34 69 189 0 
35 67 178 0 
36 100 217 0 
37 91 288 0 
38 51 127 0 
39 65 116 0 
40 65 88 0 
41 67 168 0 
42 53 87 0 
43 69 76 0 
44 81 161 0 
45 77 125 0 
46 80 309 0 
47 73 149 0 
48 90 286 0 
49 77 85 0 
50 94 184 0 
51 76 173 0 
52 84 316 0 
53 56 86 0 
54 58 90 0 
55 78 248 0 
56 63 48 0 
57 60 158 0 
58 69 255 0 
59 58 179 0 
60 86 266 0 
61 65 118 0 
62 55 119 0 
63 52 170 0 
64 78 54 0 
65 97 219 0 
66 100 224 0 
67 75 267 0 
68 55 98 0 
69 91 307 0 
70 76 299 0 
71 65 256 0 
72 76 144 0 
73 78 145 0 
74 65 165 0 
75 63 48 0 
76 86 110 0 
77 95 284 0 
78 67 217 0 
79 87 230 0 
80 55 129 0 
81 62 47 0 
82 56 42 0 
83 96 270 0 
84 86 213 0 
85 60 70 0 
86 69 205 0 
87 56 86 0 
88 82 220 0 
89 62 244 0 
90 80 164 0 
91 62 57 0 
92 59 90 0 
93 54 118 0 
94 67 158 0 
95 65 85 0 
96 92 302 0 
97 88 128 0 
98 100 355 0 
99 66 67 0 
100 74 223 0 
101 63 35 0 
102 77 58 0 
103 72 251 0 
104 84 141 0 
105 69 162 0 
106 73 273 0 
107 89 246 0 
108 84 230 0 
109 96 335 0 
110 83 43 0 
111 72 140 0 
112 57 205 0 
113 88 233 0 
114 81 114 0 
115 79 314 0 
116 87 278 0 
117 52 177 0 
118 63 222 0 
119 94 164 0 
120 100 108 0 
121 88 183 0 
122 58 106 0 
123 53 93 0 
124 80 51 0 
125 63 158 0 
126 63 67 0 
127 62 220 0 
128 59 161 0 
129 94 188 0 
130 54 124 0 
131 67 223 0 
132 57 221 0 
133 51 73 0 
134 59 127 0 
135 78 312 0 
136 64 143 0 
137 60 229 0 
138 53 130 0 
139 60 198 0 
140 52 178 0 
141 55 116 0 
142 69 36 0 
143 75 188 0 
144 91 256 0 
145 74 44 0 
146 73 128 0 
147 63 220 0 
148 73 48 0 
149 77 201 0 
150 54 46 0 
151 81 272 0 
152 66 168 0 
153 96 327 0 
154 71 67 0 
155 79 146 0 
156 84 321 0 
157 97 274 0 
158 67 49 0 
159 59 45 0 
160 73 254 0 
161 100 151 0 
162 84 82 0 
163 76 214 0 
164 76 109 0 
165 55 161 0 
166 92 275 0 
167 69 129 0 
168 93 66 0 
169 97 283 0 
170 66 217 0 
171 60 205 0 
172 86 133 0 
173 56 192 0 
174 77 113 0 
175 86 146 0 
176 98 89 0 
177 69 89 0 
178 71 172 0 
179 54 76 0 
180 53 106 0 
181 88 291 0 
182 64 157 0 
183 97 222 0 
184 79 236 0 
185 73 74 0 
186 75 271 0 
187 55 36 0 
188 81 257 0 
189 63 88 0 
190 61 209 0 
191 68 257 0 
192 75 186 0 
193 70 59 0 
194 97 216 0 
195 57 193 0 
196 79 222 0 
197 77 222 0 
198 54 92 0 
199 71 230 0 
