NAME GBP_INSTANCES\prob_2_B_0_6_2.txt
COMMENT
BINTYPES 5
ITEMS 25
BINS_SECTIONS
0 60 60 0 27 
1 80 80 0 20 
2 100 100 0 16 
3 120 120 0 14 
4 150 150 0 11 
ITEMS_SECTIONS
0 57 182 0 
1 32 76 0 
2 27 30 0 
3 75 194 0 
4 35 50 0 
5 64 98 0 
6 72 92 0 
7 58 202 0 
8 82 56 0 
9 88 214 0 
10 57 147 0 
11 53 152 0 
12 62 62 0 
13 63 198 0 
14 53 48 0 
15 70 199 0 
16 100 158 0 
17 88 52 0 
18 59 213 0 
19 50 135 0 
20 38 119 0 
21 77 133 0 
22 73 159 0 
23 65 61 0 
24 89 71 0 
