NAME GBP_INSTANCES\prob_1_A_1_7_2.txt
COMMENT
BINTYPES 3
ITEMS 50
BINS_SECTIONS
0 100 100 0 28 
1 120 120 0 23 
2 150 150 0 19 
ITEMS_SECTIONS
0 58 60 0 
1 42 25 0 
2 2 8 0 
3 57 194 0 
4 97 282 0 
5 90 256 0 
6 84 200 0 
7 77 201 0 
8 97 168 0 
9 77 156 0 
10 88 275 0 
11 81 161 0 
12 86 288 0 
13 37 57 0 
14 13 9 0 
15 19 11 0 
16 29 83 0 
17 56 134 0 
18 73 174 0 
19 39 136 0 
20 48 187 0 
21 46 157 0 
22 70 140 0 
23 71 94 0 
24 7 15 0 
25 20 67 0 
26 80 54 0 
27 32 102 0 
28 83 129 0 
29 54 181 0 
30 91 321 0 
31 14 56 0 
32 4 8 0 
33 75 154 0 
34 9 24 0 
35 72 126 0 
36 62 105 0 
37 46 109 0 
38 34 77 0 
39 64 192 0 
40 90 205 0 
41 95 147 0 
42 75 80 0 
43 48 118 0 
44 9 17 0 
45 71 111 0 
46 67 208 0 
47 13 24 0 
48 18 36 0 
49 51 59 0 
