NAME GBP_INSTANCES\prob_2_B_4_9_2.txt
COMMENT
BINTYPES 5
ITEMS 500
BINS_SECTIONS
0 60 60 0 508 
1 80 80 0 381 
2 100 100 0 305 
3 120 120 0 254 
4 150 150 0 203 
ITEMS_SECTIONS
0 51 161 0 
1 64 162 0 
2 29 42 0 
3 49 136 0 
4 68 171 0 
5 31 57 0 
6 76 63 0 
7 93 340 0 
8 83 288 0 
9 60 90 0 
10 38 121 0 
11 85 226 0 
12 58 78 0 
13 80 254 0 
14 48 64 0 
15 79 253 0 
16 52 116 0 
17 74 287 0 
18 67 87 0 
19 96 244 0 
20 63 98 0 
21 34 66 0 
22 36 115 0 
23 49 196 0 
24 41 25 0 
25 22 40 0 
26 29 116 0 
27 57 91 0 
28 40 68 0 
29 49 73 0 
30 40 88 0 
31 28 46 0 
32 51 93 0 
33 61 44 0 
34 52 182 0 
35 80 170 0 
36 61 241 0 
37 89 98 0 
38 88 133 0 
39 48 34 0 
40 95 51 0 
41 32 124 0 
42 25 79 0 
43 39 144 0 
44 87 156 0 
45 22 78 0 
46 59 160 0 
47 58 95 0 
48 45 147 0 
49 47 32 0 
50 91 299 0 
51 91 363 0 
52 44 33 0 
53 70 198 0 
54 44 54 0 
55 29 53 0 
56 25 41 0 
57 77 78 0 
58 86 132 0 
59 38 26 0 
60 55 56 0 
61 78 267 0 
62 68 116 0 
63 89 71 0 
64 76 151 0 
65 37 34 0 
66 95 190 0 
67 77 149 0 
68 99 190 0 
69 24 37 0 
70 34 75 0 
71 42 72 0 
72 52 27 0 
73 68 272 0 
74 29 32 0 
75 57 145 0 
76 61 76 0 
77 77 96 0 
78 62 131 0 
79 46 32 0 
80 62 229 0 
81 50 175 0 
82 82 188 0 
83 44 134 0 
84 88 290 0 
85 39 51 0 
86 95 138 0 
87 34 30 0 
88 29 18 0 
89 21 30 0 
90 52 100 0 
91 47 41 0 
92 66 242 0 
93 21 17 0 
94 57 225 0 
95 50 87 0 
96 28 87 0 
97 69 60 0 
98 91 108 0 
99 78 302 0 
100 34 105 0 
101 33 43 0 
102 82 42 0 
103 47 143 0 
104 68 199 0 
105 93 226 0 
106 91 285 0 
107 98 379 0 
108 35 22 0 
109 75 220 0 
110 85 291 0 
111 47 109 0 
112 93 161 0 
113 73 199 0 
114 91 290 0 
115 60 173 0 
116 36 122 0 
117 27 44 0 
118 56 48 0 
119 80 259 0 
120 56 129 0 
121 51 103 0 
122 45 64 0 
123 68 108 0 
124 78 251 0 
125 43 122 0 
126 96 297 0 
127 80 105 0 
128 65 129 0 
129 64 234 0 
130 50 122 0 
131 91 103 0 
132 95 133 0 
133 95 246 0 
134 38 107 0 
135 45 39 0 
136 38 120 0 
137 21 47 0 
138 90 193 0 
139 93 264 0 
140 44 76 0 
141 34 117 0 
142 34 33 0 
143 74 64 0 
144 66 128 0 
145 97 271 0 
146 87 211 0 
147 48 58 0 
148 25 64 0 
149 71 178 0 
150 74 260 0 
151 31 103 0 
152 51 37 0 
153 35 112 0 
154 24 74 0 
155 55 69 0 
156 71 117 0 
157 96 242 0 
158 67 46 0 
159 34 72 0 
160 45 69 0 
161 74 266 0 
162 59 104 0 
163 89 327 0 
164 86 192 0 
165 61 235 0 
166 68 218 0 
167 22 63 0 
168 32 48 0 
169 69 185 0 
170 62 242 0 
171 96 97 0 
172 97 75 0 
173 81 64 0 
174 94 278 0 
175 67 227 0 
176 86 221 0 
177 88 234 0 
178 34 19 0 
179 46 175 0 
180 91 146 0 
181 73 197 0 
182 91 250 0 
183 79 200 0 
184 51 194 0 
185 66 195 0 
186 24 31 0 
187 86 51 0 
188 86 119 0 
189 79 259 0 
190 55 189 0 
191 96 236 0 
192 81 129 0 
193 60 90 0 
194 42 83 0 
195 94 287 0 
196 34 109 0 
197 47 83 0 
198 53 157 0 
199 54 141 0 
200 58 74 0 
201 48 158 0 
202 42 160 0 
203 52 131 0 
204 23 67 0 
205 48 39 0 
206 85 81 0 
207 52 33 0 
208 36 92 0 
209 81 227 0 
210 58 128 0 
211 60 117 0 
212 85 205 0 
213 44 70 0 
214 88 338 0 
215 21 82 0 
216 35 107 0 
217 66 158 0 
218 77 51 0 
219 50 109 0 
220 59 134 0 
221 81 233 0 
222 98 251 0 
223 58 76 0 
224 65 95 0 
225 50 120 0 
226 80 194 0 
227 96 62 0 
228 97 203 0 
229 37 105 0 
230 72 161 0 
231 64 77 0 
232 63 181 0 
233 70 221 0 
234 61 68 0 
235 32 97 0 
236 27 61 0 
237 38 127 0 
238 25 14 0 
239 64 172 0 
240 56 154 0 
241 98 276 0 
242 37 133 0 
243 64 132 0 
244 77 162 0 
245 22 45 0 
246 83 326 0 
247 66 122 0 
248 77 63 0 
249 22 64 0 
250 54 212 0 
251 41 92 0 
252 65 247 0 
253 56 91 0 
254 35 108 0 
255 36 89 0 
256 66 44 0 
257 61 87 0 
258 95 277 0 
259 51 171 0 
260 96 228 0 
261 43 65 0 
262 81 215 0 
263 61 79 0 
264 90 76 0 
265 80 289 0 
266 68 153 0 
267 75 76 0 
268 52 207 0 
269 98 110 0 
270 51 179 0 
271 65 87 0 
272 64 233 0 
273 68 103 0 
274 91 100 0 
275 76 184 0 
276 36 48 0 
277 71 91 0 
278 51 96 0 
279 26 39 0 
280 28 64 0 
281 72 209 0 
282 61 74 0 
283 41 67 0 
284 75 81 0 
285 65 119 0 
286 59 235 0 
287 77 153 0 
288 90 174 0 
289 94 359 0 
290 82 208 0 
291 43 74 0 
292 66 232 0 
293 24 77 0 
294 76 145 0 
295 64 197 0 
296 39 119 0 
297 87 271 0 
298 88 224 0 
299 26 21 0 
300 100 362 0 
301 65 169 0 
302 97 68 0 
303 24 62 0 
304 76 111 0 
305 68 222 0 
306 95 255 0 
307 87 282 0 
308 66 166 0 
309 45 121 0 
310 85 267 0 
311 43 166 0 
312 80 298 0 
313 100 117 0 
314 45 59 0 
315 81 208 0 
316 40 80 0 
317 40 83 0 
318 84 188 0 
319 74 79 0 
320 82 285 0 
321 62 144 0 
322 37 130 0 
323 45 33 0 
324 21 65 0 
325 47 143 0 
326 87 301 0 
327 98 66 0 
328 70 128 0 
329 88 48 0 
330 66 153 0 
331 99 395 0 
332 67 81 0 
333 41 157 0 
334 53 42 0 
335 79 159 0 
336 43 58 0 
337 82 91 0 
338 83 51 0 
339 50 165 0 
340 90 83 0 
341 64 70 0 
342 75 74 0 
343 27 68 0 
344 39 106 0 
345 56 167 0 
346 28 48 0 
347 78 55 0 
348 44 47 0 
349 96 58 0 
350 58 147 0 
351 89 108 0 
352 82 174 0 
353 21 21 0 
354 30 99 0 
355 76 122 0 
356 33 26 0 
357 45 109 0 
358 23 25 0 
359 36 21 0 
360 38 20 0 
361 69 155 0 
362 24 51 0 
363 75 50 0 
364 71 258 0 
365 79 167 0 
366 88 327 0 
367 55 209 0 
368 97 60 0 
369 83 156 0 
370 85 66 0 
371 50 197 0 
372 87 312 0 
373 36 71 0 
374 30 106 0 
375 53 92 0 
376 49 165 0 
377 40 153 0 
378 31 78 0 
379 77 277 0 
380 74 135 0 
381 59 148 0 
382 50 94 0 
383 28 29 0 
384 71 112 0 
385 98 239 0 
386 53 158 0 
387 42 95 0 
388 70 197 0 
389 60 134 0 
390 73 221 0 
391 77 166 0 
392 56 170 0 
393 82 208 0 
394 60 102 0 
395 24 62 0 
396 43 139 0 
397 96 368 0 
398 88 99 0 
399 23 26 0 
400 65 238 0 
401 30 103 0 
402 50 144 0 
403 56 39 0 
404 95 300 0 
405 57 172 0 
406 75 131 0 
407 46 155 0 
408 34 97 0 
409 57 179 0 
410 69 96 0 
411 89 210 0 
412 91 61 0 
413 22 26 0 
414 84 153 0 
415 50 57 0 
416 44 77 0 
417 86 277 0 
418 91 266 0 
419 58 202 0 
420 78 221 0 
421 81 218 0 
422 59 56 0 
423 29 48 0 
424 96 303 0 
425 87 337 0 
426 30 38 0 
427 61 132 0 
428 54 164 0 
429 38 86 0 
430 56 141 0 
431 63 61 0 
432 32 74 0 
433 30 17 0 
434 82 136 0 
435 87 83 0 
436 49 65 0 
437 89 182 0 
438 53 108 0 
439 97 342 0 
440 91 98 0 
441 23 28 0 
442 80 258 0 
443 96 375 0 
444 34 39 0 
445 22 39 0 
446 63 91 0 
447 75 209 0 
448 96 369 0 
449 86 293 0 
450 49 129 0 
451 46 155 0 
452 61 112 0 
453 46 183 0 
454 84 256 0 
455 28 70 0 
456 66 263 0 
457 33 98 0 
458 29 90 0 
459 30 38 0 
460 73 92 0 
461 39 119 0 
462 35 113 0 
463 22 13 0 
464 22 13 0 
465 97 234 0 
466 47 76 0 
467 49 142 0 
468 22 77 0 
469 42 89 0 
470 84 55 0 
471 65 152 0 
472 100 267 0 
473 77 103 0 
474 75 69 0 
475 45 59 0 
476 60 99 0 
477 49 49 0 
478 86 328 0 
479 36 120 0 
480 99 82 0 
481 26 82 0 
482 70 49 0 
483 54 83 0 
484 81 285 0 
485 78 255 0 
486 46 62 0 
487 57 106 0 
488 52 172 0 
489 93 366 0 
490 68 144 0 
491 62 159 0 
492 45 68 0 
493 21 72 0 
494 22 14 0 
495 75 168 0 
496 74 177 0 
497 73 41 0 
498 43 152 0 
499 53 169 0 
