NAME GBP_INSTANCES\prob_3_A_3_7_2.txt
COMMENT
BINTYPES 3
ITEMS 200
BINS_SECTIONS
0 100 100 0 150 
1 120 120 0 125 
2 150 150 0 100 
ITEMS_SECTIONS
0 83 321 0 
1 58 204 0 
2 85 263 0 
3 88 238 0 
4 77 223 0 
5 75 272 0 
6 61 151 0 
7 97 115 0 
8 88 331 0 
9 51 180 0 
10 77 292 0 
11 52 123 0 
12 54 149 0 
13 63 165 0 
14 79 53 0 
15 88 218 0 
16 91 340 0 
17 92 121 0 
18 52 171 0 
19 63 128 0 
20 64 107 0 
21 86 111 0 
22 88 191 0 
23 94 316 0 
24 80 107 0 
25 82 244 0 
26 68 269 0 
27 92 220 0 
28 80 104 0 
29 100 375 0 
30 72 42 0 
31 51 176 0 
32 79 196 0 
33 87 260 0 
34 95 118 0 
35 54 141 0 
36 72 146 0 
37 64 33 0 
38 88 144 0 
39 86 45 0 
40 62 32 0 
41 53 181 0 
42 65 234 0 
43 74 265 0 
44 83 216 0 
45 94 81 0 
46 64 146 0 
47 94 294 0 
48 56 30 0 
49 83 87 0 
50 78 221 0 
51 64 46 0 
52 67 203 0 
53 74 230 0 
54 95 159 0 
55 67 133 0 
56 100 341 0 
57 90 186 0 
58 91 127 0 
59 67 137 0 
60 59 60 0 
61 88 250 0 
62 87 341 0 
63 59 222 0 
64 81 153 0 
65 60 74 0 
66 56 66 0 
67 79 189 0 
68 91 322 0 
69 75 240 0 
70 88 323 0 
71 56 149 0 
72 81 172 0 
73 93 74 0 
74 54 107 0 
75 80 232 0 
76 53 107 0 
77 100 290 0 
78 70 60 0 
79 73 205 0 
80 54 106 0 
81 56 155 0 
82 66 150 0 
83 87 52 0 
84 100 393 0 
85 92 181 0 
86 95 91 0 
87 65 90 0 
88 58 213 0 
89 56 168 0 
90 94 229 0 
91 82 111 0 
92 97 263 0 
93 100 64 0 
94 86 182 0 
95 63 177 0 
96 67 111 0 
97 86 129 0 
98 73 182 0 
99 95 259 0 
100 63 153 0 
101 77 165 0 
102 80 110 0 
103 69 73 0 
104 93 352 0 
105 82 146 0 
106 75 151 0 
107 72 146 0 
108 55 179 0 
109 69 68 0 
110 89 250 0 
111 79 257 0 
112 88 220 0 
113 60 175 0 
114 63 162 0 
115 98 353 0 
116 52 60 0 
117 85 332 0 
118 89 311 0 
119 72 148 0 
120 51 175 0 
121 56 222 0 
122 79 256 0 
123 97 70 0 
124 70 36 0 
125 76 290 0 
126 65 108 0 
127 62 124 0 
128 65 139 0 
129 53 101 0 
130 86 254 0 
131 99 270 0 
132 88 247 0 
133 90 317 0 
134 94 371 0 
135 79 305 0 
136 94 189 0 
137 60 215 0 
138 97 213 0 
139 72 86 0 
140 52 115 0 
141 92 355 0 
142 72 188 0 
143 59 193 0 
144 60 59 0 
145 73 119 0 
146 51 124 0 
147 78 261 0 
148 84 98 0 
149 53 64 0 
150 87 66 0 
151 62 227 0 
152 74 110 0 
153 95 250 0 
154 79 260 0 
155 94 64 0 
156 78 196 0 
157 60 183 0 
158 83 185 0 
159 99 119 0 
160 51 152 0 
161 80 174 0 
162 70 80 0 
163 57 55 0 
164 90 89 0 
165 91 241 0 
166 71 174 0 
167 83 108 0 
168 79 188 0 
169 96 191 0 
170 73 250 0 
171 68 110 0 
172 80 61 0 
173 65 128 0 
174 82 161 0 
175 52 199 0 
176 71 246 0 
177 54 125 0 
178 100 197 0 
179 75 249 0 
180 84 57 0 
181 99 233 0 
182 60 201 0 
183 56 82 0 
184 72 85 0 
185 56 154 0 
186 68 90 0 
187 69 231 0 
188 94 287 0 
189 51 142 0 
190 56 83 0 
191 59 234 0 
192 51 138 0 
193 65 67 0 
194 87 307 0 
195 51 109 0 
196 69 225 0 
197 63 114 0 
198 64 218 0 
199 71 73 0 
