NAME GBP_INSTANCES\prob_1_B_4_7_2.txt
COMMENT
BINTYPES 5
ITEMS 500
BINS_SECTIONS
0 60 60 0 442 
1 80 80 0 332 
2 100 100 0 265 
3 120 120 0 221 
4 150 150 0 177 
ITEMS_SECTIONS
0 25 18 0 
1 17 55 0 
2 50 133 0 
3 44 162 0 
4 93 114 0 
5 95 240 0 
6 70 146 0 
7 3 7 0 
8 52 46 0 
9 96 371 0 
10 49 61 0 
11 88 255 0 
12 29 94 0 
13 16 50 0 
14 21 75 0 
15 81 137 0 
16 17 47 0 
17 7 24 0 
18 74 175 0 
19 5 20 0 
20 87 257 0 
21 19 47 0 
22 66 92 0 
23 83 193 0 
24 57 213 0 
25 39 102 0 
26 90 322 0 
27 76 165 0 
28 98 288 0 
29 10 23 0 
30 93 81 0 
31 25 69 0 
32 87 260 0 
33 59 73 0 
34 92 271 0 
35 56 131 0 
36 96 123 0 
37 38 50 0 
38 85 160 0 
39 64 134 0 
40 20 75 0 
41 81 204 0 
42 93 344 0 
43 19 13 0 
44 34 79 0 
45 96 376 0 
46 56 76 0 
47 21 15 0 
48 80 109 0 
49 92 222 0 
50 93 284 0 
51 51 185 0 
52 87 70 0 
53 60 187 0 
54 63 155 0 
55 40 128 0 
56 4 3 0 
57 8 5 0 
58 38 72 0 
59 86 73 0 
60 55 133 0 
61 64 82 0 
62 11 40 0 
63 85 80 0 
64 23 34 0 
65 66 67 0 
66 68 118 0 
67 63 168 0 
68 32 104 0 
69 19 47 0 
70 38 22 0 
71 83 131 0 
72 47 62 0 
73 66 133 0 
74 49 121 0 
75 38 104 0 
76 83 190 0 
77 55 172 0 
78 2 2 0 
79 84 321 0 
80 17 9 0 
81 27 102 0 
82 97 66 0 
83 22 46 0 
84 97 316 0 
85 19 27 0 
86 34 36 0 
87 85 167 0 
88 59 86 0 
89 8 9 0 
90 86 65 0 
91 59 206 0 
92 29 66 0 
93 93 182 0 
94 5 11 0 
95 67 224 0 
96 23 60 0 
97 40 31 0 
98 43 88 0 
99 49 52 0 
100 33 52 0 
101 67 215 0 
102 51 204 0 
103 89 200 0 
104 2 8 0 
105 23 13 0 
106 33 35 0 
107 96 265 0 
108 79 163 0 
109 30 118 0 
110 14 56 0 
111 6 11 0 
112 51 177 0 
113 31 117 0 
114 30 52 0 
115 3 8 0 
116 59 157 0 
117 16 45 0 
118 50 88 0 
119 30 96 0 
120 80 66 0 
121 79 190 0 
122 78 53 0 
123 97 112 0 
124 83 168 0 
125 76 279 0 
126 31 122 0 
127 32 81 0 
128 47 153 0 
129 18 69 0 
130 35 102 0 
131 5 7 0 
132 54 206 0 
133 95 121 0 
134 42 49 0 
135 71 146 0 
136 28 90 0 
137 60 143 0 
138 10 30 0 
139 48 42 0 
140 43 91 0 
141 43 164 0 
142 50 183 0 
143 75 51 0 
144 80 170 0 
145 56 96 0 
146 78 254 0 
147 89 91 0 
148 40 22 0 
149 57 42 0 
150 75 134 0 
151 44 167 0 
152 95 121 0 
153 99 264 0 
154 99 125 0 
155 11 25 0 
156 100 262 0 
157 77 180 0 
158 44 167 0 
159 2 2 0 
160 31 81 0 
161 70 270 0 
162 6 6 0 
163 31 25 0 
164 73 169 0 
165 4 16 0 
166 25 41 0 
167 80 204 0 
168 38 83 0 
169 22 84 0 
170 90 141 0 
171 60 221 0 
172 22 64 0 
173 99 393 0 
174 59 94 0 
175 46 132 0 
176 75 248 0 
177 93 228 0 
178 78 139 0 
179 88 347 0 
180 28 58 0 
181 32 41 0 
182 76 209 0 
183 55 68 0 
184 5 7 0 
185 77 146 0 
186 85 297 0 
187 21 78 0 
188 87 164 0 
189 44 144 0 
190 94 208 0 
191 57 120 0 
192 78 123 0 
193 5 14 0 
194 63 127 0 
195 39 102 0 
196 87 266 0 
197 71 250 0 
198 14 30 0 
199 23 60 0 
200 20 51 0 
201 83 261 0 
202 34 102 0 
203 7 5 0 
204 80 215 0 
205 91 58 0 
206 92 304 0 
207 28 20 0 
208 77 221 0 
209 66 203 0 
210 14 10 0 
211 16 9 0 
212 32 62 0 
213 16 25 0 
214 11 35 0 
215 53 28 0 
216 78 301 0 
217 58 196 0 
218 19 74 0 
219 57 154 0 
220 71 194 0 
221 11 13 0 
222 28 60 0 
223 39 81 0 
224 68 43 0 
225 61 41 0 
226 64 116 0 
227 47 157 0 
228 20 15 0 
229 66 162 0 
230 16 26 0 
231 68 157 0 
232 29 62 0 
233 58 164 0 
234 46 62 0 
235 74 176 0 
236 8 11 0 
237 94 187 0 
238 93 302 0 
239 91 309 0 
240 97 323 0 
241 31 74 0 
242 13 9 0 
243 94 206 0 
244 83 240 0 
245 66 129 0 
246 38 57 0 
247 83 324 0 
248 62 85 0 
249 19 70 0 
250 28 110 0 
251 60 194 0 
252 2 4 0 
253 94 236 0 
254 88 135 0 
255 47 181 0 
256 48 116 0 
257 13 12 0 
258 12 9 0 
259 86 291 0 
260 11 9 0 
261 40 91 0 
262 37 83 0 
263 43 166 0 
264 97 62 0 
265 89 264 0 
266 77 161 0 
267 55 182 0 
268 16 56 0 
269 66 69 0 
270 6 6 0 
271 66 38 0 
272 24 65 0 
273 79 297 0 
274 53 102 0 
275 59 192 0 
276 37 60 0 
277 28 34 0 
278 11 34 0 
279 55 92 0 
280 70 85 0 
281 73 195 0 
282 88 214 0 
283 76 101 0 
284 51 202 0 
285 96 182 0 
286 18 32 0 
287 41 131 0 
288 41 134 0 
289 70 280 0 
290 55 137 0 
291 93 132 0 
292 26 88 0 
293 26 45 0 
294 80 116 0 
295 33 44 0 
296 25 96 0 
297 59 201 0 
298 28 77 0 
299 53 59 0 
300 36 123 0 
301 51 57 0 
302 67 79 0 
303 40 47 0 
304 12 16 0 
305 38 64 0 
306 56 88 0 
307 52 134 0 
308 66 236 0 
309 26 40 0 
310 80 271 0 
311 33 20 0 
312 91 90 0 
313 68 63 0 
314 23 51 0 
315 66 59 0 
316 12 7 0 
317 3 6 0 
318 53 52 0 
319 40 87 0 
320 38 32 0 
321 76 190 0 
322 92 358 0 
323 18 26 0 
324 51 131 0 
325 45 159 0 
326 45 40 0 
327 85 301 0 
328 85 284 0 
329 82 189 0 
330 44 157 0 
331 82 105 0 
332 22 59 0 
333 77 127 0 
334 16 15 0 
335 63 42 0 
336 90 206 0 
337 67 223 0 
338 93 185 0 
339 28 84 0 
340 70 94 0 
341 73 247 0 
342 94 166 0 
343 43 39 0 
344 84 134 0 
345 86 52 0 
346 99 185 0 
347 95 182 0 
348 98 331 0 
349 84 134 0 
350 29 55 0 
351 21 60 0 
352 5 18 0 
353 10 9 0 
354 65 227 0 
355 16 57 0 
356 95 240 0 
357 2 2 0 
358 26 61 0 
359 6 14 0 
360 24 61 0 
361 6 24 0 
362 18 35 0 
363 62 101 0 
364 51 43 0 
365 58 126 0 
366 83 246 0 
367 42 144 0 
368 61 201 0 
369 62 78 0 
370 81 116 0 
371 46 30 0 
372 67 119 0 
373 66 218 0 
374 98 89 0 
375 69 49 0 
376 80 275 0 
377 43 43 0 
378 36 34 0 
379 42 84 0 
380 50 116 0 
381 94 155 0 
382 76 87 0 
383 21 77 0 
384 77 40 0 
385 81 255 0 
386 65 210 0 
387 54 75 0 
388 87 270 0 
389 82 264 0 
390 19 39 0 
391 57 198 0 
392 58 197 0 
393 15 12 0 
394 88 317 0 
395 27 42 0 
396 21 13 0 
397 89 103 0 
398 99 375 0 
399 44 85 0 
400 95 138 0 
401 53 77 0 
402 83 256 0 
403 80 289 0 
404 99 190 0 
405 84 304 0 
406 33 85 0 
407 58 177 0 
408 81 82 0 
409 89 342 0 
410 94 185 0 
411 90 317 0 
412 24 44 0 
413 73 250 0 
414 24 50 0 
415 38 59 0 
416 66 112 0 
417 38 34 0 
418 29 81 0 
419 10 32 0 
420 80 281 0 
421 61 183 0 
422 11 10 0 
423 65 115 0 
424 77 110 0 
425 26 27 0 
426 44 23 0 
427 17 13 0 
428 50 167 0 
429 53 191 0 
430 91 67 0 
431 96 87 0 
432 39 129 0 
433 3 3 0 
434 12 8 0 
435 10 18 0 
436 28 109 0 
437 94 106 0 
438 37 119 0 
439 13 30 0 
440 64 201 0 
441 9 36 0 
442 85 63 0 
443 39 78 0 
444 2 5 0 
445 45 98 0 
446 97 182 0 
447 27 29 0 
448 49 93 0 
449 61 138 0 
450 42 105 0 
451 67 225 0 
452 47 24 0 
453 95 177 0 
454 91 156 0 
455 14 28 0 
456 42 123 0 
457 90 341 0 
458 16 56 0 
459 80 127 0 
460 82 236 0 
461 16 55 0 
462 82 310 0 
463 83 237 0 
464 7 24 0 
465 10 8 0 
466 22 13 0 
467 25 72 0 
468 38 82 0 
469 44 77 0 
470 45 42 0 
471 95 140 0 
472 75 161 0 
473 23 76 0 
474 65 213 0 
475 90 144 0 
476 86 66 0 
477 17 60 0 
478 18 44 0 
479 5 4 0 
480 80 157 0 
481 66 160 0 
482 33 52 0 
483 22 82 0 
484 83 195 0 
485 26 96 0 
486 43 31 0 
487 43 97 0 
488 84 319 0 
489 96 141 0 
490 85 157 0 
491 79 248 0 
492 81 88 0 
493 26 81 0 
494 93 121 0 
495 51 155 0 
496 88 82 0 
497 7 25 0 
498 20 51 0 
499 26 61 0 
