NAME GBP_INSTANCES\prob_3_B_1_0_2.txt
COMMENT
BINTYPES 5
ITEMS 50
BINS_SECTIONS
0 60 60 0 63 
1 80 80 0 48 
2 100 100 0 38 
3 120 120 0 32 
4 150 150 0 26 
ITEMS_SECTIONS
0 94 100 0 
1 91 193 0 
2 76 76 0 
3 80 287 0 
4 51 193 0 
5 58 164 0 
6 55 192 0 
7 70 60 0 
8 100 130 0 
9 67 235 0 
10 86 188 0 
11 58 210 0 
12 60 82 0 
13 76 70 0 
14 79 188 0 
15 96 124 0 
16 93 271 0 
17 55 150 0 
18 98 356 0 
19 51 68 0 
20 85 85 0 
21 95 215 0 
22 90 299 0 
23 98 276 0 
24 52 86 0 
25 80 224 0 
26 56 118 0 
27 71 93 0 
28 89 355 0 
29 57 95 0 
30 57 48 0 
31 82 198 0 
32 98 375 0 
33 80 294 0 
34 80 100 0 
35 74 178 0 
36 51 156 0 
37 63 128 0 
38 71 201 0 
39 91 102 0 
40 81 276 0 
41 67 86 0 
42 85 239 0 
43 55 179 0 
44 53 161 0 
45 100 90 0 
46 86 147 0 
47 96 86 0 
48 60 60 0 
49 66 149 0 
