NAME GBP_INSTANCES\prob_2_B_0_2_2.txt
COMMENT
BINTYPES 5
ITEMS 25
BINS_SECTIONS
0 60 60 0 26 
1 80 80 0 20 
2 100 100 0 16 
3 120 120 0 13 
4 150 150 0 11 
ITEMS_SECTIONS
0 95 105 0 
1 32 67 0 
2 72 222 0 
3 77 92 0 
4 85 239 0 
5 57 209 0 
6 99 214 0 
7 21 43 0 
8 43 52 0 
9 49 181 0 
10 25 22 0 
11 42 65 0 
12 33 112 0 
13 67 96 0 
14 84 126 0 
15 89 351 0 
16 56 145 0 
17 90 168 0 
18 21 22 0 
19 32 35 0 
20 56 156 0 
21 85 281 0 
22 81 216 0 
23 53 59 0 
24 93 97 0 
