NAME GBP_INSTANCES\prob_1_A_3_9_2.txt
COMMENT
BINTYPES 3
ITEMS 200
BINS_SECTIONS
0 100 100 0 103 
1 120 120 0 86 
2 150 150 0 69 
ITEMS_SECTIONS
0 5 8 0 
1 57 97 0 
2 79 134 0 
3 77 100 0 
4 37 138 0 
5 78 173 0 
6 52 60 0 
7 63 210 0 
8 24 24 0 
9 17 61 0 
10 83 248 0 
11 37 138 0 
12 4 10 0 
13 81 249 0 
14 38 72 0 
15 88 326 0 
16 56 146 0 
17 36 119 0 
18 70 232 0 
19 63 182 0 
20 99 352 0 
21 84 194 0 
22 54 183 0 
23 55 148 0 
24 33 79 0 
25 45 62 0 
26 70 253 0 
27 19 16 0 
28 48 134 0 
29 17 55 0 
30 82 200 0 
31 93 70 0 
32 17 42 0 
33 95 204 0 
34 65 223 0 
35 59 71 0 
36 3 4 0 
37 62 160 0 
38 11 38 0 
39 26 43 0 
40 89 70 0 
41 88 276 0 
42 75 188 0 
43 70 189 0 
44 77 280 0 
45 69 128 0 
46 8 28 0 
47 24 89 0 
48 34 21 0 
49 56 222 0 
50 11 7 0 
51 35 24 0 
52 68 159 0 
53 85 267 0 
54 73 65 0 
55 90 178 0 
56 95 368 0 
57 66 213 0 
58 29 65 0 
59 41 151 0 
60 65 33 0 
61 42 119 0 
62 83 44 0 
63 92 225 0 
64 36 55 0 
65 73 120 0 
66 64 231 0 
67 29 49 0 
68 45 94 0 
69 68 166 0 
70 24 22 0 
71 20 64 0 
72 75 45 0 
73 3 11 0 
74 62 174 0 
75 70 144 0 
76 59 235 0 
77 49 130 0 
78 5 11 0 
79 87 52 0 
80 19 27 0 
81 74 60 0 
82 82 258 0 
83 91 90 0 
84 99 216 0 
85 12 23 0 
86 67 130 0 
87 75 201 0 
88 70 54 0 
89 64 216 0 
90 3 9 0 
91 27 41 0 
92 64 36 0 
93 58 202 0 
94 79 145 0 
95 6 7 0 
96 37 105 0 
97 97 94 0 
98 6 13 0 
99 17 66 0 
100 99 118 0 
101 32 98 0 
102 14 42 0 
103 51 145 0 
104 18 10 0 
105 93 357 0 
106 54 71 0 
107 40 99 0 
108 34 130 0 
109 22 30 0 
110 19 62 0 
111 94 244 0 
112 85 279 0 
113 28 62 0 
114 51 46 0 
115 82 276 0 
116 3 12 0 
117 4 12 0 
118 71 281 0 
119 9 17 0 
120 45 127 0 
121 51 196 0 
122 89 101 0 
123 45 109 0 
124 53 113 0 
125 21 21 0 
126 23 72 0 
127 88 326 0 
128 92 122 0 
129 34 91 0 
130 92 256 0 
131 87 287 0 
132 45 142 0 
133 96 91 0 
134 28 96 0 
135 13 20 0 
136 51 195 0 
137 52 56 0 
138 35 136 0 
139 15 34 0 
140 31 74 0 
141 96 106 0 
142 65 64 0 
143 46 33 0 
144 3 12 0 
145 10 40 0 
146 55 127 0 
147 90 196 0 
148 30 42 0 
149 12 25 0 
150 43 93 0 
151 73 193 0 
152 100 305 0 
153 2 8 0 
154 58 167 0 
155 99 174 0 
156 85 312 0 
157 93 180 0 
158 87 53 0 
159 85 123 0 
160 70 271 0 
161 8 29 0 
162 98 165 0 
163 42 68 0 
164 12 22 0 
165 19 43 0 
166 33 25 0 
167 80 96 0 
168 5 6 0 
169 32 82 0 
170 57 212 0 
171 65 165 0 
172 29 43 0 
173 92 294 0 
174 79 118 0 
175 25 62 0 
176 39 111 0 
177 76 105 0 
178 5 20 0 
179 31 75 0 
180 84 73 0 
181 93 358 0 
182 59 225 0 
183 39 81 0 
184 16 40 0 
185 46 89 0 
186 48 64 0 
187 29 72 0 
188 60 225 0 
189 51 45 0 
190 71 273 0 
191 21 75 0 
192 37 118 0 
193 2 2 0 
194 69 52 0 
195 14 24 0 
196 72 99 0 
197 59 175 0 
198 18 59 0 
199 13 32 0 
