NAME GBP_INSTANCES\prob_2_A_4_5_2.txt
COMMENT
BINTYPES 3
ITEMS 500
BINS_SECTIONS
0 100 100 0 303 
1 120 120 0 253 
2 150 150 0 202 
ITEMS_SECTIONS
0 42 50 0 
1 91 85 0 
2 34 41 0 
3 34 112 0 
4 61 226 0 
5 81 173 0 
6 50 50 0 
7 41 121 0 
8 53 89 0 
9 67 140 0 
10 43 61 0 
11 79 124 0 
12 61 143 0 
13 45 50 0 
14 47 59 0 
15 23 78 0 
16 33 130 0 
17 47 74 0 
18 45 31 0 
19 40 155 0 
20 73 231 0 
21 88 74 0 
22 75 118 0 
23 29 55 0 
24 55 176 0 
25 23 42 0 
26 85 303 0 
27 78 126 0 
28 69 162 0 
29 26 94 0 
30 31 116 0 
31 72 148 0 
32 31 42 0 
33 71 206 0 
34 24 71 0 
35 22 64 0 
36 73 216 0 
37 100 210 0 
38 87 125 0 
39 29 94 0 
40 55 213 0 
41 42 82 0 
42 32 56 0 
43 27 94 0 
44 55 83 0 
45 92 271 0 
46 54 72 0 
47 68 107 0 
48 91 66 0 
49 96 336 0 
50 21 70 0 
51 60 216 0 
52 59 173 0 
53 62 111 0 
54 94 302 0 
55 75 255 0 
56 59 182 0 
57 56 183 0 
58 44 148 0 
59 50 111 0 
60 85 292 0 
61 88 174 0 
62 65 43 0 
63 60 56 0 
64 66 75 0 
65 79 249 0 
66 27 42 0 
67 84 300 0 
68 27 97 0 
69 26 81 0 
70 60 235 0 
71 41 39 0 
72 67 248 0 
73 73 206 0 
74 62 67 0 
75 53 154 0 
76 99 120 0 
77 25 92 0 
78 47 170 0 
79 33 38 0 
80 80 263 0 
81 28 18 0 
82 47 184 0 
83 67 169 0 
84 38 71 0 
85 28 95 0 
86 64 126 0 
87 69 149 0 
88 65 44 0 
89 50 188 0 
90 35 65 0 
91 82 182 0 
92 60 176 0 
93 28 110 0 
94 88 229 0 
95 94 234 0 
96 37 94 0 
97 34 82 0 
98 92 230 0 
99 53 89 0 
100 52 206 0 
101 31 46 0 
102 44 116 0 
103 42 127 0 
104 92 250 0 
105 81 275 0 
106 70 238 0 
107 27 73 0 
108 23 70 0 
109 49 145 0 
110 55 122 0 
111 28 82 0 
112 91 325 0 
113 64 233 0 
114 84 282 0 
115 29 85 0 
116 76 172 0 
117 42 108 0 
118 30 40 0 
119 91 203 0 
120 73 185 0 
121 29 108 0 
122 23 38 0 
123 58 140 0 
124 44 155 0 
125 55 60 0 
126 58 132 0 
127 41 117 0 
128 76 253 0 
129 64 252 0 
130 89 339 0 
131 32 88 0 
132 75 44 0 
133 56 38 0 
134 53 68 0 
135 66 220 0 
136 47 68 0 
137 34 85 0 
138 48 190 0 
139 88 168 0 
140 93 107 0 
141 57 210 0 
142 46 181 0 
143 75 212 0 
144 53 115 0 
145 75 194 0 
146 68 118 0 
147 22 77 0 
148 40 68 0 
149 90 143 0 
150 55 110 0 
151 46 154 0 
152 80 91 0 
153 66 134 0 
154 29 32 0 
155 50 105 0 
156 40 72 0 
157 64 136 0 
158 32 28 0 
159 74 269 0 
160 68 57 0 
161 21 12 0 
162 25 49 0 
163 70 38 0 
164 61 193 0 
165 49 74 0 
166 38 24 0 
167 51 96 0 
168 91 196 0 
169 29 25 0 
170 48 158 0 
171 82 131 0 
172 51 164 0 
173 28 59 0 
174 86 330 0 
175 99 79 0 
176 52 172 0 
177 59 160 0 
178 75 247 0 
179 69 99 0 
180 73 202 0 
181 81 277 0 
182 57 224 0 
183 69 273 0 
184 83 53 0 
185 40 29 0 
186 54 147 0 
187 78 172 0 
188 92 316 0 
189 39 70 0 
190 84 71 0 
191 33 123 0 
192 58 50 0 
193 49 26 0 
194 42 25 0 
195 84 325 0 
196 90 173 0 
197 44 144 0 
198 47 34 0 
199 86 57 0 
200 55 107 0 
201 50 143 0 
202 97 293 0 
203 42 136 0 
204 80 264 0 
205 30 26 0 
206 97 118 0 
207 95 170 0 
208 89 180 0 
209 63 56 0 
210 78 89 0 
211 60 197 0 
212 34 124 0 
213 96 136 0 
214 54 147 0 
215 40 80 0 
216 73 277 0 
217 40 152 0 
218 73 199 0 
219 30 46 0 
220 38 84 0 
221 50 164 0 
222 65 235 0 
223 67 112 0 
224 88 100 0 
225 96 190 0 
226 22 42 0 
227 96 221 0 
228 42 91 0 
229 85 217 0 
230 65 72 0 
231 86 219 0 
232 93 361 0 
233 47 116 0 
234 40 94 0 
235 29 87 0 
236 78 278 0 
237 56 81 0 
238 100 59 0 
239 46 99 0 
240 88 279 0 
241 98 69 0 
242 25 18 0 
243 72 207 0 
244 62 201 0 
245 61 201 0 
246 80 304 0 
247 69 264 0 
248 40 104 0 
249 39 54 0 
250 42 128 0 
251 60 186 0 
252 76 250 0 
253 97 363 0 
254 84 217 0 
255 71 233 0 
256 39 137 0 
257 79 190 0 
258 64 96 0 
259 80 276 0 
260 74 189 0 
261 62 60 0 
262 98 144 0 
263 34 88 0 
264 32 72 0 
265 100 289 0 
266 22 86 0 
267 52 143 0 
268 60 62 0 
269 29 24 0 
270 53 110 0 
271 79 193 0 
272 44 136 0 
273 65 104 0 
274 86 239 0 
275 52 68 0 
276 92 278 0 
277 69 92 0 
278 28 110 0 
279 92 69 0 
280 53 140 0 
281 61 66 0 
282 52 185 0 
283 30 83 0 
284 41 71 0 
285 24 13 0 
286 29 34 0 
287 89 134 0 
288 26 59 0 
289 43 103 0 
290 83 79 0 
291 34 19 0 
292 61 219 0 
293 31 68 0 
294 84 276 0 
295 58 46 0 
296 100 58 0 
297 94 169 0 
298 82 107 0 
299 67 220 0 
300 81 211 0 
301 38 39 0 
302 91 360 0 
303 73 264 0 
304 35 50 0 
305 73 197 0 
306 83 266 0 
307 52 43 0 
308 97 88 0 
309 61 164 0 
310 48 79 0 
311 33 62 0 
312 96 120 0 
313 96 300 0 
314 92 209 0 
315 70 275 0 
316 45 34 0 
317 85 283 0 
318 43 26 0 
319 71 45 0 
320 84 270 0 
321 79 59 0 
322 55 158 0 
323 65 233 0 
324 73 207 0 
325 60 132 0 
326 64 187 0 
327 38 136 0 
328 39 55 0 
329 43 55 0 
330 78 238 0 
331 57 219 0 
332 71 148 0 
333 21 53 0 
334 46 77 0 
335 52 36 0 
336 54 134 0 
337 37 32 0 
338 62 89 0 
339 72 279 0 
340 88 240 0 
341 68 173 0 
342 66 248 0 
343 42 83 0 
344 72 253 0 
345 100 220 0 
346 49 171 0 
347 98 251 0 
348 79 176 0 
349 61 147 0 
350 47 127 0 
351 35 20 0 
352 85 169 0 
353 86 212 0 
354 90 310 0 
355 67 147 0 
356 59 231 0 
357 60 228 0 
358 92 198 0 
359 77 182 0 
360 72 130 0 
361 88 335 0 
362 87 268 0 
363 33 63 0 
364 80 228 0 
365 82 126 0 
366 89 79 0 
367 28 16 0 
368 90 240 0 
369 80 139 0 
370 40 156 0 
371 61 240 0 
372 32 108 0 
373 46 69 0 
374 28 60 0 
375 100 270 0 
376 41 117 0 
377 78 143 0 
378 28 18 0 
379 58 123 0 
380 89 185 0 
381 60 42 0 
382 61 203 0 
383 67 109 0 
384 60 42 0 
385 92 145 0 
386 36 86 0 
387 41 21 0 
388 88 298 0 
389 31 41 0 
390 82 285 0 
391 29 111 0 
392 97 255 0 
393 98 206 0 
394 82 225 0 
395 34 126 0 
396 32 61 0 
397 94 59 0 
398 88 46 0 
399 80 160 0 
400 54 75 0 
401 52 168 0 
402 96 79 0 
403 73 91 0 
404 96 340 0 
405 38 56 0 
406 55 182 0 
407 91 105 0 
408 61 213 0 
409 84 115 0 
410 30 107 0 
411 82 176 0 
412 60 49 0 
413 38 152 0 
414 41 124 0 
415 80 221 0 
416 34 126 0 
417 90 144 0 
418 40 150 0 
419 97 204 0 
420 22 68 0 
421 61 183 0 
422 45 179 0 
423 53 145 0 
424 91 151 0 
425 69 110 0 
426 92 132 0 
427 46 64 0 
428 52 99 0 
429 95 121 0 
430 88 286 0 
431 35 66 0 
432 90 52 0 
433 91 227 0 
434 44 165 0 
435 32 68 0 
436 81 185 0 
437 95 123 0 
438 46 67 0 
439 51 142 0 
440 27 33 0 
441 57 158 0 
442 35 73 0 
443 90 248 0 
444 94 304 0 
445 39 144 0 
446 42 76 0 
447 56 124 0 
448 32 62 0 
449 43 82 0 
450 66 133 0 
451 51 192 0 
452 84 264 0 
453 86 150 0 
454 90 146 0 
455 58 113 0 
456 27 40 0 
457 45 78 0 
458 46 162 0 
459 82 231 0 
460 61 177 0 
461 53 126 0 
462 72 282 0 
463 28 111 0 
464 21 17 0 
465 64 73 0 
466 77 42 0 
467 48 94 0 
468 69 94 0 
469 38 32 0 
470 81 295 0 
471 79 269 0 
472 72 200 0 
473 63 166 0 
474 80 267 0 
475 29 23 0 
476 92 59 0 
477 33 122 0 
478 54 50 0 
479 41 67 0 
480 77 286 0 
481 39 51 0 
482 54 142 0 
483 68 255 0 
484 52 45 0 
485 48 50 0 
486 22 15 0 
487 98 164 0 
488 37 142 0 
489 37 107 0 
490 90 124 0 
491 23 89 0 
492 98 112 0 
493 23 42 0 
494 39 92 0 
495 100 71 0 
496 69 92 0 
497 43 105 0 
498 46 37 0 
499 98 328 0 
