NAME GBP_INSTANCES\prob_3_B_0_1_2.txt
COMMENT
BINTYPES 5
ITEMS 25
BINS_SECTIONS
0 60 60 0 34 
1 80 80 0 26 
2 100 100 0 21 
3 120 120 0 17 
4 150 150 0 14 
ITEMS_SECTIONS
0 63 192 0 
1 95 200 0 
2 81 238 0 
3 73 269 0 
4 100 101 0 
5 80 287 0 
6 87 214 0 
7 94 319 0 
8 67 150 0 
9 62 163 0 
10 85 196 0 
11 80 103 0 
12 97 70 0 
13 80 91 0 
14 93 81 0 
15 88 255 0 
16 98 54 0 
17 57 128 0 
18 99 171 0 
19 72 125 0 
20 67 139 0 
21 86 168 0 
22 62 178 0 
23 89 206 0 
24 71 120 0 
