NAME GBP_INSTANCES\prob_2_B_2_3_2.txt
COMMENT
BINTYPES 5
ITEMS 100
BINS_SECTIONS
0 60 60 0 102 
1 80 80 0 76 
2 100 100 0 61 
3 120 120 0 51 
4 150 150 0 41 
ITEMS_SECTIONS
0 59 164 0 
1 34 97 0 
2 61 157 0 
3 82 240 0 
4 92 330 0 
5 31 30 0 
6 34 44 0 
7 72 226 0 
8 23 44 0 
9 42 26 0 
10 53 77 0 
11 70 228 0 
12 81 147 0 
13 54 87 0 
14 54 101 0 
15 55 212 0 
16 57 168 0 
17 83 154 0 
18 72 132 0 
19 30 89 0 
20 90 231 0 
21 80 49 0 
22 27 40 0 
23 77 94 0 
24 37 111 0 
25 57 42 0 
26 87 233 0 
27 96 282 0 
28 45 55 0 
29 32 29 0 
30 50 120 0 
31 34 59 0 
32 34 102 0 
33 42 68 0 
34 57 78 0 
35 89 223 0 
36 46 31 0 
37 78 138 0 
38 43 134 0 
39 29 19 0 
40 57 181 0 
41 96 244 0 
42 72 183 0 
43 52 51 0 
44 23 33 0 
45 47 134 0 
46 85 80 0 
47 93 251 0 
48 93 48 0 
49 84 106 0 
50 86 171 0 
51 21 72 0 
52 94 205 0 
53 75 121 0 
54 100 355 0 
55 84 95 0 
56 62 175 0 
57 27 79 0 
58 39 107 0 
59 65 252 0 
60 34 59 0 
61 82 168 0 
62 97 160 0 
63 22 38 0 
64 84 206 0 
65 66 67 0 
66 49 128 0 
67 31 115 0 
68 95 153 0 
69 74 292 0 
70 73 173 0 
71 51 145 0 
72 91 197 0 
73 63 128 0 
74 34 26 0 
75 45 40 0 
76 57 76 0 
77 85 79 0 
78 76 279 0 
79 35 109 0 
80 74 130 0 
81 37 62 0 
82 45 42 0 
83 77 178 0 
84 23 42 0 
85 59 134 0 
86 85 99 0 
87 59 204 0 
88 74 97 0 
89 61 87 0 
90 26 41 0 
91 26 78 0 
92 97 228 0 
93 85 291 0 
94 55 132 0 
95 82 215 0 
96 94 212 0 
97 34 19 0 
98 52 193 0 
99 60 163 0 
