NAME GBP_INSTANCES\prob_1_A_4_4_2.txt
COMMENT
BINTYPES 3
ITEMS 500
BINS_SECTIONS
0 100 100 0 250 
1 120 120 0 208 
2 150 150 0 167 
ITEMS_SECTIONS
0 91 88 0 
1 77 136 0 
2 3 4 0 
3 21 61 0 
4 72 51 0 
5 22 53 0 
6 7 16 0 
7 22 49 0 
8 98 101 0 
9 31 24 0 
10 80 170 0 
11 39 78 0 
12 90 291 0 
13 89 50 0 
14 19 42 0 
15 90 173 0 
16 53 107 0 
17 84 102 0 
18 30 34 0 
19 67 84 0 
20 18 25 0 
21 5 13 0 
22 60 130 0 
23 44 146 0 
24 36 59 0 
25 46 180 0 
26 43 167 0 
27 53 134 0 
28 97 275 0 
29 5 8 0 
30 32 45 0 
31 35 36 0 
32 37 70 0 
33 34 109 0 
34 48 114 0 
35 69 56 0 
36 9 24 0 
37 76 220 0 
38 6 16 0 
39 97 341 0 
40 5 6 0 
41 17 24 0 
42 50 103 0 
43 56 87 0 
44 65 113 0 
45 75 236 0 
46 56 79 0 
47 8 18 0 
48 91 194 0 
49 5 7 0 
50 52 81 0 
51 8 28 0 
52 92 352 0 
53 81 166 0 
54 76 206 0 
55 87 296 0 
56 75 76 0 
57 73 111 0 
58 68 100 0 
59 89 106 0 
60 8 5 0 
61 82 206 0 
62 83 154 0 
63 40 113 0 
64 79 208 0 
65 18 50 0 
66 27 63 0 
67 93 327 0 
68 72 88 0 
69 15 9 0 
70 16 62 0 
71 29 113 0 
72 73 127 0 
73 59 138 0 
74 51 148 0 
75 39 131 0 
76 42 122 0 
77 22 76 0 
78 10 25 0 
79 90 282 0 
80 63 182 0 
81 71 174 0 
82 39 155 0 
83 99 157 0 
84 98 373 0 
85 61 219 0 
86 70 233 0 
87 86 136 0 
88 69 103 0 
89 63 110 0 
90 24 33 0 
91 75 236 0 
92 74 208 0 
93 48 178 0 
94 27 41 0 
95 88 244 0 
96 91 273 0 
97 80 285 0 
98 22 81 0 
99 100 366 0 
100 57 51 0 
101 31 114 0 
102 76 286 0 
103 11 39 0 
104 63 92 0 
105 61 104 0 
106 73 138 0 
107 89 148 0 
108 90 351 0 
109 10 15 0 
110 11 9 0 
111 67 162 0 
112 89 186 0 
113 15 18 0 
114 63 113 0 
115 15 13 0 
116 54 194 0 
117 93 110 0 
118 43 120 0 
119 77 79 0 
120 75 270 0 
121 49 73 0 
122 35 82 0 
123 31 106 0 
124 39 79 0 
125 88 298 0 
126 7 5 0 
127 3 3 0 
128 43 135 0 
129 32 118 0 
130 91 80 0 
131 32 105 0 
132 5 18 0 
133 25 38 0 
134 48 53 0 
135 24 63 0 
136 32 42 0 
137 85 119 0 
138 79 170 0 
139 45 114 0 
140 25 14 0 
141 32 73 0 
142 16 39 0 
143 52 96 0 
144 89 280 0 
145 23 70 0 
146 65 110 0 
147 62 118 0 
148 22 23 0 
149 35 72 0 
150 18 40 0 
151 83 45 0 
152 50 125 0 
153 24 69 0 
154 99 208 0 
155 11 44 0 
156 90 175 0 
157 98 105 0 
158 86 241 0 
159 87 121 0 
160 2 6 0 
161 42 50 0 
162 61 203 0 
163 63 69 0 
164 3 5 0 
165 10 27 0 
166 18 35 0 
167 31 47 0 
168 32 97 0 
169 54 108 0 
170 100 147 0 
171 78 189 0 
172 8 28 0 
173 88 297 0 
174 100 349 0 
175 41 127 0 
176 77 178 0 
177 47 97 0 
178 60 104 0 
179 85 123 0 
180 15 43 0 
181 49 75 0 
182 39 128 0 
183 11 27 0 
184 45 43 0 
185 38 40 0 
186 86 120 0 
187 5 4 0 
188 64 76 0 
189 85 315 0 
190 57 105 0 
191 33 36 0 
192 29 29 0 
193 38 129 0 
194 34 80 0 
195 4 15 0 
196 85 264 0 
197 5 14 0 
198 89 326 0 
199 81 50 0 
200 14 30 0 
201 48 34 0 
202 45 87 0 
203 93 191 0 
204 48 184 0 
205 90 276 0 
206 64 249 0 
207 18 50 0 
208 66 130 0 
209 93 185 0 
210 34 78 0 
211 60 222 0 
212 90 349 0 
213 13 13 0 
214 74 235 0 
215 49 159 0 
216 8 11 0 
217 3 4 0 
218 39 132 0 
219 34 80 0 
220 42 165 0 
221 64 86 0 
222 26 96 0 
223 14 33 0 
224 86 232 0 
225 9 21 0 
226 79 99 0 
227 97 72 0 
228 37 38 0 
229 40 88 0 
230 90 147 0 
231 8 32 0 
232 25 29 0 
233 7 21 0 
234 89 207 0 
235 33 131 0 
236 4 9 0 
237 58 175 0 
238 28 45 0 
239 47 61 0 
240 63 163 0 
241 32 42 0 
242 43 132 0 
243 99 174 0 
244 54 150 0 
245 11 14 0 
246 11 34 0 
247 73 241 0 
248 84 199 0 
249 87 348 0 
250 68 226 0 
251 57 139 0 
252 55 180 0 
253 58 98 0 
254 26 86 0 
255 87 198 0 
256 31 106 0 
257 3 8 0 
258 42 127 0 
259 24 18 0 
260 83 291 0 
261 55 200 0 
262 71 109 0 
263 27 75 0 
264 9 15 0 
265 32 86 0 
266 81 296 0 
267 69 78 0 
268 74 138 0 
269 20 73 0 
270 34 44 0 
271 82 224 0 
272 75 218 0 
273 88 203 0 
274 19 17 0 
275 47 76 0 
276 59 136 0 
277 37 48 0 
278 60 173 0 
279 45 52 0 
280 17 55 0 
281 23 53 0 
282 60 74 0 
283 66 152 0 
284 79 268 0 
285 3 10 0 
286 11 37 0 
287 97 255 0 
288 17 25 0 
289 26 29 0 
290 37 123 0 
291 95 186 0 
292 2 4 0 
293 98 201 0 
294 4 11 0 
295 41 28 0 
296 7 12 0 
297 80 89 0 
298 44 80 0 
299 14 17 0 
300 13 13 0 
301 14 44 0 
302 46 141 0 
303 56 59 0 
304 4 7 0 
305 51 173 0 
306 62 157 0 
307 85 213 0 
308 3 4 0 
309 94 100 0 
310 54 216 0 
311 6 20 0 
312 45 132 0 
313 97 322 0 
314 71 280 0 
315 86 178 0 
316 37 87 0 
317 40 96 0 
318 54 178 0 
319 72 142 0 
320 95 295 0 
321 44 148 0 
322 52 41 0 
323 59 208 0 
324 14 30 0 
325 29 91 0 
326 79 87 0 
327 37 131 0 
328 55 94 0 
329 73 127 0 
330 68 111 0 
331 8 28 0 
332 14 30 0 
333 88 49 0 
334 52 66 0 
335 90 121 0 
336 49 41 0 
337 63 87 0 
338 46 41 0 
339 27 59 0 
340 32 75 0 
341 95 99 0 
342 48 33 0 
343 84 286 0 
344 5 3 0 
345 59 133 0 
346 32 68 0 
347 80 153 0 
348 98 327 0 
349 23 43 0 
350 55 56 0 
351 23 89 0 
352 13 17 0 
353 83 82 0 
354 47 70 0 
355 97 62 0 
356 89 115 0 
357 14 40 0 
358 16 15 0 
359 83 272 0 
360 89 119 0 
361 87 265 0 
362 21 40 0 
363 30 44 0 
364 22 38 0 
365 2 4 0 
366 59 166 0 
367 87 299 0 
368 8 30 0 
369 33 120 0 
370 16 37 0 
371 22 23 0 
372 39 105 0 
373 63 250 0 
374 17 52 0 
375 94 148 0 
376 28 34 0 
377 16 31 0 
378 42 78 0 
379 41 47 0 
380 81 172 0 
381 14 46 0 
382 32 98 0 
383 45 98 0 
384 16 35 0 
385 30 94 0 
386 53 177 0 
387 27 58 0 
388 44 60 0 
389 29 39 0 
390 48 49 0 
391 37 85 0 
392 41 114 0 
393 60 223 0 
394 37 67 0 
395 92 204 0 
396 27 93 0 
397 19 47 0 
398 96 186 0 
399 36 130 0 
400 71 72 0 
401 23 82 0 
402 89 193 0 
403 53 65 0 
404 64 85 0 
405 29 62 0 
406 59 157 0 
407 31 23 0 
408 46 167 0 
409 35 55 0 
410 73 50 0 
411 97 170 0 
412 49 164 0 
413 83 212 0 
414 25 81 0 
415 20 16 0 
416 45 40 0 
417 27 100 0 
418 72 91 0 
419 95 162 0 
420 42 63 0 
421 61 75 0 
422 37 126 0 
423 35 42 0 
424 39 120 0 
425 88 261 0 
426 27 85 0 
427 42 57 0 
428 66 254 0 
429 18 55 0 
430 18 70 0 
431 10 6 0 
432 31 70 0 
433 59 66 0 
434 55 70 0 
435 38 91 0 
436 93 121 0 
437 34 87 0 
438 94 79 0 
439 77 76 0 
440 85 306 0 
441 43 169 0 
442 71 157 0 
443 16 31 0 
444 13 47 0 
445 13 21 0 
446 98 189 0 
447 12 44 0 
448 38 116 0 
449 78 211 0 
450 81 274 0 
451 90 193 0 
452 92 114 0 
453 7 9 0 
454 61 234 0 
455 2 7 0 
456 7 10 0 
457 29 15 0 
458 69 190 0 
459 59 73 0 
460 25 42 0 
461 81 117 0 
462 96 333 0 
463 64 183 0 
464 73 96 0 
465 23 48 0 
466 74 144 0 
467 29 25 0 
468 60 101 0 
469 27 23 0 
470 65 196 0 
471 98 216 0 
472 69 223 0 
473 25 76 0 
474 52 183 0 
475 92 281 0 
476 29 82 0 
477 92 353 0 
478 37 22 0 
479 71 258 0 
480 32 111 0 
481 47 55 0 
482 25 60 0 
483 31 48 0 
484 52 192 0 
485 69 83 0 
486 25 92 0 
487 45 97 0 
488 67 57 0 
489 95 143 0 
490 17 27 0 
491 59 200 0 
492 32 32 0 
493 8 5 0 
494 27 28 0 
495 42 47 0 
496 82 270 0 
497 59 113 0 
498 79 158 0 
499 13 13 0 
