NAME GBP_INSTANCES\prob_3_A_4_1_2.txt
COMMENT
BINTYPES 3
ITEMS 500
BINS_SECTIONS
0 100 100 0 381 
1 120 120 0 318 
2 150 150 0 254 
ITEMS_SECTIONS
0 57 37 0 
1 81 70 0 
2 82 52 0 
3 71 59 0 
4 54 164 0 
5 93 200 0 
6 73 46 0 
7 63 227 0 
8 70 193 0 
9 89 263 0 
10 81 308 0 
11 92 116 0 
12 67 216 0 
13 91 130 0 
14 95 217 0 
15 93 154 0 
16 67 129 0 
17 64 47 0 
18 88 263 0 
19 83 327 0 
20 59 146 0 
21 54 185 0 
22 85 266 0 
23 92 294 0 
24 90 75 0 
25 97 206 0 
26 83 116 0 
27 82 146 0 
28 53 190 0 
29 97 365 0 
30 95 60 0 
31 72 40 0 
32 96 194 0 
33 52 47 0 
34 96 368 0 
35 94 309 0 
36 90 285 0 
37 86 78 0 
38 93 139 0 
39 68 246 0 
40 87 125 0 
41 74 211 0 
42 95 78 0 
43 79 54 0 
44 76 147 0 
45 87 256 0 
46 52 120 0 
47 73 230 0 
48 81 223 0 
49 81 123 0 
50 84 52 0 
51 62 111 0 
52 85 290 0 
53 84 188 0 
54 90 174 0 
55 63 73 0 
56 79 45 0 
57 61 190 0 
58 82 105 0 
59 55 181 0 
60 91 245 0 
61 64 115 0 
62 51 114 0 
63 77 229 0 
64 76 254 0 
65 93 135 0 
66 54 175 0 
67 54 140 0 
68 53 105 0 
69 74 211 0 
70 79 303 0 
71 74 147 0 
72 70 164 0 
73 88 310 0 
74 81 69 0 
75 52 69 0 
76 94 77 0 
77 96 138 0 
78 86 153 0 
79 53 178 0 
80 52 71 0 
81 98 280 0 
82 74 236 0 
83 67 126 0 
84 65 95 0 
85 85 258 0 
86 66 180 0 
87 95 87 0 
88 54 103 0 
89 92 204 0 
90 88 203 0 
91 98 300 0 
92 65 59 0 
93 88 209 0 
94 98 223 0 
95 72 152 0 
96 84 280 0 
97 51 103 0 
98 71 161 0 
99 91 359 0 
100 96 322 0 
101 66 77 0 
102 51 75 0 
103 80 295 0 
104 54 103 0 
105 85 263 0 
106 61 132 0 
107 78 245 0 
108 63 44 0 
109 100 134 0 
110 71 111 0 
111 81 209 0 
112 52 73 0 
113 64 35 0 
114 76 80 0 
115 83 332 0 
116 73 249 0 
117 54 210 0 
118 74 151 0 
119 70 174 0 
120 64 171 0 
121 72 214 0 
122 53 176 0 
123 51 26 0 
124 69 266 0 
125 66 98 0 
126 75 87 0 
127 64 150 0 
128 80 247 0 
129 78 254 0 
130 69 165 0 
131 85 181 0 
132 66 147 0 
133 98 193 0 
134 62 102 0 
135 53 174 0 
136 98 197 0 
137 74 140 0 
138 67 115 0 
139 68 91 0 
140 77 245 0 
141 63 122 0 
142 63 186 0 
143 70 216 0 
144 79 185 0 
145 82 150 0 
146 69 202 0 
147 89 135 0 
148 82 184 0 
149 70 210 0 
150 63 137 0 
151 88 349 0 
152 80 184 0 
153 88 148 0 
154 90 205 0 
155 94 364 0 
156 93 295 0 
157 79 210 0 
158 58 152 0 
159 75 298 0 
160 96 297 0 
161 80 229 0 
162 83 94 0 
163 59 46 0 
164 61 139 0 
165 89 154 0 
166 53 210 0 
167 74 108 0 
168 88 140 0 
169 67 48 0 
170 93 221 0 
171 74 266 0 
172 76 168 0 
173 81 172 0 
174 55 64 0 
175 52 127 0 
176 53 55 0 
177 61 82 0 
178 94 109 0 
179 51 43 0 
180 65 52 0 
181 88 138 0 
182 66 46 0 
183 65 201 0 
184 97 117 0 
185 80 270 0 
186 72 272 0 
187 52 107 0 
188 79 122 0 
189 84 252 0 
190 58 138 0 
191 93 106 0 
192 91 180 0 
193 68 62 0 
194 58 221 0 
195 79 178 0 
196 77 175 0 
197 85 193 0 
198 100 67 0 
199 94 328 0 
200 78 232 0 
201 84 77 0 
202 94 328 0 
203 91 214 0 
204 99 278 0 
205 74 214 0 
206 78 248 0 
207 75 151 0 
208 67 245 0 
209 64 78 0 
210 100 154 0 
211 83 202 0 
212 91 154 0 
213 97 79 0 
214 53 55 0 
215 86 220 0 
216 83 262 0 
217 93 255 0 
218 86 177 0 
219 90 83 0 
220 64 238 0 
221 71 112 0 
222 73 163 0 
223 77 87 0 
224 95 55 0 
225 56 142 0 
226 51 133 0 
227 52 41 0 
228 57 68 0 
229 64 42 0 
230 68 181 0 
231 81 165 0 
232 98 323 0 
233 97 274 0 
234 84 156 0 
235 55 76 0 
236 83 92 0 
237 98 368 0 
238 95 226 0 
239 54 155 0 
240 89 215 0 
241 58 104 0 
242 100 209 0 
243 88 161 0 
244 78 204 0 
245 63 139 0 
246 78 210 0 
247 100 252 0 
248 80 202 0 
249 78 224 0 
250 76 117 0 
251 66 209 0 
252 86 270 0 
253 56 171 0 
254 84 136 0 
255 51 110 0 
256 61 62 0 
257 65 133 0 
258 80 53 0 
259 78 84 0 
260 96 114 0 
261 82 315 0 
262 52 164 0 
263 68 164 0 
264 53 205 0 
265 84 165 0 
266 91 85 0 
267 96 298 0 
268 66 88 0 
269 84 217 0 
270 59 84 0 
271 72 131 0 
272 59 157 0 
273 66 232 0 
274 67 252 0 
275 61 110 0 
276 93 112 0 
277 83 228 0 
278 84 242 0 
279 77 193 0 
280 53 158 0 
281 90 58 0 
282 100 380 0 
283 80 206 0 
284 78 153 0 
285 87 119 0 
286 63 199 0 
287 54 173 0 
288 66 186 0 
289 70 178 0 
290 72 179 0 
291 98 265 0 
292 83 329 0 
293 75 184 0 
294 89 319 0 
295 59 117 0 
296 69 207 0 
297 76 275 0 
298 52 43 0 
299 84 92 0 
300 80 203 0 
301 96 61 0 
302 57 192 0 
303 80 42 0 
304 91 244 0 
305 66 149 0 
306 84 310 0 
307 90 66 0 
308 52 65 0 
309 82 95 0 
310 97 237 0 
311 52 105 0 
312 90 338 0 
313 87 131 0 
314 74 200 0 
315 74 144 0 
316 76 233 0 
317 92 118 0 
318 63 208 0 
319 97 86 0 
320 62 52 0 
321 99 326 0 
322 66 241 0 
323 97 363 0 
324 58 225 0 
325 60 156 0 
326 98 140 0 
327 72 211 0 
328 96 191 0 
329 60 44 0 
330 64 143 0 
331 83 88 0 
332 60 138 0 
333 74 119 0 
334 60 183 0 
335 93 229 0 
336 72 75 0 
337 87 202 0 
338 97 150 0 
339 55 176 0 
340 69 242 0 
341 67 233 0 
342 82 176 0 
343 77 233 0 
344 53 64 0 
345 85 310 0 
346 79 263 0 
347 82 112 0 
348 61 80 0 
349 77 70 0 
350 76 130 0 
351 55 93 0 
352 72 283 0 
353 88 137 0 
354 64 80 0 
355 100 70 0 
356 60 180 0 
357 82 166 0 
358 86 297 0 
359 92 63 0 
360 58 61 0 
361 79 260 0 
362 87 199 0 
363 98 191 0 
364 86 150 0 
365 92 305 0 
366 79 64 0 
367 96 280 0 
368 64 230 0 
369 69 259 0 
370 60 230 0 
371 80 122 0 
372 55 152 0 
373 73 228 0 
374 86 316 0 
375 73 283 0 
376 79 83 0 
377 52 165 0 
378 54 148 0 
379 82 47 0 
380 64 194 0 
381 80 94 0 
382 78 79 0 
383 70 129 0 
384 94 282 0 
385 75 179 0 
386 76 60 0 
387 77 88 0 
388 74 64 0 
389 66 106 0 
390 94 310 0 
391 75 137 0 
392 52 175 0 
393 77 283 0 
394 91 154 0 
395 78 195 0 
396 89 276 0 
397 99 339 0 
398 59 185 0 
399 90 202 0 
400 99 208 0 
401 100 399 0 
402 91 106 0 
403 77 107 0 
404 72 240 0 
405 64 211 0 
406 96 176 0 
407 75 272 0 
408 75 201 0 
409 61 223 0 
410 99 312 0 
411 92 135 0 
412 64 250 0 
413 67 244 0 
414 83 83 0 
415 52 202 0 
416 99 165 0 
417 53 101 0 
418 74 123 0 
419 87 330 0 
420 86 272 0 
421 67 259 0 
422 51 72 0 
423 89 290 0 
424 99 117 0 
425 57 92 0 
426 58 67 0 
427 61 195 0 
428 95 322 0 
429 79 296 0 
430 80 283 0 
431 95 252 0 
432 88 343 0 
433 78 218 0 
434 67 86 0 
435 54 54 0 
436 78 281 0 
437 87 203 0 
438 82 150 0 
439 89 193 0 
440 75 283 0 
441 91 64 0 
442 75 233 0 
443 73 190 0 
444 87 117 0 
445 83 245 0 
446 89 353 0 
447 79 125 0 
448 81 269 0 
449 71 278 0 
450 90 334 0 
451 84 73 0 
452 79 115 0 
453 70 88 0 
454 71 118 0 
455 73 79 0 
456 93 213 0 
457 74 200 0 
458 78 100 0 
459 81 228 0 
460 83 289 0 
461 91 282 0 
462 58 228 0 
463 96 55 0 
464 59 156 0 
465 52 187 0 
466 77 164 0 
467 60 117 0 
468 81 149 0 
469 65 223 0 
470 52 176 0 
471 85 132 0 
472 83 286 0 
473 75 292 0 
474 56 122 0 
475 77 288 0 
476 61 131 0 
477 54 120 0 
478 82 157 0 
479 95 336 0 
480 58 185 0 
481 81 209 0 
482 70 191 0 
483 62 129 0 
484 84 146 0 
485 90 127 0 
486 54 177 0 
487 81 132 0 
488 51 82 0 
489 88 60 0 
490 56 195 0 
491 60 121 0 
492 77 307 0 
493 76 61 0 
494 97 344 0 
495 96 113 0 
496 68 52 0 
497 78 113 0 
498 69 66 0 
499 86 215 0 
