NAME GBP_INSTANCES\prob_3_A_4_9_2.txt
COMMENT
BINTYPES 3
ITEMS 500
BINS_SECTIONS
0 100 100 0 379 
1 120 120 0 316 
2 150 150 0 253 
ITEMS_SECTIONS
0 81 81 0 
1 93 261 0 
2 60 60 0 
3 67 221 0 
4 85 261 0 
5 59 77 0 
6 70 65 0 
7 64 48 0 
8 96 281 0 
9 58 93 0 
10 100 66 0 
11 74 85 0 
12 52 34 0 
13 79 134 0 
14 98 94 0 
15 51 53 0 
16 86 229 0 
17 79 249 0 
18 95 123 0 
19 55 114 0 
20 71 63 0 
21 84 156 0 
22 66 174 0 
23 70 202 0 
24 97 104 0 
25 72 279 0 
26 68 86 0 
27 61 68 0 
28 85 263 0 
29 87 291 0 
30 59 96 0 
31 55 199 0 
32 96 111 0 
33 64 43 0 
34 90 219 0 
35 64 122 0 
36 53 56 0 
37 76 104 0 
38 69 134 0 
39 98 219 0 
40 80 134 0 
41 74 111 0 
42 53 71 0 
43 74 214 0 
44 73 123 0 
45 86 250 0 
46 56 142 0 
47 75 199 0 
48 69 82 0 
49 82 292 0 
50 82 128 0 
51 69 205 0 
52 54 153 0 
53 97 221 0 
54 66 95 0 
55 83 270 0 
56 51 46 0 
57 98 246 0 
58 97 130 0 
59 96 88 0 
60 75 163 0 
61 91 244 0 
62 86 322 0 
63 51 31 0 
64 69 100 0 
65 61 134 0 
66 67 264 0 
67 90 291 0 
68 99 147 0 
69 83 131 0 
70 92 55 0 
71 71 217 0 
72 97 62 0 
73 53 157 0 
74 51 110 0 
75 64 159 0 
76 73 168 0 
77 72 233 0 
78 92 100 0 
79 93 256 0 
80 65 132 0 
81 84 224 0 
82 96 75 0 
83 63 149 0 
84 68 198 0 
85 57 31 0 
86 67 192 0 
87 92 172 0 
88 75 277 0 
89 93 53 0 
90 66 242 0 
91 91 169 0 
92 74 268 0 
93 73 92 0 
94 100 204 0 
95 54 208 0 
96 67 193 0 
97 67 136 0 
98 69 273 0 
99 57 100 0 
100 79 250 0 
101 100 384 0 
102 99 80 0 
103 78 105 0 
104 63 208 0 
105 84 193 0 
106 85 159 0 
107 84 309 0 
108 99 173 0 
109 82 271 0 
110 69 154 0 
111 99 71 0 
112 76 219 0 
113 69 147 0 
114 75 67 0 
115 95 115 0 
116 92 320 0 
117 72 45 0 
118 72 152 0 
119 79 260 0 
120 96 199 0 
121 74 93 0 
122 93 104 0 
123 61 127 0 
124 79 50 0 
125 95 182 0 
126 82 123 0 
127 69 187 0 
128 78 137 0 
129 69 260 0 
130 88 169 0 
131 70 199 0 
132 96 288 0 
133 76 243 0 
134 89 135 0 
135 85 79 0 
136 67 233 0 
137 61 43 0 
138 54 71 0 
139 69 59 0 
140 99 139 0 
141 90 305 0 
142 88 91 0 
143 56 116 0 
144 81 123 0 
145 77 150 0 
146 63 75 0 
147 66 164 0 
148 55 208 0 
149 81 190 0 
150 70 49 0 
151 92 143 0 
152 66 68 0 
153 63 246 0 
154 59 109 0 
155 58 108 0 
156 88 227 0 
157 95 203 0 
158 100 130 0 
159 67 200 0 
160 66 53 0 
161 59 59 0 
162 76 289 0 
163 76 128 0 
164 52 190 0 
165 89 136 0 
166 93 204 0 
167 73 142 0 
168 73 252 0 
169 85 307 0 
170 68 203 0 
171 94 354 0 
172 68 199 0 
173 52 68 0 
174 84 234 0 
175 94 134 0 
176 77 120 0 
177 52 195 0 
178 69 239 0 
179 69 248 0 
180 83 55 0 
181 53 63 0 
182 88 89 0 
183 96 123 0 
184 58 199 0 
185 88 85 0 
186 55 191 0 
187 81 55 0 
188 94 250 0 
189 93 286 0 
190 57 133 0 
191 85 227 0 
192 68 234 0 
193 84 188 0 
194 95 134 0 
195 62 101 0 
196 98 232 0 
197 97 236 0 
198 80 85 0 
199 91 310 0 
200 66 232 0 
201 59 64 0 
202 99 267 0 
203 78 138 0 
204 99 128 0 
205 53 60 0 
206 78 151 0 
207 59 122 0 
208 90 84 0 
209 93 197 0 
210 60 153 0 
211 87 193 0 
212 100 299 0 
213 85 230 0 
214 87 347 0 
215 72 210 0 
216 70 114 0 
217 79 108 0 
218 83 188 0 
219 68 161 0 
220 90 146 0 
221 89 355 0 
222 93 281 0 
223 79 212 0 
224 93 264 0 
225 94 56 0 
226 68 122 0 
227 60 120 0 
228 82 63 0 
229 88 300 0 
230 56 188 0 
231 54 90 0 
232 56 170 0 
233 91 358 0 
234 81 110 0 
235 80 145 0 
236 86 304 0 
237 55 201 0 
238 78 173 0 
239 66 239 0 
240 65 251 0 
241 53 179 0 
242 66 193 0 
243 99 126 0 
244 79 81 0 
245 55 50 0 
246 64 88 0 
247 71 131 0 
248 74 273 0 
249 72 135 0 
250 57 84 0 
251 51 179 0 
252 68 104 0 
253 61 105 0 
254 83 229 0 
255 71 152 0 
256 76 217 0 
257 97 364 0 
258 82 109 0 
259 94 281 0 
260 53 79 0 
261 80 153 0 
262 60 226 0 
263 96 112 0 
264 77 173 0 
265 96 115 0 
266 56 193 0 
267 52 72 0 
268 69 166 0 
269 52 29 0 
270 77 295 0 
271 95 373 0 
272 73 260 0 
273 91 285 0 
274 76 143 0 
275 74 51 0 
276 92 352 0 
277 71 274 0 
278 55 169 0 
279 59 174 0 
280 66 47 0 
281 59 136 0 
282 100 327 0 
283 53 113 0 
284 69 186 0 
285 68 259 0 
286 88 157 0 
287 52 92 0 
288 73 49 0 
289 52 100 0 
290 79 277 0 
291 78 124 0 
292 55 180 0 
293 70 176 0 
294 69 117 0 
295 66 175 0 
296 84 321 0 
297 92 191 0 
298 79 311 0 
299 90 262 0 
300 87 267 0 
301 69 119 0 
302 54 68 0 
303 94 218 0 
304 57 149 0 
305 70 208 0 
306 91 119 0 
307 72 270 0 
308 59 69 0 
309 69 174 0 
310 77 44 0 
311 69 89 0 
312 62 239 0 
313 84 148 0 
314 97 158 0 
315 90 168 0 
316 80 160 0 
317 98 236 0 
318 57 32 0 
319 77 290 0 
320 64 173 0 
321 75 203 0 
322 69 208 0 
323 69 153 0 
324 82 92 0 
325 84 196 0 
326 96 62 0 
327 83 317 0 
328 58 102 0 
329 100 98 0 
330 65 196 0 
331 81 194 0 
332 78 249 0 
333 57 49 0 
334 75 246 0 
335 79 112 0 
336 85 117 0 
337 58 34 0 
338 74 117 0 
339 97 206 0 
340 99 210 0 
341 67 214 0 
342 86 318 0 
343 54 38 0 
344 55 213 0 
345 98 349 0 
346 94 155 0 
347 69 110 0 
348 87 248 0 
349 69 276 0 
350 71 223 0 
351 71 55 0 
352 54 160 0 
353 87 239 0 
354 66 242 0 
355 68 256 0 
356 79 41 0 
357 80 110 0 
358 89 132 0 
359 80 119 0 
360 52 129 0 
361 99 83 0 
362 91 124 0 
363 52 155 0 
364 78 220 0 
365 51 125 0 
366 90 266 0 
367 84 212 0 
368 96 300 0 
369 77 132 0 
370 97 102 0 
371 96 300 0 
372 78 306 0 
373 61 89 0 
374 74 276 0 
375 80 210 0 
376 59 158 0 
377 56 206 0 
378 99 133 0 
379 91 219 0 
380 78 207 0 
381 79 190 0 
382 100 200 0 
383 76 207 0 
384 69 179 0 
385 61 132 0 
386 51 174 0 
387 66 148 0 
388 85 120 0 
389 93 142 0 
390 83 297 0 
391 60 194 0 
392 93 308 0 
393 71 264 0 
394 94 189 0 
395 75 287 0 
396 70 142 0 
397 61 42 0 
398 87 155 0 
399 56 223 0 
400 56 37 0 
401 54 212 0 
402 94 346 0 
403 55 99 0 
404 62 100 0 
405 76 115 0 
406 69 86 0 
407 84 228 0 
408 64 178 0 
409 67 263 0 
410 78 116 0 
411 97 183 0 
412 84 266 0 
413 54 46 0 
414 100 374 0 
415 99 80 0 
416 61 83 0 
417 77 184 0 
418 62 66 0 
419 97 277 0 
420 90 178 0 
421 90 288 0 
422 97 139 0 
423 92 135 0 
424 81 45 0 
425 53 40 0 
426 72 192 0 
427 64 135 0 
428 89 229 0 
429 81 319 0 
430 90 153 0 
431 65 51 0 
432 51 157 0 
433 71 71 0 
434 59 43 0 
435 55 117 0 
436 64 141 0 
437 69 148 0 
438 83 98 0 
439 69 122 0 
440 82 313 0 
441 95 340 0 
442 60 66 0 
443 73 280 0 
444 88 118 0 
445 52 187 0 
446 60 38 0 
447 67 166 0 
448 52 205 0 
449 70 144 0 
450 99 126 0 
451 88 176 0 
452 82 129 0 
453 66 169 0 
454 88 81 0 
455 62 69 0 
456 89 143 0 
457 86 245 0 
458 85 111 0 
459 75 74 0 
460 65 180 0 
461 82 99 0 
462 56 151 0 
463 93 264 0 
464 92 317 0 
465 65 238 0 
466 99 225 0 
467 69 88 0 
468 96 383 0 
469 75 162 0 
470 65 41 0 
471 52 189 0 
472 97 206 0 
473 60 177 0 
474 86 277 0 
475 95 84 0 
476 71 179 0 
477 60 168 0 
478 59 182 0 
479 71 255 0 
480 92 321 0 
481 77 48 0 
482 74 221 0 
483 57 191 0 
484 99 73 0 
485 97 250 0 
486 98 283 0 
487 72 248 0 
488 67 192 0 
489 66 35 0 
490 52 165 0 
491 53 86 0 
492 78 153 0 
493 66 73 0 
494 81 298 0 
495 92 254 0 
496 63 159 0 
497 76 141 0 
498 80 69 0 
499 61 50 0 
