NAME GBP_INSTANCES\prob_1_B_2_6_2.txt
COMMENT
BINTYPES 5
ITEMS 100
BINS_SECTIONS
0 60 60 0 85 
1 80 80 0 64 
2 100 100 0 51 
3 120 120 0 43 
4 150 150 0 34 
ITEMS_SECTIONS
0 90 141 0 
1 98 66 0 
2 88 191 0 
3 93 195 0 
4 68 200 0 
5 49 80 0 
6 93 162 0 
7 23 76 0 
8 79 313 0 
9 28 19 0 
10 11 22 0 
11 11 37 0 
12 2 2 0 
13 88 300 0 
14 37 110 0 
15 66 237 0 
16 95 90 0 
17 74 55 0 
18 84 148 0 
19 19 10 0 
20 39 32 0 
21 21 37 0 
22 9 16 0 
23 60 92 0 
24 29 51 0 
25 97 139 0 
26 92 84 0 
27 83 71 0 
28 29 66 0 
29 23 40 0 
30 46 52 0 
31 16 24 0 
32 81 284 0 
33 49 196 0 
34 10 17 0 
35 15 31 0 
36 49 50 0 
37 33 108 0 
38 9 10 0 
39 35 57 0 
40 19 75 0 
41 97 142 0 
42 61 155 0 
43 18 25 0 
44 36 41 0 
45 97 135 0 
46 77 147 0 
47 26 49 0 
48 89 118 0 
49 93 184 0 
50 59 118 0 
51 71 210 0 
52 16 49 0 
53 52 131 0 
54 35 125 0 
55 53 52 0 
56 53 133 0 
57 68 247 0 
58 34 59 0 
59 57 186 0 
60 12 25 0 
61 39 128 0 
62 42 153 0 
63 35 84 0 
64 80 216 0 
65 72 192 0 
66 44 109 0 
67 18 59 0 
68 47 78 0 
69 70 121 0 
70 89 202 0 
71 69 157 0 
72 49 141 0 
73 57 143 0 
74 84 141 0 
75 53 185 0 
76 30 36 0 
77 17 59 0 
78 53 85 0 
79 100 89 0 
80 23 55 0 
81 81 198 0 
82 72 88 0 
83 60 122 0 
84 30 86 0 
85 46 129 0 
86 19 75 0 
87 26 75 0 
88 24 66 0 
89 66 191 0 
90 29 64 0 
91 4 8 0 
92 39 152 0 
93 86 342 0 
94 14 28 0 
95 35 27 0 
96 82 211 0 
97 82 190 0 
98 40 93 0 
99 25 66 0 
