NAME GBP_INSTANCES\prob_2_B_1_2_0.txt
COMMENT
BINTYPES 5
ITEMS 50
BINS_SECTIONS
0 60 60 0 54 
1 80 80 0 41 
2 100 100 0 33 
3 120 120 0 27 
4 150 150 0 22 
ITEMS_SECTIONS
0 69 248 0
1 90 319 0
2 93 130 0
3 44 169 0
4 49 43 0
5 67 82 0
6 81 176 0
7 55 85 0
8 36 86 0
9 61 60 0
10 69 234 0
11 34 63 0
12 40 66 0
13 95 186 0
14 85 172 0
15 69 206 0
16 89 215 0
17 97 315 0
18 57 134 0
19 74 214 0
20 33 34 0
21 42 59 0
22 24 33 0
23 80 299 0
24 98 119 0
25 73 265 0
26 57 73 0
27 68 228 0
28 39 131 0
29 83 59 0
30 23 60 0
31 75 210 0
32 84 266 0
33 88 239 0
34 59 38 0
35 59 235 0
36 59 143 0
37 69 250 0
38 47 126 0
39 87 248 0
40 73 309 0
41 68 253 0
42 66 131 0
43 93 150 0
44 91 123 0
45 92 287 0
46 44 95 0
47 28 57 0
48 22 79 0
49 35 21 0
