NAME GBP_INSTANCES\prob_3_B_2_5_2.txt
COMMENT
BINTYPES 5
ITEMS 100
BINS_SECTIONS
0 60 60 0 128 
1 80 80 0 96 
2 100 100 0 77 
3 120 120 0 64 
4 150 150 0 52 
ITEMS_SECTIONS
0 84 51 0 
1 81 131 0 
2 67 69 0 
3 89 232 0 
4 60 164 0 
5 85 125 0 
6 71 191 0 
7 69 251 0 
8 91 274 0 
9 56 208 0 
10 65 210 0 
11 75 208 0 
12 90 167 0 
13 81 181 0 
14 96 318 0 
15 72 75 0 
16 95 347 0 
17 64 172 0 
18 97 117 0 
19 64 139 0 
20 76 104 0 
21 84 74 0 
22 81 216 0 
23 62 125 0 
24 68 162 0 
25 82 200 0 
26 94 126 0 
27 87 145 0 
28 66 180 0 
29 79 136 0 
30 59 236 0 
31 58 53 0 
32 99 236 0 
33 83 123 0 
34 97 143 0 
35 97 88 0 
36 58 114 0 
37 75 107 0 
38 55 180 0 
39 99 221 0 
40 51 189 0 
41 52 31 0 
42 96 136 0 
43 64 192 0 
44 57 30 0 
45 66 106 0 
46 99 200 0 
47 69 66 0 
48 59 196 0 
49 62 193 0 
50 59 74 0 
51 91 52 0 
52 68 57 0 
53 80 236 0 
54 69 40 0 
55 51 28 0 
56 74 116 0 
57 70 107 0 
58 57 118 0 
59 96 57 0 
60 88 320 0 
61 75 52 0 
62 94 236 0 
63 90 223 0 
64 52 107 0 
65 86 220 0 
66 77 107 0 
67 68 96 0 
68 91 334 0 
69 73 165 0 
70 91 199 0 
71 86 290 0 
72 82 200 0 
73 54 70 0 
74 86 339 0 
75 80 152 0 
76 56 198 0 
77 97 255 0 
78 94 326 0 
79 92 124 0 
80 65 110 0 
81 63 146 0 
82 84 291 0 
83 89 331 0 
84 85 157 0 
85 93 212 0 
86 83 273 0 
87 93 340 0 
88 76 127 0 
89 59 190 0 
90 53 100 0 
91 84 53 0 
92 74 75 0 
93 53 86 0 
94 57 158 0 
95 96 277 0 
96 86 110 0 
97 97 131 0 
98 100 316 0 
99 71 58 0 
