NAME GBP_INSTANCES\prob_1_B_3_5_2.txt
COMMENT
BINTYPES 5
ITEMS 200
BINS_SECTIONS
0 60 60 0 170 
1 80 80 0 128 
2 100 100 0 102 
3 120 120 0 85 
4 150 150 0 68 
ITEMS_SECTIONS
0 61 39 0 
1 7 15 0 
2 17 15 0 
3 11 35 0 
4 49 167 0 
5 7 15 0 
6 18 27 0 
7 31 85 0 
8 86 55 0 
9 21 67 0 
10 67 201 0 
11 6 14 0 
12 95 272 0 
13 27 104 0 
14 72 239 0 
15 2 7 0 
16 6 19 0 
17 98 55 0 
18 24 69 0 
19 54 117 0 
20 96 215 0 
21 22 27 0 
22 26 23 0 
23 11 16 0 
24 13 39 0 
25 47 84 0 
26 36 70 0 
27 97 195 0 
28 30 114 0 
29 90 179 0 
30 69 122 0 
31 22 59 0 
32 90 331 0 
33 83 53 0 
34 69 240 0 
35 64 228 0 
36 79 50 0 
37 93 127 0 
38 86 70 0 
39 65 233 0 
40 67 233 0 
41 18 64 0 
42 62 240 0 
43 84 49 0 
44 85 175 0 
45 59 174 0 
46 67 63 0 
47 14 52 0 
48 61 166 0 
49 88 294 0 
50 85 158 0 
51 35 55 0 
52 82 119 0 
53 28 93 0 
54 2 5 0 
55 3 12 0 
56 11 7 0 
57 19 33 0 
58 76 90 0 
59 30 39 0 
60 23 76 0 
61 37 89 0 
62 65 145 0 
63 82 117 0 
64 91 87 0 
65 19 31 0 
66 71 104 0 
67 36 67 0 
68 89 161 0 
69 38 150 0 
70 89 154 0 
71 11 38 0 
72 26 74 0 
73 27 48 0 
74 20 67 0 
75 41 117 0 
76 96 169 0 
77 57 200 0 
78 22 46 0 
79 84 119 0 
80 70 69 0 
81 85 325 0 
82 84 157 0 
83 45 164 0 
84 72 252 0 
85 85 267 0 
86 71 185 0 
87 99 67 0 
88 2 6 0 
89 52 168 0 
90 34 57 0 
91 2 3 0 
92 40 29 0 
93 17 31 0 
94 42 82 0 
95 64 117 0 
96 84 116 0 
97 53 123 0 
98 22 26 0 
99 87 301 0 
100 73 286 0 
101 13 21 0 
102 58 191 0 
103 33 32 0 
104 24 46 0 
105 71 108 0 
106 49 120 0 
107 13 15 0 
108 52 194 0 
109 15 31 0 
110 67 159 0 
111 91 255 0 
112 12 10 0 
113 71 124 0 
114 17 12 0 
115 73 242 0 
116 95 365 0 
117 85 317 0 
118 41 129 0 
119 71 65 0 
120 57 173 0 
121 65 257 0 
122 68 197 0 
123 30 51 0 
124 88 116 0 
125 91 338 0 
126 57 45 0 
127 2 8 0 
128 6 7 0 
129 13 36 0 
130 17 22 0 
131 37 137 0 
132 92 76 0 
133 26 69 0 
134 73 197 0 
135 6 16 0 
136 41 99 0 
137 59 179 0 
138 58 113 0 
139 98 91 0 
140 46 153 0 
141 62 189 0 
142 82 138 0 
143 27 89 0 
144 84 207 0 
145 13 32 0 
146 77 197 0 
147 71 229 0 
148 51 102 0 
149 53 129 0 
150 63 79 0 
151 97 273 0 
152 69 239 0 
153 57 198 0 
154 35 125 0 
155 93 80 0 
156 49 43 0 
157 58 194 0 
158 11 13 0 
159 40 52 0 
160 17 12 0 
161 6 19 0 
162 47 177 0 
163 65 166 0 
164 82 59 0 
165 19 53 0 
166 60 216 0 
167 13 36 0 
168 82 60 0 
169 83 324 0 
170 51 85 0 
171 55 192 0 
172 43 149 0 
173 61 230 0 
174 93 93 0 
175 87 122 0 
176 10 38 0 
177 62 196 0 
178 56 187 0 
179 47 135 0 
180 10 8 0 
181 46 149 0 
182 39 96 0 
183 65 74 0 
184 53 62 0 
185 16 25 0 
186 86 239 0 
187 28 26 0 
188 73 161 0 
189 45 86 0 
190 53 115 0 
191 32 125 0 
192 99 273 0 
193 27 70 0 
194 4 6 0 
195 12 43 0 
196 51 31 0 
197 67 234 0 
198 92 219 0 
199 48 182 0 
