NAME GBP_INSTANCES\prob_3_B_2_7_2.txt
COMMENT
BINTYPES 5
ITEMS 100
BINS_SECTIONS
0 60 60 0 126 
1 80 80 0 95 
2 100 100 0 76 
3 120 120 0 63 
4 150 150 0 51 
ITEMS_SECTIONS
0 52 89 0 
1 62 204 0 
2 92 230 0 
3 52 194 0 
4 54 155 0 
5 62 177 0 
6 56 114 0 
7 80 108 0 
8 97 359 0 
9 94 333 0 
10 59 44 0 
11 76 197 0 
12 80 81 0 
13 85 166 0 
14 87 127 0 
15 54 148 0 
16 95 94 0 
17 87 67 0 
18 68 200 0 
19 95 48 0 
20 63 143 0 
21 84 62 0 
22 71 279 0 
23 81 62 0 
24 83 282 0 
25 62 190 0 
26 64 171 0 
27 83 42 0 
28 52 111 0 
29 87 94 0 
30 98 322 0 
31 78 70 0 
32 91 319 0 
33 63 193 0 
34 75 293 0 
35 57 34 0 
36 98 82 0 
37 52 68 0 
38 68 87 0 
39 56 182 0 
40 94 60 0 
41 87 63 0 
42 91 68 0 
43 93 345 0 
44 100 182 0 
45 54 165 0 
46 93 271 0 
47 78 285 0 
48 52 205 0 
49 79 101 0 
50 82 63 0 
51 60 111 0 
52 92 63 0 
53 93 100 0 
54 88 101 0 
55 74 93 0 
56 99 295 0 
57 53 148 0 
58 74 117 0 
59 70 222 0 
60 82 63 0 
61 66 98 0 
62 66 123 0 
63 73 203 0 
64 75 79 0 
65 69 63 0 
66 51 29 0 
67 53 189 0 
68 76 281 0 
69 66 194 0 
70 64 237 0 
71 65 201 0 
72 98 200 0 
73 94 220 0 
74 66 88 0 
75 90 235 0 
76 51 83 0 
77 94 371 0 
78 77 180 0 
79 70 262 0 
80 86 177 0 
81 73 48 0 
82 84 255 0 
83 81 135 0 
84 72 113 0 
85 87 253 0 
86 69 238 0 
87 85 268 0 
88 68 232 0 
89 66 168 0 
90 79 83 0 
91 61 164 0 
92 97 231 0 
93 73 215 0 
94 95 311 0 
95 91 136 0 
96 89 251 0 
97 64 206 0 
98 66 201 0 
99 57 199 0 
