NAME GBP_INSTANCES\prob_1_A_3_3_2.txt
COMMENT
BINTYPES 3
ITEMS 200
BINS_SECTIONS
0 100 100 0 103 
1 120 120 0 86 
2 150 150 0 69 
ITEMS_SECTIONS
0 19 50 0 
1 30 81 0 
2 89 326 0 
3 92 174 0 
4 44 148 0 
5 76 240 0 
6 59 155 0 
7 20 63 0 
8 13 16 0 
9 51 190 0 
10 47 65 0 
11 70 210 0 
12 35 99 0 
13 82 70 0 
14 93 103 0 
15 85 97 0 
16 3 9 0 
17 38 111 0 
18 72 270 0 
19 40 62 0 
20 85 251 0 
21 94 150 0 
22 57 73 0 
23 95 321 0 
24 96 65 0 
25 100 174 0 
26 86 149 0 
27 65 35 0 
28 66 70 0 
29 3 6 0 
30 40 129 0 
31 71 89 0 
32 37 55 0 
33 25 59 0 
34 18 30 0 
35 29 43 0 
36 12 41 0 
37 95 337 0 
38 25 99 0 
39 41 116 0 
40 62 232 0 
41 79 105 0 
42 47 123 0 
43 41 141 0 
44 36 27 0 
45 40 53 0 
46 31 100 0 
47 65 207 0 
48 65 156 0 
49 65 259 0 
50 44 117 0 
51 85 337 0 
52 24 42 0 
53 99 201 0 
54 42 56 0 
55 99 346 0 
56 27 85 0 
57 4 13 0 
58 95 198 0 
59 98 76 0 
60 18 55 0 
61 88 238 0 
62 30 112 0 
63 2 6 0 
64 49 89 0 
65 55 209 0 
66 15 59 0 
67 94 107 0 
68 88 343 0 
69 62 112 0 
70 56 105 0 
71 60 90 0 
72 67 65 0 
73 81 69 0 
74 42 43 0 
75 18 44 0 
76 94 304 0 
77 46 157 0 
78 68 244 0 
79 78 162 0 
80 56 182 0 
81 48 160 0 
82 30 26 0 
83 39 78 0 
84 28 68 0 
85 6 21 0 
86 77 100 0 
87 88 191 0 
88 15 15 0 
89 51 191 0 
90 24 64 0 
91 89 174 0 
92 47 130 0 
93 47 100 0 
94 28 59 0 
95 93 278 0 
96 48 138 0 
97 98 357 0 
98 15 38 0 
99 32 86 0 
100 2 4 0 
101 61 186 0 
102 56 115 0 
103 69 159 0 
104 33 95 0 
105 15 47 0 
106 96 341 0 
107 61 217 0 
108 38 67 0 
109 2 3 0 
110 29 71 0 
111 79 250 0 
112 67 265 0 
113 93 271 0 
114 2 5 0 
115 59 144 0 
116 98 278 0 
117 2 5 0 
118 78 245 0 
119 45 83 0 
120 13 40 0 
121 79 78 0 
122 21 64 0 
123 68 161 0 
124 3 5 0 
125 32 107 0 
126 18 28 0 
127 43 166 0 
128 24 80 0 
129 94 319 0 
130 24 34 0 
131 16 62 0 
132 23 16 0 
133 85 212 0 
134 49 122 0 
135 48 108 0 
136 58 96 0 
137 94 49 0 
138 49 44 0 
139 71 79 0 
140 37 123 0 
141 13 12 0 
142 55 114 0 
143 4 15 0 
144 84 184 0 
145 71 249 0 
146 99 207 0 
147 41 85 0 
148 81 65 0 
149 86 119 0 
150 81 168 0 
151 41 22 0 
152 71 137 0 
153 85 317 0 
154 13 40 0 
155 98 388 0 
156 81 176 0 
157 6 12 0 
158 3 5 0 
159 28 103 0 
160 61 197 0 
161 42 50 0 
162 22 80 0 
163 58 30 0 
164 72 126 0 
165 38 85 0 
166 82 224 0 
167 56 180 0 
168 42 161 0 
169 96 161 0 
170 10 22 0 
171 78 146 0 
172 12 25 0 
173 98 122 0 
174 13 22 0 
175 70 273 0 
176 94 53 0 
177 9 34 0 
178 42 93 0 
179 12 9 0 
180 71 141 0 
181 66 65 0 
182 44 134 0 
183 29 77 0 
184 35 31 0 
185 24 92 0 
186 93 106 0 
187 80 49 0 
188 25 29 0 
189 41 150 0 
190 11 42 0 
191 9 28 0 
192 44 126 0 
193 97 242 0 
194 60 97 0 
195 4 14 0 
196 18 12 0 
197 31 113 0 
198 27 56 0 
199 40 100 0 
