NAME GBP_INSTANCES\prob_3_B_4_7_2.txt
COMMENT
BINTYPES 5
ITEMS 500
BINS_SECTIONS
0 60 60 0 633 
1 80 80 0 475 
2 100 100 0 380 
3 120 120 0 317 
4 150 150 0 254 
ITEMS_SECTIONS
0 76 197 0 
1 92 243 0 
2 84 311 0 
3 62 172 0 
4 66 91 0 
5 93 195 0 
6 87 239 0 
7 73 247 0 
8 92 364 0 
9 81 203 0 
10 91 275 0 
11 86 111 0 
12 81 57 0 
13 74 156 0 
14 84 103 0 
15 53 86 0 
16 55 145 0 
17 64 209 0 
18 58 182 0 
19 81 108 0 
20 80 237 0 
21 58 78 0 
22 68 189 0 
23 81 67 0 
24 75 61 0 
25 83 63 0 
26 68 272 0 
27 96 316 0 
28 58 212 0 
29 93 122 0 
30 78 271 0 
31 78 216 0 
32 52 111 0 
33 58 178 0 
34 52 51 0 
35 82 146 0 
36 88 340 0 
37 56 133 0 
38 91 143 0 
39 93 270 0 
40 94 322 0 
41 58 217 0 
42 90 254 0 
43 51 200 0 
44 93 262 0 
45 82 176 0 
46 93 274 0 
47 97 118 0 
48 80 153 0 
49 91 231 0 
50 55 109 0 
51 52 95 0 
52 100 262 0 
53 70 209 0 
54 91 324 0 
55 96 82 0 
56 61 157 0 
57 65 245 0 
58 94 263 0 
59 69 227 0 
60 91 166 0 
61 99 256 0 
62 71 86 0 
63 57 197 0 
64 70 89 0 
65 67 84 0 
66 62 50 0 
67 81 97 0 
68 58 217 0 
69 66 140 0 
70 53 133 0 
71 59 162 0 
72 54 28 0 
73 60 76 0 
74 93 240 0 
75 52 161 0 
76 84 323 0 
77 94 271 0 
78 80 96 0 
79 65 110 0 
80 70 116 0 
81 99 74 0 
82 67 71 0 
83 76 155 0 
84 83 225 0 
85 57 174 0 
86 62 139 0 
87 100 200 0 
88 62 203 0 
89 66 53 0 
90 71 175 0 
91 55 66 0 
92 75 217 0 
93 75 269 0 
94 55 111 0 
95 64 33 0 
96 87 278 0 
97 75 46 0 
98 54 90 0 
99 84 127 0 
100 62 149 0 
101 76 288 0 
102 91 185 0 
103 53 68 0 
104 81 47 0 
105 92 159 0 
106 75 292 0 
107 58 112 0 
108 86 126 0 
109 78 170 0 
110 96 306 0 
111 99 189 0 
112 77 52 0 
113 78 120 0 
114 94 228 0 
115 55 107 0 
116 96 153 0 
117 91 319 0 
118 51 145 0 
119 88 146 0 
120 56 48 0 
121 100 140 0 
122 60 49 0 
123 78 80 0 
124 97 283 0 
125 84 331 0 
126 56 59 0 
127 84 270 0 
128 97 370 0 
129 56 211 0 
130 88 342 0 
131 69 241 0 
132 95 293 0 
133 77 195 0 
134 76 156 0 
135 81 319 0 
136 73 232 0 
137 76 84 0 
138 84 160 0 
139 94 209 0 
140 92 155 0 
141 93 300 0 
142 90 204 0 
143 73 37 0 
144 88 303 0 
145 87 60 0 
146 60 59 0 
147 95 189 0 
148 67 69 0 
149 85 228 0 
150 76 145 0 
151 83 122 0 
152 56 47 0 
153 97 238 0 
154 97 113 0 
155 62 194 0 
156 55 126 0 
157 83 263 0 
158 96 180 0 
159 78 310 0 
160 79 161 0 
161 100 214 0 
162 99 288 0 
163 70 76 0 
164 66 120 0 
165 56 154 0 
166 74 158 0 
167 85 327 0 
168 61 171 0 
169 100 373 0 
170 91 272 0 
171 87 93 0 
172 57 153 0 
173 91 66 0 
174 61 168 0 
175 88 347 0 
176 74 167 0 
177 98 141 0 
178 59 174 0 
179 57 142 0 
180 84 129 0 
181 96 330 0 
182 53 190 0 
183 90 327 0 
184 65 249 0 
185 54 154 0 
186 90 65 0 
187 89 334 0 
188 58 160 0 
189 70 76 0 
190 100 86 0 
191 89 346 0 
192 100 185 0 
193 67 246 0 
194 96 173 0 
195 75 163 0 
196 93 70 0 
197 89 46 0 
198 51 176 0 
199 82 194 0 
200 64 210 0 
201 72 251 0 
202 92 157 0 
203 73 172 0 
204 95 146 0 
205 66 60 0 
206 55 199 0 
207 79 181 0 
208 95 322 0 
209 54 124 0 
210 63 133 0 
211 58 172 0 
212 95 153 0 
213 72 188 0 
214 98 156 0 
215 92 198 0 
216 66 51 0 
217 86 204 0 
218 70 267 0 
219 95 249 0 
220 78 59 0 
221 84 54 0 
222 86 65 0 
223 90 338 0 
224 60 142 0 
225 80 216 0 
226 58 208 0 
227 78 187 0 
228 56 215 0 
229 97 383 0 
230 70 152 0 
231 71 179 0 
232 86 90 0 
233 63 180 0 
234 56 114 0 
235 87 101 0 
236 83 216 0 
237 55 166 0 
238 67 171 0 
239 56 44 0 
240 95 362 0 
241 63 168 0 
242 64 185 0 
243 66 41 0 
244 60 144 0 
245 54 202 0 
246 74 50 0 
247 53 102 0 
248 84 50 0 
249 74 215 0 
250 93 202 0 
251 70 36 0 
252 95 83 0 
253 59 222 0 
254 76 75 0 
255 82 171 0 
256 98 169 0 
257 83 272 0 
258 93 225 0 
259 77 130 0 
260 95 180 0 
261 90 287 0 
262 96 352 0 
263 79 82 0 
264 67 82 0 
265 65 256 0 
266 74 45 0 
267 74 66 0 
268 56 90 0 
269 87 125 0 
270 91 173 0 
271 62 36 0 
272 54 165 0 
273 52 187 0 
274 79 310 0 
275 59 200 0 
276 51 199 0 
277 76 45 0 
278 93 85 0 
279 65 133 0 
280 77 88 0 
281 69 55 0 
282 88 347 0 
283 59 149 0 
284 53 47 0 
285 68 128 0 
286 86 226 0 
287 97 168 0 
288 86 164 0 
289 84 327 0 
290 77 117 0 
291 73 247 0 
292 61 76 0 
293 74 44 0 
294 88 130 0 
295 66 164 0 
296 84 216 0 
297 84 254 0 
298 63 210 0 
299 80 140 0 
300 64 91 0 
301 82 317 0 
302 69 105 0 
303 67 139 0 
304 89 331 0 
305 64 111 0 
306 99 359 0 
307 64 112 0 
308 99 348 0 
309 61 147 0 
310 64 175 0 
311 100 260 0 
312 87 183 0 
313 86 171 0 
314 58 132 0 
315 61 132 0 
316 54 128 0 
317 79 244 0 
318 82 56 0 
319 96 135 0 
320 84 190 0 
321 62 197 0 
322 63 202 0 
323 75 238 0 
324 67 208 0 
325 93 74 0 
326 56 223 0 
327 67 149 0 
328 99 280 0 
329 97 91 0 
330 60 126 0 
331 58 58 0 
332 65 51 0 
333 52 165 0 
334 91 250 0 
335 73 133 0 
336 53 89 0 
337 59 41 0 
338 86 139 0 
339 68 235 0 
340 97 245 0 
341 77 53 0 
342 97 156 0 
343 62 207 0 
344 96 198 0 
345 58 189 0 
346 77 308 0 
347 82 53 0 
348 63 50 0 
349 51 194 0 
350 79 254 0 
351 71 262 0 
352 88 232 0 
353 59 160 0 
354 76 303 0 
355 93 277 0 
356 86 305 0 
357 87 177 0 
358 59 191 0 
359 51 127 0 
360 60 211 0 
361 95 216 0 
362 79 170 0 
363 65 59 0 
364 79 233 0 
365 54 105 0 
366 95 314 0 
367 62 194 0 
368 83 253 0 
369 64 56 0 
370 78 254 0 
371 58 205 0 
372 98 346 0 
373 84 134 0 
374 99 187 0 
375 82 141 0 
376 70 77 0 
377 87 135 0 
378 95 133 0 
379 80 138 0 
380 54 93 0 
381 85 310 0 
382 90 106 0 
383 91 343 0 
384 78 159 0 
385 87 100 0 
386 65 230 0 
387 95 222 0 
388 52 83 0 
389 85 228 0 
390 51 67 0 
391 63 184 0 
392 100 137 0 
393 87 119 0 
394 56 148 0 
395 61 74 0 
396 85 254 0 
397 84 47 0 
398 69 272 0 
399 92 294 0 
400 53 187 0 
401 75 73 0 
402 85 164 0 
403 80 44 0 
404 68 244 0 
405 83 87 0 
406 74 276 0 
407 72 43 0 
408 60 134 0 
409 90 149 0 
410 85 61 0 
411 69 229 0 
412 65 185 0 
413 75 92 0 
414 77 288 0 
415 57 160 0 
416 72 143 0 
417 75 243 0 
418 52 27 0 
419 52 101 0 
420 61 63 0 
421 61 119 0 
422 89 119 0 
423 81 72 0 
424 89 135 0 
425 100 158 0 
426 98 269 0 
427 63 75 0 
428 77 299 0 
429 82 233 0 
430 98 314 0 
431 55 141 0 
432 74 103 0 
433 53 103 0 
434 91 187 0 
435 81 269 0 
436 82 216 0 
437 68 242 0 
438 78 284 0 
439 73 96 0 
440 54 182 0 
441 51 31 0 
442 92 266 0 
443 68 135 0 
444 91 223 0 
445 55 52 0 
446 99 337 0 
447 99 150 0 
448 72 285 0 
449 67 56 0 
450 83 274 0 
451 89 72 0 
452 67 198 0 
453 80 128 0 
454 76 262 0 
455 61 231 0 
456 85 169 0 
457 77 235 0 
458 90 269 0 
459 92 73 0 
460 56 124 0 
461 80 79 0 
462 68 149 0 
463 70 57 0 
464 92 161 0 
465 78 282 0 
466 54 53 0 
467 65 112 0 
468 76 138 0 
469 75 105 0 
470 63 78 0 
471 56 58 0 
472 76 167 0 
473 74 175 0 
474 86 168 0 
475 99 386 0 
476 92 142 0 
477 54 28 0 
478 64 132 0 
479 77 70 0 
480 69 154 0 
481 77 258 0 
482 76 222 0 
483 87 48 0 
484 89 200 0 
485 98 310 0 
486 62 65 0 
487 88 283 0 
488 77 192 0 
489 79 95 0 
490 88 178 0 
491 74 265 0 
492 86 137 0 
493 51 46 0 
494 59 95 0 
495 86 66 0 
496 89 289 0 
497 96 273 0 
498 54 66 0 
499 89 126 0 
