NAME GBP_INSTANCES\prob_3_A_3_9_2.txt
COMMENT
BINTYPES 3
ITEMS 200
BINS_SECTIONS
0 100 100 0 151 
1 120 120 0 126 
2 150 150 0 101 
ITEMS_SECTIONS
0 82 102 0 
1 80 230 0 
2 99 239 0 
3 95 89 0 
4 90 115 0 
5 51 170 0 
6 52 125 0 
7 97 319 0 
8 90 255 0 
9 86 47 0 
10 95 138 0 
11 51 188 0 
12 72 99 0 
13 79 231 0 
14 63 62 0 
15 100 121 0 
16 62 201 0 
17 91 302 0 
18 66 256 0 
19 80 282 0 
20 84 316 0 
21 93 190 0 
22 71 116 0 
23 66 188 0 
24 63 228 0 
25 56 210 0 
26 94 128 0 
27 88 349 0 
28 56 82 0 
29 65 249 0 
30 59 43 0 
31 70 256 0 
32 80 237 0 
33 57 41 0 
34 66 134 0 
35 97 269 0 
36 97 240 0 
37 85 236 0 
38 72 129 0 
39 70 153 0 
40 72 137 0 
41 76 166 0 
42 71 138 0 
43 92 160 0 
44 58 137 0 
45 51 100 0 
46 51 89 0 
47 58 141 0 
48 68 135 0 
49 77 167 0 
50 82 170 0 
51 84 129 0 
52 55 79 0 
53 67 183 0 
54 77 249 0 
55 91 223 0 
56 52 83 0 
57 89 203 0 
58 91 156 0 
59 99 112 0 
60 80 66 0 
61 65 221 0 
62 86 197 0 
63 80 181 0 
64 100 331 0 
65 60 126 0 
66 81 245 0 
67 79 309 0 
68 52 76 0 
69 94 216 0 
70 54 154 0 
71 55 140 0 
72 53 132 0 
73 84 135 0 
74 96 162 0 
75 54 87 0 
76 66 34 0 
77 81 247 0 
78 51 160 0 
79 51 83 0 
80 89 342 0 
81 90 260 0 
82 54 123 0 
83 88 181 0 
84 89 68 0 
85 54 32 0 
86 59 169 0 
87 100 247 0 
88 85 89 0 
89 58 133 0 
90 53 32 0 
91 83 196 0 
92 90 67 0 
93 90 202 0 
94 69 258 0 
95 60 228 0 
96 77 147 0 
97 96 89 0 
98 69 126 0 
99 60 193 0 
100 75 246 0 
101 81 94 0 
102 80 188 0 
103 94 228 0 
104 61 173 0 
105 90 334 0 
106 99 200 0 
107 57 172 0 
108 55 97 0 
109 66 116 0 
110 90 218 0 
111 85 60 0 
112 84 104 0 
113 72 45 0 
114 53 137 0 
115 96 362 0 
116 67 103 0 
117 82 47 0 
118 80 61 0 
119 54 50 0 
120 89 270 0 
121 58 162 0 
122 80 196 0 
123 66 264 0 
124 82 179 0 
125 87 303 0 
126 89 265 0 
127 63 182 0 
128 95 217 0 
129 98 376 0 
130 95 323 0 
131 78 97 0 
132 62 241 0 
133 100 179 0 
134 92 235 0 
135 67 229 0 
136 72 260 0 
137 56 130 0 
138 98 223 0 
139 85 49 0 
140 56 153 0 
141 55 148 0 
142 57 180 0 
143 58 72 0 
144 61 189 0 
145 100 338 0 
146 86 238 0 
147 79 188 0 
148 94 49 0 
149 85 93 0 
150 61 41 0 
151 56 146 0 
152 91 349 0 
153 65 98 0 
154 56 154 0 
155 94 121 0 
156 71 168 0 
157 61 122 0 
158 92 299 0 
159 83 296 0 
160 86 121 0 
161 80 169 0 
162 60 227 0 
163 88 230 0 
164 78 75 0 
165 62 187 0 
166 92 56 0 
167 100 161 0 
168 61 38 0 
169 72 182 0 
170 96 238 0 
171 93 320 0 
172 73 243 0 
173 55 117 0 
174 100 345 0 
175 63 131 0 
176 75 241 0 
177 77 287 0 
178 95 196 0 
179 76 130 0 
180 51 100 0 
181 100 212 0 
182 87 134 0 
183 52 126 0 
184 65 222 0 
185 85 231 0 
186 51 106 0 
187 77 205 0 
188 51 162 0 
189 68 66 0 
190 82 228 0 
191 59 33 0 
192 78 242 0 
193 88 201 0 
194 99 248 0 
195 63 86 0 
196 66 146 0 
197 81 249 0 
198 95 240 0 
199 58 132 0 
