NAME GBP_INSTANCES\prob_2_B_1_1_2.txt
COMMENT
BINTYPES 5
ITEMS 50
BINS_SECTIONS
0 60 60 0 52 
1 80 80 0 39 
2 100 100 0 31 
3 120 120 0 26 
4 150 150 0 21 
ITEMS_SECTIONS
0 26 94 0 
1 24 54 0 
2 54 215 0 
3 63 215 0 
4 69 78 0 
5 39 84 0 
6 54 71 0 
7 87 210 0 
8 75 284 0 
9 71 110 0 
10 95 116 0 
11 98 349 0 
12 81 248 0 
13 54 62 0 
14 40 58 0 
15 92 323 0 
16 46 61 0 
17 53 84 0 
18 88 183 0 
19 71 193 0 
20 49 139 0 
21 51 62 0 
22 56 182 0 
23 47 48 0 
24 96 83 0 
25 81 193 0 
26 89 351 0 
27 65 223 0 
28 54 182 0 
29 82 318 0 
30 28 52 0 
31 70 251 0 
32 35 129 0 
33 88 150 0 
34 46 42 0 
35 61 122 0 
36 52 121 0 
37 98 389 0 
38 85 85 0 
39 99 84 0 
40 88 117 0 
41 29 96 0 
42 80 181 0 
43 53 57 0 
44 31 115 0 
45 40 23 0 
46 24 48 0 
47 24 21 0 
48 50 122 0 
49 29 89 0 
