NAME GBP_INSTANCES\prob_2_B_4_2_2.txt
COMMENT
BINTYPES 5
ITEMS 500
BINS_SECTIONS
0 60 60 0 512 
1 80 80 0 384 
2 100 100 0 308 
3 120 120 0 256 
4 150 150 0 205 
ITEMS_SECTIONS
0 21 83 0 
1 55 154 0 
2 99 168 0 
3 65 148 0 
4 49 115 0 
5 88 117 0 
6 86 229 0 
7 49 35 0 
8 30 57 0 
9 78 218 0 
10 26 39 0 
11 88 45 0 
12 51 116 0 
13 98 366 0 
14 94 253 0 
15 97 206 0 
16 42 149 0 
17 66 71 0 
18 77 154 0 
19 34 87 0 
20 45 28 0 
21 53 50 0 
22 90 191 0 
23 66 40 0 
24 90 297 0 
25 62 236 0 
26 94 329 0 
27 79 291 0 
28 33 86 0 
29 84 58 0 
30 28 24 0 
31 94 179 0 
32 30 103 0 
33 47 83 0 
34 51 101 0 
35 72 151 0 
36 88 242 0 
37 47 156 0 
38 76 168 0 
39 54 155 0 
40 92 244 0 
41 96 74 0 
42 91 286 0 
43 62 219 0 
44 98 51 0 
45 88 149 0 
46 45 145 0 
47 61 117 0 
48 60 213 0 
49 86 279 0 
50 74 63 0 
51 66 146 0 
52 59 203 0 
53 50 38 0 
54 93 184 0 
55 45 110 0 
56 40 63 0 
57 67 260 0 
58 75 298 0 
59 99 191 0 
60 43 96 0 
61 21 24 0 
62 58 123 0 
63 88 111 0 
64 22 23 0 
65 32 76 0 
66 69 249 0 
67 80 305 0 
68 70 140 0 
69 33 109 0 
70 56 114 0 
71 56 172 0 
72 68 60 0 
73 34 19 0 
74 89 307 0 
75 86 260 0 
76 54 202 0 
77 37 92 0 
78 40 134 0 
79 70 193 0 
80 91 231 0 
81 88 219 0 
82 54 37 0 
83 73 51 0 
84 55 96 0 
85 63 232 0 
86 54 71 0 
87 44 132 0 
88 27 43 0 
89 27 71 0 
90 66 143 0 
91 29 24 0 
92 48 67 0 
93 88 277 0 
94 94 305 0 
95 53 195 0 
96 73 141 0 
97 34 119 0 
98 56 69 0 
99 81 160 0 
100 76 273 0 
101 99 309 0 
102 22 61 0 
103 93 309 0 
104 38 117 0 
105 71 186 0 
106 63 165 0 
107 65 203 0 
108 73 173 0 
109 26 48 0 
110 43 91 0 
111 28 53 0 
112 40 61 0 
113 68 253 0 
114 99 214 0 
115 91 224 0 
116 80 143 0 
117 99 296 0 
118 48 173 0 
119 47 89 0 
120 79 176 0 
121 57 102 0 
122 88 167 0 
123 98 96 0 
124 50 108 0 
125 40 44 0 
126 60 182 0 
127 36 116 0 
128 75 118 0 
129 24 96 0 
130 33 84 0 
131 72 109 0 
132 43 169 0 
133 48 84 0 
134 46 68 0 
135 94 182 0 
136 58 119 0 
137 95 267 0 
138 92 228 0 
139 68 110 0 
140 88 334 0 
141 43 97 0 
142 98 65 0 
143 43 137 0 
144 27 68 0 
145 50 46 0 
146 87 163 0 
147 83 149 0 
148 41 104 0 
149 72 281 0 
150 64 59 0 
151 84 63 0 
152 41 131 0 
153 58 94 0 
154 39 23 0 
155 59 128 0 
156 70 80 0 
157 100 206 0 
158 38 26 0 
159 48 162 0 
160 58 95 0 
161 78 128 0 
162 57 70 0 
163 62 136 0 
164 85 294 0 
165 67 61 0 
166 37 39 0 
167 33 54 0 
168 83 150 0 
169 99 318 0 
170 54 156 0 
171 93 282 0 
172 47 163 0 
173 63 234 0 
174 83 241 0 
175 32 110 0 
176 72 226 0 
177 87 331 0 
178 96 276 0 
179 98 197 0 
180 22 14 0 
181 46 90 0 
182 93 260 0 
183 75 104 0 
184 57 134 0 
185 37 42 0 
186 96 68 0 
187 76 141 0 
188 65 173 0 
189 76 217 0 
190 24 66 0 
191 71 232 0 
192 29 88 0 
193 62 176 0 
194 64 143 0 
195 63 174 0 
196 94 177 0 
197 93 65 0 
198 65 182 0 
199 92 207 0 
200 45 36 0 
201 27 28 0 
202 24 79 0 
203 68 218 0 
204 76 192 0 
205 49 178 0 
206 35 136 0 
207 40 105 0 
208 90 53 0 
209 97 360 0 
210 79 189 0 
211 35 129 0 
212 42 90 0 
213 70 203 0 
214 41 110 0 
215 65 51 0 
216 87 56 0 
217 32 24 0 
218 71 54 0 
219 77 236 0 
220 90 81 0 
221 86 90 0 
222 96 364 0 
223 52 160 0 
224 53 62 0 
225 30 73 0 
226 27 103 0 
227 97 171 0 
228 60 120 0 
229 50 105 0 
230 34 84 0 
231 22 79 0 
232 93 90 0 
233 89 296 0 
234 33 68 0 
235 85 150 0 
236 80 207 0 
237 33 68 0 
238 69 249 0 
239 79 303 0 
240 56 110 0 
241 28 99 0 
242 29 72 0 
243 39 24 0 
244 61 87 0 
245 23 66 0 
246 52 102 0 
247 69 132 0 
248 69 61 0 
249 24 28 0 
250 57 126 0 
251 80 294 0 
252 58 103 0 
253 73 214 0 
254 85 332 0 
255 67 221 0 
256 93 251 0 
257 61 69 0 
258 36 45 0 
259 33 113 0 
260 70 242 0 
261 89 349 0 
262 86 280 0 
263 99 308 0 
264 33 84 0 
265 41 155 0 
266 72 250 0 
267 85 248 0 
268 60 155 0 
269 33 130 0 
270 57 227 0 
271 47 143 0 
272 81 307 0 
273 92 301 0 
274 54 61 0 
275 22 48 0 
276 54 72 0 
277 88 220 0 
278 26 43 0 
279 66 210 0 
280 79 46 0 
281 26 18 0 
282 22 52 0 
283 29 28 0 
284 60 126 0 
285 51 150 0 
286 64 92 0 
287 80 207 0 
288 89 331 0 
289 24 87 0 
290 59 120 0 
291 68 173 0 
292 69 158 0 
293 29 35 0 
294 43 145 0 
295 90 253 0 
296 51 189 0 
297 68 231 0 
298 89 310 0 
299 96 294 0 
300 36 78 0 
301 53 151 0 
302 28 56 0 
303 51 139 0 
304 92 149 0 
305 52 155 0 
306 61 225 0 
307 65 73 0 
308 94 199 0 
309 39 32 0 
310 23 67 0 
311 87 71 0 
312 91 265 0 
313 76 138 0 
314 51 137 0 
315 37 110 0 
316 43 25 0 
317 98 185 0 
318 100 148 0 
319 100 55 0 
320 38 121 0 
321 53 131 0 
322 21 38 0 
323 86 302 0 
324 99 355 0 
325 76 48 0 
326 40 136 0 
327 45 29 0 
328 68 127 0 
329 62 236 0 
330 67 174 0 
331 75 40 0 
332 43 87 0 
333 88 207 0 
334 90 333 0 
335 86 207 0 
336 77 183 0 
337 97 290 0 
338 75 140 0 
339 95 245 0 
340 34 95 0 
341 36 114 0 
342 100 137 0 
343 47 143 0 
344 53 159 0 
345 80 163 0 
346 28 63 0 
347 62 228 0 
348 53 143 0 
349 41 36 0 
350 99 198 0 
351 25 72 0 
352 75 55 0 
353 72 79 0 
354 47 32 0 
355 57 74 0 
356 60 70 0 
357 24 62 0 
358 54 169 0 
359 66 94 0 
360 64 114 0 
361 24 18 0 
362 29 73 0 
363 64 48 0 
364 56 97 0 
365 38 68 0 
366 26 50 0 
367 34 86 0 
368 80 249 0 
369 43 29 0 
370 77 141 0 
371 48 173 0 
372 60 163 0 
373 66 219 0 
374 69 143 0 
375 70 127 0 
376 56 185 0 
377 51 86 0 
378 35 36 0 
379 72 226 0 
380 72 126 0 
381 95 376 0 
382 44 104 0 
383 42 50 0 
384 73 164 0 
385 32 29 0 
386 55 40 0 
387 42 112 0 
388 29 46 0 
389 55 85 0 
390 57 114 0 
391 59 116 0 
392 74 230 0 
393 60 102 0 
394 35 75 0 
395 34 129 0 
396 67 101 0 
397 31 73 0 
398 100 323 0 
399 63 103 0 
400 41 94 0 
401 54 86 0 
402 87 326 0 
403 26 102 0 
404 60 212 0 
405 24 90 0 
406 64 226 0 
407 87 242 0 
408 83 138 0 
409 31 111 0 
410 30 69 0 
411 43 150 0 
412 21 33 0 
413 61 183 0 
414 76 201 0 
415 63 92 0 
416 42 133 0 
417 69 87 0 
418 85 301 0 
419 26 71 0 
420 100 162 0 
421 96 317 0 
422 100 136 0 
423 59 63 0 
424 35 137 0 
425 65 122 0 
426 23 71 0 
427 45 35 0 
428 84 188 0 
429 23 89 0 
430 90 326 0 
431 70 52 0 
432 39 25 0 
433 83 331 0 
434 80 225 0 
435 59 75 0 
436 96 181 0 
437 33 110 0 
438 51 53 0 
439 76 89 0 
440 99 364 0 
441 88 104 0 
442 89 114 0 
443 34 71 0 
444 78 48 0 
445 50 96 0 
446 93 223 0 
447 48 32 0 
448 48 148 0 
449 29 89 0 
450 50 197 0 
451 83 94 0 
452 66 162 0 
453 66 35 0 
454 69 243 0 
455 69 157 0 
456 97 82 0 
457 42 154 0 
458 47 124 0 
459 80 296 0 
460 54 86 0 
461 37 95 0 
462 94 226 0 
463 81 87 0 
464 51 110 0 
465 28 91 0 
466 71 227 0 
467 26 93 0 
468 89 105 0 
469 43 89 0 
470 79 195 0 
471 64 41 0 
472 44 154 0 
473 77 263 0 
474 86 109 0 
475 37 75 0 
476 37 20 0 
477 77 236 0 
478 71 159 0 
479 86 229 0 
480 58 99 0 
481 26 27 0 
482 66 223 0 
483 55 96 0 
484 56 170 0 
485 26 27 0 
486 91 211 0 
487 59 36 0 
488 69 147 0 
489 100 398 0 
490 39 75 0 
491 55 102 0 
492 21 38 0 
493 84 203 0 
494 45 134 0 
495 86 247 0 
496 29 74 0 
497 57 117 0 
498 33 131 0 
499 51 112 0 
