NAME GBP_INSTANCES\prob_1_A_3_2_2.txt
COMMENT
BINTYPES 3
ITEMS 200
BINS_SECTIONS
0 100 100 0 105 
1 120 120 0 88 
2 150 150 0 70 
ITEMS_SECTIONS
0 41 152 0 
1 26 44 0 
2 11 20 0 
3 27 84 0 
4 3 12 0 
5 29 104 0 
6 42 87 0 
7 61 118 0 
8 34 106 0 
9 4 6 0 
10 30 72 0 
11 74 262 0 
12 56 66 0 
13 68 236 0 
14 80 274 0 
15 70 146 0 
16 57 82 0 
17 19 43 0 
18 24 68 0 
19 61 173 0 
20 24 44 0 
21 40 28 0 
22 49 41 0 
23 88 102 0 
24 51 196 0 
25 69 206 0 
26 7 10 0 
27 71 223 0 
28 71 147 0 
29 25 32 0 
30 77 302 0 
31 89 340 0 
32 98 203 0 
33 54 216 0 
34 94 59 0 
35 15 9 0 
36 46 40 0 
37 12 30 0 
38 38 91 0 
39 90 319 0 
40 98 337 0 
41 39 68 0 
42 64 69 0 
43 89 339 0 
44 98 117 0 
45 32 77 0 
46 7 8 0 
47 33 119 0 
48 34 61 0 
49 75 296 0 
50 7 17 0 
51 97 105 0 
52 87 190 0 
53 46 74 0 
54 6 15 0 
55 16 63 0 
56 23 91 0 
57 42 120 0 
58 63 130 0 
59 81 219 0 
60 81 275 0 
61 54 53 0 
62 32 99 0 
63 56 178 0 
64 59 151 0 
65 32 117 0 
66 49 128 0 
67 12 21 0 
68 37 95 0 
69 56 64 0 
70 78 238 0 
71 88 214 0 
72 38 134 0 
73 78 230 0 
74 65 162 0 
75 5 9 0 
76 75 83 0 
77 38 59 0 
78 36 93 0 
79 7 14 0 
80 77 160 0 
81 12 40 0 
82 100 297 0 
83 83 115 0 
84 41 72 0 
85 7 19 0 
86 93 93 0 
87 41 86 0 
88 14 52 0 
89 60 222 0 
90 17 65 0 
91 67 199 0 
92 43 77 0 
93 51 66 0 
94 11 34 0 
95 66 155 0 
96 96 243 0 
97 82 120 0 
98 22 86 0 
99 7 14 0 
100 94 113 0 
101 50 93 0 
102 92 208 0 
103 58 80 0 
104 63 184 0 
105 45 113 0 
106 37 57 0 
107 55 128 0 
108 34 136 0 
109 15 28 0 
110 41 91 0 
111 79 90 0 
112 9 9 0 
113 28 22 0 
114 40 142 0 
115 75 224 0 
116 28 92 0 
117 64 56 0 
118 3 10 0 
119 9 8 0 
120 32 72 0 
121 76 90 0 
122 7 28 0 
123 81 112 0 
124 75 223 0 
125 46 59 0 
126 96 261 0 
127 99 104 0 
128 82 73 0 
129 85 79 0 
130 34 93 0 
131 24 83 0 
132 89 175 0 
133 90 195 0 
134 32 33 0 
135 86 78 0 
136 82 242 0 
137 21 77 0 
138 54 177 0 
139 12 34 0 
140 64 202 0 
141 96 82 0 
142 16 42 0 
143 22 74 0 
144 47 167 0 
145 83 225 0 
146 30 54 0 
147 64 111 0 
148 39 28 0 
149 70 114 0 
150 47 149 0 
151 48 40 0 
152 84 287 0 
153 4 14 0 
154 44 130 0 
155 12 10 0 
156 44 72 0 
157 83 221 0 
158 94 355 0 
159 20 68 0 
160 84 233 0 
161 79 69 0 
162 77 295 0 
163 23 34 0 
164 34 28 0 
165 83 222 0 
166 69 225 0 
167 47 38 0 
168 100 283 0 
169 49 106 0 
170 65 98 0 
171 77 302 0 
172 6 18 0 
173 32 119 0 
174 75 148 0 
175 88 219 0 
176 11 22 0 
177 98 203 0 
178 49 107 0 
179 76 289 0 
180 13 35 0 
181 86 168 0 
182 58 44 0 
183 74 280 0 
184 74 285 0 
185 14 54 0 
186 15 51 0 
187 79 315 0 
188 61 86 0 
189 13 31 0 
190 32 92 0 
191 74 58 0 
192 69 140 0 
193 65 198 0 
194 17 34 0 
195 93 223 0 
196 89 164 0 
197 46 61 0 
198 99 267 0 
199 95 312 0 
