NAME GBP_INSTANCES\prob_3_A_4_6_2.txt
COMMENT
BINTYPES 3
ITEMS 500
BINS_SECTIONS
0 100 100 0 374 
1 120 120 0 312 
2 150 150 0 250 
ITEMS_SECTIONS
0 94 132 0 
1 64 254 0 
2 78 116 0 
3 77 260 0 
4 100 264 0 
5 59 168 0 
6 64 115 0 
7 73 233 0 
8 71 243 0 
9 63 195 0 
10 73 49 0 
11 59 75 0 
12 74 73 0 
13 85 282 0 
14 71 186 0 
15 57 217 0 
16 51 170 0 
17 99 277 0 
18 71 122 0 
19 66 35 0 
20 85 140 0 
21 99 300 0 
22 90 69 0 
23 91 285 0 
24 96 69 0 
25 89 324 0 
26 60 175 0 
27 95 216 0 
28 73 73 0 
29 68 140 0 
30 62 224 0 
31 71 38 0 
32 91 130 0 
33 70 226 0 
34 60 231 0 
35 94 97 0 
36 53 95 0 
37 90 133 0 
38 58 111 0 
39 59 193 0 
40 87 219 0 
41 99 121 0 
42 58 189 0 
43 56 120 0 
44 80 115 0 
45 77 170 0 
46 73 190 0 
47 87 242 0 
48 51 138 0 
49 72 206 0 
50 52 177 0 
51 87 117 0 
52 73 111 0 
53 58 115 0 
54 55 209 0 
55 86 88 0 
56 57 41 0 
57 58 209 0 
58 79 157 0 
59 91 219 0 
60 68 162 0 
61 98 212 0 
62 88 285 0 
63 73 147 0 
64 62 82 0 
65 58 101 0 
66 89 46 0 
67 73 248 0 
68 79 134 0 
69 91 296 0 
70 60 237 0 
71 74 234 0 
72 88 280 0 
73 75 247 0 
74 66 143 0 
75 61 193 0 
76 95 270 0 
77 64 103 0 
78 81 132 0 
79 98 186 0 
80 90 303 0 
81 59 134 0 
82 88 215 0 
83 99 305 0 
84 69 210 0 
85 59 105 0 
86 90 190 0 
87 89 162 0 
88 69 46 0 
89 69 195 0 
90 86 207 0 
91 56 203 0 
92 56 175 0 
93 74 74 0 
94 60 104 0 
95 51 190 0 
96 84 144 0 
97 51 199 0 
98 89 148 0 
99 53 114 0 
100 93 64 0 
101 82 168 0 
102 94 288 0 
103 77 244 0 
104 96 175 0 
105 90 357 0 
106 72 186 0 
107 63 188 0 
108 70 200 0 
109 61 152 0 
110 64 159 0 
111 64 67 0 
112 68 155 0 
113 75 198 0 
114 94 249 0 
115 76 136 0 
116 100 94 0 
117 100 165 0 
118 98 188 0 
119 82 194 0 
120 56 218 0 
121 87 160 0 
122 72 260 0 
123 86 135 0 
124 77 215 0 
125 63 63 0 
126 54 161 0 
127 75 283 0 
128 85 304 0 
129 53 194 0 
130 66 94 0 
131 90 120 0 
132 82 149 0 
133 88 184 0 
134 96 205 0 
135 69 266 0 
136 81 311 0 
137 74 282 0 
138 87 181 0 
139 65 229 0 
140 81 205 0 
141 88 308 0 
142 56 130 0 
143 53 147 0 
144 89 53 0 
145 62 130 0 
146 69 163 0 
147 57 152 0 
148 66 110 0 
149 81 240 0 
150 96 338 0 
151 86 133 0 
152 86 96 0 
153 55 49 0 
154 68 130 0 
155 94 160 0 
156 92 215 0 
157 86 307 0 
158 58 69 0 
159 60 78 0 
160 91 319 0 
161 97 273 0 
162 64 58 0 
163 58 115 0 
164 58 186 0 
165 88 245 0 
166 63 167 0 
167 91 255 0 
168 63 199 0 
169 87 336 0 
170 58 216 0 
171 89 237 0 
172 75 148 0 
173 68 58 0 
174 100 274 0 
175 76 214 0 
176 51 166 0 
177 94 158 0 
178 52 170 0 
179 51 194 0 
180 88 90 0 
181 60 234 0 
182 61 203 0 
183 65 129 0 
184 77 125 0 
185 100 177 0 
186 87 301 0 
187 60 38 0 
188 86 170 0 
189 70 170 0 
190 70 154 0 
191 62 106 0 
192 74 100 0 
193 96 58 0 
194 64 109 0 
195 98 333 0 
196 54 179 0 
197 65 141 0 
198 52 128 0 
199 81 168 0 
200 59 206 0 
201 67 54 0 
202 65 228 0 
203 75 140 0 
204 74 55 0 
205 80 119 0 
206 99 131 0 
207 84 108 0 
208 52 115 0 
209 74 73 0 
210 63 197 0 
211 80 126 0 
212 64 242 0 
213 98 147 0 
214 82 279 0 
215 75 239 0 
216 97 262 0 
217 73 44 0 
218 79 191 0 
219 83 179 0 
220 68 133 0 
221 96 343 0 
222 51 101 0 
223 78 250 0 
224 58 69 0 
225 92 299 0 
226 81 192 0 
227 68 146 0 
228 80 80 0 
229 58 167 0 
230 82 202 0 
231 65 152 0 
232 83 163 0 
233 83 269 0 
234 79 112 0 
235 79 105 0 
236 74 250 0 
237 57 158 0 
238 69 81 0 
239 71 284 0 
240 90 109 0 
241 83 95 0 
242 63 164 0 
243 87 272 0 
244 64 199 0 
245 60 150 0 
246 57 107 0 
247 65 182 0 
248 59 188 0 
249 59 43 0 
250 81 130 0 
251 76 302 0 
252 69 222 0 
253 100 59 0 
254 70 144 0 
255 98 58 0 
256 64 129 0 
257 58 66 0 
258 65 258 0 
259 93 299 0 
260 67 79 0 
261 60 170 0 
262 83 238 0 
263 62 122 0 
264 52 110 0 
265 83 294 0 
266 53 95 0 
267 73 56 0 
268 93 320 0 
269 87 45 0 
270 86 320 0 
271 74 136 0 
272 59 147 0 
273 84 188 0 
274 95 309 0 
275 81 71 0 
276 79 268 0 
277 67 178 0 
278 96 54 0 
279 76 112 0 
280 77 164 0 
281 71 255 0 
282 65 87 0 
283 72 172 0 
284 94 215 0 
285 71 193 0 
286 59 181 0 
287 56 110 0 
288 60 209 0 
289 95 269 0 
290 56 84 0 
291 65 47 0 
292 69 197 0 
293 68 119 0 
294 94 324 0 
295 85 270 0 
296 76 192 0 
297 95 136 0 
298 77 79 0 
299 98 125 0 
300 73 195 0 
301 63 88 0 
302 86 136 0 
303 71 237 0 
304 52 127 0 
305 68 187 0 
306 90 211 0 
307 88 62 0 
308 78 56 0 
309 93 251 0 
310 71 245 0 
311 90 124 0 
312 63 141 0 
313 52 139 0 
314 89 318 0 
315 69 268 0 
316 74 148 0 
317 54 216 0 
318 61 40 0 
319 76 61 0 
320 64 116 0 
321 85 110 0 
322 75 204 0 
323 95 145 0 
324 66 145 0 
325 86 163 0 
326 67 169 0 
327 87 138 0 
328 68 250 0 
329 78 41 0 
330 78 179 0 
331 62 196 0 
332 80 126 0 
333 82 209 0 
334 68 175 0 
335 83 227 0 
336 62 174 0 
337 57 132 0 
338 65 167 0 
339 51 60 0 
340 51 119 0 
341 70 270 0 
342 62 69 0 
343 82 320 0 
344 78 222 0 
345 74 266 0 
346 97 282 0 
347 84 128 0 
348 59 89 0 
349 51 169 0 
350 78 110 0 
351 75 285 0 
352 93 91 0 
353 90 168 0 
354 83 164 0 
355 59 70 0 
356 58 116 0 
357 70 264 0 
358 65 198 0 
359 64 52 0 
360 86 140 0 
361 69 246 0 
362 68 71 0 
363 90 283 0 
364 52 136 0 
365 98 57 0 
366 89 67 0 
367 73 233 0 
368 79 143 0 
369 52 106 0 
370 71 269 0 
371 80 279 0 
372 60 217 0 
373 80 125 0 
374 63 37 0 
375 70 141 0 
376 79 116 0 
377 90 109 0 
378 71 103 0 
379 51 62 0 
380 75 243 0 
381 64 91 0 
382 75 299 0 
383 61 143 0 
384 60 175 0 
385 99 198 0 
386 75 170 0 
387 51 137 0 
388 72 254 0 
389 82 247 0 
390 61 55 0 
391 55 143 0 
392 88 118 0 
393 84 278 0 
394 94 342 0 
395 74 106 0 
396 53 53 0 
397 65 172 0 
398 71 86 0 
399 97 188 0 
400 91 141 0 
401 84 76 0 
402 97 305 0 
403 53 205 0 
404 93 135 0 
405 64 144 0 
406 77 292 0 
407 63 71 0 
408 75 270 0 
409 82 197 0 
410 74 232 0 
411 69 248 0 
412 72 83 0 
413 54 124 0 
414 77 229 0 
415 86 126 0 
416 80 291 0 
417 84 141 0 
418 82 309 0 
419 82 193 0 
420 55 39 0 
421 90 179 0 
422 88 313 0 
423 91 254 0 
424 81 65 0 
425 71 173 0 
426 91 192 0 
427 72 268 0 
428 68 66 0 
429 96 199 0 
430 93 163 0 
431 100 323 0 
432 86 193 0 
433 64 171 0 
434 67 149 0 
435 64 187 0 
436 61 86 0 
437 66 137 0 
438 70 125 0 
439 62 147 0 
440 70 226 0 
441 61 202 0 
442 60 117 0 
443 58 154 0 
444 72 157 0 
445 83 151 0 
446 70 55 0 
447 94 183 0 
448 62 141 0 
449 96 236 0 
450 72 53 0 
451 80 229 0 
452 81 111 0 
453 63 92 0 
454 93 108 0 
455 93 328 0 
456 70 229 0 
457 56 55 0 
458 78 263 0 
459 62 39 0 
460 56 204 0 
461 57 126 0 
462 98 112 0 
463 74 197 0 
464 99 349 0 
465 81 58 0 
466 92 235 0 
467 77 198 0 
468 97 319 0 
469 83 255 0 
470 66 234 0 
471 62 45 0 
472 69 144 0 
473 69 198 0 
474 66 177 0 
475 100 149 0 
476 71 144 0 
477 71 119 0 
478 52 164 0 
479 69 131 0 
480 68 180 0 
481 64 133 0 
482 96 331 0 
483 91 259 0 
484 94 60 0 
485 78 249 0 
486 80 187 0 
487 78 49 0 
488 58 165 0 
489 95 204 0 
490 62 233 0 
491 87 288 0 
492 99 296 0 
493 68 167 0 
494 87 139 0 
495 99 294 0 
496 65 165 0 
497 55 54 0 
498 67 180 0 
499 69 93 0 
