NAME GBP_INSTANCES\prob_3_B_1_4_2.txt
COMMENT
BINTYPES 5
ITEMS 50
BINS_SECTIONS
0 60 60 0 63 
1 80 80 0 47 
2 100 100 0 38 
3 120 120 0 32 
4 150 150 0 26 
ITEMS_SECTIONS
0 59 208 0 
1 69 49 0 
2 82 248 0 
3 63 212 0 
4 62 83 0 
5 55 74 0 
6 58 149 0 
7 77 236 0 
8 93 227 0 
9 99 180 0 
10 78 164 0 
11 91 145 0 
12 79 133 0 
13 80 255 0 
14 52 59 0 
15 62 240 0 
16 51 114 0 
17 93 273 0 
18 77 61 0 
19 92 304 0 
20 88 230 0 
21 57 159 0 
22 97 120 0 
23 55 101 0 
24 62 41 0 
25 75 93 0 
26 54 137 0 
27 71 141 0 
28 54 125 0 
29 76 207 0 
30 73 223 0 
31 82 192 0 
32 56 178 0 
33 62 166 0 
34 57 210 0 
35 100 209 0 
36 93 192 0 
37 53 42 0 
38 81 90 0 
39 96 61 0 
40 90 358 0 
41 95 345 0 
42 74 263 0 
43 93 338 0 
44 92 83 0 
45 71 252 0 
46 73 245 0 
47 84 207 0 
48 79 132 0 
49 93 282 0 
