NAME GBP_INSTANCES\prob_1_B_4_5_2.txt
COMMENT
BINTYPES 5
ITEMS 500
BINS_SECTIONS
0 60 60 0 428 
1 80 80 0 321 
2 100 100 0 257 
3 120 120 0 214 
4 150 150 0 172 
ITEMS_SECTIONS
0 70 181 0 
1 70 120 0 
2 12 29 0 
3 55 160 0 
4 40 25 0 
5 12 22 0 
6 63 223 0 
7 62 76 0 
8 26 84 0 
9 92 141 0 
10 33 99 0 
11 18 34 0 
12 52 142 0 
13 34 38 0 
14 87 162 0 
15 7 24 0 
16 14 32 0 
17 33 76 0 
18 99 90 0 
19 95 286 0 
20 95 153 0 
21 99 380 0 
22 82 159 0 
23 55 122 0 
24 97 81 0 
25 37 41 0 
26 14 51 0 
27 46 105 0 
28 13 15 0 
29 67 246 0 
30 33 103 0 
31 47 179 0 
32 3 8 0 
33 26 16 0 
34 73 143 0 
35 21 53 0 
36 15 59 0 
37 7 28 0 
38 18 18 0 
39 93 124 0 
40 100 76 0 
41 99 221 0 
42 21 71 0 
43 32 67 0 
44 61 201 0 
45 7 16 0 
46 5 7 0 
47 13 10 0 
48 89 339 0 
49 60 236 0 
50 72 269 0 
51 54 167 0 
52 32 45 0 
53 35 38 0 
54 26 55 0 
55 4 14 0 
56 49 33 0 
57 88 220 0 
58 47 41 0 
59 68 134 0 
60 78 96 0 
61 18 57 0 
62 41 120 0 
63 56 89 0 
64 94 155 0 
65 49 58 0 
66 68 248 0 
67 41 54 0 
68 70 73 0 
69 73 214 0 
70 93 178 0 
71 98 232 0 
72 15 29 0 
73 33 126 0 
74 66 118 0 
75 41 129 0 
76 25 48 0 
77 70 188 0 
78 51 93 0 
79 84 328 0 
80 93 311 0 
81 45 126 0 
82 56 49 0 
83 91 101 0 
84 28 56 0 
85 34 105 0 
86 30 35 0 
87 14 46 0 
88 23 71 0 
89 20 72 0 
90 15 26 0 
91 67 91 0 
92 35 27 0 
93 79 84 0 
94 12 12 0 
95 94 227 0 
96 4 6 0 
97 79 259 0 
98 38 127 0 
99 17 20 0 
100 68 70 0 
101 91 350 0 
102 47 30 0 
103 42 122 0 
104 31 77 0 
105 31 36 0 
106 84 80 0 
107 35 133 0 
108 97 386 0 
109 37 73 0 
110 46 41 0 
111 13 24 0 
112 69 113 0 
113 96 123 0 
114 14 54 0 
115 65 108 0 
116 6 15 0 
117 19 23 0 
118 52 201 0 
119 76 57 0 
120 19 39 0 
121 83 248 0 
122 6 24 0 
123 39 22 0 
124 48 50 0 
125 57 29 0 
126 14 30 0 
127 31 35 0 
128 56 72 0 
129 93 65 0 
130 69 52 0 
131 60 239 0 
132 93 152 0 
133 25 75 0 
134 32 68 0 
135 44 68 0 
136 80 81 0 
137 64 202 0 
138 38 126 0 
139 17 11 0 
140 55 100 0 
141 6 5 0 
142 3 8 0 
143 45 84 0 
144 31 118 0 
145 57 152 0 
146 58 96 0 
147 40 96 0 
148 11 32 0 
149 94 125 0 
150 43 121 0 
151 44 81 0 
152 6 10 0 
153 69 208 0 
154 56 35 0 
155 89 131 0 
156 6 22 0 
157 42 64 0 
158 10 38 0 
159 93 165 0 
160 54 30 0 
161 100 239 0 
162 97 158 0 
163 91 231 0 
164 51 170 0 
165 23 26 0 
166 97 70 0 
167 85 136 0 
168 70 158 0 
169 40 111 0 
170 37 50 0 
171 96 135 0 
172 97 339 0 
173 57 159 0 
174 33 129 0 
175 90 78 0 
176 64 103 0 
177 3 10 0 
178 48 31 0 
179 90 232 0 
180 10 25 0 
181 54 101 0 
182 51 59 0 
183 27 41 0 
184 25 52 0 
185 99 312 0 
186 48 90 0 
187 34 50 0 
188 19 17 0 
189 8 18 0 
190 59 172 0 
191 70 177 0 
192 68 133 0 
193 44 172 0 
194 6 14 0 
195 40 91 0 
196 69 43 0 
197 19 45 0 
198 91 282 0 
199 8 16 0 
200 77 294 0 
201 96 182 0 
202 36 64 0 
203 93 229 0 
204 45 28 0 
205 58 69 0 
206 47 138 0 
207 18 33 0 
208 27 22 0 
209 46 87 0 
210 87 162 0 
211 4 7 0 
212 90 112 0 
213 71 263 0 
214 23 43 0 
215 94 359 0 
216 88 49 0 
217 33 59 0 
218 12 15 0 
219 96 346 0 
220 18 21 0 
221 14 15 0 
222 21 32 0 
223 10 39 0 
224 42 108 0 
225 4 13 0 
226 21 64 0 
227 46 130 0 
228 97 328 0 
229 28 64 0 
230 57 217 0 
231 11 37 0 
232 52 121 0 
233 10 29 0 
234 38 144 0 
235 37 54 0 
236 40 160 0 
237 60 93 0 
238 50 152 0 
239 53 135 0 
240 47 37 0 
241 32 28 0 
242 29 82 0 
243 71 65 0 
244 65 151 0 
245 6 24 0 
246 99 232 0 
247 77 84 0 
248 84 218 0 
249 59 195 0 
250 22 12 0 
251 12 30 0 
252 57 126 0 
253 2 3 0 
254 47 109 0 
255 19 31 0 
256 91 240 0 
257 92 275 0 
258 20 80 0 
259 58 104 0 
260 8 23 0 
261 54 92 0 
262 35 27 0 
263 52 181 0 
264 14 40 0 
265 87 69 0 
266 94 73 0 
267 65 115 0 
268 47 39 0 
269 97 382 0 
270 44 24 0 
271 83 234 0 
272 29 61 0 
273 41 121 0 
274 71 101 0 
275 98 91 0 
276 65 256 0 
277 100 203 0 
278 20 24 0 
279 64 207 0 
280 67 235 0 
281 7 9 0 
282 3 3 0 
283 23 50 0 
284 11 33 0 
285 99 182 0 
286 89 81 0 
287 63 190 0 
288 5 17 0 
289 57 96 0 
290 24 36 0 
291 34 39 0 
292 91 146 0 
293 81 48 0 
294 64 153 0 
295 53 204 0 
296 56 97 0 
297 75 163 0 
298 99 100 0 
299 27 69 0 
300 53 159 0 
301 90 164 0 
302 29 38 0 
303 54 100 0 
304 44 103 0 
305 87 60 0 
306 61 107 0 
307 96 109 0 
308 44 166 0 
309 84 320 0 
310 22 74 0 
311 4 10 0 
312 66 252 0 
313 35 80 0 
314 25 35 0 
315 81 320 0 
316 77 271 0 
317 20 13 0 
318 96 97 0 
319 68 109 0 
320 40 136 0 
321 80 183 0 
322 4 12 0 
323 42 69 0 
324 66 211 0 
325 81 212 0 
326 78 206 0 
327 89 260 0 
328 44 62 0 
329 50 121 0 
330 98 235 0 
331 79 173 0 
332 66 42 0 
333 43 142 0 
334 2 4 0 
335 71 52 0 
336 39 70 0 
337 21 81 0 
338 90 48 0 
339 88 79 0 
340 79 72 0 
341 70 107 0 
342 38 28 0 
343 4 16 0 
344 83 134 0 
345 40 136 0 
346 6 11 0 
347 49 60 0 
348 74 50 0 
349 58 79 0 
350 13 29 0 
351 20 19 0 
352 29 116 0 
353 76 175 0 
354 74 174 0 
355 57 181 0 
356 68 119 0 
357 9 17 0 
358 9 10 0 
359 99 131 0 
360 14 34 0 
361 23 39 0 
362 81 316 0 
363 88 348 0 
364 15 38 0 
365 44 140 0 
366 53 75 0 
367 99 317 0 
368 30 32 0 
369 25 68 0 
370 99 173 0 
371 6 13 0 
372 69 67 0 
373 55 65 0 
374 96 119 0 
375 30 105 0 
376 89 276 0 
377 50 94 0 
378 7 28 0 
379 99 267 0 
380 45 152 0 
381 95 270 0 
382 79 290 0 
383 62 232 0 
384 75 158 0 
385 97 364 0 
386 98 317 0 
387 67 203 0 
388 56 81 0 
389 3 4 0 
390 84 296 0 
391 80 182 0 
392 74 218 0 
393 42 147 0 
394 85 306 0 
395 31 54 0 
396 53 156 0 
397 64 193 0 
398 75 274 0 
399 63 81 0 
400 6 14 0 
401 16 11 0 
402 74 113 0 
403 88 310 0 
404 32 108 0 
405 20 31 0 
406 26 89 0 
407 10 7 0 
408 31 72 0 
409 29 72 0 
410 41 162 0 
411 12 31 0 
412 50 93 0 
413 95 131 0 
414 35 22 0 
415 98 246 0 
416 53 144 0 
417 27 53 0 
418 88 302 0 
419 67 195 0 
420 12 14 0 
421 86 230 0 
422 30 120 0 
423 87 279 0 
424 7 18 0 
425 86 220 0 
426 95 256 0 
427 91 95 0 
428 53 94 0 
429 63 211 0 
430 54 76 0 
431 45 145 0 
432 28 95 0 
433 46 68 0 
434 48 67 0 
435 88 325 0 
436 11 23 0 
437 30 102 0 
438 49 176 0 
439 29 54 0 
440 23 79 0 
441 75 116 0 
442 64 53 0 
443 76 243 0 
444 75 166 0 
445 9 36 0 
446 15 52 0 
447 92 269 0 
448 10 16 0 
449 85 66 0 
450 98 134 0 
451 62 100 0 
452 36 128 0 
453 67 154 0 
454 66 41 0 
455 36 129 0 
456 61 183 0 
457 73 181 0 
458 41 35 0 
459 65 172 0 
460 12 41 0 
461 81 216 0 
462 73 178 0 
463 87 132 0 
464 30 108 0 
465 2 6 0 
466 2 8 0 
467 64 206 0 
468 68 65 0 
469 37 87 0 
470 85 73 0 
471 32 35 0 
472 53 116 0 
473 21 37 0 
474 82 76 0 
475 91 257 0 
476 28 103 0 
477 69 71 0 
478 51 102 0 
479 67 161 0 
480 63 100 0 
481 26 57 0 
482 33 48 0 
483 67 208 0 
484 55 39 0 
485 38 68 0 
486 15 53 0 
487 2 8 0 
488 64 200 0 
489 52 173 0 
490 100 370 0 
491 57 181 0 
492 46 72 0 
493 44 37 0 
494 15 9 0 
495 94 73 0 
496 15 25 0 
497 5 20 0 
498 62 110 0 
499 84 248 0 
