NAME GBP_INSTANCES\prob_1_A_2_1_2.txt
COMMENT
BINTYPES 3
ITEMS 100
BINS_SECTIONS
0 100 100 0 54 
1 120 120 0 45 
2 150 150 0 36 
ITEMS_SECTIONS
0 27 100 0 
1 6 18 0 
2 57 112 0 
3 77 39 0 
4 53 194 0 
5 6 17 0 
6 34 26 0 
7 96 197 0 
8 7 21 0 
9 26 53 0 
10 99 217 0 
11 73 239 0 
12 93 94 0 
13 87 336 0 
14 69 208 0 
15 100 385 0 
16 25 25 0 
17 86 99 0 
18 97 280 0 
19 59 59 0 
20 96 257 0 
21 39 130 0 
22 86 277 0 
23 55 76 0 
24 51 121 0 
25 81 139 0 
26 92 342 0 
27 38 41 0 
28 30 95 0 
29 88 167 0 
30 5 9 0 
31 9 34 0 
32 59 132 0 
33 20 60 0 
34 94 83 0 
35 25 87 0 
36 69 266 0 
37 43 146 0 
38 48 133 0 
39 19 74 0 
40 84 296 0 
41 60 240 0 
42 68 202 0 
43 24 75 0 
44 100 114 0 
45 83 217 0 
46 31 41 0 
47 43 63 0 
48 70 106 0 
49 72 137 0 
50 23 25 0 
51 37 67 0 
52 17 18 0 
53 99 287 0 
54 28 96 0 
55 74 199 0 
56 5 5 0 
57 42 61 0 
58 75 51 0 
59 21 23 0 
60 85 157 0 
61 67 113 0 
62 42 154 0 
63 11 40 0 
64 38 42 0 
65 17 18 0 
66 7 9 0 
67 73 236 0 
68 24 80 0 
69 54 151 0 
70 49 132 0 
71 61 225 0 
72 94 81 0 
73 80 131 0 
74 5 19 0 
75 57 120 0 
76 45 97 0 
77 72 176 0 
78 40 60 0 
79 91 93 0 
80 68 97 0 
81 72 170 0 
82 96 259 0 
83 67 91 0 
84 100 118 0 
85 59 125 0 
86 41 24 0 
87 9 32 0 
88 8 19 0 
89 41 86 0 
90 69 90 0 
91 32 66 0 
92 9 17 0 
93 4 4 0 
94 28 54 0 
95 74 244 0 
96 85 298 0 
97 38 100 0 
98 69 36 0 
99 48 154 0 
