NAME GBP_INSTANCES\prob_2_A_1_1_2.txt
COMMENT
BINTYPES 3
ITEMS 50
BINS_SECTIONS
0 100 100 0 33 
1 120 120 0 28 
2 150 150 0 22 
ITEMS_SECTIONS
0 61 52 0 
1 79 153 0 
2 62 172 0 
3 35 136 0 
4 95 158 0 
5 44 129 0 
6 64 123 0 
7 33 108 0 
8 72 103 0 
9 92 144 0 
10 47 172 0 
11 66 107 0 
12 77 44 0 
13 90 277 0 
14 53 117 0 
15 85 123 0 
16 96 94 0 
17 88 191 0 
18 47 81 0 
19 60 202 0 
20 36 76 0 
21 64 71 0 
22 97 107 0 
23 80 46 0 
24 90 179 0 
25 77 52 0 
26 77 115 0 
27 78 249 0 
28 29 26 0 
29 29 31 0 
30 86 165 0 
31 31 36 0 
32 100 77 0 
33 80 318 0 
34 95 354 0 
35 92 313 0 
36 57 219 0 
37 53 186 0 
38 26 17 0 
39 50 115 0 
40 31 108 0 
41 65 117 0 
42 58 79 0 
43 53 178 0 
44 75 168 0 
45 81 198 0 
46 43 45 0 
47 80 92 0 
48 45 121 0 
49 74 121 0 
