NAME GBP_INSTANCES\prob_2_B_4_4_2.txt
COMMENT
BINTYPES 5
ITEMS 500
BINS_SECTIONS
0 60 60 0 509 
1 80 80 0 382 
2 100 100 0 306 
3 120 120 0 255 
4 150 150 0 204 
ITEMS_SECTIONS
0 96 120 0 
1 49 119 0 
2 75 109 0 
3 98 118 0 
4 56 222 0 
5 39 65 0 
6 24 75 0 
7 24 23 0 
8 23 74 0 
9 95 269 0 
10 62 106 0 
11 43 113 0 
12 87 245 0 
13 41 130 0 
14 36 112 0 
15 32 22 0 
16 82 325 0 
17 43 134 0 
18 67 73 0 
19 71 99 0 
20 23 92 0 
21 36 118 0 
22 61 222 0 
23 79 76 0 
24 81 286 0 
25 31 63 0 
26 55 103 0 
27 76 149 0 
28 55 92 0 
29 86 268 0 
30 50 167 0 
31 62 155 0 
32 62 39 0 
33 46 99 0 
34 74 269 0 
35 83 48 0 
36 69 260 0 
37 85 255 0 
38 89 62 0 
39 66 190 0 
40 82 62 0 
41 73 102 0 
42 80 272 0 
43 46 86 0 
44 59 157 0 
45 78 94 0 
46 22 86 0 
47 60 181 0 
48 63 81 0 
49 29 97 0 
50 72 146 0 
51 87 248 0 
52 58 106 0 
53 51 199 0 
54 23 67 0 
55 29 95 0 
56 29 22 0 
57 49 178 0 
58 64 108 0 
59 37 52 0 
60 48 107 0 
61 70 67 0 
62 37 91 0 
63 48 183 0 
64 100 362 0 
65 82 100 0 
66 37 66 0 
67 49 163 0 
68 23 13 0 
69 59 67 0 
70 96 83 0 
71 76 117 0 
72 69 276 0 
73 76 189 0 
74 51 80 0 
75 44 64 0 
76 51 197 0 
77 72 80 0 
78 55 170 0 
79 88 261 0 
80 89 77 0 
81 38 129 0 
82 98 386 0 
83 62 215 0 
84 72 196 0 
85 51 146 0 
86 51 175 0 
87 89 166 0 
88 80 190 0 
89 34 126 0 
90 33 64 0 
91 85 95 0 
92 93 80 0 
93 84 224 0 
94 59 72 0 
95 68 222 0 
96 72 139 0 
97 69 39 0 
98 47 167 0 
99 53 178 0 
100 57 31 0 
101 53 46 0 
102 91 281 0 
103 70 97 0 
104 68 197 0 
105 73 176 0 
106 98 382 0 
107 65 192 0 
108 95 380 0 
109 43 157 0 
110 50 165 0 
111 54 171 0 
112 52 45 0 
113 74 147 0 
114 48 95 0 
115 55 113 0 
116 49 32 0 
117 45 138 0 
118 69 41 0 
119 97 120 0 
120 69 179 0 
121 86 143 0 
122 25 56 0 
123 52 197 0 
124 31 84 0 
125 99 173 0 
126 31 28 0 
127 80 86 0 
128 57 228 0 
129 27 108 0 
130 67 206 0 
131 77 145 0 
132 83 46 0 
133 69 149 0 
134 39 130 0 
135 29 78 0 
136 64 85 0 
137 59 193 0 
138 65 147 0 
139 64 238 0 
140 77 223 0 
141 79 82 0 
142 82 60 0 
143 99 143 0 
144 58 50 0 
145 91 143 0 
146 23 70 0 
147 54 45 0 
148 72 46 0 
149 25 65 0 
150 83 193 0 
151 99 168 0 
152 48 138 0 
153 98 106 0 
154 61 44 0 
155 98 222 0 
156 39 88 0 
157 79 49 0 
158 25 74 0 
159 92 226 0 
160 32 84 0 
161 84 309 0 
162 97 339 0 
163 33 114 0 
164 34 59 0 
165 95 125 0 
166 63 147 0 
167 63 189 0 
168 98 197 0 
169 61 60 0 
170 70 264 0 
171 83 247 0 
172 64 156 0 
173 94 327 0 
174 61 218 0 
175 97 388 0 
176 34 44 0 
177 70 65 0 
178 82 60 0 
179 52 123 0 
180 83 142 0 
181 55 97 0 
182 91 74 0 
183 28 82 0 
184 47 63 0 
185 67 85 0 
186 39 109 0 
187 68 92 0 
188 71 253 0 
189 51 135 0 
190 32 45 0 
191 80 213 0 
192 31 94 0 
193 73 203 0 
194 93 140 0 
195 79 264 0 
196 98 153 0 
197 25 53 0 
198 41 91 0 
199 88 200 0 
200 29 75 0 
201 48 38 0 
202 30 43 0 
203 93 136 0 
204 60 49 0 
205 72 146 0 
206 57 115 0 
207 45 116 0 
208 44 38 0 
209 21 56 0 
210 80 168 0 
211 52 87 0 
212 38 135 0 
213 22 54 0 
214 94 268 0 
215 25 19 0 
216 74 57 0 
217 98 162 0 
218 54 118 0 
219 57 61 0 
220 100 266 0 
221 31 61 0 
222 39 69 0 
223 64 218 0 
224 65 119 0 
225 98 301 0 
226 52 35 0 
227 61 106 0 
228 83 176 0 
229 65 144 0 
230 91 331 0 
231 68 84 0 
232 93 126 0 
233 21 37 0 
234 58 158 0 
235 71 132 0 
236 85 316 0 
237 62 199 0 
238 56 171 0 
239 69 55 0 
240 47 151 0 
241 58 86 0 
242 72 149 0 
243 63 161 0 
244 72 221 0 
245 46 125 0 
246 85 101 0 
247 37 23 0 
248 33 61 0 
249 84 235 0 
250 79 167 0 
251 85 306 0 
252 36 118 0 
253 25 81 0 
254 32 21 0 
255 36 137 0 
256 46 130 0 
257 48 131 0 
258 85 294 0 
259 71 103 0 
260 51 194 0 
261 83 254 0 
262 87 258 0 
263 95 49 0 
264 24 67 0 
265 85 198 0 
266 68 177 0 
267 82 123 0 
268 97 192 0 
269 22 25 0 
270 43 96 0 
271 23 15 0 
272 61 35 0 
273 85 329 0 
274 69 215 0 
275 23 14 0 
276 100 261 0 
277 69 70 0 
278 59 101 0 
279 59 61 0 
280 48 37 0 
281 25 21 0 
282 45 33 0 
283 23 25 0 
284 45 33 0 
285 22 78 0 
286 72 65 0 
287 33 115 0 
288 98 102 0 
289 81 206 0 
290 22 37 0 
291 52 133 0 
292 85 303 0 
293 99 95 0 
294 62 204 0 
295 69 245 0 
296 92 338 0 
297 55 48 0 
298 87 186 0 
299 40 128 0 
300 74 170 0 
301 57 126 0 
302 77 138 0 
303 48 182 0 
304 83 125 0 
305 34 54 0 
306 38 136 0 
307 36 49 0 
308 50 194 0 
309 24 27 0 
310 87 72 0 
311 56 165 0 
312 57 227 0 
313 30 67 0 
314 79 189 0 
315 66 46 0 
316 72 247 0 
317 83 236 0 
318 61 113 0 
319 59 70 0 
320 87 110 0 
321 60 119 0 
322 51 153 0 
323 31 38 0 
324 44 147 0 
325 38 94 0 
326 44 63 0 
327 96 309 0 
328 67 78 0 
329 93 143 0 
330 23 87 0 
331 25 21 0 
332 88 210 0 
333 99 196 0 
334 59 131 0 
335 93 174 0 
336 85 205 0 
337 22 58 0 
338 67 242 0 
339 55 170 0 
340 31 103 0 
341 70 110 0 
342 76 187 0 
343 37 21 0 
344 60 174 0 
345 73 42 0 
346 27 45 0 
347 99 241 0 
348 80 296 0 
349 92 195 0 
350 55 152 0 
351 87 313 0 
352 95 156 0 
353 39 110 0 
354 76 234 0 
355 43 110 0 
356 43 111 0 
357 53 211 0 
358 61 113 0 
359 90 78 0 
360 96 166 0 
361 68 217 0 
362 59 111 0 
363 43 169 0 
364 69 216 0 
365 69 110 0 
366 45 54 0 
367 75 154 0 
368 98 129 0 
369 36 59 0 
370 39 128 0 
371 38 23 0 
372 88 115 0 
373 34 85 0 
374 92 300 0 
375 60 178 0 
376 30 59 0 
377 78 157 0 
378 93 241 0 
379 92 228 0 
380 48 56 0 
381 84 182 0 
382 30 39 0 
383 57 130 0 
384 21 77 0 
385 97 134 0 
386 39 113 0 
387 54 37 0 
388 58 108 0 
389 45 135 0 
390 58 146 0 
391 94 279 0 
392 60 117 0 
393 36 144 0 
394 99 349 0 
395 31 23 0 
396 48 174 0 
397 34 34 0 
398 88 149 0 
399 36 26 0 
400 50 177 0 
401 90 330 0 
402 34 135 0 
403 33 126 0 
404 44 63 0 
405 51 68 0 
406 39 152 0 
407 72 254 0 
408 80 48 0 
409 75 280 0 
410 36 69 0 
411 26 89 0 
412 53 102 0 
413 81 166 0 
414 39 126 0 
415 37 39 0 
416 61 67 0 
417 21 73 0 
418 81 83 0 
419 32 53 0 
420 80 235 0 
421 62 223 0 
422 56 189 0 
423 37 43 0 
424 63 124 0 
425 81 92 0 
426 79 115 0 
427 92 276 0 
428 68 195 0 
429 49 52 0 
430 80 45 0 
431 67 243 0 
432 87 207 0 
433 63 229 0 
434 91 133 0 
435 94 376 0 
436 59 187 0 
437 82 110 0 
438 57 129 0 
439 64 192 0 
440 60 33 0 
441 41 55 0 
442 54 140 0 
443 45 169 0 
444 30 83 0 
445 90 52 0 
446 51 159 0 
447 61 217 0 
448 70 221 0 
449 26 76 0 
450 58 91 0 
451 37 141 0 
452 38 143 0 
453 60 194 0 
454 74 47 0 
455 54 54 0 
456 22 51 0 
457 75 182 0 
458 59 111 0 
459 94 142 0 
460 35 50 0 
461 77 146 0 
462 70 273 0 
463 69 216 0 
464 91 142 0 
465 26 24 0 
466 47 145 0 
467 45 137 0 
468 71 158 0 
469 78 293 0 
470 45 64 0 
471 79 268 0 
472 37 45 0 
473 63 115 0 
474 63 112 0 
475 65 88 0 
476 91 236 0 
477 29 46 0 
478 35 40 0 
479 51 161 0 
480 40 65 0 
481 35 69 0 
482 26 25 0 
483 55 72 0 
484 38 118 0 
485 62 180 0 
486 51 92 0 
487 92 258 0 
488 75 241 0 
489 78 193 0 
490 51 204 0 
491 77 220 0 
492 28 26 0 
493 68 71 0 
494 24 68 0 
495 65 199 0 
496 84 323 0 
497 73 67 0 
498 95 79 0 
499 33 59 0 
