NAME GBP_INSTANCES\prob_3_B_3_7_2.txt
COMMENT
BINTYPES 5
ITEMS 200
BINS_SECTIONS
0 60 60 0 254 
1 80 80 0 190 
2 100 100 0 152 
3 120 120 0 127 
4 150 150 0 102 
ITEMS_SECTIONS
0 93 67 0 
1 84 223 0 
2 88 210 0 
3 55 66 0 
4 93 154 0 
5 82 121 0 
6 84 292 0 
7 99 391 0 
8 88 248 0 
9 62 173 0 
10 71 54 0 
11 68 72 0 
12 99 147 0 
13 76 227 0 
14 70 184 0 
15 79 270 0 
16 52 54 0 
17 86 184 0 
18 57 86 0 
19 57 219 0 
20 74 178 0 
21 59 211 0 
22 74 205 0 
23 58 46 0 
24 97 226 0 
25 55 58 0 
26 77 279 0 
27 78 88 0 
28 56 140 0 
29 88 117 0 
30 81 118 0 
31 73 285 0 
32 97 243 0 
33 81 75 0 
34 71 47 0 
35 93 154 0 
36 74 208 0 
37 51 98 0 
38 75 264 0 
39 69 76 0 
40 54 187 0 
41 56 51 0 
42 72 78 0 
43 93 162 0 
44 62 225 0 
45 79 227 0 
46 90 52 0 
47 96 300 0 
48 70 128 0 
49 82 128 0 
50 66 206 0 
51 89 323 0 
52 79 188 0 
53 99 99 0 
54 51 97 0 
55 95 238 0 
56 98 263 0 
57 72 193 0 
58 65 57 0 
59 77 280 0 
60 54 95 0 
61 82 96 0 
62 60 34 0 
63 89 223 0 
64 100 282 0 
65 72 263 0 
66 58 210 0 
67 65 246 0 
68 97 127 0 
69 83 74 0 
70 73 118 0 
71 100 288 0 
72 95 81 0 
73 94 51 0 
74 68 192 0 
75 73 171 0 
76 85 311 0 
77 78 119 0 
78 78 198 0 
79 81 293 0 
80 94 148 0 
81 76 247 0 
82 91 119 0 
83 53 68 0 
84 51 161 0 
85 90 98 0 
86 58 188 0 
87 68 112 0 
88 89 56 0 
89 59 220 0 
90 90 217 0 
91 73 182 0 
92 68 45 0 
93 66 240 0 
94 53 109 0 
95 52 152 0 
96 80 117 0 
97 78 48 0 
98 75 68 0 
99 72 67 0 
100 71 281 0 
101 84 116 0 
102 66 91 0 
103 68 50 0 
104 95 116 0 
105 76 89 0 
106 80 87 0 
107 87 335 0 
108 76 50 0 
109 78 148 0 
110 58 147 0 
111 55 106 0 
112 55 44 0 
113 87 154 0 
114 84 229 0 
115 92 140 0 
116 91 88 0 
117 73 185 0 
118 94 159 0 
119 79 316 0 
120 88 298 0 
121 88 243 0 
122 72 214 0 
123 61 210 0 
124 77 262 0 
125 52 174 0 
126 73 198 0 
127 83 234 0 
128 74 294 0 
129 62 161 0 
130 97 296 0 
131 100 111 0 
132 90 177 0 
133 79 304 0 
134 66 235 0 
135 52 148 0 
136 51 92 0 
137 95 247 0 
138 77 43 0 
139 95 70 0 
140 83 298 0 
141 99 211 0 
142 80 240 0 
143 91 156 0 
144 97 296 0 
145 75 260 0 
146 94 299 0 
147 77 111 0 
148 86 331 0 
149 55 136 0 
150 82 289 0 
151 83 52 0 
152 70 134 0 
153 72 272 0 
154 79 50 0 
155 64 49 0 
156 94 242 0 
157 71 102 0 
158 55 98 0 
159 59 83 0 
160 81 285 0 
161 82 177 0 
162 98 289 0 
163 60 185 0 
164 83 165 0 
165 58 108 0 
166 57 132 0 
167 84 130 0 
168 72 250 0 
169 87 276 0 
170 77 201 0 
171 85 184 0 
172 88 235 0 
173 82 159 0 
174 64 109 0 
175 67 248 0 
176 75 88 0 
177 91 106 0 
178 70 162 0 
179 63 180 0 
180 59 195 0 
181 61 170 0 
182 68 160 0 
183 93 113 0 
184 74 121 0 
185 69 133 0 
186 78 295 0 
187 86 203 0 
188 70 209 0 
189 71 53 0 
190 57 74 0 
191 61 234 0 
192 61 88 0 
193 84 279 0 
194 51 140 0 
195 95 110 0 
196 66 160 0 
197 78 51 0 
198 97 362 0 
199 53 103 0 
