NAME GBP_INSTANCES\prob_1_A_3_0_2.txt
COMMENT
BINTYPES 3
ITEMS 200
BINS_SECTIONS
0 100 100 0 104 
1 120 120 0 87 
2 150 150 0 70 
ITEMS_SECTIONS
0 26 27 0 
1 31 21 0 
2 90 222 0 
3 36 81 0 
4 50 102 0 
5 53 45 0 
6 70 256 0 
7 78 116 0 
8 44 65 0 
9 15 55 0 
10 82 240 0 
11 91 309 0 
12 58 142 0 
13 33 31 0 
14 23 14 0 
15 92 67 0 
16 27 92 0 
17 86 236 0 
18 80 285 0 
19 98 390 0 
20 37 48 0 
21 96 133 0 
22 94 337 0 
23 67 101 0 
24 87 87 0 
25 33 22 0 
26 86 204 0 
27 44 122 0 
28 82 205 0 
29 31 109 0 
30 75 245 0 
31 93 353 0 
32 53 128 0 
33 5 15 0 
34 59 111 0 
35 51 40 0 
36 60 117 0 
37 50 141 0 
38 70 134 0 
39 82 240 0 
40 69 52 0 
41 4 7 0 
42 99 250 0 
43 78 187 0 
44 50 89 0 
45 61 108 0 
46 81 324 0 
47 79 136 0 
48 90 310 0 
49 25 48 0 
50 34 45 0 
51 50 84 0 
52 81 129 0 
53 73 180 0 
54 73 241 0 
55 11 44 0 
56 58 193 0 
57 30 107 0 
58 65 134 0 
59 26 99 0 
60 54 30 0 
61 31 68 0 
62 36 127 0 
63 75 271 0 
64 63 186 0 
65 52 62 0 
66 31 93 0 
67 7 22 0 
68 48 89 0 
69 3 11 0 
70 21 17 0 
71 72 136 0 
72 5 17 0 
73 51 164 0 
74 38 75 0 
75 83 165 0 
76 18 54 0 
77 90 271 0 
78 72 192 0 
79 61 157 0 
80 21 53 0 
81 94 283 0 
82 82 251 0 
83 18 45 0 
84 78 72 0 
85 88 146 0 
86 52 140 0 
87 65 196 0 
88 26 87 0 
89 81 284 0 
90 69 40 0 
91 61 120 0 
92 77 130 0 
93 73 134 0 
94 39 28 0 
95 9 16 0 
96 22 43 0 
97 3 7 0 
98 9 33 0 
99 12 7 0 
100 50 116 0 
101 32 72 0 
102 26 33 0 
103 95 212 0 
104 99 235 0 
105 40 63 0 
106 100 129 0 
107 12 9 0 
108 72 159 0 
109 31 115 0 
110 95 141 0 
111 21 60 0 
112 29 93 0 
113 4 5 0 
114 13 9 0 
115 78 46 0 
116 87 53 0 
117 20 39 0 
118 97 54 0 
119 22 67 0 
120 41 142 0 
121 98 188 0 
122 42 34 0 
123 73 101 0 
124 33 89 0 
125 72 230 0 
126 94 115 0 
127 67 121 0 
128 88 57 0 
129 43 37 0 
130 62 115 0 
131 12 36 0 
132 48 93 0 
133 66 222 0 
134 14 39 0 
135 85 170 0 
136 2 5 0 
137 11 26 0 
138 66 156 0 
139 5 3 0 
140 68 259 0 
141 100 158 0 
142 72 88 0 
143 25 54 0 
144 24 52 0 
145 19 71 0 
146 82 82 0 
147 43 96 0 
148 13 19 0 
149 50 98 0 
150 97 158 0 
151 56 99 0 
152 48 85 0 
153 52 86 0 
154 94 67 0 
155 21 28 0 
156 51 65 0 
157 53 174 0 
158 34 117 0 
159 11 15 0 
160 21 21 0 
161 22 72 0 
162 37 79 0 
163 84 151 0 
164 69 84 0 
165 47 108 0 
166 35 74 0 
167 60 183 0 
168 54 108 0 
169 61 108 0 
170 83 201 0 
171 35 55 0 
172 10 39 0 
173 32 108 0 
174 44 30 0 
175 24 65 0 
176 13 8 0 
177 68 136 0 
178 21 65 0 
179 58 152 0 
180 6 8 0 
181 73 207 0 
182 63 222 0 
183 27 60 0 
184 88 335 0 
185 72 156 0 
186 13 25 0 
187 93 127 0 
188 9 31 0 
189 49 101 0 
190 11 28 0 
191 81 322 0 
192 71 103 0 
193 45 168 0 
194 47 171 0 
195 42 94 0 
196 91 266 0 
197 22 80 0 
198 60 165 0 
199 20 31 0 
