NAME GBP_INSTANCES\prob_2_A_3_2_2.txt
COMMENT
BINTYPES 3
ITEMS 200
BINS_SECTIONS
0 100 100 0 124 
1 120 120 0 103 
2 150 150 0 83 
ITEMS_SECTIONS
0 57 111 0 
1 69 242 0 
2 91 126 0 
3 55 183 0 
4 39 121 0 
5 53 76 0 
6 24 17 0 
7 76 55 0 
8 60 199 0 
9 60 50 0 
10 39 22 0 
11 95 158 0 
12 34 81 0 
13 37 93 0 
14 39 85 0 
15 55 150 0 
16 22 32 0 
17 83 265 0 
18 100 149 0 
19 99 160 0 
20 77 70 0 
21 64 225 0 
22 93 161 0 
23 73 281 0 
24 98 73 0 
25 38 21 0 
26 39 46 0 
27 83 271 0 
28 85 305 0 
29 33 30 0 
30 35 126 0 
31 74 123 0 
32 25 96 0 
33 46 53 0 
34 39 65 0 
35 82 166 0 
36 57 161 0 
37 85 43 0 
38 92 47 0 
39 74 246 0 
40 70 186 0 
41 95 354 0 
42 77 249 0 
43 80 157 0 
44 90 63 0 
45 57 94 0 
46 76 195 0 
47 92 326 0 
48 50 164 0 
49 28 43 0 
50 88 352 0 
51 30 106 0 
52 74 98 0 
53 91 269 0 
54 29 73 0 
55 39 127 0 
56 95 262 0 
57 54 127 0 
58 40 70 0 
59 82 96 0 
60 94 154 0 
61 78 99 0 
62 44 63 0 
63 32 109 0 
64 46 41 0 
65 74 162 0 
66 76 79 0 
67 32 104 0 
68 22 17 0 
69 78 187 0 
70 95 85 0 
71 99 99 0 
72 45 40 0 
73 89 203 0 
74 93 236 0 
75 82 249 0 
76 59 76 0 
77 65 240 0 
78 78 208 0 
79 80 130 0 
80 72 286 0 
81 73 247 0 
82 25 42 0 
83 32 95 0 
84 66 114 0 
85 93 49 0 
86 97 158 0 
87 26 15 0 
88 26 33 0 
89 34 84 0 
90 35 18 0 
91 22 35 0 
92 88 173 0 
93 95 275 0 
94 88 129 0 
95 81 281 0 
96 50 42 0 
97 32 75 0 
98 64 107 0 
99 100 246 0 
100 68 182 0 
101 30 96 0 
102 83 94 0 
103 64 117 0 
104 34 131 0 
105 55 196 0 
106 83 245 0 
107 65 55 0 
108 23 75 0 
109 63 118 0 
110 60 133 0 
111 47 84 0 
112 75 174 0 
113 21 68 0 
114 99 140 0 
115 58 66 0 
116 62 190 0 
117 52 155 0 
118 97 319 0 
119 80 129 0 
120 39 93 0 
121 36 81 0 
122 68 179 0 
123 62 58 0 
124 67 265 0 
125 30 17 0 
126 50 171 0 
127 27 64 0 
128 84 246 0 
129 49 166 0 
130 42 44 0 
131 74 198 0 
132 82 94 0 
133 68 156 0 
134 86 306 0 
135 72 70 0 
136 44 67 0 
137 94 354 0 
138 60 205 0 
139 64 208 0 
140 60 184 0 
141 98 266 0 
142 94 331 0 
143 55 129 0 
144 86 131 0 
145 86 108 0 
146 39 38 0 
147 48 156 0 
148 71 202 0 
149 79 228 0 
150 48 62 0 
151 38 87 0 
152 80 84 0 
153 43 115 0 
154 42 93 0 
155 29 94 0 
156 27 26 0 
157 36 37 0 
158 34 42 0 
159 22 48 0 
160 73 38 0 
161 21 66 0 
162 66 252 0 
163 46 46 0 
164 32 52 0 
165 48 188 0 
166 29 50 0 
167 90 49 0 
168 38 141 0 
169 72 242 0 
170 56 159 0 
171 96 371 0 
172 87 154 0 
173 29 49 0 
174 72 60 0 
175 27 108 0 
176 89 72 0 
177 86 324 0 
178 71 91 0 
179 87 156 0 
180 99 343 0 
181 92 85 0 
182 25 25 0 
183 82 53 0 
184 53 47 0 
185 47 134 0 
186 36 96 0 
187 55 171 0 
188 45 178 0 
189 71 240 0 
190 39 43 0 
191 85 313 0 
192 60 208 0 
193 91 334 0 
194 50 187 0 
195 97 197 0 
196 44 118 0 
197 30 42 0 
198 57 52 0 
199 37 85 0 
