NAME GBP_INSTANCES\prob_2_B_3_7_2.txt
COMMENT
BINTYPES 5
ITEMS 200
BINS_SECTIONS
0 60 60 0 205 
1 80 80 0 154 
2 100 100 0 123 
3 120 120 0 103 
4 150 150 0 82 
ITEMS_SECTIONS
0 39 61 0 
1 24 55 0 
2 56 46 0 
3 58 169 0 
4 77 64 0 
5 43 30 0 
6 40 97 0 
7 66 166 0 
8 83 107 0 
9 83 144 0 
10 62 170 0 
11 75 175 0 
12 52 124 0 
13 98 197 0 
14 27 32 0 
15 25 99 0 
16 21 36 0 
17 83 242 0 
18 33 63 0 
19 33 34 0 
20 83 294 0 
21 70 96 0 
22 62 142 0 
23 34 94 0 
24 48 54 0 
25 43 161 0 
26 91 94 0 
27 80 197 0 
28 58 83 0 
29 84 221 0 
30 73 85 0 
31 71 41 0 
32 49 56 0 
33 54 30 0 
34 56 90 0 
35 31 68 0 
36 78 148 0 
37 80 113 0 
38 44 53 0 
39 41 133 0 
40 61 39 0 
41 34 45 0 
42 37 67 0 
43 53 181 0 
44 40 123 0 
45 66 138 0 
46 84 153 0 
47 42 153 0 
48 100 250 0 
49 73 220 0 
50 65 215 0 
51 32 26 0 
52 94 74 0 
53 73 250 0 
54 91 127 0 
55 23 84 0 
56 46 42 0 
57 89 101 0 
58 25 40 0 
59 88 320 0 
60 45 169 0 
61 74 219 0 
62 47 179 0 
63 33 51 0 
64 85 278 0 
65 77 250 0 
66 67 226 0 
67 74 239 0 
68 32 102 0 
69 76 265 0 
70 54 99 0 
71 100 392 0 
72 97 254 0 
73 59 62 0 
74 42 57 0 
75 76 269 0 
76 68 90 0 
77 21 32 0 
78 52 142 0 
79 59 129 0 
80 79 152 0 
81 76 213 0 
82 47 75 0 
83 49 128 0 
84 57 200 0 
85 96 66 0 
86 77 295 0 
87 52 97 0 
88 68 121 0 
89 39 54 0 
90 87 113 0 
91 54 112 0 
92 39 48 0 
93 55 193 0 
94 37 107 0 
95 92 114 0 
96 68 140 0 
97 100 136 0 
98 37 128 0 
99 44 65 0 
100 24 85 0 
101 70 181 0 
102 30 37 0 
103 67 243 0 
104 37 97 0 
105 83 193 0 
106 83 96 0 
107 74 187 0 
108 55 69 0 
109 28 104 0 
110 21 21 0 
111 83 90 0 
112 26 78 0 
113 73 158 0 
114 27 24 0 
115 63 240 0 
116 27 83 0 
117 52 137 0 
118 58 88 0 
119 49 169 0 
120 66 99 0 
121 71 259 0 
122 24 90 0 
123 72 181 0 
124 48 92 0 
125 87 255 0 
126 92 157 0 
127 79 202 0 
128 56 152 0 
129 80 302 0 
130 32 105 0 
131 45 75 0 
132 75 270 0 
133 88 72 0 
134 90 274 0 
135 54 112 0 
136 23 49 0 
137 60 112 0 
138 47 49 0 
139 62 147 0 
140 98 117 0 
141 62 144 0 
142 77 124 0 
143 89 64 0 
144 67 268 0 
145 75 280 0 
146 88 248 0 
147 62 76 0 
148 75 177 0 
149 80 53 0 
150 71 112 0 
151 72 93 0 
152 53 194 0 
153 72 270 0 
154 99 202 0 
155 81 66 0 
156 98 135 0 
157 58 148 0 
158 96 153 0 
159 33 90 0 
160 83 95 0 
161 78 305 0 
162 75 166 0 
163 27 103 0 
164 65 202 0 
165 63 237 0 
166 29 86 0 
167 62 36 0 
168 92 294 0 
169 47 36 0 
170 94 235 0 
171 63 194 0 
172 69 99 0 
173 83 242 0 
174 66 47 0 
175 97 83 0 
176 68 156 0 
177 38 46 0 
178 31 19 0 
179 42 46 0 
180 48 133 0 
181 68 74 0 
182 69 259 0 
183 62 48 0 
184 95 240 0 
185 33 77 0 
186 54 206 0 
187 28 75 0 
188 70 163 0 
189 81 199 0 
190 95 355 0 
191 38 64 0 
192 81 74 0 
193 26 41 0 
194 65 118 0 
195 31 41 0 
196 52 92 0 
197 77 217 0 
198 40 39 0 
199 58 183 0 
