NAME GBP_INSTANCES\prob_1_A_2_5_2.txt
COMMENT
BINTYPES 3
ITEMS 100
BINS_SECTIONS
0 100 100 0 49 
1 120 120 0 41 
2 150 150 0 33 
ITEMS_SECTIONS
0 55 75 0 
1 72 104 0 
2 95 292 0 
3 72 173 0 
4 23 19 0 
5 42 116 0 
6 29 115 0 
7 6 24 0 
8 59 194 0 
9 98 336 0 
10 4 12 0 
11 63 85 0 
12 78 288 0 
13 18 50 0 
14 94 304 0 
15 13 43 0 
16 86 138 0 
17 52 162 0 
18 29 58 0 
19 61 66 0 
20 31 95 0 
21 65 54 0 
22 86 264 0 
23 30 120 0 
24 28 48 0 
25 59 70 0 
26 86 181 0 
27 42 45 0 
28 62 210 0 
29 59 145 0 
30 28 32 0 
31 43 30 0 
32 13 33 0 
33 61 202 0 
34 8 7 0 
35 44 142 0 
36 90 73 0 
37 93 184 0 
38 85 244 0 
39 30 84 0 
40 48 150 0 
41 26 96 0 
42 17 48 0 
43 8 16 0 
44 46 60 0 
45 51 89 0 
46 34 72 0 
47 30 23 0 
48 33 103 0 
49 85 288 0 
50 84 249 0 
51 77 86 0 
52 33 100 0 
53 15 13 0 
54 7 18 0 
55 47 89 0 
56 74 132 0 
57 17 53 0 
58 68 231 0 
59 15 58 0 
60 86 90 0 
61 15 11 0 
62 27 56 0 
63 4 13 0 
64 76 213 0 
65 58 51 0 
66 46 167 0 
67 71 120 0 
68 11 26 0 
69 16 64 0 
70 37 107 0 
71 13 20 0 
72 30 26 0 
73 63 234 0 
74 37 121 0 
75 88 315 0 
76 8 6 0 
77 42 22 0 
78 13 51 0 
79 5 10 0 
80 84 73 0 
81 93 142 0 
82 100 325 0 
83 31 70 0 
84 91 124 0 
85 31 111 0 
86 56 113 0 
87 83 208 0 
88 100 376 0 
89 47 83 0 
90 37 143 0 
91 68 140 0 
92 91 297 0 
93 37 142 0 
94 88 70 0 
95 18 24 0 
96 4 10 0 
97 25 20 0 
98 62 134 0 
99 88 218 0 
