NAME GBP_INSTANCES\prob_1_A_1_0_2.txt
COMMENT
BINTYPES 3
ITEMS 50
BINS_SECTIONS
0 100 100 0 22 
1 120 120 0 19 
2 150 150 0 15 
ITEMS_SECTIONS
0 4 7 0 
1 64 108 0 
2 92 296 0 
3 39 51 0 
4 74 147 0 
5 41 154 0 
6 99 179 0 
7 61 112 0 
8 13 18 0 
9 23 16 0 
10 81 101 0 
11 88 134 0 
12 75 222 0 
13 3 11 0 
14 75 287 0 
15 43 78 0 
16 37 33 0 
17 22 47 0 
18 20 76 0 
19 9 19 0 
20 13 42 0 
21 17 56 0 
22 80 167 0 
23 5 19 0 
24 80 300 0 
25 61 79 0 
26 41 94 0 
27 24 54 0 
28 20 52 0 
29 62 240 0 
30 34 47 0 
31 61 175 0 
32 97 75 0 
33 39 69 0 
34 20 56 0 
35 31 91 0 
36 7 16 0 
37 16 60 0 
38 3 12 0 
39 89 231 0 
40 96 53 0 
41 63 199 0 
42 96 107 0 
43 64 87 0 
44 5 20 0 
45 36 67 0 
46 16 10 0 
47 12 9 0 
48 21 78 0 
49 10 30 0 
