NAME GBP_INSTANCES\prob_1_B_4_4_2.txt
COMMENT
BINTYPES 5
ITEMS 500
BINS_SECTIONS
0 60 60 0 425 
1 80 80 0 319 
2 100 100 0 255 
3 120 120 0 213 
4 150 150 0 170 
ITEMS_SECTIONS
0 68 124 0 
1 55 73 0 
2 83 199 0 
3 4 4 0 
4 82 73 0 
5 51 26 0 
6 83 210 0 
7 20 12 0 
8 62 52 0 
9 19 18 0 
10 95 251 0 
11 73 135 0 
12 39 125 0 
13 58 157 0 
14 71 233 0 
15 17 47 0 
16 84 134 0 
17 9 16 0 
18 45 71 0 
19 53 52 0 
20 19 41 0 
21 67 218 0 
22 80 179 0 
23 26 92 0 
24 51 32 0 
25 59 178 0 
26 53 165 0 
27 25 95 0 
28 17 48 0 
29 5 16 0 
30 3 11 0 
31 91 48 0 
32 55 171 0 
33 53 84 0 
34 49 50 0 
35 7 28 0 
36 72 283 0 
37 29 34 0 
38 31 80 0 
39 51 102 0 
40 33 26 0 
41 70 65 0 
42 52 94 0 
43 18 68 0 
44 37 34 0 
45 97 351 0 
46 84 328 0 
47 68 88 0 
48 18 17 0 
49 83 121 0 
50 37 78 0 
51 97 258 0 
52 20 64 0 
53 79 76 0 
54 14 8 0 
55 22 16 0 
56 87 126 0 
57 73 59 0 
58 85 318 0 
59 46 150 0 
60 29 91 0 
61 96 223 0 
62 98 390 0 
63 15 55 0 
64 90 105 0 
65 2 5 0 
66 28 20 0 
67 15 13 0 
68 92 163 0 
69 6 8 0 
70 30 54 0 
71 32 45 0 
72 69 53 0 
73 10 10 0 
74 68 105 0 
75 26 89 0 
76 72 278 0 
77 21 83 0 
78 86 85 0 
79 30 28 0 
80 62 230 0 
81 54 182 0 
82 3 2 0 
83 36 55 0 
84 63 35 0 
85 68 55 0 
86 87 92 0 
87 70 210 0 
88 98 109 0 
89 87 295 0 
90 19 10 0 
91 32 23 0 
92 80 126 0 
93 82 114 0 
94 46 84 0 
95 82 85 0 
96 78 71 0 
97 66 208 0 
98 89 133 0 
99 68 42 0 
100 34 40 0 
101 42 158 0 
102 94 253 0 
103 68 183 0 
104 45 82 0 
105 9 33 0 
106 49 89 0 
107 38 132 0 
108 91 69 0 
109 32 82 0 
110 15 19 0 
111 47 99 0 
112 32 81 0 
113 79 50 0 
114 57 137 0 
115 85 101 0 
116 26 90 0 
117 56 48 0 
118 40 146 0 
119 32 104 0 
120 18 33 0 
121 16 9 0 
122 54 77 0 
123 53 187 0 
124 54 180 0 
125 84 133 0 
126 57 209 0 
127 45 47 0 
128 47 170 0 
129 92 193 0 
130 98 324 0 
131 66 49 0 
132 62 67 0 
133 29 105 0 
134 86 78 0 
135 77 285 0 
136 53 179 0 
137 23 55 0 
138 95 51 0 
139 57 50 0 
140 15 19 0 
141 69 232 0 
142 55 130 0 
143 76 239 0 
144 66 168 0 
145 96 339 0 
146 17 38 0 
147 27 48 0 
148 58 55 0 
149 6 6 0 
150 55 73 0 
151 76 233 0 
152 2 4 0 
153 57 196 0 
154 93 126 0 
155 41 45 0 
156 6 21 0 
157 58 131 0 
158 91 142 0 
159 63 164 0 
160 43 136 0 
161 14 52 0 
162 16 53 0 
163 66 105 0 
164 12 44 0 
165 95 126 0 
166 15 34 0 
167 84 72 0 
168 13 17 0 
169 93 98 0 
170 8 11 0 
171 43 71 0 
172 33 44 0 
173 7 11 0 
174 41 66 0 
175 83 329 0 
176 25 24 0 
177 32 31 0 
178 89 119 0 
179 97 252 0 
180 82 298 0 
181 10 36 0 
182 65 235 0 
183 84 293 0 
184 28 51 0 
185 94 345 0 
186 33 54 0 
187 86 135 0 
188 63 72 0 
189 93 263 0 
190 55 204 0 
191 8 25 0 
192 39 124 0 
193 46 38 0 
194 2 2 0 
195 87 124 0 
196 90 324 0 
197 100 337 0 
198 33 79 0 
199 23 86 0 
200 61 210 0 
201 46 39 0 
202 79 124 0 
203 17 35 0 
204 10 23 0 
205 52 131 0 
206 52 196 0 
207 41 53 0 
208 87 107 0 
209 93 84 0 
210 83 106 0 
211 94 155 0 
212 92 73 0 
213 97 321 0 
214 50 169 0 
215 46 97 0 
216 95 345 0 
217 95 149 0 
218 66 122 0 
219 39 116 0 
220 25 81 0 
221 15 26 0 
222 100 379 0 
223 57 183 0 
224 27 16 0 
225 90 254 0 
226 11 20 0 
227 6 17 0 
228 78 166 0 
229 42 48 0 
230 45 144 0 
231 38 132 0 
232 60 208 0 
233 89 49 0 
234 4 9 0 
235 57 42 0 
236 80 93 0 
237 46 31 0 
238 14 45 0 
239 35 130 0 
240 60 163 0 
241 73 156 0 
242 2 6 0 
243 75 132 0 
244 54 157 0 
245 31 76 0 
246 33 69 0 
247 58 66 0 
248 26 85 0 
249 12 40 0 
250 85 325 0 
251 9 27 0 
252 61 163 0 
253 82 266 0 
254 28 15 0 
255 99 354 0 
256 22 52 0 
257 32 61 0 
258 96 264 0 
259 59 222 0 
260 28 16 0 
261 49 59 0 
262 99 114 0 
263 81 321 0 
264 90 353 0 
265 18 36 0 
266 70 178 0 
267 4 12 0 
268 51 129 0 
269 66 75 0 
270 99 244 0 
271 57 110 0 
272 66 122 0 
273 50 106 0 
274 47 59 0 
275 56 170 0 
276 4 9 0 
277 9 36 0 
278 88 164 0 
279 31 92 0 
280 63 124 0 
281 78 88 0 
282 76 88 0 
283 63 130 0 
284 17 45 0 
285 88 157 0 
286 83 144 0 
287 33 107 0 
288 58 103 0 
289 40 45 0 
290 8 14 0 
291 42 130 0 
292 61 155 0 
293 86 93 0 
294 91 321 0 
295 18 28 0 
296 57 191 0 
297 10 8 0 
298 64 116 0 
299 54 159 0 
300 2 7 0 
301 22 69 0 
302 30 21 0 
303 10 34 0 
304 54 152 0 
305 84 160 0 
306 17 66 0 
307 12 47 0 
308 50 36 0 
309 61 49 0 
310 35 95 0 
311 80 118 0 
312 72 75 0 
313 16 10 0 
314 26 18 0 
315 31 21 0 
316 6 18 0 
317 61 83 0 
318 61 204 0 
319 65 145 0 
320 95 242 0 
321 69 106 0 
322 89 66 0 
323 12 15 0 
324 74 59 0 
325 53 202 0 
326 64 145 0 
327 19 41 0 
328 86 331 0 
329 26 73 0 
330 69 93 0 
331 67 253 0 
332 81 183 0 
333 59 129 0 
334 71 249 0 
335 7 9 0 
336 92 107 0 
337 24 96 0 
338 5 13 0 
339 79 87 0 
340 77 176 0 
341 56 172 0 
342 38 91 0 
343 34 50 0 
344 40 142 0 
345 30 64 0 
346 13 32 0 
347 98 328 0 
348 15 8 0 
349 64 170 0 
350 2 3 0 
351 13 44 0 
352 14 20 0 
353 57 33 0 
354 87 215 0 
355 81 243 0 
356 34 24 0 
357 81 267 0 
358 8 13 0 
359 65 178 0 
360 27 102 0 
361 16 20 0 
362 65 247 0 
363 58 88 0 
364 16 21 0 
365 57 79 0 
366 38 148 0 
367 67 185 0 
368 73 257 0 
369 97 244 0 
370 3 11 0 
371 51 128 0 
372 36 93 0 
373 92 82 0 
374 12 9 0 
375 28 100 0 
376 76 245 0 
377 9 33 0 
378 18 28 0 
379 14 39 0 
380 3 12 0 
381 91 199 0 
382 91 228 0 
383 100 58 0 
384 16 14 0 
385 27 105 0 
386 39 104 0 
387 25 96 0 
388 79 172 0 
389 41 139 0 
390 58 121 0 
391 48 32 0 
392 47 159 0 
393 9 19 0 
394 29 81 0 
395 6 21 0 
396 95 65 0 
397 29 84 0 
398 90 174 0 
399 24 13 0 
400 8 15 0 
401 22 44 0 
402 99 213 0 
403 81 296 0 
404 52 127 0 
405 6 23 0 
406 16 31 0 
407 7 20 0 
408 10 31 0 
409 26 38 0 
410 15 33 0 
411 82 87 0 
412 99 362 0 
413 75 76 0 
414 65 209 0 
415 66 83 0 
416 23 18 0 
417 86 222 0 
418 83 131 0 
419 77 89 0 
420 21 73 0 
421 32 56 0 
422 99 392 0 
423 68 128 0 
424 39 155 0 
425 22 48 0 
426 34 29 0 
427 44 40 0 
428 90 65 0 
429 23 65 0 
430 36 85 0 
431 16 17 0 
432 31 95 0 
433 94 204 0 
434 80 274 0 
435 84 199 0 
436 22 14 0 
437 65 191 0 
438 57 36 0 
439 27 58 0 
440 95 115 0 
441 40 89 0 
442 75 240 0 
443 70 259 0 
444 8 21 0 
445 81 125 0 
446 4 16 0 
447 53 123 0 
448 83 180 0 
449 26 86 0 
450 53 49 0 
451 30 109 0 
452 42 115 0 
453 91 183 0 
454 60 35 0 
455 36 143 0 
456 18 58 0 
457 54 55 0 
458 50 54 0 
459 68 223 0 
460 37 68 0 
461 22 14 0 
462 30 102 0 
463 92 315 0 
464 100 166 0 
465 100 360 0 
466 27 42 0 
467 32 24 0 
468 15 60 0 
469 73 56 0 
470 88 253 0 
471 52 132 0 
472 7 21 0 
473 93 274 0 
474 70 229 0 
475 3 4 0 
476 100 139 0 
477 10 37 0 
478 34 112 0 
479 16 17 0 
480 63 168 0 
481 22 87 0 
482 78 72 0 
483 36 57 0 
484 97 376 0 
485 89 139 0 
486 19 51 0 
487 68 181 0 
488 17 30 0 
489 90 60 0 
490 45 175 0 
491 34 18 0 
492 45 77 0 
493 43 148 0 
494 73 250 0 
495 14 37 0 
496 94 162 0 
497 8 31 0 
498 20 47 0 
499 55 57 0 
