NAME GBP_INSTANCES\prob_3_B_2_3_2.txt
COMMENT
BINTYPES 5
ITEMS 100
BINS_SECTIONS
0 60 60 0 129 
1 80 80 0 97 
2 100 100 0 77 
3 120 120 0 65 
4 150 150 0 52 
ITEMS_SECTIONS
0 98 363 0 
1 86 329 0 
2 83 75 0 
3 74 218 0 
4 59 128 0 
5 59 202 0 
6 83 173 0 
7 67 117 0 
8 97 326 0 
9 90 223 0 
10 75 208 0 
11 90 283 0 
12 62 188 0 
13 60 81 0 
14 90 349 0 
15 81 92 0 
16 57 45 0 
17 72 124 0 
18 68 116 0 
19 56 163 0 
20 57 163 0 
21 79 166 0 
22 86 110 0 
23 73 292 0 
24 76 39 0 
25 68 76 0 
26 68 45 0 
27 79 154 0 
28 76 233 0 
29 75 101 0 
30 61 62 0 
31 73 262 0 
32 85 196 0 
33 60 194 0 
34 70 231 0 
35 85 135 0 
36 95 317 0 
37 88 322 0 
38 79 309 0 
39 60 189 0 
40 65 92 0 
41 65 58 0 
42 99 140 0 
43 92 114 0 
44 100 68 0 
45 92 215 0 
46 87 253 0 
47 85 244 0 
48 95 184 0 
49 93 209 0 
50 96 375 0 
51 63 170 0 
52 85 132 0 
53 59 144 0 
54 78 113 0 
55 91 235 0 
56 62 33 0 
57 80 41 0 
58 95 333 0 
59 66 148 0 
60 51 45 0 
61 52 64 0 
62 91 330 0 
63 67 101 0 
64 94 324 0 
65 83 49 0 
66 52 66 0 
67 56 106 0 
68 94 219 0 
69 80 297 0 
70 53 43 0 
71 66 206 0 
72 56 46 0 
73 97 94 0 
74 56 119 0 
75 82 304 0 
76 93 369 0 
77 73 116 0 
78 71 274 0 
79 90 76 0 
80 76 288 0 
81 88 134 0 
82 93 128 0 
83 55 39 0 
84 86 157 0 
85 75 140 0 
86 64 153 0 
87 96 126 0 
88 70 56 0 
89 100 338 0 
90 98 93 0 
91 86 67 0 
92 89 192 0 
93 62 61 0 
94 89 107 0 
95 70 77 0 
96 63 192 0 
97 75 63 0 
98 58 173 0 
99 98 200 0 
