NAME GBP_INSTANCES\prob_3_A_4_8_2.txt
COMMENT
BINTYPES 3
ITEMS 500
BINS_SECTIONS
0 100 100 0 385 
1 120 120 0 321 
2 150 150 0 257 
ITEMS_SECTIONS
0 53 38 0 
1 73 250 0 
2 87 347 0 
3 70 62 0 
4 78 303 0 
5 68 252 0 
6 81 303 0 
7 76 133 0 
8 94 194 0 
9 64 76 0 
10 67 212 0 
11 82 56 0 
12 73 194 0 
13 80 41 0 
14 75 41 0 
15 96 239 0 
16 97 384 0 
17 97 93 0 
18 96 138 0 
19 89 235 0 
20 85 54 0 
21 88 347 0 
22 88 265 0 
23 74 166 0 
24 75 280 0 
25 84 317 0 
26 59 158 0 
27 86 66 0 
28 75 55 0 
29 71 274 0 
30 64 114 0 
31 51 46 0 
32 96 125 0 
33 99 341 0 
34 79 47 0 
35 62 233 0 
36 87 291 0 
37 72 224 0 
38 94 350 0 
39 53 57 0 
40 100 91 0 
41 68 230 0 
42 73 128 0 
43 92 143 0 
44 98 103 0 
45 82 79 0 
46 78 45 0 
47 84 91 0 
48 62 42 0 
49 86 290 0 
50 63 195 0 
51 95 269 0 
52 51 139 0 
53 84 98 0 
54 75 119 0 
55 100 352 0 
56 100 155 0 
57 90 347 0 
58 71 261 0 
59 64 159 0 
60 82 250 0 
61 65 137 0 
62 97 188 0 
63 97 291 0 
64 79 302 0 
65 67 156 0 
66 67 58 0 
67 63 244 0 
68 97 383 0 
69 52 63 0 
70 58 154 0 
71 66 244 0 
72 55 51 0 
73 64 55 0 
74 54 197 0 
75 96 327 0 
76 88 121 0 
77 64 175 0 
78 99 392 0 
79 70 171 0 
80 59 151 0 
81 79 256 0 
82 98 87 0 
83 86 117 0 
84 92 248 0 
85 81 73 0 
86 71 56 0 
87 86 246 0 
88 88 178 0 
89 63 61 0 
90 56 116 0 
91 86 144 0 
92 96 140 0 
93 85 300 0 
94 57 155 0 
95 73 95 0 
96 75 264 0 
97 98 194 0 
98 91 312 0 
99 93 275 0 
100 88 101 0 
101 71 72 0 
102 83 234 0 
103 99 259 0 
104 62 47 0 
105 86 334 0 
106 89 315 0 
107 99 65 0 
108 96 290 0 
109 67 218 0 
110 82 116 0 
111 91 164 0 
112 62 176 0 
113 63 231 0 
114 58 52 0 
115 92 358 0 
116 73 116 0 
117 90 89 0 
118 95 376 0 
119 62 95 0 
120 68 271 0 
121 77 210 0 
122 85 277 0 
123 91 54 0 
124 82 92 0 
125 100 344 0 
126 67 238 0 
127 88 231 0 
128 56 64 0 
129 91 316 0 
130 76 230 0 
131 89 247 0 
132 61 201 0 
133 90 106 0 
134 89 297 0 
135 75 64 0 
136 75 85 0 
137 96 310 0 
138 93 339 0 
139 74 295 0 
140 97 110 0 
141 90 65 0 
142 82 62 0 
143 78 225 0 
144 91 76 0 
145 51 187 0 
146 85 95 0 
147 58 183 0 
148 84 315 0 
149 78 196 0 
150 71 145 0 
151 97 197 0 
152 68 201 0 
153 85 320 0 
154 67 230 0 
155 86 71 0 
156 77 135 0 
157 83 292 0 
158 64 216 0 
159 93 121 0 
160 92 220 0 
161 76 160 0 
162 81 294 0 
163 56 54 0 
164 90 251 0 
165 81 108 0 
166 60 153 0 
167 64 59 0 
168 95 373 0 
169 89 266 0 
170 66 128 0 
171 60 154 0 
172 92 186 0 
173 82 158 0 
174 65 73 0 
175 52 60 0 
176 66 77 0 
177 88 307 0 
178 58 227 0 
179 96 379 0 
180 85 213 0 
181 68 72 0 
182 88 286 0 
183 57 68 0 
184 61 221 0 
185 71 131 0 
186 94 103 0 
187 94 239 0 
188 92 136 0 
189 64 208 0 
190 93 280 0 
191 80 244 0 
192 52 103 0 
193 63 90 0 
194 54 167 0 
195 65 168 0 
196 75 194 0 
197 67 245 0 
198 89 311 0 
199 75 294 0 
200 72 234 0 
201 87 121 0 
202 96 154 0 
203 66 176 0 
204 52 89 0 
205 51 83 0 
206 59 37 0 
207 77 84 0 
208 56 36 0 
209 99 388 0 
210 92 318 0 
211 88 113 0 
212 62 192 0 
213 86 170 0 
214 94 150 0 
215 97 254 0 
216 74 278 0 
217 97 246 0 
218 98 347 0 
219 57 63 0 
220 63 156 0 
221 77 114 0 
222 64 189 0 
223 85 207 0 
224 53 57 0 
225 90 183 0 
226 76 154 0 
227 55 165 0 
228 86 62 0 
229 77 299 0 
230 79 268 0 
231 59 189 0 
232 53 71 0 
233 92 142 0 
234 55 170 0 
235 66 128 0 
236 75 265 0 
237 58 79 0 
238 51 193 0 
239 59 183 0 
240 76 188 0 
241 88 172 0 
242 85 197 0 
243 82 141 0 
244 72 200 0 
245 62 144 0 
246 100 75 0 
247 66 161 0 
248 77 296 0 
249 56 213 0 
250 92 205 0 
251 82 269 0 
252 96 92 0 
253 61 35 0 
254 94 77 0 
255 85 304 0 
256 61 220 0 
257 76 157 0 
258 66 242 0 
259 83 152 0 
260 69 116 0 
261 94 363 0 
262 95 256 0 
263 62 194 0 
264 86 142 0 
265 88 179 0 
266 51 185 0 
267 51 86 0 
268 81 77 0 
269 69 107 0 
270 91 194 0 
271 98 352 0 
272 92 135 0 
273 86 165 0 
274 76 127 0 
275 90 185 0 
276 98 106 0 
277 82 69 0 
278 74 80 0 
279 52 199 0 
280 91 245 0 
281 70 256 0 
282 80 269 0 
283 95 367 0 
284 75 299 0 
285 57 166 0 
286 62 38 0 
287 51 62 0 
288 91 312 0 
289 69 187 0 
290 79 314 0 
291 71 101 0 
292 93 245 0 
293 56 92 0 
294 64 41 0 
295 69 160 0 
296 65 260 0 
297 86 225 0 
298 80 43 0 
299 80 63 0 
300 61 221 0 
301 54 79 0 
302 89 300 0 
303 83 268 0 
304 67 69 0 
305 59 44 0 
306 86 311 0 
307 96 118 0 
308 96 146 0 
309 87 266 0 
310 100 124 0 
311 90 77 0 
312 87 193 0 
313 91 179 0 
314 98 65 0 
315 87 127 0 
316 53 100 0 
317 64 129 0 
318 60 38 0 
319 92 161 0 
320 54 68 0 
321 98 244 0 
322 54 129 0 
323 60 92 0 
324 100 316 0 
325 55 206 0 
326 72 228 0 
327 59 154 0 
328 84 323 0 
329 79 51 0 
330 71 49 0 
331 79 109 0 
332 84 169 0 
333 88 132 0 
334 65 251 0 
335 98 381 0 
336 62 55 0 
337 99 128 0 
338 74 99 0 
339 99 310 0 
340 94 307 0 
341 71 57 0 
342 69 41 0 
343 53 133 0 
344 80 206 0 
345 51 95 0 
346 69 173 0 
347 69 173 0 
348 59 180 0 
349 85 226 0 
350 88 208 0 
351 64 146 0 
352 63 85 0 
353 70 217 0 
354 68 210 0 
355 58 227 0 
356 55 183 0 
357 90 192 0 
358 68 194 0 
359 52 76 0 
360 85 294 0 
361 86 154 0 
362 91 144 0 
363 92 144 0 
364 90 60 0 
365 51 188 0 
366 52 29 0 
367 67 46 0 
368 89 92 0 
369 79 313 0 
370 82 323 0 
371 64 231 0 
372 94 347 0 
373 85 169 0 
374 84 302 0 
375 58 35 0 
376 89 338 0 
377 60 177 0 
378 54 95 0 
379 68 146 0 
380 95 61 0 
381 77 224 0 
382 59 233 0 
383 63 90 0 
384 75 160 0 
385 73 289 0 
386 82 74 0 
387 90 256 0 
388 97 181 0 
389 62 224 0 
390 60 223 0 
391 63 76 0 
392 58 132 0 
393 61 186 0 
394 92 272 0 
395 78 285 0 
396 91 90 0 
397 77 243 0 
398 91 200 0 
399 58 158 0 
400 55 206 0 
401 100 376 0 
402 93 322 0 
403 76 90 0 
404 71 154 0 
405 82 100 0 
406 60 123 0 
407 65 211 0 
408 76 141 0 
409 60 132 0 
410 98 172 0 
411 77 249 0 
412 86 314 0 
413 51 53 0 
414 96 270 0 
415 77 171 0 
416 100 153 0 
417 74 65 0 
418 96 318 0 
419 97 147 0 
420 88 119 0 
421 78 108 0 
422 67 77 0 
423 95 121 0 
424 91 148 0 
425 82 276 0 
426 63 143 0 
427 66 148 0 
428 75 95 0 
429 56 86 0 
430 87 204 0 
431 80 226 0 
432 68 204 0 
433 95 87 0 
434 71 181 0 
435 84 86 0 
436 76 243 0 
437 73 72 0 
438 72 243 0 
439 75 54 0 
440 56 188 0 
441 71 182 0 
442 80 175 0 
443 58 123 0 
444 82 207 0 
445 74 68 0 
446 84 99 0 
447 86 186 0 
448 93 191 0 
449 69 190 0 
450 92 316 0 
451 90 308 0 
452 65 167 0 
453 100 322 0 
454 71 94 0 
455 96 91 0 
456 73 94 0 
457 62 170 0 
458 78 206 0 
459 100 287 0 
460 53 160 0 
461 82 322 0 
462 55 117 0 
463 85 247 0 
464 83 139 0 
465 75 213 0 
466 68 115 0 
467 58 57 0 
468 81 173 0 
469 70 163 0 
470 56 141 0 
471 80 215 0 
472 89 140 0 
473 95 303 0 
474 70 37 0 
475 88 285 0 
476 53 115 0 
477 68 263 0 
478 66 36 0 
479 63 72 0 
480 59 178 0 
481 85 151 0 
482 91 254 0 
483 93 120 0 
484 87 275 0 
485 93 54 0 
486 63 174 0 
487 55 79 0 
488 88 99 0 
489 89 281 0 
490 97 228 0 
491 91 349 0 
492 58 184 0 
493 53 163 0 
494 70 92 0 
495 67 40 0 
496 54 37 0 
497 82 87 0 
498 73 46 0 
499 80 141 0 
