NAME GBP_INSTANCES\prob_1_A_4_5_2.txt
COMMENT
BINTYPES 3
ITEMS 500
BINS_SECTIONS
0 100 100 0 257 
1 120 120 0 214 
2 150 150 0 171 
ITEMS_SECTIONS
0 44 52 0 
1 69 55 0 
2 35 103 0 
3 43 126 0 
4 18 58 0 
5 27 36 0 
6 5 19 0 
7 60 144 0 
8 4 13 0 
9 21 20 0 
10 46 92 0 
11 30 65 0 
12 58 58 0 
13 56 68 0 
14 24 85 0 
15 69 116 0 
16 24 19 0 
17 64 99 0 
18 53 99 0 
19 57 98 0 
20 40 88 0 
21 65 138 0 
22 94 321 0 
23 92 235 0 
24 67 71 0 
25 97 299 0 
26 28 19 0 
27 68 244 0 
28 39 82 0 
29 68 261 0 
30 75 102 0 
31 9 28 0 
32 73 154 0 
33 29 60 0 
34 88 240 0 
35 48 176 0 
36 49 26 0 
37 53 36 0 
38 87 332 0 
39 86 45 0 
40 86 214 0 
41 9 21 0 
42 55 73 0 
43 8 11 0 
44 45 71 0 
45 88 64 0 
46 67 117 0 
47 93 49 0 
48 60 145 0 
49 15 54 0 
50 90 280 0 
51 15 27 0 
52 40 22 0 
53 70 157 0 
54 97 243 0 
55 43 78 0 
56 54 115 0 
57 67 44 0 
58 39 151 0 
59 54 188 0 
60 20 39 0 
61 13 47 0 
62 38 133 0 
63 73 263 0 
64 22 33 0 
65 84 171 0 
66 34 86 0 
67 31 85 0 
68 77 289 0 
69 67 217 0 
70 35 115 0 
71 71 204 0 
72 77 201 0 
73 72 73 0 
74 14 33 0 
75 7 10 0 
76 20 75 0 
77 82 112 0 
78 19 46 0 
79 27 21 0 
80 57 136 0 
81 54 59 0 
82 8 7 0 
83 79 216 0 
84 80 196 0 
85 6 7 0 
86 94 287 0 
87 29 91 0 
88 66 100 0 
89 38 121 0 
90 20 58 0 
91 93 189 0 
92 100 338 0 
93 15 31 0 
94 17 61 0 
95 96 324 0 
96 10 33 0 
97 24 42 0 
98 100 379 0 
99 94 171 0 
100 13 19 0 
101 93 291 0 
102 48 163 0 
103 52 82 0 
104 21 55 0 
105 40 121 0 
106 94 147 0 
107 13 52 0 
108 5 12 0 
109 42 25 0 
110 11 11 0 
111 26 36 0 
112 59 201 0 
113 24 22 0 
114 92 243 0 
115 95 254 0 
116 69 272 0 
117 24 66 0 
118 26 61 0 
119 2 4 0 
120 20 51 0 
121 43 166 0 
122 56 90 0 
123 66 237 0 
124 50 121 0 
125 52 40 0 
126 32 23 0 
127 100 120 0 
128 6 24 0 
129 45 100 0 
130 39 66 0 
131 27 57 0 
132 64 53 0 
133 13 15 0 
134 5 18 0 
135 96 301 0 
136 8 5 0 
137 48 36 0 
138 92 325 0 
139 97 154 0 
140 19 71 0 
141 25 26 0 
142 52 114 0 
143 81 143 0 
144 58 168 0 
145 77 123 0 
146 58 217 0 
147 93 195 0 
148 16 32 0 
149 37 130 0 
150 2 6 0 
151 51 81 0 
152 81 72 0 
153 24 21 0 
154 51 133 0 
155 34 20 0 
156 39 140 0 
157 66 71 0 
158 74 97 0 
159 44 86 0 
160 24 42 0 
161 53 196 0 
162 23 63 0 
163 99 64 0 
164 37 79 0 
165 69 67 0 
166 52 70 0 
167 12 28 0 
168 78 226 0 
169 45 49 0 
170 23 50 0 
171 18 27 0 
172 79 165 0 
173 51 98 0 
174 19 69 0 
175 19 43 0 
176 91 214 0 
177 75 120 0 
178 40 50 0 
179 87 192 0 
180 21 20 0 
181 18 43 0 
182 6 15 0 
183 96 80 0 
184 63 241 0 
185 31 117 0 
186 32 77 0 
187 46 48 0 
188 32 27 0 
189 56 30 0 
190 10 35 0 
191 21 43 0 
192 25 55 0 
193 64 228 0 
194 46 157 0 
195 70 207 0 
196 31 35 0 
197 63 239 0 
198 10 25 0 
199 34 69 0 
200 18 17 0 
201 84 210 0 
202 23 87 0 
203 12 37 0 
204 100 175 0 
205 99 367 0 
206 62 133 0 
207 97 155 0 
208 45 135 0 
209 87 339 0 
210 91 158 0 
211 75 155 0 
212 85 122 0 
213 95 106 0 
214 94 346 0 
215 95 313 0 
216 24 55 0 
217 25 48 0 
218 48 165 0 
219 34 41 0 
220 89 191 0 
221 80 148 0 
222 73 154 0 
223 58 120 0 
224 19 63 0 
225 4 10 0 
226 26 20 0 
227 78 197 0 
228 47 46 0 
229 55 154 0 
230 68 99 0 
231 37 20 0 
232 58 50 0 
233 32 95 0 
234 53 69 0 
235 4 6 0 
236 91 66 0 
237 10 6 0 
238 4 7 0 
239 13 19 0 
240 49 68 0 
241 95 334 0 
242 90 306 0 
243 40 144 0 
244 8 31 0 
245 63 144 0 
246 95 268 0 
247 37 37 0 
248 70 71 0 
249 76 259 0 
250 69 115 0 
251 15 28 0 
252 71 133 0 
253 55 142 0 
254 72 243 0 
255 15 28 0 
256 59 139 0 
257 8 6 0 
258 2 4 0 
259 49 54 0 
260 78 172 0 
261 66 234 0 
262 91 333 0 
263 30 50 0 
264 79 66 0 
265 62 56 0 
266 94 131 0 
267 4 4 0 
268 59 36 0 
269 76 260 0 
270 37 133 0 
271 92 168 0 
272 83 96 0 
273 86 250 0 
274 39 68 0 
275 50 55 0 
276 79 314 0 
277 69 226 0 
278 7 12 0 
279 46 24 0 
280 55 28 0 
281 63 131 0 
282 88 196 0 
283 87 343 0 
284 33 71 0 
285 60 95 0 
286 86 330 0 
287 89 246 0 
288 50 67 0 
289 18 23 0 
290 33 110 0 
291 91 355 0 
292 20 35 0 
293 75 268 0 
294 15 18 0 
295 52 178 0 
296 9 32 0 
297 59 178 0 
298 52 97 0 
299 3 11 0 
300 9 8 0 
301 59 79 0 
302 27 56 0 
303 100 356 0 
304 73 71 0 
305 61 109 0 
306 56 65 0 
307 56 222 0 
308 92 282 0 
309 23 53 0 
310 99 239 0 
311 82 124 0 
312 78 140 0 
313 75 174 0 
314 21 31 0 
315 40 40 0 
316 27 65 0 
317 30 21 0 
318 68 220 0 
319 11 11 0 
320 38 140 0 
321 89 215 0 
322 4 16 0 
323 100 232 0 
324 59 192 0 
325 22 35 0 
326 44 82 0 
327 81 165 0 
328 18 23 0 
329 17 60 0 
330 49 163 0 
331 80 181 0 
332 41 143 0 
333 72 60 0 
334 12 29 0 
335 33 110 0 
336 90 67 0 
337 26 103 0 
338 86 146 0 
339 93 316 0 
340 35 111 0 
341 92 338 0 
342 17 26 0 
343 39 117 0 
344 85 227 0 
345 10 20 0 
346 2 6 0 
347 40 29 0 
348 3 5 0 
349 62 135 0 
350 40 37 0 
351 44 155 0 
352 21 68 0 
353 83 144 0 
354 16 25 0 
355 54 100 0 
356 82 213 0 
357 4 5 0 
358 60 39 0 
359 29 44 0 
360 28 21 0 
361 36 60 0 
362 35 38 0 
363 97 312 0 
364 53 114 0 
365 92 110 0 
366 2 2 0 
367 22 39 0 
368 55 158 0 
369 99 300 0 
370 93 209 0 
371 84 69 0 
372 91 160 0 
373 7 6 0 
374 74 124 0 
375 44 77 0 
376 71 133 0 
377 73 188 0 
378 89 163 0 
379 41 64 0 
380 7 19 0 
381 11 12 0 
382 98 284 0 
383 86 158 0 
384 41 146 0 
385 74 263 0 
386 97 152 0 
387 14 15 0 
388 72 75 0 
389 78 144 0 
390 12 32 0 
391 38 56 0 
392 6 17 0 
393 30 74 0 
394 76 126 0 
395 100 120 0 
396 40 97 0 
397 54 80 0 
398 76 295 0 
399 34 74 0 
400 34 107 0 
401 9 9 0 
402 67 231 0 
403 32 121 0 
404 42 28 0 
405 53 47 0 
406 58 109 0 
407 59 236 0 
408 75 191 0 
409 84 293 0 
410 64 51 0 
411 83 281 0 
412 81 194 0 
413 90 232 0 
414 9 9 0 
415 73 192 0 
416 87 168 0 
417 42 135 0 
418 95 205 0 
419 28 22 0 
420 10 35 0 
421 63 210 0 
422 23 80 0 
423 88 255 0 
424 64 217 0 
425 20 20 0 
426 66 209 0 
427 19 46 0 
428 93 311 0 
429 53 35 0 
430 89 126 0 
431 69 61 0 
432 39 72 0 
433 88 322 0 
434 14 31 0 
435 26 79 0 
436 66 68 0 
437 77 168 0 
438 27 62 0 
439 80 295 0 
440 85 143 0 
441 67 106 0 
442 29 90 0 
443 89 237 0 
444 67 100 0 
445 77 277 0 
446 12 13 0 
447 72 123 0 
448 97 179 0 
449 77 136 0 
450 80 307 0 
451 27 72 0 
452 70 99 0 
453 35 25 0 
454 87 94 0 
455 95 294 0 
456 65 70 0 
457 36 20 0 
458 18 36 0 
459 69 110 0 
460 3 10 0 
461 41 110 0 
462 65 135 0 
463 62 173 0 
464 31 82 0 
465 85 161 0 
466 65 206 0 
467 40 47 0 
468 39 25 0 
469 86 336 0 
470 11 11 0 
471 40 136 0 
472 35 129 0 
473 58 209 0 
474 6 5 0 
475 65 126 0 
476 100 397 0 
477 3 5 0 
478 18 23 0 
479 83 263 0 
480 54 113 0 
481 81 282 0 
482 43 166 0 
483 26 91 0 
484 29 20 0 
485 30 54 0 
486 72 225 0 
487 6 8 0 
488 16 62 0 
489 20 22 0 
490 63 128 0 
491 49 144 0 
492 51 97 0 
493 33 130 0 
494 3 6 0 
495 82 199 0 
496 16 30 0 
497 55 79 0 
498 75 203 0 
499 32 44 0 
