NAME GBP_INSTANCES\prob_3_B_0_9_2.txt
COMMENT
BINTYPES 5
ITEMS 25
BINS_SECTIONS
0 60 60 0 30 
1 80 80 0 23 
2 100 100 0 18 
3 120 120 0 15 
4 150 150 0 12 
ITEMS_SECTIONS
0 51 200 0 
1 57 84 0 
2 60 136 0 
3 78 146 0 
4 94 143 0 
5 58 116 0 
6 83 128 0 
7 71 139 0 
8 56 184 0 
9 60 224 0 
10 54 188 0 
11 71 116 0 
12 87 291 0 
13 67 99 0 
14 87 321 0 
15 81 72 0 
16 89 203 0 
17 91 220 0 
18 62 92 0 
19 77 302 0 
20 60 102 0 
21 72 137 0 
22 53 144 0 
23 77 171 0 
24 88 192 0 
