NAME GBP_INSTANCES\prob_2_B_3_4_2.txt
COMMENT
BINTYPES 5
ITEMS 200
BINS_SECTIONS
0 60 60 0 202 
1 80 80 0 152 
2 100 100 0 121 
3 120 120 0 101 
4 150 150 0 81 
ITEMS_SECTIONS
0 52 129 0 
1 64 149 0 
2 83 245 0 
3 57 53 0 
4 83 92 0 
5 43 85 0 
6 21 78 0 
7 82 49 0 
8 97 172 0 
9 89 323 0 
10 36 144 0 
11 47 88 0 
12 63 129 0 
13 65 117 0 
14 80 165 0 
15 77 297 0 
16 27 43 0 
17 50 95 0 
18 44 146 0 
19 100 199 0 
20 32 40 0 
21 38 57 0 
22 74 146 0 
23 28 22 0 
24 62 43 0 
25 23 53 0 
26 43 165 0 
27 82 53 0 
28 35 95 0 
29 79 69 0 
30 25 45 0 
31 95 344 0 
32 62 184 0 
33 42 45 0 
34 53 79 0 
35 50 26 0 
36 98 258 0 
37 79 274 0 
38 96 174 0 
39 51 32 0 
40 26 39 0 
41 79 136 0 
42 89 267 0 
43 62 98 0 
44 82 249 0 
45 23 17 0 
46 52 124 0 
47 99 148 0 
48 25 89 0 
49 67 75 0 
50 55 83 0 
51 84 292 0 
52 89 285 0 
53 25 80 0 
54 73 47 0 
55 42 166 0 
56 34 33 0 
57 99 374 0 
58 33 116 0 
59 99 304 0 
60 55 61 0 
61 64 106 0 
62 36 74 0 
63 79 167 0 
64 93 190 0 
65 30 115 0 
66 78 110 0 
67 75 222 0 
68 56 106 0 
69 79 66 0 
70 68 40 0 
71 35 99 0 
72 34 94 0 
73 57 186 0 
74 90 308 0 
75 55 200 0 
76 45 131 0 
77 88 133 0 
78 47 44 0 
79 61 208 0 
80 22 21 0 
81 61 87 0 
82 64 215 0 
83 22 31 0 
84 50 47 0 
85 99 263 0 
86 56 212 0 
87 78 290 0 
88 27 94 0 
89 89 223 0 
90 23 64 0 
91 52 149 0 
92 55 75 0 
93 51 47 0 
94 22 54 0 
95 61 67 0 
96 97 128 0 
97 69 147 0 
98 94 200 0 
99 79 43 0 
100 24 39 0 
101 26 16 0 
102 71 187 0 
103 21 22 0 
104 57 122 0 
105 42 49 0 
106 93 288 0 
107 24 47 0 
108 71 263 0 
109 89 63 0 
110 71 55 0 
111 30 47 0 
112 80 217 0 
113 89 150 0 
114 64 234 0 
115 25 62 0 
116 70 242 0 
117 77 273 0 
118 39 48 0 
119 25 64 0 
120 44 140 0 
121 65 121 0 
122 87 90 0 
123 63 147 0 
124 47 26 0 
125 65 70 0 
126 69 75 0 
127 50 51 0 
128 83 181 0 
129 70 41 0 
130 72 239 0 
131 95 219 0 
132 85 139 0 
133 52 50 0 
134 82 158 0 
135 38 94 0 
136 89 93 0 
137 79 176 0 
138 30 26 0 
139 54 210 0 
140 60 207 0 
141 83 103 0 
142 47 95 0 
143 39 23 0 
144 77 297 0 
145 73 221 0 
146 88 194 0 
147 49 65 0 
148 83 54 0 
149 84 178 0 
150 35 53 0 
151 59 206 0 
152 68 255 0 
153 48 114 0 
154 95 245 0 
155 21 39 0 
156 57 82 0 
157 37 126 0 
158 100 75 0 
159 24 89 0 
160 39 24 0 
161 50 180 0 
162 23 19 0 
163 83 171 0 
164 21 34 0 
165 33 38 0 
166 72 225 0 
167 88 147 0 
168 100 265 0 
169 84 188 0 
170 31 38 0 
171 78 57 0 
172 87 275 0 
173 37 50 0 
174 58 188 0 
175 89 174 0 
176 27 43 0 
177 45 144 0 
178 42 118 0 
179 58 226 0 
180 37 146 0 
181 72 170 0 
182 56 37 0 
183 81 138 0 
184 59 61 0 
185 85 297 0 
186 35 123 0 
187 62 241 0 
188 49 33 0 
189 45 70 0 
190 35 58 0 
191 88 132 0 
192 88 69 0 
193 54 110 0 
194 73 149 0 
195 92 362 0 
196 32 90 0 
197 77 48 0 
198 91 298 0 
199 55 188 0 
