NAME GBP_INSTANCES\prob_1_A_4_6_2.txt
COMMENT
BINTYPES 3
ITEMS 500
BINS_SECTIONS
0 100 100 0 258 
1 120 120 0 215 
2 150 150 0 172 
ITEMS_SECTIONS
0 32 34 0 
1 46 119 0 
2 12 31 0 
3 3 10 0 
4 7 6 0 
5 2 5 0 
6 41 85 0 
7 2 8 0 
8 17 26 0 
9 59 123 0 
10 9 33 0 
11 45 144 0 
12 86 167 0 
13 63 153 0 
14 98 109 0 
15 27 108 0 
16 55 50 0 
17 42 76 0 
18 16 21 0 
19 2 4 0 
20 71 118 0 
21 19 71 0 
22 61 227 0 
23 44 82 0 
24 23 92 0 
25 100 220 0 
26 68 94 0 
27 34 19 0 
28 47 157 0 
29 60 181 0 
30 17 41 0 
31 43 154 0 
32 15 47 0 
33 80 205 0 
34 6 21 0 
35 67 248 0 
36 27 16 0 
37 53 91 0 
38 3 10 0 
39 77 306 0 
40 44 103 0 
41 2 5 0 
42 41 157 0 
43 27 19 0 
44 74 242 0 
45 41 30 0 
46 81 235 0 
47 13 12 0 
48 17 16 0 
49 26 26 0 
50 27 96 0 
51 100 293 0 
52 31 99 0 
53 93 180 0 
54 89 267 0 
55 21 66 0 
56 95 87 0 
57 75 272 0 
58 4 9 0 
59 54 37 0 
60 27 83 0 
61 75 107 0 
62 86 119 0 
63 2 4 0 
64 52 45 0 
65 74 61 0 
66 36 92 0 
67 70 153 0 
68 70 212 0 
69 74 182 0 
70 79 291 0 
71 50 45 0 
72 13 34 0 
73 39 120 0 
74 39 124 0 
75 34 25 0 
76 39 83 0 
77 45 65 0 
78 49 176 0 
79 52 59 0 
80 78 83 0 
81 96 92 0 
82 88 307 0 
83 54 129 0 
84 45 80 0 
85 11 30 0 
86 49 119 0 
87 32 22 0 
88 46 38 0 
89 49 87 0 
90 21 29 0 
91 15 29 0 
92 2 3 0 
93 84 48 0 
94 4 14 0 
95 18 28 0 
96 8 10 0 
97 71 151 0 
98 23 59 0 
99 77 248 0 
100 60 60 0 
101 39 63 0 
102 83 141 0 
103 64 122 0 
104 45 101 0 
105 43 168 0 
106 4 15 0 
107 7 13 0 
108 52 109 0 
109 13 13 0 
110 81 211 0 
111 99 58 0 
112 99 145 0 
113 27 105 0 
114 54 30 0 
115 47 91 0 
116 9 28 0 
117 49 101 0 
118 62 179 0 
119 14 51 0 
120 46 83 0 
121 73 271 0 
122 6 9 0 
123 24 45 0 
124 65 187 0 
125 78 48 0 
126 8 7 0 
127 87 118 0 
128 41 90 0 
129 74 195 0 
130 56 86 0 
131 92 212 0 
132 63 137 0 
133 29 35 0 
134 47 34 0 
135 51 94 0 
136 62 230 0 
137 45 149 0 
138 3 12 0 
139 19 20 0 
140 33 35 0 
141 89 158 0 
142 79 120 0 
143 92 271 0 
144 40 116 0 
145 49 48 0 
146 50 185 0 
147 100 136 0 
148 62 178 0 
149 95 142 0 
150 72 151 0 
151 88 149 0 
152 67 265 0 
153 56 78 0 
154 12 47 0 
155 22 20 0 
156 59 80 0 
157 59 174 0 
158 60 46 0 
159 89 332 0 
160 8 32 0 
161 45 88 0 
162 95 152 0 
163 53 107 0 
164 95 240 0 
165 37 62 0 
166 26 102 0 
167 22 22 0 
168 84 132 0 
169 34 41 0 
170 79 210 0 
171 78 67 0 
172 44 162 0 
173 34 119 0 
174 65 34 0 
175 51 33 0 
176 53 187 0 
177 55 121 0 
178 74 166 0 
179 67 252 0 
180 95 96 0 
181 46 158 0 
182 45 146 0 
183 62 145 0 
184 74 226 0 
185 68 128 0 
186 69 56 0 
187 84 295 0 
188 71 81 0 
189 39 143 0 
190 47 120 0 
191 88 287 0 
192 62 139 0 
193 6 9 0 
194 76 214 0 
195 31 26 0 
196 20 66 0 
197 63 90 0 
198 96 138 0 
199 75 43 0 
200 24 30 0 
201 58 205 0 
202 49 76 0 
203 28 20 0 
204 97 327 0 
205 11 8 0 
206 84 67 0 
207 83 159 0 
208 91 349 0 
209 97 348 0 
210 94 368 0 
211 38 114 0 
212 44 176 0 
213 8 7 0 
214 69 83 0 
215 23 47 0 
216 32 99 0 
217 39 115 0 
218 77 281 0 
219 21 70 0 
220 38 71 0 
221 38 146 0 
222 72 173 0 
223 33 103 0 
224 53 129 0 
225 38 151 0 
226 4 5 0 
227 31 49 0 
228 45 169 0 
229 18 40 0 
230 58 182 0 
231 93 130 0 
232 95 129 0 
233 27 47 0 
234 95 340 0 
235 44 47 0 
236 53 146 0 
237 95 85 0 
238 5 8 0 
239 79 304 0 
240 4 11 0 
241 86 287 0 
242 54 28 0 
243 34 111 0 
244 90 208 0 
245 92 336 0 
246 54 210 0 
247 46 57 0 
248 99 335 0 
249 55 120 0 
250 9 7 0 
251 76 59 0 
252 39 145 0 
253 86 49 0 
254 64 51 0 
255 55 33 0 
256 29 102 0 
257 82 188 0 
258 55 72 0 
259 93 265 0 
260 27 50 0 
261 22 79 0 
262 31 38 0 
263 43 56 0 
264 6 6 0 
265 9 14 0 
266 77 181 0 
267 39 103 0 
268 15 11 0 
269 73 181 0 
270 13 34 0 
271 15 26 0 
272 35 120 0 
273 91 170 0 
274 65 232 0 
275 14 20 0 
276 65 88 0 
277 28 109 0 
278 32 91 0 
279 89 129 0 
280 35 124 0 
281 65 169 0 
282 6 8 0 
283 29 68 0 
284 5 17 0 
285 23 53 0 
286 73 68 0 
287 74 136 0 
288 33 112 0 
289 38 128 0 
290 78 57 0 
291 94 230 0 
292 68 159 0 
293 4 5 0 
294 58 104 0 
295 73 80 0 
296 60 116 0 
297 30 111 0 
298 25 33 0 
299 58 172 0 
300 34 34 0 
301 37 35 0 
302 21 37 0 
303 48 34 0 
304 28 75 0 
305 43 85 0 
306 13 29 0 
307 69 133 0 
308 43 165 0 
309 47 40 0 
310 56 130 0 
311 97 238 0 
312 91 106 0 
313 75 248 0 
314 84 148 0 
315 90 193 0 
316 10 38 0 
317 95 152 0 
318 69 101 0 
319 89 264 0 
320 7 10 0 
321 64 67 0 
322 95 313 0 
323 42 133 0 
324 20 78 0 
325 2 5 0 
326 4 3 0 
327 22 29 0 
328 63 117 0 
329 77 282 0 
330 39 62 0 
331 81 219 0 
332 11 20 0 
333 91 50 0 
334 60 67 0 
335 24 77 0 
336 22 20 0 
337 30 41 0 
338 54 205 0 
339 26 73 0 
340 48 58 0 
341 92 283 0 
342 100 296 0 
343 97 197 0 
344 22 78 0 
345 52 87 0 
346 33 20 0 
347 11 30 0 
348 76 282 0 
349 65 156 0 
350 46 45 0 
351 88 97 0 
352 86 281 0 
353 80 290 0 
354 100 93 0 
355 80 115 0 
356 77 202 0 
357 64 59 0 
358 54 46 0 
359 7 10 0 
360 13 38 0 
361 96 102 0 
362 92 320 0 
363 24 93 0 
364 91 342 0 
365 48 165 0 
366 85 47 0 
367 70 118 0 
368 53 99 0 
369 100 131 0 
370 19 24 0 
371 45 74 0 
372 49 112 0 
373 18 37 0 
374 64 137 0 
375 99 226 0 
376 71 221 0 
377 22 82 0 
378 11 17 0 
379 69 50 0 
380 75 115 0 
381 96 344 0 
382 20 13 0 
383 42 162 0 
384 8 15 0 
385 63 195 0 
386 57 129 0 
387 85 197 0 
388 84 110 0 
389 48 136 0 
390 17 13 0 
391 32 46 0 
392 6 12 0 
393 93 56 0 
394 33 24 0 
395 34 104 0 
396 68 241 0 
397 30 61 0 
398 72 156 0 
399 99 217 0 
400 53 187 0 
401 62 46 0 
402 8 13 0 
403 22 69 0 
404 65 105 0 
405 83 73 0 
406 65 198 0 
407 2 3 0 
408 87 317 0 
409 68 122 0 
410 48 84 0 
411 83 160 0 
412 21 59 0 
413 67 63 0 
414 27 39 0 
415 3 7 0 
416 100 230 0 
417 51 82 0 
418 2 7 0 
419 71 202 0 
420 31 69 0 
421 20 80 0 
422 23 57 0 
423 86 209 0 
424 35 73 0 
425 32 79 0 
426 74 96 0 
427 95 239 0 
428 80 175 0 
429 67 135 0 
430 20 58 0 
431 9 24 0 
432 54 135 0 
433 82 250 0 
434 91 336 0 
435 85 114 0 
436 59 102 0 
437 62 234 0 
438 45 170 0 
439 83 91 0 
440 9 30 0 
441 37 95 0 
442 48 97 0 
443 3 7 0 
444 77 97 0 
445 64 149 0 
446 27 28 0 
447 12 18 0 
448 95 124 0 
449 41 64 0 
450 43 44 0 
451 84 149 0 
452 55 141 0 
453 57 169 0 
454 24 82 0 
455 43 85 0 
456 90 103 0 
457 37 84 0 
458 8 29 0 
459 26 14 0 
460 14 51 0 
461 3 4 0 
462 48 191 0 
463 79 137 0 
464 80 175 0 
465 86 69 0 
466 17 18 0 
467 98 126 0 
468 41 77 0 
469 34 27 0 
470 67 199 0 
471 10 14 0 
472 76 210 0 
473 31 89 0 
474 86 250 0 
475 13 39 0 
476 54 213 0 
477 81 132 0 
478 98 131 0 
479 91 251 0 
480 17 39 0 
481 88 99 0 
482 62 90 0 
483 5 4 0 
484 41 32 0 
485 43 43 0 
486 92 366 0 
487 58 84 0 
488 60 182 0 
489 92 160 0 
490 94 376 0 
491 76 167 0 
492 4 16 0 
493 85 281 0 
494 96 233 0 
495 76 72 0 
496 57 202 0 
497 62 185 0 
498 99 223 0 
499 61 169 0 
