NAME GBP_INSTANCES\prob_1_A_4_1_2.txt
COMMENT
BINTYPES 3
ITEMS 500
BINS_SECTIONS
0 100 100 0 263 
1 120 120 0 219 
2 150 150 0 175 
ITEMS_SECTIONS
0 49 171 0 
1 97 214 0 
2 15 30 0 
3 61 182 0 
4 63 102 0 
5 55 211 0 
6 53 197 0 
7 39 80 0 
8 55 44 0 
9 90 61 0 
10 64 200 0 
11 63 110 0 
12 83 84 0 
13 84 169 0 
14 78 82 0 
15 82 294 0 
16 30 24 0 
17 13 49 0 
18 47 37 0 
19 30 87 0 
20 64 234 0 
21 96 363 0 
22 97 373 0 
23 40 50 0 
24 89 96 0 
25 11 26 0 
26 29 58 0 
27 90 314 0 
28 67 219 0 
29 34 53 0 
30 19 27 0 
31 20 74 0 
32 74 158 0 
33 48 175 0 
34 66 142 0 
35 6 12 0 
36 78 141 0 
37 32 128 0 
38 28 84 0 
39 25 36 0 
40 92 148 0 
41 74 178 0 
42 93 207 0 
43 88 74 0 
44 92 347 0 
45 60 49 0 
46 54 177 0 
47 90 322 0 
48 53 140 0 
49 30 104 0 
50 87 165 0 
51 47 61 0 
52 94 269 0 
53 92 207 0 
54 40 135 0 
55 56 119 0 
56 89 319 0 
57 82 168 0 
58 22 83 0 
59 79 143 0 
60 26 55 0 
61 21 74 0 
62 85 50 0 
63 65 169 0 
64 69 205 0 
65 12 25 0 
66 14 41 0 
67 97 204 0 
68 33 67 0 
69 98 255 0 
70 88 259 0 
71 19 13 0 
72 85 115 0 
73 25 95 0 
74 55 154 0 
75 91 364 0 
76 11 19 0 
77 30 108 0 
78 68 114 0 
79 52 58 0 
80 48 170 0 
81 10 10 0 
82 26 87 0 
83 28 24 0 
84 30 102 0 
85 90 102 0 
86 76 282 0 
87 56 88 0 
88 49 57 0 
89 28 20 0 
90 8 9 0 
91 92 168 0 
92 52 161 0 
93 90 180 0 
94 100 398 0 
95 37 21 0 
96 24 45 0 
97 41 99 0 
98 68 135 0 
99 66 34 0 
100 32 60 0 
101 69 121 0 
102 45 74 0 
103 8 18 0 
104 100 168 0 
105 83 65 0 
106 51 136 0 
107 35 64 0 
108 7 16 0 
109 35 36 0 
110 11 23 0 
111 23 48 0 
112 29 70 0 
113 61 31 0 
114 37 76 0 
115 44 28 0 
116 75 89 0 
117 33 79 0 
118 56 79 0 
119 46 85 0 
120 5 12 0 
121 93 211 0 
122 3 12 0 
123 86 249 0 
124 64 35 0 
125 61 93 0 
126 44 59 0 
127 62 191 0 
128 77 245 0 
129 98 89 0 
130 65 114 0 
131 27 17 0 
132 79 277 0 
133 15 19 0 
134 82 175 0 
135 15 22 0 
136 50 79 0 
137 2 4 0 
138 11 40 0 
139 68 122 0 
140 44 34 0 
141 72 110 0 
142 48 110 0 
143 96 295 0 
144 58 191 0 
145 97 76 0 
146 14 31 0 
147 53 73 0 
148 32 45 0 
149 20 22 0 
150 96 325 0 
151 65 56 0 
152 43 164 0 
153 36 120 0 
154 44 149 0 
155 98 183 0 
156 75 77 0 
157 12 13 0 
158 64 36 0 
159 98 179 0 
160 15 26 0 
161 53 147 0 
162 58 71 0 
163 76 54 0 
164 75 208 0 
165 65 199 0 
166 56 79 0 
167 94 352 0 
168 92 126 0 
169 40 143 0 
170 81 58 0 
171 23 83 0 
172 87 247 0 
173 2 5 0 
174 15 32 0 
175 100 144 0 
176 43 160 0 
177 46 121 0 
178 74 102 0 
179 95 186 0 
180 98 312 0 
181 14 44 0 
182 90 210 0 
183 85 257 0 
184 97 274 0 
185 19 76 0 
186 92 240 0 
187 55 145 0 
188 95 372 0 
189 80 101 0 
190 85 314 0 
191 42 153 0 
192 67 61 0 
193 84 324 0 
194 27 52 0 
195 98 116 0 
196 18 17 0 
197 14 36 0 
198 91 329 0 
199 38 91 0 
200 35 102 0 
201 68 172 0 
202 34 96 0 
203 16 55 0 
204 93 321 0 
205 41 72 0 
206 19 18 0 
207 96 364 0 
208 39 113 0 
209 40 64 0 
210 57 85 0 
211 95 158 0 
212 70 268 0 
213 34 91 0 
214 100 198 0 
215 14 27 0 
216 47 66 0 
217 17 61 0 
218 29 113 0 
219 64 252 0 
220 33 95 0 
221 65 181 0 
222 98 245 0 
223 20 22 0 
224 15 52 0 
225 84 208 0 
226 69 84 0 
227 60 142 0 
228 99 325 0 
229 8 28 0 
230 90 360 0 
231 69 159 0 
232 30 61 0 
233 64 194 0 
234 61 182 0 
235 46 111 0 
236 18 48 0 
237 67 235 0 
238 40 112 0 
239 79 73 0 
240 49 182 0 
241 25 27 0 
242 22 36 0 
243 63 46 0 
244 41 124 0 
245 60 177 0 
246 61 54 0 
247 93 229 0 
248 18 12 0 
249 16 13 0 
250 57 86 0 
251 20 20 0 
252 89 218 0 
253 23 22 0 
254 71 103 0 
255 95 187 0 
256 80 169 0 
257 49 94 0 
258 9 31 0 
259 14 44 0 
260 12 21 0 
261 57 140 0 
262 23 48 0 
263 48 84 0 
264 76 117 0 
265 19 13 0 
266 78 54 0 
267 100 85 0 
268 14 10 0 
269 16 50 0 
270 30 18 0 
271 79 309 0 
272 21 56 0 
273 53 35 0 
274 51 175 0 
275 92 191 0 
276 97 115 0 
277 32 22 0 
278 81 243 0 
279 100 161 0 
280 83 250 0 
281 6 4 0 
282 3 3 0 
283 97 347 0 
284 68 150 0 
285 69 177 0 
286 41 155 0 
287 66 149 0 
288 39 115 0 
289 87 75 0 
290 86 321 0 
291 94 235 0 
292 41 129 0 
293 31 50 0 
294 31 67 0 
295 67 154 0 
296 22 28 0 
297 28 64 0 
298 20 79 0 
299 48 62 0 
300 31 80 0 
301 85 50 0 
302 12 13 0 
303 60 202 0 
304 51 87 0 
305 87 63 0 
306 50 55 0 
307 61 166 0 
308 28 46 0 
309 46 60 0 
310 38 32 0 
311 45 64 0 
312 63 86 0 
313 92 281 0 
314 13 22 0 
315 60 87 0 
316 66 195 0 
317 80 70 0 
318 15 13 0 
319 65 117 0 
320 9 26 0 
321 17 55 0 
322 69 205 0 
323 23 81 0 
324 74 157 0 
325 56 167 0 
326 30 61 0 
327 54 67 0 
328 59 211 0 
329 100 75 0 
330 45 32 0 
331 43 60 0 
332 15 51 0 
333 29 21 0 
334 80 239 0 
335 23 12 0 
336 83 204 0 
337 100 83 0 
338 45 70 0 
339 32 43 0 
340 15 18 0 
341 62 90 0 
342 83 163 0 
343 72 146 0 
344 25 30 0 
345 85 260 0 
346 55 182 0 
347 53 88 0 
348 78 258 0 
349 91 360 0 
350 77 231 0 
351 56 181 0 
352 56 74 0 
353 64 223 0 
354 43 107 0 
355 4 12 0 
356 90 338 0 
357 22 87 0 
358 8 8 0 
359 72 221 0 
360 29 89 0 
361 51 182 0 
362 35 73 0 
363 25 57 0 
364 9 34 0 
365 61 179 0 
366 4 7 0 
367 99 330 0 
368 6 18 0 
369 73 88 0 
370 82 254 0 
371 52 188 0 
372 38 44 0 
373 95 59 0 
374 39 153 0 
375 62 181 0 
376 81 168 0 
377 8 27 0 
378 23 65 0 
379 9 34 0 
380 95 283 0 
381 96 144 0 
382 78 195 0 
383 41 22 0 
384 94 158 0 
385 66 48 0 
386 18 29 0 
387 27 65 0 
388 70 61 0 
389 74 117 0 
390 22 33 0 
391 18 71 0 
392 19 44 0 
393 8 9 0 
394 89 148 0 
395 14 48 0 
396 53 109 0 
397 58 188 0 
398 21 49 0 
399 57 186 0 
400 55 104 0 
401 96 275 0 
402 33 91 0 
403 52 74 0 
404 73 258 0 
405 24 50 0 
406 99 172 0 
407 27 91 0 
408 94 284 0 
409 89 225 0 
410 27 21 0 
411 40 75 0 
412 8 12 0 
413 49 181 0 
414 45 47 0 
415 54 53 0 
416 82 153 0 
417 67 115 0 
418 24 50 0 
419 64 196 0 
420 86 303 0 
421 19 51 0 
422 2 3 0 
423 21 54 0 
424 63 234 0 
425 6 7 0 
426 34 79 0 
427 19 16 0 
428 84 126 0 
429 52 159 0 
430 43 68 0 
431 99 367 0 
432 16 36 0 
433 71 215 0 
434 89 313 0 
435 49 68 0 
436 94 374 0 
437 81 206 0 
438 32 21 0 
439 16 49 0 
440 71 277 0 
441 70 108 0 
442 4 16 0 
443 47 98 0 
444 98 92 0 
445 63 219 0 
446 73 111 0 
447 64 130 0 
448 28 63 0 
449 24 34 0 
450 15 16 0 
451 75 110 0 
452 13 13 0 
453 21 13 0 
454 52 203 0 
455 48 25 0 
456 43 101 0 
457 88 105 0 
458 13 51 0 
459 30 33 0 
460 37 23 0 
461 35 67 0 
462 52 71 0 
463 61 108 0 
464 17 39 0 
465 7 26 0 
466 63 45 0 
467 41 57 0 
468 74 153 0 
469 66 159 0 
470 73 54 0 
471 12 13 0 
472 66 58 0 
473 99 200 0 
474 9 26 0 
475 14 9 0 
476 50 198 0 
477 11 12 0 
478 33 70 0 
479 76 250 0 
480 85 265 0 
481 99 365 0 
482 63 54 0 
483 3 8 0 
484 18 15 0 
485 7 7 0 
486 45 146 0 
487 97 335 0 
488 85 337 0 
489 12 27 0 
490 95 52 0 
491 25 99 0 
492 40 26 0 
493 61 73 0 
494 3 2 0 
495 14 11 0 
496 36 45 0 
497 22 51 0 
498 92 104 0 
499 15 25 0 
