NAME GBP_INSTANCES\prob_2_B_2_0_2.txt
COMMENT
BINTYPES 5
ITEMS 100
BINS_SECTIONS
0 60 60 0 98 
1 80 80 0 73 
2 100 100 0 59 
3 120 120 0 49 
4 150 150 0 39 
ITEMS_SECTIONS
0 52 49 0 
1 49 30 0 
2 81 158 0 
3 83 313 0 
4 75 66 0 
5 37 56 0 
6 98 193 0 
7 32 113 0 
8 32 69 0 
9 60 211 0 
10 56 45 0 
11 54 123 0 
12 39 111 0 
13 21 29 0 
14 43 116 0 
15 56 205 0 
16 44 45 0 
17 63 126 0 
18 32 34 0 
19 70 193 0 
20 51 67 0 
21 96 342 0 
22 85 132 0 
23 100 326 0 
24 54 91 0 
25 36 67 0 
26 97 299 0 
27 54 142 0 
28 28 69 0 
29 89 151 0 
30 94 301 0 
31 35 26 0 
32 26 93 0 
33 68 234 0 
34 100 244 0 
35 60 73 0 
36 76 55 0 
37 62 164 0 
38 40 110 0 
39 26 55 0 
40 35 131 0 
41 71 219 0 
42 43 153 0 
43 44 126 0 
44 29 56 0 
45 42 39 0 
46 21 40 0 
47 38 48 0 
48 45 25 0 
49 91 140 0 
50 74 91 0 
51 72 207 0 
52 28 59 0 
53 21 62 0 
54 51 111 0 
55 97 261 0 
56 80 298 0 
57 80 272 0 
58 58 79 0 
59 69 207 0 
60 44 85 0 
61 69 196 0 
62 66 73 0 
63 21 79 0 
64 63 135 0 
65 24 71 0 
66 29 90 0 
67 86 84 0 
68 35 100 0 
69 69 62 0 
70 92 223 0 
71 51 96 0 
72 44 42 0 
73 96 132 0 
74 66 197 0 
75 30 120 0 
76 85 238 0 
77 59 123 0 
78 72 73 0 
79 86 50 0 
80 25 49 0 
81 46 151 0 
82 79 124 0 
83 71 148 0 
84 66 180 0 
85 100 365 0 
86 92 274 0 
87 61 87 0 
88 82 241 0 
89 56 85 0 
90 66 232 0 
91 33 19 0 
92 78 195 0 
93 38 98 0 
94 30 92 0 
95 29 86 0 
96 90 270 0 
97 23 73 0 
98 44 131 0 
99 97 310 0 
