NAME GBP_INSTANCES\prob_2_B_2_8_2.txt
COMMENT
BINTYPES 5
ITEMS 100
BINS_SECTIONS
0 60 60 0 99 
1 80 80 0 74 
2 100 100 0 59 
3 120 120 0 50 
4 150 150 0 40 
ITEMS_SECTIONS
0 92 81 0 
1 60 36 0 
2 77 245 0 
3 33 75 0 
4 49 131 0 
5 29 68 0 
6 29 100 0 
7 38 79 0 
8 54 56 0 
9 53 153 0 
10 64 68 0 
11 60 224 0 
12 25 88 0 
13 36 123 0 
14 49 169 0 
15 31 123 0 
16 85 222 0 
17 78 293 0 
18 35 113 0 
19 76 127 0 
20 77 50 0 
21 79 136 0 
22 27 33 0 
23 25 26 0 
24 45 106 0 
25 32 18 0 
26 56 72 0 
27 25 98 0 
28 36 32 0 
29 97 232 0 
30 84 115 0 
31 59 208 0 
32 63 225 0 
33 96 241 0 
34 88 308 0 
35 65 145 0 
36 93 131 0 
37 96 300 0 
38 80 269 0 
39 49 142 0 
40 46 167 0 
41 91 233 0 
42 30 88 0 
43 60 127 0 
44 53 197 0 
45 80 198 0 
46 82 115 0 
47 56 202 0 
48 62 89 0 
49 60 190 0 
50 60 159 0 
51 70 254 0 
52 39 119 0 
53 95 311 0 
54 30 16 0 
55 26 45 0 
56 64 114 0 
57 90 175 0 
58 97 268 0 
59 55 49 0 
60 52 90 0 
61 54 214 0 
62 26 92 0 
63 37 126 0 
64 94 368 0 
65 75 94 0 
66 45 104 0 
67 25 34 0 
68 88 229 0 
69 83 129 0 
70 62 85 0 
71 100 160 0 
72 72 214 0 
73 69 94 0 
74 31 118 0 
75 52 40 0 
76 80 173 0 
77 90 110 0 
78 43 46 0 
79 64 35 0 
80 54 188 0 
81 37 135 0 
82 73 181 0 
83 73 128 0 
84 75 100 0 
85 85 111 0 
86 57 185 0 
87 35 33 0 
88 84 82 0 
89 30 61 0 
90 57 48 0 
91 42 95 0 
92 78 252 0 
93 54 109 0 
94 65 111 0 
95 29 90 0 
96 31 50 0 
97 67 261 0 
98 22 16 0 
99 37 101 0 
