NAME GBP_INSTANCES\prob_1_B_4_0_2.txt
COMMENT
BINTYPES 5
ITEMS 500
BINS_SECTIONS
0 60 60 0 414 
1 80 80 0 310 
2 100 100 0 248 
3 120 120 0 207 
4 150 150 0 166 
ITEMS_SECTIONS
0 72 80 0 
1 15 19 0 
2 12 17 0 
3 67 230 0 
4 72 260 0 
5 35 51 0 
6 27 80 0 
7 50 150 0 
8 37 127 0 
9 41 97 0 
10 2 2 0 
11 12 24 0 
12 70 236 0 
13 29 85 0 
14 67 133 0 
15 37 43 0 
16 18 57 0 
17 92 368 0 
18 41 141 0 
19 83 138 0 
20 7 12 0 
21 72 272 0 
22 75 184 0 
23 38 145 0 
24 84 124 0 
25 76 57 0 
26 87 52 0 
27 93 215 0 
28 22 77 0 
29 95 55 0 
30 30 90 0 
31 50 151 0 
32 6 21 0 
33 15 33 0 
34 88 306 0 
35 91 145 0 
36 89 307 0 
37 40 159 0 
38 57 197 0 
39 75 251 0 
40 36 100 0 
41 26 61 0 
42 87 335 0 
43 54 182 0 
44 3 11 0 
45 56 186 0 
46 68 77 0 
47 82 50 0 
48 8 30 0 
49 33 52 0 
50 10 27 0 
51 27 44 0 
52 49 59 0 
53 36 97 0 
54 3 5 0 
55 18 59 0 
56 87 205 0 
57 19 72 0 
58 41 156 0 
59 92 212 0 
60 73 116 0 
61 82 239 0 
62 44 123 0 
63 37 126 0 
64 40 115 0 
65 14 16 0 
66 95 243 0 
67 86 119 0 
68 29 77 0 
69 16 21 0 
70 29 80 0 
71 95 99 0 
72 71 271 0 
73 21 70 0 
74 66 207 0 
75 41 130 0 
76 9 7 0 
77 19 12 0 
78 47 47 0 
79 57 202 0 
80 53 203 0 
81 80 150 0 
82 64 116 0 
83 72 213 0 
84 78 149 0 
85 21 59 0 
86 22 33 0 
87 52 120 0 
88 50 125 0 
89 72 181 0 
90 50 196 0 
91 5 17 0 
92 80 299 0 
93 16 23 0 
94 84 240 0 
95 69 103 0 
96 16 26 0 
97 50 35 0 
98 45 47 0 
99 29 87 0 
100 39 80 0 
101 22 40 0 
102 29 86 0 
103 81 312 0 
104 96 317 0 
105 24 57 0 
106 36 140 0 
107 2 3 0 
108 45 51 0 
109 73 200 0 
110 63 77 0 
111 19 74 0 
112 5 3 0 
113 68 154 0 
114 67 226 0 
115 78 276 0 
116 31 55 0 
117 54 123 0 
118 42 158 0 
119 67 41 0 
120 89 127 0 
121 77 211 0 
122 13 35 0 
123 92 100 0 
124 34 23 0 
125 70 166 0 
126 84 47 0 
127 11 36 0 
128 92 132 0 
129 49 163 0 
130 47 140 0 
131 59 126 0 
132 42 90 0 
133 54 189 0 
134 87 201 0 
135 15 51 0 
136 91 362 0 
137 19 15 0 
138 96 283 0 
139 27 63 0 
140 38 148 0 
141 10 15 0 
142 23 87 0 
143 40 79 0 
144 32 89 0 
145 13 40 0 
146 76 233 0 
147 63 53 0 
148 15 20 0 
149 97 331 0 
150 16 39 0 
151 96 382 0 
152 45 136 0 
153 59 133 0 
154 24 90 0 
155 75 87 0 
156 96 178 0 
157 52 201 0 
158 23 71 0 
159 37 25 0 
160 50 144 0 
161 20 48 0 
162 10 11 0 
163 74 205 0 
164 33 110 0 
165 40 82 0 
166 84 256 0 
167 83 289 0 
168 54 52 0 
169 71 133 0 
170 39 109 0 
171 68 139 0 
172 86 213 0 
173 53 187 0 
174 78 176 0 
175 98 366 0 
176 28 48 0 
177 15 59 0 
178 49 92 0 
179 4 7 0 
180 10 39 0 
181 47 35 0 
182 47 84 0 
183 85 156 0 
184 76 76 0 
185 28 26 0 
186 78 82 0 
187 33 119 0 
188 6 14 0 
189 4 3 0 
190 26 37 0 
191 31 55 0 
192 93 134 0 
193 55 141 0 
194 36 127 0 
195 30 31 0 
196 76 76 0 
197 42 146 0 
198 44 156 0 
199 86 44 0 
200 7 7 0 
201 35 26 0 
202 57 86 0 
203 34 47 0 
204 63 89 0 
205 63 60 0 
206 29 62 0 
207 83 50 0 
208 7 12 0 
209 58 64 0 
210 37 103 0 
211 36 98 0 
212 67 53 0 
213 33 92 0 
214 85 157 0 
215 86 258 0 
216 66 190 0 
217 75 221 0 
218 62 103 0 
219 5 18 0 
220 66 176 0 
221 100 238 0 
222 67 35 0 
223 86 64 0 
224 48 179 0 
225 32 72 0 
226 28 42 0 
227 44 54 0 
228 10 37 0 
229 58 92 0 
230 40 37 0 
231 32 44 0 
232 92 344 0 
233 44 163 0 
234 36 128 0 
235 91 175 0 
236 9 19 0 
237 32 114 0 
238 23 91 0 
239 92 363 0 
240 5 5 0 
241 15 45 0 
242 88 235 0 
243 56 211 0 
244 11 9 0 
245 19 73 0 
246 25 93 0 
247 62 46 0 
248 20 59 0 
249 82 164 0 
250 64 147 0 
251 88 200 0 
252 58 118 0 
253 54 144 0 
254 67 106 0 
255 7 14 0 
256 60 167 0 
257 13 52 0 
258 83 313 0 
259 91 331 0 
260 43 126 0 
261 20 71 0 
262 91 242 0 
263 38 61 0 
264 76 204 0 
265 20 56 0 
266 62 87 0 
267 71 225 0 
268 40 32 0 
269 88 288 0 
270 52 94 0 
271 32 75 0 
272 79 262 0 
273 37 107 0 
274 51 53 0 
275 20 58 0 
276 35 38 0 
277 5 7 0 
278 10 15 0 
279 85 273 0 
280 62 83 0 
281 10 32 0 
282 65 210 0 
283 41 47 0 
284 31 76 0 
285 10 36 0 
286 93 119 0 
287 3 5 0 
288 99 218 0 
289 42 44 0 
290 95 275 0 
291 7 19 0 
292 56 79 0 
293 93 106 0 
294 63 225 0 
295 30 60 0 
296 45 144 0 
297 67 174 0 
298 16 15 0 
299 58 111 0 
300 43 101 0 
301 93 105 0 
302 58 62 0 
303 21 19 0 
304 13 47 0 
305 63 140 0 
306 68 108 0 
307 42 48 0 
308 7 27 0 
309 23 54 0 
310 29 56 0 
311 37 79 0 
312 42 34 0 
313 6 18 0 
314 46 129 0 
315 81 117 0 
316 9 15 0 
317 46 129 0 
318 58 180 0 
319 95 178 0 
320 57 86 0 
321 53 54 0 
322 57 91 0 
323 85 290 0 
324 4 16 0 
325 79 255 0 
326 70 158 0 
327 45 121 0 
328 9 5 0 
329 75 182 0 
330 74 295 0 
331 2 6 0 
332 75 109 0 
333 45 145 0 
334 29 68 0 
335 82 284 0 
336 5 11 0 
337 18 43 0 
338 78 311 0 
339 96 158 0 
340 66 39 0 
341 42 81 0 
342 20 35 0 
343 9 32 0 
344 28 67 0 
345 100 205 0 
346 84 255 0 
347 84 272 0 
348 85 192 0 
349 76 200 0 
350 23 78 0 
351 18 54 0 
352 45 109 0 
353 58 96 0 
354 57 144 0 
355 80 225 0 
356 10 18 0 
357 13 39 0 
358 71 95 0 
359 29 69 0 
360 96 368 0 
361 17 21 0 
362 16 37 0 
363 6 16 0 
364 69 255 0 
365 72 160 0 
366 96 343 0 
367 55 82 0 
368 79 147 0 
369 6 16 0 
370 20 32 0 
371 18 50 0 
372 25 94 0 
373 63 244 0 
374 64 112 0 
375 99 64 0 
376 13 39 0 
377 10 9 0 
378 52 47 0 
379 86 324 0 
380 28 43 0 
381 49 98 0 
382 94 103 0 
383 7 5 0 
384 99 280 0 
385 58 194 0 
386 80 216 0 
387 6 12 0 
388 71 229 0 
389 62 91 0 
390 73 225 0 
391 37 35 0 
392 63 245 0 
393 50 180 0 
394 10 40 0 
395 36 20 0 
396 25 59 0 
397 43 61 0 
398 43 79 0 
399 80 182 0 
400 83 310 0 
401 20 74 0 
402 26 78 0 
403 96 113 0 
404 63 111 0 
405 23 30 0 
406 93 125 0 
407 20 70 0 
408 11 32 0 
409 34 92 0 
410 21 81 0 
411 83 46 0 
412 73 274 0 
413 48 125 0 
414 29 93 0 
415 15 14 0 
416 76 135 0 
417 36 139 0 
418 9 26 0 
419 33 25 0 
420 57 98 0 
421 32 58 0 
422 30 108 0 
423 32 53 0 
424 82 278 0 
425 18 59 0 
426 26 85 0 
427 19 28 0 
428 19 27 0 
429 55 209 0 
430 95 229 0 
431 16 23 0 
432 83 322 0 
433 35 106 0 
434 27 83 0 
435 86 71 0 
436 38 100 0 
437 92 338 0 
438 84 46 0 
439 89 334 0 
440 56 196 0 
441 58 230 0 
442 58 48 0 
443 29 49 0 
444 33 67 0 
445 88 192 0 
446 27 57 0 
447 98 279 0 
448 54 50 0 
449 60 124 0 
450 21 74 0 
451 94 281 0 
452 8 30 0 
453 59 54 0 
454 42 113 0 
455 88 336 0 
456 50 62 0 
457 46 29 0 
458 30 21 0 
459 36 102 0 
460 95 61 0 
461 43 78 0 
462 31 79 0 
463 22 29 0 
464 69 245 0 
465 13 45 0 
466 51 60 0 
467 98 68 0 
468 74 247 0 
469 76 98 0 
470 60 212 0 
471 36 89 0 
472 7 5 0 
473 50 66 0 
474 27 107 0 
475 37 122 0 
476 87 125 0 
477 22 56 0 
478 35 38 0 
479 28 61 0 
480 33 78 0 
481 83 326 0 
482 93 334 0 
483 81 272 0 
484 37 22 0 
485 17 39 0 
486 57 55 0 
487 89 157 0 
488 84 284 0 
489 46 94 0 
490 85 298 0 
491 34 91 0 
492 73 275 0 
493 74 71 0 
494 69 57 0 
495 74 136 0 
496 53 177 0 
497 95 306 0 
498 22 14 0 
499 5 13 0 
