NAME GBP_INSTANCES\prob_1_A_3_5_2.txt
COMMENT
BINTYPES 3
ITEMS 200
BINS_SECTIONS
0 100 100 0 99 
1 120 120 0 83 
2 150 150 0 66 
ITEMS_SECTIONS
0 73 253 0 
1 74 296 0 
2 67 213 0 
3 43 160 0 
4 75 271 0 
5 81 318 0 
6 52 186 0 
7 94 203 0 
8 84 233 0 
9 23 30 0 
10 43 46 0 
11 7 6 0 
12 87 324 0 
13 31 53 0 
14 64 122 0 
15 83 263 0 
16 7 8 0 
17 52 194 0 
18 90 300 0 
19 3 11 0 
20 84 228 0 
21 79 41 0 
22 12 25 0 
23 64 216 0 
24 20 26 0 
25 95 369 0 
26 93 136 0 
27 88 350 0 
28 9 15 0 
29 36 137 0 
30 34 104 0 
31 46 121 0 
32 84 255 0 
33 26 52 0 
34 9 30 0 
35 49 44 0 
36 8 17 0 
37 13 25 0 
38 17 68 0 
39 92 335 0 
40 88 229 0 
41 39 90 0 
42 89 188 0 
43 82 105 0 
44 17 46 0 
45 78 148 0 
46 13 20 0 
47 23 53 0 
48 64 256 0 
49 80 171 0 
50 96 174 0 
51 17 36 0 
52 31 51 0 
53 49 93 0 
54 48 167 0 
55 45 59 0 
56 15 16 0 
57 2 8 0 
58 99 87 0 
59 69 172 0 
60 65 193 0 
61 20 24 0 
62 15 37 0 
63 40 132 0 
64 9 26 0 
65 60 39 0 
66 61 32 0 
67 41 131 0 
68 96 205 0 
69 27 22 0 
70 48 119 0 
71 66 167 0 
72 73 228 0 
73 58 98 0 
74 18 44 0 
75 45 137 0 
76 5 15 0 
77 58 74 0 
78 3 4 0 
79 19 35 0 
80 73 170 0 
81 9 30 0 
82 34 133 0 
83 85 184 0 
84 85 295 0 
85 89 234 0 
86 2 2 0 
87 16 22 0 
88 75 125 0 
89 52 207 0 
90 59 81 0 
91 56 88 0 
92 68 268 0 
93 67 263 0 
94 81 65 0 
95 21 25 0 
96 97 381 0 
97 2 5 0 
98 57 74 0 
99 90 204 0 
100 7 5 0 
101 25 90 0 
102 26 38 0 
103 12 17 0 
104 55 189 0 
105 29 50 0 
106 40 155 0 
107 40 128 0 
108 63 67 0 
109 36 74 0 
110 79 211 0 
111 79 260 0 
112 86 130 0 
113 88 263 0 
114 72 131 0 
115 98 86 0 
116 83 170 0 
117 5 9 0 
118 59 230 0 
119 64 82 0 
120 63 95 0 
121 76 175 0 
122 72 64 0 
123 58 135 0 
124 53 33 0 
125 100 304 0 
126 41 155 0 
127 39 64 0 
128 2 6 0 
129 29 67 0 
130 4 9 0 
131 3 3 0 
132 45 153 0 
133 18 58 0 
134 47 114 0 
135 14 56 0 
136 46 146 0 
137 59 55 0 
138 44 36 0 
139 41 68 0 
140 51 123 0 
141 87 87 0 
142 10 32 0 
143 93 100 0 
144 50 98 0 
145 30 105 0 
146 51 29 0 
147 77 133 0 
148 8 23 0 
149 12 7 0 
150 30 75 0 
151 66 126 0 
152 40 68 0 
153 61 43 0 
154 12 44 0 
155 19 43 0 
156 2 5 0 
157 48 126 0 
158 20 75 0 
159 26 16 0 
160 68 115 0 
161 83 159 0 
162 76 77 0 
163 19 10 0 
164 68 80 0 
165 26 27 0 
166 33 74 0 
167 37 79 0 
168 54 59 0 
169 18 10 0 
170 86 245 0 
171 62 217 0 
172 73 206 0 
173 96 157 0 
174 81 208 0 
175 38 140 0 
176 12 35 0 
177 4 7 0 
178 85 312 0 
179 81 216 0 
180 87 256 0 
181 33 80 0 
182 47 92 0 
183 79 233 0 
184 62 82 0 
185 56 103 0 
186 20 77 0 
187 18 39 0 
188 42 31 0 
189 49 47 0 
190 68 153 0 
191 98 57 0 
192 42 111 0 
193 65 101 0 
194 25 96 0 
195 14 33 0 
196 79 146 0 
197 76 219 0 
198 25 36 0 
199 32 54 0 
