NAME GBP_INSTANCES\prob_2_B_4_1_2.txt
COMMENT
BINTYPES 5
ITEMS 500
BINS_SECTIONS
0 60 60 0 514 
1 80 80 0 386 
2 100 100 0 309 
3 120 120 0 257 
4 150 150 0 206 
ITEMS_SECTIONS
0 83 70 0 
1 53 62 0 
2 23 24 0 
3 64 164 0 
4 90 278 0 
5 67 150 0 
6 71 42 0 
7 66 219 0 
8 76 199 0 
9 24 93 0 
10 53 164 0 
11 80 48 0 
12 59 73 0 
13 48 158 0 
14 33 66 0 
15 25 46 0 
16 77 76 0 
17 21 50 0 
18 63 223 0 
19 59 53 0 
20 54 56 0 
21 41 147 0 
22 46 176 0 
23 90 307 0 
24 83 201 0 
25 31 34 0 
26 91 89 0 
27 90 313 0 
28 79 237 0 
29 65 75 0 
30 52 145 0 
31 99 66 0 
32 88 72 0 
33 34 86 0 
34 78 203 0 
35 46 180 0 
36 35 35 0 
37 37 21 0 
38 53 149 0 
39 37 89 0 
40 54 215 0 
41 46 99 0 
42 94 372 0 
43 37 71 0 
44 84 228 0 
45 73 40 0 
46 45 24 0 
47 69 140 0 
48 39 127 0 
49 28 34 0 
50 66 238 0 
51 22 25 0 
52 50 31 0 
53 90 323 0 
54 21 16 0 
55 40 100 0 
56 67 37 0 
57 66 127 0 
58 62 229 0 
59 85 321 0 
60 90 288 0 
61 80 148 0 
62 57 226 0 
63 56 122 0 
64 78 145 0 
65 23 29 0 
66 85 235 0 
67 26 104 0 
68 75 232 0 
69 24 41 0 
70 52 68 0 
71 40 98 0 
72 99 307 0 
73 23 17 0 
74 91 284 0 
75 96 216 0 
76 76 108 0 
77 59 112 0 
78 29 18 0 
79 50 121 0 
80 90 280 0 
81 75 210 0 
82 83 318 0 
83 88 168 0 
84 44 37 0 
85 49 61 0 
86 98 217 0 
87 60 113 0 
88 99 96 0 
89 60 37 0 
90 37 143 0 
91 58 131 0 
92 45 91 0 
93 59 67 0 
94 100 278 0 
95 94 182 0 
96 86 230 0 
97 61 214 0 
98 49 37 0 
99 25 91 0 
100 73 232 0 
101 63 166 0 
102 28 99 0 
103 71 262 0 
104 58 39 0 
105 81 84 0 
106 77 177 0 
107 39 144 0 
108 22 23 0 
109 78 241 0 
110 46 101 0 
111 76 183 0 
112 34 85 0 
113 35 85 0 
114 79 254 0 
115 23 12 0 
116 50 52 0 
117 89 327 0 
118 98 88 0 
119 27 62 0 
120 78 272 0 
121 96 115 0 
122 48 57 0 
123 55 152 0 
124 40 42 0 
125 89 160 0 
126 62 52 0 
127 83 172 0 
128 86 206 0 
129 96 79 0 
130 51 37 0 
131 34 132 0 
132 29 30 0 
133 59 195 0 
134 61 116 0 
135 51 30 0 
136 39 109 0 
137 96 83 0 
138 85 326 0 
139 99 224 0 
140 50 160 0 
141 71 278 0 
142 36 87 0 
143 22 72 0 
144 90 89 0 
145 93 328 0 
146 93 324 0 
147 40 144 0 
148 57 69 0 
149 89 46 0 
150 37 144 0 
151 68 213 0 
152 76 279 0 
153 81 130 0 
154 45 73 0 
155 92 299 0 
156 71 191 0 
157 43 169 0 
158 99 246 0 
159 61 140 0 
160 64 159 0 
161 63 115 0 
162 92 288 0 
163 88 274 0 
164 83 59 0 
165 23 50 0 
166 26 42 0 
167 72 155 0 
168 84 153 0 
169 90 61 0 
170 63 115 0 
171 74 107 0 
172 22 59 0 
173 88 164 0 
174 54 168 0 
175 90 68 0 
176 97 138 0 
177 95 254 0 
178 84 149 0 
179 78 233 0 
180 32 89 0 
181 32 33 0 
182 53 141 0 
183 78 140 0 
184 28 47 0 
185 72 151 0 
186 56 57 0 
187 71 150 0 
188 29 78 0 
189 65 86 0 
190 86 58 0 
191 75 46 0 
192 28 46 0 
193 45 23 0 
194 87 272 0 
195 33 59 0 
196 31 79 0 
197 75 195 0 
198 80 160 0 
199 71 93 0 
200 94 111 0 
201 74 58 0 
202 38 79 0 
203 50 184 0 
204 98 262 0 
205 43 171 0 
206 34 121 0 
207 88 304 0 
208 70 212 0 
209 41 127 0 
210 88 265 0 
211 47 112 0 
212 82 135 0 
213 93 306 0 
214 77 80 0 
215 38 80 0 
216 42 103 0 
217 33 99 0 
218 25 52 0 
219 22 16 0 
220 23 24 0 
221 85 107 0 
222 97 144 0 
223 97 79 0 
224 83 75 0 
225 34 57 0 
226 33 103 0 
227 79 297 0 
228 47 54 0 
229 41 119 0 
230 92 240 0 
231 74 121 0 
232 69 82 0 
233 45 155 0 
234 32 96 0 
235 80 193 0 
236 96 380 0 
237 41 79 0 
238 27 48 0 
239 75 123 0 
240 42 95 0 
241 73 71 0 
242 58 131 0 
243 61 41 0 
244 47 111 0 
245 72 128 0 
246 80 188 0 
247 96 360 0 
248 85 327 0 
249 75 274 0 
250 56 157 0 
251 23 84 0 
252 60 179 0 
253 59 96 0 
254 79 275 0 
255 30 35 0 
256 29 66 0 
257 88 228 0 
258 80 320 0 
259 87 306 0 
260 42 144 0 
261 94 87 0 
262 53 202 0 
263 32 92 0 
264 22 39 0 
265 68 156 0 
266 69 147 0 
267 27 79 0 
268 53 79 0 
269 52 103 0 
270 41 82 0 
271 35 104 0 
272 62 180 0 
273 84 246 0 
274 25 22 0 
275 44 90 0 
276 68 103 0 
277 36 28 0 
278 70 188 0 
279 89 245 0 
280 63 37 0 
281 58 80 0 
282 89 349 0 
283 38 149 0 
284 45 53 0 
285 52 205 0 
286 22 34 0 
287 100 298 0 
288 85 223 0 
289 92 71 0 
290 58 131 0 
291 42 168 0 
292 64 59 0 
293 38 57 0 
294 68 83 0 
295 66 127 0 
296 69 36 0 
297 36 106 0 
298 87 134 0 
299 38 106 0 
300 61 85 0 
301 76 274 0 
302 43 29 0 
303 39 48 0 
304 39 127 0 
305 34 30 0 
306 96 298 0 
307 45 77 0 
308 23 71 0 
309 81 64 0 
310 92 157 0 
311 22 45 0 
312 56 56 0 
313 66 138 0 
314 60 155 0 
315 79 257 0 
316 99 268 0 
317 77 151 0 
318 29 100 0 
319 64 126 0 
320 89 125 0 
321 79 164 0 
322 35 21 0 
323 60 74 0 
324 60 221 0 
325 100 376 0 
326 43 120 0 
327 65 44 0 
328 100 362 0 
329 69 136 0 
330 21 62 0 
331 70 65 0 
332 31 120 0 
333 57 122 0 
334 36 51 0 
335 88 202 0 
336 57 130 0 
337 29 36 0 
338 59 40 0 
339 85 242 0 
340 86 255 0 
341 90 177 0 
342 70 145 0 
343 65 147 0 
344 86 258 0 
345 95 353 0 
346 66 262 0 
347 47 122 0 
348 82 322 0 
349 93 183 0 
350 83 70 0 
351 85 113 0 
352 53 205 0 
353 71 89 0 
354 74 283 0 
355 62 66 0 
356 34 30 0 
357 58 111 0 
358 79 164 0 
359 82 240 0 
360 23 81 0 
361 34 93 0 
362 47 24 0 
363 46 164 0 
364 91 172 0 
365 50 70 0 
366 62 194 0 
367 29 19 0 
368 61 65 0 
369 84 313 0 
370 95 139 0 
371 66 191 0 
372 91 151 0 
373 53 91 0 
374 44 87 0 
375 77 49 0 
376 29 115 0 
377 45 33 0 
378 39 131 0 
379 50 171 0 
380 70 163 0 
381 88 295 0 
382 44 144 0 
383 94 208 0 
384 91 88 0 
385 74 59 0 
386 78 121 0 
387 97 255 0 
388 47 148 0 
389 35 31 0 
390 75 122 0 
391 21 81 0 
392 85 240 0 
393 26 70 0 
394 95 184 0 
395 98 362 0 
396 27 49 0 
397 55 149 0 
398 38 98 0 
399 36 102 0 
400 90 167 0 
401 40 144 0 
402 67 148 0 
403 24 38 0 
404 86 238 0 
405 68 190 0 
406 91 298 0 
407 86 86 0 
408 100 249 0 
409 45 67 0 
410 69 36 0 
411 81 118 0 
412 39 145 0 
413 75 82 0 
414 50 148 0 
415 29 82 0 
416 90 267 0 
417 86 289 0 
418 26 76 0 
419 22 26 0 
420 57 30 0 
421 24 93 0 
422 48 92 0 
423 33 67 0 
424 68 220 0 
425 48 172 0 
426 94 204 0 
427 84 264 0 
428 81 73 0 
429 21 33 0 
430 81 82 0 
431 51 173 0 
432 41 134 0 
433 48 35 0 
434 71 60 0 
435 37 135 0 
436 100 165 0 
437 100 303 0 
438 88 205 0 
439 45 67 0 
440 51 169 0 
441 52 119 0 
442 84 210 0 
443 23 47 0 
444 99 340 0 
445 99 129 0 
446 34 57 0 
447 76 181 0 
448 38 137 0 
449 89 115 0 
450 56 93 0 
451 61 240 0 
452 81 171 0 
453 43 103 0 
454 52 159 0 
455 34 129 0 
456 94 370 0 
457 91 53 0 
458 51 147 0 
459 70 277 0 
460 75 76 0 
461 84 329 0 
462 24 91 0 
463 24 55 0 
464 71 79 0 
465 84 46 0 
466 45 106 0 
467 75 98 0 
468 57 51 0 
469 62 183 0 
470 27 85 0 
471 75 113 0 
472 52 119 0 
473 89 107 0 
474 89 78 0 
475 47 61 0 
476 21 52 0 
477 67 169 0 
478 49 98 0 
479 29 100 0 
480 97 71 0 
481 53 64 0 
482 61 222 0 
483 87 226 0 
484 32 25 0 
485 59 185 0 
486 98 73 0 
487 30 23 0 
488 61 127 0 
489 50 100 0 
490 49 27 0 
491 90 262 0 
492 46 180 0 
493 87 232 0 
494 59 143 0 
495 72 204 0 
496 31 29 0 
497 32 45 0 
498 80 252 0 
499 73 109 0 
