NAME GBP_INSTANCES\prob_2_B_1_5_2.txt
COMMENT
BINTYPES 5
ITEMS 50
BINS_SECTIONS
0 60 60 0 52 
1 80 80 0 39 
2 100 100 0 31 
3 120 120 0 26 
4 150 150 0 21 
ITEMS_SECTIONS
0 90 167 0 
1 86 84 0 
2 67 62 0 
3 71 238 0 
4 21 44 0 
5 61 152 0 
6 68 176 0 
7 82 271 0 
8 56 58 0 
9 85 184 0 
10 25 78 0 
11 57 199 0 
12 72 134 0 
13 23 67 0 
14 37 105 0 
15 62 87 0 
16 22 86 0 
17 70 275 0 
18 47 50 0 
19 47 185 0 
20 86 160 0 
21 83 284 0 
22 78 267 0 
23 99 388 0 
24 22 19 0 
25 91 200 0 
26 97 199 0 
27 51 85 0 
28 81 67 0 
29 58 70 0 
30 96 143 0 
31 40 86 0 
32 41 58 0 
33 62 148 0 
34 98 165 0 
35 33 54 0 
36 80 258 0 
37 38 77 0 
38 60 92 0 
39 70 280 0 
40 44 47 0 
41 67 114 0 
42 30 103 0 
43 60 159 0 
44 22 71 0 
45 34 52 0 
46 95 69 0 
47 67 189 0 
48 79 138 0 
49 62 187 0 
