NAME GBP_INSTANCES\prob_3_A_1_7_2.txt
COMMENT
BINTYPES 3
ITEMS 50
BINS_SECTIONS
0 100 100 0 37 
1 120 120 0 31 
2 150 150 0 25 
ITEMS_SECTIONS
0 82 91 0 
1 100 83 0 
2 89 248 0 
3 55 85 0 
4 81 187 0 
5 73 193 0 
6 91 181 0 
7 74 266 0 
8 78 210 0 
9 71 195 0 
10 54 75 0 
11 51 138 0 
12 58 154 0 
13 60 78 0 
14 64 159 0 
15 51 175 0 
16 61 180 0 
17 88 295 0 
18 65 160 0 
19 96 188 0 
20 54 150 0 
21 91 161 0 
22 59 102 0 
23 63 154 0 
24 60 216 0 
25 53 150 0 
26 78 309 0 
27 100 90 0 
28 66 226 0 
29 88 235 0 
30 71 107 0 
31 62 102 0 
32 83 114 0 
33 88 343 0 
34 91 79 0 
35 93 359 0 
36 78 133 0 
37 96 227 0 
38 62 145 0 
39 71 230 0 
40 64 48 0 
41 62 96 0 
42 71 221 0 
43 82 130 0 
44 52 88 0 
45 76 254 0 
46 64 78 0 
47 84 169 0 
48 60 129 0 
49 94 361 0 
