NAME GBP_INSTANCES\prob_2_B_0_7_2.txt
COMMENT
BINTYPES 5
ITEMS 25
BINS_SECTIONS
0 60 60 0 29 
1 80 80 0 22 
2 100 100 0 18 
3 120 120 0 15 
4 150 150 0 12 
ITEMS_SECTIONS
0 43 116 0 
1 32 117 0 
2 66 167 0 
3 87 255 0 
4 38 107 0 
5 94 202 0 
6 39 124 0 
7 98 138 0 
8 74 94 0 
9 86 277 0 
10 86 344 0 
11 88 194 0 
12 32 116 0 
13 63 167 0 
14 89 47 0 
15 73 126 0 
16 47 36 0 
17 66 35 0 
18 77 259 0 
19 48 59 0 
20 100 268 0 
21 55 156 0 
22 69 247 0 
23 61 210 0 
24 100 236 0 
