NAME GBP_INSTANCES\prob_2_A_1_4_2.txt
COMMENT
BINTYPES 3
ITEMS 50
BINS_SECTIONS
0 100 100 0 33 
1 120 120 0 27 
2 150 150 0 22 
ITEMS_SECTIONS
0 60 47 0 
1 50 111 0 
2 78 150 0 
3 78 159 0 
4 44 90 0 
5 82 255 0 
6 100 150 0 
7 69 123 0 
8 81 142 0 
9 89 258 0 
10 44 172 0 
11 92 60 0 
12 52 30 0 
13 39 139 0 
14 96 66 0 
15 45 65 0 
16 76 136 0 
17 38 33 0 
18 97 237 0 
19 100 181 0 
20 54 86 0 
21 72 165 0 
22 39 130 0 
23 34 115 0 
24 72 39 0 
25 87 274 0 
26 22 35 0 
27 42 109 0 
28 30 17 0 
29 35 132 0 
30 65 119 0 
31 85 237 0 
32 95 198 0 
33 72 208 0 
34 89 191 0 
35 23 69 0 
36 80 133 0 
37 57 96 0 
38 75 219 0 
39 51 192 0 
40 90 271 0 
41 59 206 0 
42 68 190 0 
43 99 131 0 
44 50 155 0 
45 60 61 0 
46 29 103 0 
47 29 84 0 
48 54 73 0 
49 82 58 0 
