NAME GBP_INSTANCES\prob_1_B_1_1_2.txt
COMMENT
BINTYPES 5
ITEMS 50
BINS_SECTIONS
0 60 60 0 43 
1 80 80 0 33 
2 100 100 0 26 
3 120 120 0 22 
4 150 150 0 18 
ITEMS_SECTIONS
0 82 209 0 
1 3 12 0 
2 88 218 0 
3 33 30 0 
4 15 28 0 
5 85 204 0 
6 27 51 0 
7 50 47 0 
8 43 131 0 
9 80 233 0 
10 95 309 0 
11 71 279 0 
12 98 306 0 
13 20 46 0 
14 69 238 0 
15 9 9 0 
16 34 18 0 
17 34 21 0 
18 55 101 0 
19 91 176 0 
20 77 219 0 
21 63 113 0 
22 62 79 0 
23 74 158 0 
24 15 23 0 
25 11 12 0 
26 64 129 0 
27 45 69 0 
28 14 14 0 
29 60 74 0 
30 19 22 0 
31 41 130 0 
32 10 6 0 
33 6 17 0 
34 77 284 0 
35 74 179 0 
36 84 178 0 
37 28 22 0 
38 39 44 0 
39 4 9 0 
40 50 38 0 
41 27 38 0 
42 89 162 0 
43 20 49 0 
44 65 245 0 
45 94 331 0 
46 84 305 0 
47 94 138 0 
48 9 25 0 
49 98 366 0 
