NAME GBP_INSTANCES\prob_3_A_4_2_2.txt
COMMENT
BINTYPES 3
ITEMS 500
BINS_SECTIONS
0 100 100 0 374 
1 120 120 0 312 
2 150 150 0 250 
ITEMS_SECTIONS
0 86 305 0 
1 53 79 0 
2 98 127 0 
3 52 106 0 
4 79 98 0 
5 51 51 0 
6 74 187 0 
7 51 48 0 
8 60 64 0 
9 86 197 0 
10 81 247 0 
11 61 151 0 
12 72 220 0 
13 92 335 0 
14 68 150 0 
15 59 130 0 
16 82 51 0 
17 70 270 0 
18 86 139 0 
19 86 67 0 
20 64 171 0 
21 64 107 0 
22 54 59 0 
23 66 196 0 
24 51 154 0 
25 55 36 0 
26 86 291 0 
27 64 171 0 
28 94 271 0 
29 66 48 0 
30 55 124 0 
31 65 129 0 
32 99 204 0 
33 85 131 0 
34 99 99 0 
35 96 196 0 
36 66 54 0 
37 60 208 0 
38 75 220 0 
39 83 64 0 
40 55 184 0 
41 64 92 0 
42 93 74 0 
43 57 110 0 
44 87 316 0 
45 64 191 0 
46 100 88 0 
47 54 209 0 
48 51 105 0 
49 85 120 0 
50 88 289 0 
51 78 117 0 
52 97 285 0 
53 71 240 0 
54 98 378 0 
55 58 209 0 
56 76 232 0 
57 77 193 0 
58 99 239 0 
59 89 280 0 
60 86 150 0 
61 81 317 0 
62 55 214 0 
63 72 143 0 
64 72 206 0 
65 74 170 0 
66 70 145 0 
67 89 191 0 
68 69 165 0 
69 100 180 0 
70 62 132 0 
71 100 230 0 
72 68 202 0 
73 53 212 0 
74 61 225 0 
75 78 225 0 
76 92 152 0 
77 66 264 0 
78 92 246 0 
79 69 91 0 
80 68 238 0 
81 87 114 0 
82 69 221 0 
83 61 171 0 
84 87 276 0 
85 85 297 0 
86 73 227 0 
87 86 162 0 
88 74 105 0 
89 71 75 0 
90 96 337 0 
91 75 278 0 
92 71 277 0 
93 91 139 0 
94 52 104 0 
95 75 58 0 
96 56 90 0 
97 63 65 0 
98 62 221 0 
99 72 186 0 
100 89 232 0 
101 73 286 0 
102 53 90 0 
103 77 39 0 
104 70 100 0 
105 97 83 0 
106 64 255 0 
107 87 262 0 
108 97 308 0 
109 69 167 0 
110 83 232 0 
111 66 116 0 
112 60 134 0 
113 60 165 0 
114 72 244 0 
115 61 79 0 
116 95 204 0 
117 84 163 0 
118 77 223 0 
119 93 277 0 
120 62 199 0 
121 98 212 0 
122 74 209 0 
123 93 182 0 
124 96 326 0 
125 71 118 0 
126 88 260 0 
127 84 168 0 
128 51 192 0 
129 76 49 0 
130 62 60 0 
131 52 42 0 
132 98 111 0 
133 84 213 0 
134 74 158 0 
135 76 300 0 
136 77 116 0 
137 70 208 0 
138 66 135 0 
139 65 141 0 
140 89 61 0 
141 99 259 0 
142 70 200 0 
143 53 137 0 
144 99 59 0 
145 67 118 0 
146 77 268 0 
147 68 245 0 
148 57 176 0 
149 51 120 0 
150 66 157 0 
151 64 180 0 
152 59 109 0 
153 96 170 0 
154 65 38 0 
155 83 132 0 
156 84 69 0 
157 99 315 0 
158 69 109 0 
159 51 38 0 
160 56 190 0 
161 66 72 0 
162 91 312 0 
163 54 128 0 
164 92 75 0 
165 96 272 0 
166 63 180 0 
167 54 165 0 
168 57 69 0 
169 76 59 0 
170 67 108 0 
171 59 143 0 
172 75 52 0 
173 87 329 0 
174 63 234 0 
175 77 73 0 
176 58 72 0 
177 100 306 0 
178 99 117 0 
179 90 213 0 
180 79 242 0 
181 76 98 0 
182 59 82 0 
183 77 121 0 
184 79 188 0 
185 85 247 0 
186 88 138 0 
187 51 158 0 
188 79 230 0 
189 59 216 0 
190 59 185 0 
191 70 137 0 
192 65 247 0 
193 64 187 0 
194 60 149 0 
195 68 108 0 
196 92 220 0 
197 73 42 0 
198 71 280 0 
199 60 231 0 
200 75 64 0 
201 99 268 0 
202 54 155 0 
203 84 330 0 
204 87 102 0 
205 68 49 0 
206 84 240 0 
207 78 148 0 
208 58 41 0 
209 82 105 0 
210 91 209 0 
211 53 43 0 
212 95 124 0 
213 51 200 0 
214 86 148 0 
215 51 28 0 
216 87 281 0 
217 61 222 0 
218 97 382 0 
219 69 162 0 
220 51 129 0 
221 89 137 0 
222 83 98 0 
223 77 229 0 
224 76 79 0 
225 82 80 0 
226 62 222 0 
227 55 198 0 
228 90 292 0 
229 86 187 0 
230 56 88 0 
231 84 115 0 
232 93 123 0 
233 51 151 0 
234 98 74 0 
235 71 106 0 
236 81 163 0 
237 84 331 0 
238 62 35 0 
239 90 81 0 
240 68 198 0 
241 63 75 0 
242 89 230 0 
243 98 133 0 
244 58 84 0 
245 75 57 0 
246 87 158 0 
247 98 71 0 
248 96 280 0 
249 54 95 0 
250 82 246 0 
251 79 99 0 
252 91 332 0 
253 81 176 0 
254 79 230 0 
255 52 192 0 
256 81 271 0 
257 63 239 0 
258 77 71 0 
259 89 171 0 
260 53 115 0 
261 61 137 0 
262 89 265 0 
263 58 134 0 
264 73 54 0 
265 77 198 0 
266 59 227 0 
267 71 87 0 
268 86 140 0 
269 80 46 0 
270 91 273 0 
271 85 117 0 
272 56 138 0 
273 77 125 0 
274 67 78 0 
275 86 68 0 
276 98 266 0 
277 99 223 0 
278 63 138 0 
279 72 271 0 
280 66 232 0 
281 71 205 0 
282 70 234 0 
283 87 164 0 
284 64 59 0 
285 82 161 0 
286 96 89 0 
287 64 57 0 
288 71 136 0 
289 78 148 0 
290 73 71 0 
291 65 178 0 
292 72 191 0 
293 76 218 0 
294 52 78 0 
295 59 186 0 
296 77 211 0 
297 97 308 0 
298 79 231 0 
299 98 151 0 
300 54 191 0 
301 54 114 0 
302 75 181 0 
303 82 269 0 
304 87 65 0 
305 84 258 0 
306 84 169 0 
307 92 262 0 
308 65 226 0 
309 80 85 0 
310 78 173 0 
311 70 37 0 
312 58 87 0 
313 99 340 0 
314 72 44 0 
315 70 260 0 
316 60 54 0 
317 96 71 0 
318 90 330 0 
319 76 153 0 
320 88 227 0 
321 78 244 0 
322 51 153 0 
323 91 322 0 
324 60 76 0 
325 68 36 0 
326 89 93 0 
327 53 208 0 
328 61 142 0 
329 66 57 0 
330 90 303 0 
331 87 115 0 
332 60 229 0 
333 62 205 0 
334 76 216 0 
335 90 110 0 
336 77 85 0 
337 75 133 0 
338 86 317 0 
339 62 46 0 
340 86 286 0 
341 82 300 0 
342 53 146 0 
343 78 184 0 
344 78 96 0 
345 56 108 0 
346 86 135 0 
347 68 50 0 
348 92 132 0 
349 78 206 0 
350 83 59 0 
351 95 113 0 
352 70 237 0 
353 93 192 0 
354 100 379 0 
355 97 283 0 
356 54 43 0 
357 74 223 0 
358 52 132 0 
359 100 321 0 
360 85 211 0 
361 64 177 0 
362 58 156 0 
363 88 244 0 
364 54 41 0 
365 62 203 0 
366 71 210 0 
367 59 42 0 
368 89 320 0 
369 71 76 0 
370 54 180 0 
371 56 217 0 
372 58 105 0 
373 69 108 0 
374 73 54 0 
375 79 173 0 
376 84 307 0 
377 89 139 0 
378 97 267 0 
379 92 118 0 
380 94 258 0 
381 90 106 0 
382 54 149 0 
383 66 228 0 
384 55 111 0 
385 85 274 0 
386 94 85 0 
387 77 192 0 
388 64 53 0 
389 89 204 0 
390 56 212 0 
391 51 138 0 
392 52 84 0 
393 53 144 0 
394 83 43 0 
395 69 141 0 
396 58 222 0 
397 68 152 0 
398 95 164 0 
399 83 263 0 
400 83 219 0 
401 71 89 0 
402 54 144 0 
403 53 190 0 
404 55 68 0 
405 64 160 0 
406 84 249 0 
407 94 365 0 
408 80 219 0 
409 73 84 0 
410 74 43 0 
411 67 39 0 
412 77 242 0 
413 99 141 0 
414 96 212 0 
415 80 88 0 
416 77 95 0 
417 93 196 0 
418 93 211 0 
419 93 236 0 
420 75 291 0 
421 61 115 0 
422 77 42 0 
423 100 241 0 
424 68 117 0 
425 75 48 0 
426 54 208 0 
427 64 172 0 
428 68 257 0 
429 100 230 0 
430 96 99 0 
431 98 161 0 
432 70 225 0 
433 57 93 0 
434 91 99 0 
435 97 373 0 
436 71 174 0 
437 92 101 0 
438 91 362 0 
439 89 51 0 
440 69 117 0 
441 66 228 0 
442 74 93 0 
443 87 317 0 
444 72 98 0 
445 74 219 0 
446 61 207 0 
447 68 39 0 
448 71 99 0 
449 87 335 0 
450 94 203 0 
451 73 161 0 
452 93 63 0 
453 93 199 0 
454 52 112 0 
455 83 103 0 
456 84 60 0 
457 51 196 0 
458 96 322 0 
459 77 147 0 
460 53 29 0 
461 79 174 0 
462 81 181 0 
463 81 287 0 
464 58 101 0 
465 88 54 0 
466 53 63 0 
467 53 172 0 
468 77 166 0 
469 85 172 0 
470 61 88 0 
471 70 125 0 
472 54 184 0 
473 53 130 0 
474 87 210 0 
475 63 194 0 
476 87 105 0 
477 93 273 0 
478 62 56 0 
479 54 127 0 
480 70 111 0 
481 67 106 0 
482 77 248 0 
483 65 90 0 
484 99 382 0 
485 94 250 0 
486 78 58 0 
487 78 118 0 
488 52 70 0 
489 81 310 0 
490 66 126 0 
491 76 76 0 
492 57 87 0 
493 85 83 0 
494 70 87 0 
495 52 194 0 
496 53 161 0 
497 53 95 0 
498 66 231 0 
499 100 90 0 
