NAME GBP_INSTANCES\prob_3_A_4_4_2.txt
COMMENT
BINTYPES 3
ITEMS 500
BINS_SECTIONS
0 100 100 0 377 
1 120 120 0 314 
2 150 150 0 251 
ITEMS_SECTIONS
0 80 103 0 
1 62 49 0 
2 83 331 0 
3 95 86 0 
4 92 219 0 
5 100 191 0 
6 60 45 0 
7 58 141 0 
8 52 117 0 
9 53 122 0 
10 71 74 0 
11 83 85 0 
12 93 215 0 
13 97 106 0 
14 78 302 0 
15 96 319 0 
16 86 300 0 
17 69 89 0 
18 68 260 0 
19 67 209 0 
20 54 91 0 
21 69 226 0 
22 93 138 0 
23 94 287 0 
24 62 206 0 
25 51 76 0 
26 67 229 0 
27 55 49 0 
28 70 39 0 
29 53 95 0 
30 64 114 0 
31 96 291 0 
32 90 225 0 
33 94 321 0 
34 73 86 0 
35 83 191 0 
36 78 295 0 
37 52 136 0 
38 54 135 0 
39 64 130 0 
40 93 370 0 
41 94 305 0 
42 82 110 0 
43 56 133 0 
44 69 87 0 
45 67 51 0 
46 59 41 0 
47 88 82 0 
48 80 113 0 
49 77 250 0 
50 98 221 0 
51 85 297 0 
52 80 239 0 
53 63 164 0 
54 71 49 0 
55 70 270 0 
56 69 150 0 
57 92 165 0 
58 92 151 0 
59 65 55 0 
60 92 288 0 
61 90 255 0 
62 87 314 0 
63 70 166 0 
64 100 215 0 
65 70 83 0 
66 64 148 0 
67 94 69 0 
68 61 42 0 
69 82 42 0 
70 62 248 0 
71 82 136 0 
72 95 167 0 
73 54 108 0 
74 90 321 0 
75 98 317 0 
76 98 323 0 
77 73 253 0 
78 54 176 0 
79 67 232 0 
80 52 206 0 
81 52 111 0 
82 63 126 0 
83 79 183 0 
84 95 211 0 
85 75 144 0 
86 69 48 0 
87 63 184 0 
88 51 139 0 
89 51 112 0 
90 86 230 0 
91 81 134 0 
92 91 205 0 
93 86 266 0 
94 91 127 0 
95 56 145 0 
96 82 133 0 
97 54 75 0 
98 98 273 0 
99 76 90 0 
100 80 251 0 
101 59 110 0 
102 61 85 0 
103 82 193 0 
104 85 240 0 
105 87 307 0 
106 100 161 0 
107 65 86 0 
108 69 217 0 
109 89 268 0 
110 99 177 0 
111 83 225 0 
112 75 177 0 
113 73 147 0 
114 76 138 0 
115 54 209 0 
116 74 69 0 
117 75 112 0 
118 70 140 0 
119 90 169 0 
120 59 114 0 
121 70 237 0 
122 51 39 0 
123 95 130 0 
124 65 192 0 
125 95 113 0 
126 92 184 0 
127 78 130 0 
128 54 105 0 
129 91 214 0 
130 53 112 0 
131 91 94 0 
132 96 203 0 
133 53 180 0 
134 89 318 0 
135 80 166 0 
136 90 311 0 
137 77 135 0 
138 57 126 0 
139 80 258 0 
140 92 183 0 
141 94 339 0 
142 90 194 0 
143 79 175 0 
144 67 123 0 
145 99 346 0 
146 81 97 0 
147 82 74 0 
148 65 213 0 
149 86 233 0 
150 66 214 0 
151 62 183 0 
152 94 173 0 
153 74 172 0 
154 73 121 0 
155 63 238 0 
156 87 287 0 
157 71 114 0 
158 66 163 0 
159 98 224 0 
160 84 268 0 
161 56 33 0 
162 95 63 0 
163 69 140 0 
164 95 142 0 
165 91 218 0 
166 95 276 0 
167 80 147 0 
168 83 201 0 
169 86 102 0 
170 91 86 0 
171 85 74 0 
172 52 182 0 
173 73 240 0 
174 86 106 0 
175 91 355 0 
176 94 280 0 
177 69 225 0 
178 62 59 0 
179 51 122 0 
180 90 195 0 
181 87 297 0 
182 63 56 0 
183 81 72 0 
184 53 66 0 
185 65 48 0 
186 75 124 0 
187 59 235 0 
188 53 127 0 
189 77 306 0 
190 53 193 0 
191 74 111 0 
192 90 277 0 
193 52 93 0 
194 73 166 0 
195 59 126 0 
196 85 312 0 
197 55 130 0 
198 89 289 0 
199 82 72 0 
200 85 164 0 
201 57 148 0 
202 66 63 0 
203 87 146 0 
204 58 41 0 
205 63 163 0 
206 54 164 0 
207 95 63 0 
208 73 59 0 
209 52 32 0 
210 86 193 0 
211 68 271 0 
212 94 199 0 
213 62 247 0 
214 74 203 0 
215 90 119 0 
216 83 261 0 
217 75 257 0 
218 66 141 0 
219 77 242 0 
220 84 317 0 
221 78 103 0 
222 100 148 0 
223 53 86 0 
224 86 322 0 
225 63 171 0 
226 73 282 0 
227 74 197 0 
228 98 304 0 
229 78 259 0 
230 90 321 0 
231 74 293 0 
232 69 147 0 
233 62 215 0 
234 86 240 0 
235 62 145 0 
236 90 197 0 
237 58 151 0 
238 74 54 0 
239 62 114 0 
240 67 130 0 
241 97 223 0 
242 59 182 0 
243 56 123 0 
244 95 111 0 
245 98 111 0 
246 76 210 0 
247 77 193 0 
248 79 175 0 
249 66 113 0 
250 89 275 0 
251 73 264 0 
252 72 173 0 
253 94 331 0 
254 69 173 0 
255 76 127 0 
256 86 288 0 
257 52 68 0 
258 69 92 0 
259 97 287 0 
260 89 302 0 
261 53 181 0 
262 80 259 0 
263 90 150 0 
264 54 78 0 
265 53 175 0 
266 86 46 0 
267 52 154 0 
268 54 74 0 
269 55 58 0 
270 86 182 0 
271 53 80 0 
272 90 346 0 
273 81 149 0 
274 70 215 0 
275 54 80 0 
276 87 336 0 
277 88 347 0 
278 55 213 0 
279 69 234 0 
280 84 51 0 
281 79 177 0 
282 76 107 0 
283 75 183 0 
284 85 244 0 
285 51 112 0 
286 79 47 0 
287 77 172 0 
288 100 75 0 
289 61 124 0 
290 67 116 0 
291 76 140 0 
292 88 90 0 
293 74 93 0 
294 51 36 0 
295 54 47 0 
296 56 188 0 
297 61 60 0 
298 91 238 0 
299 67 136 0 
300 79 131 0 
301 57 93 0 
302 92 103 0 
303 73 162 0 
304 52 68 0 
305 62 44 0 
306 95 317 0 
307 72 215 0 
308 83 263 0 
309 80 50 0 
310 60 224 0 
311 87 97 0 
312 91 253 0 
313 88 318 0 
314 92 142 0 
315 75 232 0 
316 62 136 0 
317 78 40 0 
318 62 231 0 
319 80 246 0 
320 91 302 0 
321 64 201 0 
322 63 234 0 
323 79 144 0 
324 95 117 0 
325 91 242 0 
326 58 224 0 
327 83 55 0 
328 93 360 0 
329 98 63 0 
330 60 34 0 
331 84 92 0 
332 65 153 0 
333 71 170 0 
334 55 117 0 
335 66 62 0 
336 63 33 0 
337 78 171 0 
338 97 193 0 
339 83 132 0 
340 74 285 0 
341 75 129 0 
342 100 345 0 
343 95 167 0 
344 89 271 0 
345 91 195 0 
346 91 350 0 
347 84 221 0 
348 66 254 0 
349 61 168 0 
350 62 93 0 
351 52 187 0 
352 65 62 0 
353 62 100 0 
354 86 286 0 
355 88 120 0 
356 88 314 0 
357 57 141 0 
358 63 204 0 
359 86 172 0 
360 78 308 0 
361 54 184 0 
362 88 343 0 
363 96 209 0 
364 88 287 0 
365 59 205 0 
366 96 233 0 
367 73 213 0 
368 81 195 0 
369 95 252 0 
370 74 143 0 
371 81 323 0 
372 71 40 0 
373 81 231 0 
374 93 83 0 
375 97 320 0 
376 67 234 0 
377 71 41 0 
378 59 157 0 
379 80 216 0 
380 86 68 0 
381 87 148 0 
382 82 217 0 
383 53 66 0 
384 81 96 0 
385 89 224 0 
386 53 47 0 
387 54 202 0 
388 64 64 0 
389 83 55 0 
390 93 135 0 
391 64 41 0 
392 74 136 0 
393 51 166 0 
394 57 163 0 
395 64 214 0 
396 97 344 0 
397 88 219 0 
398 51 103 0 
399 72 241 0 
400 62 241 0 
401 61 131 0 
402 59 193 0 
403 73 113 0 
404 61 94 0 
405 59 130 0 
406 71 51 0 
407 90 236 0 
408 63 155 0 
409 88 297 0 
410 73 107 0 
411 57 73 0 
412 81 248 0 
413 51 117 0 
414 87 287 0 
415 84 161 0 
416 93 156 0 
417 54 143 0 
418 65 251 0 
419 95 180 0 
420 98 173 0 
421 83 96 0 
422 83 260 0 
423 61 175 0 
424 94 304 0 
425 88 244 0 
426 83 87 0 
427 68 181 0 
428 65 180 0 
429 78 261 0 
430 65 64 0 
431 87 266 0 
432 60 63 0 
433 52 70 0 
434 73 271 0 
435 87 73 0 
436 52 129 0 
437 75 225 0 
438 76 135 0 
439 65 105 0 
440 62 146 0 
441 82 299 0 
442 91 54 0 
443 77 97 0 
444 86 251 0 
445 52 38 0 
446 52 205 0 
447 90 251 0 
448 57 134 0 
449 100 361 0 
450 60 69 0 
451 95 350 0 
452 84 96 0 
453 74 274 0 
454 81 139 0 
455 63 247 0 
456 96 270 0 
457 96 246 0 
458 70 172 0 
459 52 70 0 
460 86 221 0 
461 56 47 0 
462 94 290 0 
463 83 250 0 
464 80 84 0 
465 74 219 0 
466 71 101 0 
467 65 119 0 
468 78 131 0 
469 100 207 0 
470 59 230 0 
471 53 121 0 
472 99 356 0 
473 72 105 0 
474 60 123 0 
475 70 195 0 
476 57 217 0 
477 93 53 0 
478 64 180 0 
479 56 175 0 
480 74 276 0 
481 98 230 0 
482 62 205 0 
483 58 194 0 
484 92 142 0 
485 79 275 0 
486 93 207 0 
487 96 286 0 
488 90 185 0 
489 85 201 0 
490 57 115 0 
491 80 167 0 
492 80 276 0 
493 52 122 0 
494 54 130 0 
495 66 251 0 
496 72 182 0 
497 64 232 0 
498 95 116 0 
499 70 75 0 
