NAME GBP_INSTANCES\prob_1_B_3_7_2.txt
COMMENT
BINTYPES 5
ITEMS 200
BINS_SECTIONS
0 60 60 0 172 
1 80 80 0 129 
2 100 100 0 103 
3 120 120 0 86 
4 150 150 0 69 
ITEMS_SECTIONS
0 70 145 0 
1 83 270 0 
2 6 11 0 
3 15 53 0 
4 61 119 0 
5 8 13 0 
6 73 280 0 
7 43 88 0 
8 35 19 0 
9 23 32 0 
10 68 174 0 
11 3 3 0 
12 32 85 0 
13 2 3 0 
14 78 288 0 
15 31 61 0 
16 8 15 0 
17 51 44 0 
18 47 65 0 
19 70 254 0 
20 90 147 0 
21 96 303 0 
22 80 267 0 
23 74 67 0 
24 6 12 0 
25 25 49 0 
26 69 124 0 
27 61 217 0 
28 32 72 0 
29 18 19 0 
30 50 36 0 
31 41 83 0 
32 18 12 0 
33 79 48 0 
34 28 58 0 
35 74 250 0 
36 26 31 0 
37 60 68 0 
38 89 245 0 
39 64 111 0 
40 32 55 0 
41 95 50 0 
42 13 20 0 
43 48 99 0 
44 41 155 0 
45 69 148 0 
46 16 25 0 
47 98 357 0 
48 57 157 0 
49 96 249 0 
50 43 30 0 
51 84 315 0 
52 59 156 0 
53 63 188 0 
54 37 128 0 
55 15 19 0 
56 27 63 0 
57 91 350 0 
58 84 335 0 
59 9 19 0 
60 71 89 0 
61 88 283 0 
62 5 13 0 
63 23 32 0 
64 95 102 0 
65 45 76 0 
66 45 145 0 
67 68 191 0 
68 68 264 0 
69 17 38 0 
70 65 254 0 
71 47 63 0 
72 15 35 0 
73 96 373 0 
74 73 133 0 
75 66 152 0 
76 13 19 0 
77 75 164 0 
78 91 226 0 
79 23 25 0 
80 5 4 0 
81 12 44 0 
82 28 15 0 
83 39 76 0 
84 3 10 0 
85 18 65 0 
86 6 15 0 
87 43 153 0 
88 11 22 0 
89 66 255 0 
90 52 184 0 
91 61 81 0 
92 23 92 0 
93 31 117 0 
94 87 300 0 
95 33 116 0 
96 44 25 0 
97 74 200 0 
98 18 45 0 
99 97 321 0 
100 76 266 0 
101 81 99 0 
102 69 78 0 
103 74 155 0 
104 16 23 0 
105 56 139 0 
106 71 64 0 
107 87 159 0 
108 15 44 0 
109 95 266 0 
110 24 82 0 
111 51 157 0 
112 51 45 0 
113 33 77 0 
114 58 117 0 
115 66 250 0 
116 48 145 0 
117 82 172 0 
118 31 40 0 
119 47 176 0 
120 99 301 0 
121 70 95 0 
122 42 102 0 
123 29 50 0 
124 43 41 0 
125 87 47 0 
126 41 140 0 
127 73 250 0 
128 25 42 0 
129 49 149 0 
130 2 7 0 
131 26 103 0 
132 14 9 0 
133 90 350 0 
134 19 20 0 
135 36 62 0 
136 89 75 0 
137 87 311 0 
138 26 92 0 
139 100 236 0 
140 91 131 0 
141 38 53 0 
142 76 261 0 
143 38 52 0 
144 19 49 0 
145 83 283 0 
146 89 308 0 
147 58 92 0 
148 91 272 0 
149 10 8 0 
150 100 135 0 
151 24 89 0 
152 60 94 0 
153 9 34 0 
154 21 17 0 
155 81 61 0 
156 60 187 0 
157 32 56 0 
158 53 154 0 
159 55 121 0 
160 24 62 0 
161 33 35 0 
162 49 195 0 
163 75 62 0 
164 13 49 0 
165 16 9 0 
166 73 83 0 
167 35 126 0 
168 15 51 0 
169 87 259 0 
170 51 195 0 
171 55 145 0 
172 56 76 0 
173 44 152 0 
174 62 232 0 
175 51 173 0 
176 54 132 0 
177 68 84 0 
178 73 215 0 
179 66 202 0 
180 4 15 0 
181 89 46 0 
182 50 198 0 
183 77 264 0 
184 80 147 0 
185 72 92 0 
186 52 151 0 
187 46 117 0 
188 74 255 0 
189 74 255 0 
190 58 130 0 
191 99 376 0 
192 44 143 0 
193 73 63 0 
194 12 28 0 
195 26 38 0 
196 79 270 0 
197 62 120 0 
198 45 119 0 
199 80 134 0 
