NAME GBP_INSTANCES\prob_3_B_3_3_2.txt
COMMENT
BINTYPES 5
ITEMS 200
BINS_SECTIONS
0 60 60 0 250 
1 80 80 0 188 
2 100 100 0 150 
3 120 120 0 125 
4 150 150 0 100 
ITEMS_SECTIONS
0 82 165 0 
1 89 196 0 
2 69 116 0 
3 52 101 0 
4 85 188 0 
5 79 312 0 
6 85 234 0 
7 73 137 0 
8 78 288 0 
9 97 91 0 
10 86 224 0 
11 80 43 0 
12 98 328 0 
13 100 282 0 
14 63 115 0 
15 93 310 0 
16 56 74 0 
17 92 308 0 
18 92 328 0 
19 53 118 0 
20 57 142 0 
21 66 54 0 
22 57 104 0 
23 51 86 0 
24 55 48 0 
25 99 87 0 
26 76 60 0 
27 89 347 0 
28 55 164 0 
29 67 90 0 
30 82 219 0 
31 77 40 0 
32 92 124 0 
33 90 215 0 
34 87 115 0 
35 100 390 0 
36 60 186 0 
37 56 172 0 
38 65 67 0 
39 52 37 0 
40 59 38 0 
41 71 117 0 
42 92 322 0 
43 83 179 0 
44 51 147 0 
45 56 94 0 
46 74 74 0 
47 87 79 0 
48 64 130 0 
49 85 145 0 
50 63 76 0 
51 94 273 0 
52 61 123 0 
53 68 270 0 
54 77 255 0 
55 82 81 0 
56 62 86 0 
57 91 203 0 
58 74 214 0 
59 81 202 0 
60 57 112 0 
61 60 94 0 
62 60 147 0 
63 88 177 0 
64 88 309 0 
65 58 162 0 
66 75 96 0 
67 92 86 0 
68 63 213 0 
69 71 199 0 
70 76 232 0 
71 58 181 0 
72 77 276 0 
73 79 197 0 
74 75 204 0 
75 98 281 0 
76 78 104 0 
77 81 244 0 
78 98 162 0 
79 93 173 0 
80 76 209 0 
81 97 54 0 
82 62 71 0 
83 82 181 0 
84 93 251 0 
85 55 101 0 
86 56 35 0 
87 79 89 0 
88 59 49 0 
89 66 233 0 
90 61 227 0 
91 57 226 0 
92 92 117 0 
93 51 43 0 
94 79 158 0 
95 79 156 0 
96 73 54 0 
97 60 126 0 
98 97 112 0 
99 92 91 0 
100 52 136 0 
101 99 118 0 
102 68 50 0 
103 97 191 0 
104 92 62 0 
105 66 239 0 
106 96 197 0 
107 62 186 0 
108 93 49 0 
109 100 68 0 
110 73 78 0 
111 61 243 0 
112 53 31 0 
113 93 275 0 
114 78 291 0 
115 68 208 0 
116 55 43 0 
117 89 154 0 
118 59 125 0 
119 78 80 0 
120 89 161 0 
121 92 234 0 
122 95 214 0 
123 68 262 0 
124 89 291 0 
125 73 287 0 
126 67 154 0 
127 54 83 0 
128 62 212 0 
129 54 103 0 
130 69 116 0 
131 88 277 0 
132 75 238 0 
133 85 162 0 
134 68 255 0 
135 81 121 0 
136 79 297 0 
137 72 264 0 
138 62 236 0 
139 94 113 0 
140 93 262 0 
141 53 157 0 
142 62 164 0 
143 98 315 0 
144 62 199 0 
145 76 246 0 
146 100 142 0 
147 83 155 0 
148 86 89 0 
149 95 324 0 
150 71 64 0 
151 68 68 0 
152 56 69 0 
153 77 199 0 
154 85 83 0 
155 97 270 0 
156 65 75 0 
157 77 307 0 
158 70 134 0 
159 73 180 0 
160 78 292 0 
161 91 221 0 
162 55 136 0 
163 53 198 0 
164 60 88 0 
165 90 264 0 
166 73 198 0 
167 78 96 0 
168 71 224 0 
169 78 207 0 
170 80 88 0 
171 90 217 0 
172 62 170 0 
173 52 73 0 
174 52 85 0 
175 67 244 0 
176 86 75 0 
177 94 95 0 
178 67 101 0 
179 88 312 0 
180 59 179 0 
181 71 183 0 
182 53 32 0 
183 92 337 0 
184 74 139 0 
185 73 130 0 
186 86 192 0 
187 56 205 0 
188 72 232 0 
189 80 72 0 
190 63 204 0 
191 98 233 0 
192 60 32 0 
193 66 85 0 
194 64 250 0 
195 86 129 0 
196 77 150 0 
197 92 191 0 
198 57 104 0 
199 57 35 0 
