NAME GBP_INSTANCES\prob_3_B_1_8_2.txt
COMMENT
BINTYPES 5
ITEMS 50
BINS_SECTIONS
0 60 60 0 64 
1 80 80 0 48 
2 100 100 0 39 
3 120 120 0 32 
4 150 150 0 26 
ITEMS_SECTIONS
0 55 30 0 
1 92 208 0 
2 77 48 0 
3 70 59 0 
4 78 245 0 
5 94 136 0 
6 73 251 0 
7 94 329 0 
8 57 154 0 
9 74 41 0 
10 72 235 0 
11 91 129 0 
12 77 127 0 
13 82 145 0 
14 59 62 0 
15 85 245 0 
16 83 91 0 
17 98 158 0 
18 69 265 0 
19 95 199 0 
20 84 236 0 
21 68 50 0 
22 70 174 0 
23 98 158 0 
24 81 313 0 
25 69 214 0 
26 93 274 0 
27 69 125 0 
28 83 80 0 
29 84 148 0 
30 89 241 0 
31 56 44 0 
32 95 97 0 
33 82 146 0 
34 86 304 0 
35 66 144 0 
36 79 68 0 
37 66 238 0 
38 59 48 0 
39 69 143 0 
40 97 311 0 
41 76 130 0 
42 64 135 0 
43 98 85 0 
44 67 126 0 
45 77 113 0 
46 60 144 0 
47 55 184 0 
48 51 95 0 
49 56 173 0 
