NAME GBP_INSTANCES\prob_2_A_2_3_2.txt
COMMENT
BINTYPES 3
ITEMS 100
BINS_SECTIONS
0 100 100 0 65 
1 120 120 0 55 
2 150 150 0 44 
ITEMS_SECTIONS
0 54 188 0 
1 41 109 0 
2 64 156 0 
3 99 221 0 
4 26 103 0 
5 94 335 0 
6 95 365 0 
7 76 109 0 
8 90 229 0 
9 26 51 0 
10 90 349 0 
11 70 150 0 
12 50 53 0 
13 78 117 0 
14 29 29 0 
15 29 88 0 
16 54 116 0 
17 74 95 0 
18 58 139 0 
19 99 196 0 
20 50 88 0 
21 49 122 0 
22 78 311 0 
23 42 120 0 
24 84 44 0 
25 61 151 0 
26 92 119 0 
27 85 156 0 
28 47 77 0 
29 94 352 0 
30 43 155 0 
31 51 52 0 
32 67 87 0 
33 84 318 0 
34 83 315 0 
35 90 273 0 
36 67 210 0 
37 81 63 0 
38 82 149 0 
39 34 109 0 
40 77 106 0 
41 29 42 0 
42 45 102 0 
43 47 183 0 
44 65 224 0 
45 70 87 0 
46 92 179 0 
47 65 94 0 
48 88 181 0 
49 30 55 0 
50 50 154 0 
51 73 59 0 
52 67 166 0 
53 41 21 0 
54 47 134 0 
55 71 136 0 
56 79 109 0 
57 92 241 0 
58 78 123 0 
59 82 291 0 
60 71 89 0 
61 43 24 0 
62 81 91 0 
63 29 69 0 
64 42 148 0 
65 61 57 0 
66 21 48 0 
67 71 81 0 
68 90 121 0 
69 60 203 0 
70 84 229 0 
71 100 395 0 
72 68 89 0 
73 99 241 0 
74 68 153 0 
75 35 136 0 
76 32 61 0 
77 66 255 0 
78 84 138 0 
79 87 301 0 
80 94 81 0 
81 73 279 0 
82 46 170 0 
83 77 287 0 
84 49 70 0 
85 22 65 0 
86 65 254 0 
87 28 17 0 
88 53 46 0 
89 95 117 0 
90 31 113 0 
91 57 191 0 
92 70 210 0 
93 77 147 0 
94 89 246 0 
95 35 83 0 
96 78 223 0 
97 51 156 0 
98 66 242 0 
99 86 318 0 
