NAME GBP_INSTANCES\prob_2_A_2_5_2.txt
COMMENT
BINTYPES 3
ITEMS 100
BINS_SECTIONS
0 100 100 0 62 
1 120 120 0 52 
2 150 150 0 41 
ITEMS_SECTIONS
0 33 102 0 
1 42 76 0 
2 95 203 0 
3 72 66 0 
4 36 70 0 
5 77 158 0 
6 59 176 0 
7 64 34 0 
8 59 88 0 
9 78 188 0 
10 70 48 0 
11 52 142 0 
12 66 244 0 
13 70 168 0 
14 31 102 0 
15 22 17 0 
16 66 235 0 
17 21 84 0 
18 58 91 0 
19 74 233 0 
20 82 146 0 
21 98 108 0 
22 74 133 0 
23 98 154 0 
24 66 262 0 
25 64 124 0 
26 24 85 0 
27 47 47 0 
28 75 63 0 
29 34 114 0 
30 23 59 0 
31 79 122 0 
32 32 104 0 
33 29 18 0 
34 83 145 0 
35 98 341 0 
36 94 366 0 
37 70 224 0 
38 86 289 0 
39 70 46 0 
40 89 335 0 
41 73 214 0 
42 45 97 0 
43 76 143 0 
44 72 219 0 
45 35 35 0 
46 59 188 0 
47 97 271 0 
48 60 104 0 
49 64 51 0 
50 61 110 0 
51 52 164 0 
52 46 155 0 
53 35 93 0 
54 53 145 0 
55 51 156 0 
56 32 43 0 
57 33 18 0 
58 62 209 0 
59 40 29 0 
60 42 160 0 
61 71 138 0 
62 85 52 0 
63 76 144 0 
64 44 93 0 
65 90 139 0 
66 73 233 0 
67 80 152 0 
68 35 101 0 
69 94 290 0 
70 63 171 0 
71 94 280 0 
72 76 222 0 
73 54 101 0 
74 26 32 0 
75 96 340 0 
76 50 47 0 
77 89 183 0 
78 85 211 0 
79 92 227 0 
80 33 41 0 
81 69 106 0 
82 56 137 0 
83 36 108 0 
84 28 101 0 
85 29 72 0 
86 77 114 0 
87 27 74 0 
88 35 69 0 
89 57 53 0 
90 59 152 0 
91 38 132 0 
92 67 254 0 
93 97 119 0 
94 75 187 0 
95 92 272 0 
96 61 35 0 
97 72 132 0 
98 40 151 0 
99 66 236 0 
