NAME GBP_INSTANCES\prob_1_A_3_4_2.txt
COMMENT
BINTYPES 3
ITEMS 200
BINS_SECTIONS
0 100 100 0 99 
1 120 120 0 83 
2 150 150 0 66 
ITEMS_SECTIONS
0 78 90 0 
1 56 50 0 
2 58 174 0 
3 49 34 0 
4 28 83 0 
5 84 60 0 
6 87 317 0 
7 84 74 0 
8 76 269 0 
9 93 208 0 
10 13 32 0 
11 33 121 0 
12 8 5 0 
13 59 177 0 
14 48 67 0 
15 48 155 0 
16 48 141 0 
17 10 27 0 
18 30 64 0 
19 46 122 0 
20 23 29 0 
21 19 42 0 
22 87 92 0 
23 35 52 0 
24 52 28 0 
25 79 191 0 
26 60 73 0 
27 31 76 0 
28 73 125 0 
29 85 95 0 
30 71 242 0 
31 32 78 0 
32 60 57 0 
33 67 67 0 
34 48 32 0 
35 83 279 0 
36 98 189 0 
37 9 31 0 
38 90 261 0 
39 36 76 0 
40 11 31 0 
41 73 176 0 
42 71 275 0 
43 2 3 0 
44 77 270 0 
45 89 236 0 
46 93 101 0 
47 22 80 0 
48 51 39 0 
49 17 42 0 
50 61 134 0 
51 64 175 0 
52 13 15 0 
53 31 58 0 
54 5 7 0 
55 37 71 0 
56 62 208 0 
57 64 87 0 
58 17 41 0 
59 55 204 0 
60 98 183 0 
61 32 70 0 
62 30 83 0 
63 44 23 0 
64 74 277 0 
65 85 222 0 
66 6 9 0 
67 17 54 0 
68 83 163 0 
69 15 32 0 
70 51 171 0 
71 98 104 0 
72 71 265 0 
73 53 130 0 
74 49 162 0 
75 48 37 0 
76 16 62 0 
77 92 347 0 
78 5 15 0 
79 55 185 0 
80 80 145 0 
81 78 252 0 
82 98 277 0 
83 36 137 0 
84 76 171 0 
85 76 216 0 
86 53 207 0 
87 30 80 0 
88 47 143 0 
89 86 264 0 
90 96 94 0 
91 23 81 0 
92 2 3 0 
93 11 42 0 
94 37 93 0 
95 78 171 0 
96 7 11 0 
97 21 65 0 
98 26 85 0 
99 18 25 0 
100 90 159 0 
101 58 52 0 
102 23 73 0 
103 29 90 0 
104 31 75 0 
105 97 130 0 
106 47 111 0 
107 39 109 0 
108 4 7 0 
109 15 23 0 
110 28 87 0 
111 42 146 0 
112 68 175 0 
113 88 196 0 
114 25 70 0 
115 98 175 0 
116 45 38 0 
117 65 225 0 
118 47 96 0 
119 15 32 0 
120 78 273 0 
121 42 91 0 
122 38 30 0 
123 18 18 0 
124 37 69 0 
125 71 128 0 
126 49 73 0 
127 17 15 0 
128 40 134 0 
129 49 170 0 
130 78 154 0 
131 90 137 0 
132 72 118 0 
133 4 10 0 
134 78 227 0 
135 70 212 0 
136 57 51 0 
137 34 48 0 
138 40 90 0 
139 73 241 0 
140 68 253 0 
141 10 29 0 
142 31 86 0 
143 56 138 0 
144 48 25 0 
145 97 350 0 
146 94 185 0 
147 22 70 0 
148 96 132 0 
149 17 23 0 
150 22 80 0 
151 75 59 0 
152 24 71 0 
153 85 214 0 
154 50 66 0 
155 56 205 0 
156 6 11 0 
157 72 110 0 
158 45 86 0 
159 29 73 0 
160 53 97 0 
161 99 196 0 
162 3 3 0 
163 72 159 0 
164 30 37 0 
165 25 76 0 
166 17 22 0 
167 48 81 0 
168 17 66 0 
169 45 90 0 
170 74 132 0 
171 85 100 0 
172 84 230 0 
173 41 69 0 
174 2 6 0 
175 59 155 0 
176 45 58 0 
177 19 42 0 
178 35 64 0 
179 12 46 0 
180 54 216 0 
181 59 78 0 
182 34 51 0 
183 80 182 0 
184 46 105 0 
185 31 38 0 
186 17 48 0 
187 89 102 0 
188 56 223 0 
189 82 74 0 
190 26 90 0 
191 65 152 0 
192 22 73 0 
193 65 57 0 
194 14 22 0 
195 36 135 0 
196 11 42 0 
197 5 3 0 
198 55 115 0 
199 75 266 0 
