NAME GBP_INSTANCES\prob_1_A_2_3_2.txt
COMMENT
BINTYPES 3
ITEMS 100
BINS_SECTIONS
0 100 100 0 48 
1 120 120 0 40 
2 150 150 0 32 
ITEMS_SECTIONS
0 3 3 0 
1 17 48 0 
2 18 65 0 
3 8 9 0 
4 90 64 0 
5 37 106 0 
6 2 2 0 
7 50 166 0 
8 12 21 0 
9 20 54 0 
10 28 64 0 
11 79 73 0 
12 26 24 0 
13 6 15 0 
14 55 142 0 
15 5 20 0 
16 36 32 0 
17 19 34 0 
18 73 80 0 
19 88 188 0 
20 57 156 0 
21 94 262 0 
22 15 39 0 
23 85 65 0 
24 71 224 0 
25 69 171 0 
26 6 10 0 
27 23 31 0 
28 55 158 0 
29 17 42 0 
30 31 67 0 
31 48 154 0 
32 45 90 0 
33 23 79 0 
34 28 72 0 
35 35 84 0 
36 18 12 0 
37 64 103 0 
38 86 194 0 
39 77 228 0 
40 55 212 0 
41 100 131 0 
42 74 79 0 
43 57 152 0 
44 62 155 0 
45 40 150 0 
46 63 137 0 
47 21 30 0 
48 13 15 0 
49 89 175 0 
50 75 120 0 
51 51 29 0 
52 99 389 0 
53 37 103 0 
54 14 19 0 
55 60 117 0 
56 53 107 0 
57 93 95 0 
58 20 47 0 
59 98 249 0 
60 4 4 0 
61 42 43 0 
62 5 15 0 
63 14 55 0 
64 56 170 0 
65 5 6 0 
66 94 201 0 
67 27 93 0 
68 61 190 0 
69 88 119 0 
70 55 208 0 
71 88 145 0 
72 34 124 0 
73 24 32 0 
74 15 32 0 
75 71 213 0 
76 13 46 0 
77 42 159 0 
78 62 80 0 
79 56 76 0 
80 17 32 0 
81 16 13 0 
82 43 76 0 
83 76 152 0 
84 80 102 0 
85 19 16 0 
86 14 41 0 
87 76 69 0 
88 29 42 0 
89 98 93 0 
90 97 161 0 
91 39 67 0 
92 82 159 0 
93 51 63 0 
94 86 174 0 
95 53 160 0 
96 41 66 0 
97 74 271 0 
98 41 43 0 
99 76 186 0 
