NAME GBP_INSTANCES\prob_1_A_4_3_2.txt
COMMENT
BINTYPES 3
ITEMS 500
BINS_SECTIONS
0 100 100 0 249 
1 120 120 0 207 
2 150 150 0 166 
ITEMS_SECTIONS
0 96 242 0 
1 28 92 0 
2 74 173 0 
3 43 26 0 
4 87 180 0 
5 48 48 0 
6 6 10 0 
7 3 12 0 
8 5 20 0 
9 69 83 0 
10 94 86 0 
11 99 158 0 
12 78 172 0 
13 5 12 0 
14 92 232 0 
15 2 7 0 
16 62 240 0 
17 80 110 0 
18 21 26 0 
19 2 7 0 
20 69 186 0 
21 12 20 0 
22 47 130 0 
23 80 310 0 
24 73 253 0 
25 60 191 0 
26 32 42 0 
27 49 44 0 
28 47 91 0 
29 13 9 0 
30 93 210 0 
31 11 7 0 
32 2 7 0 
33 99 290 0 
34 33 56 0 
35 11 7 0 
36 26 79 0 
37 14 32 0 
38 79 122 0 
39 38 116 0 
40 51 83 0 
41 34 47 0 
42 76 106 0 
43 23 56 0 
44 72 279 0 
45 13 12 0 
46 90 333 0 
47 7 11 0 
48 37 68 0 
49 42 156 0 
50 59 86 0 
51 32 53 0 
52 24 30 0 
53 55 44 0 
54 46 118 0 
55 15 42 0 
56 47 43 0 
57 67 221 0 
58 28 107 0 
59 66 48 0 
60 87 107 0 
61 31 44 0 
62 91 334 0 
63 9 27 0 
64 88 213 0 
65 89 103 0 
66 52 51 0 
67 55 134 0 
68 32 123 0 
69 15 23 0 
70 69 222 0 
71 16 53 0 
72 19 59 0 
73 25 47 0 
74 91 126 0 
75 75 236 0 
76 68 69 0 
77 36 78 0 
78 80 247 0 
79 17 66 0 
80 71 42 0 
81 74 255 0 
82 59 122 0 
83 42 26 0 
84 8 32 0 
85 90 172 0 
86 38 113 0 
87 49 166 0 
88 58 109 0 
89 97 64 0 
90 57 34 0 
91 33 56 0 
92 22 86 0 
93 86 199 0 
94 99 229 0 
95 54 139 0 
96 74 147 0 
97 29 101 0 
98 13 30 0 
99 55 51 0 
100 79 112 0 
101 32 79 0 
102 95 296 0 
103 61 171 0 
104 77 75 0 
105 38 82 0 
106 92 322 0 
107 45 161 0 
108 74 113 0 
109 58 210 0 
110 40 26 0 
111 2 5 0 
112 56 181 0 
113 15 43 0 
114 14 37 0 
115 4 4 0 
116 40 72 0 
117 79 79 0 
118 29 60 0 
119 75 105 0 
120 97 324 0 
121 2 8 0 
122 30 36 0 
123 79 315 0 
124 56 164 0 
125 90 61 0 
126 29 57 0 
127 36 24 0 
128 26 60 0 
129 61 168 0 
130 21 20 0 
131 74 210 0 
132 34 127 0 
133 4 10 0 
134 51 139 0 
135 31 109 0 
136 39 127 0 
137 79 99 0 
138 52 183 0 
139 3 7 0 
140 94 216 0 
141 20 67 0 
142 16 62 0 
143 67 260 0 
144 32 98 0 
145 8 12 0 
146 38 24 0 
147 72 51 0 
148 39 135 0 
149 40 41 0 
150 96 160 0 
151 19 33 0 
152 4 14 0 
153 41 33 0 
154 81 60 0 
155 19 55 0 
156 95 366 0 
157 16 24 0 
158 62 144 0 
159 75 115 0 
160 53 32 0 
161 37 20 0 
162 4 3 0 
163 59 130 0 
164 61 60 0 
165 30 99 0 
166 100 128 0 
167 19 61 0 
168 66 205 0 
169 66 49 0 
170 65 159 0 
171 5 12 0 
172 33 117 0 
173 23 91 0 
174 27 20 0 
175 50 198 0 
176 83 209 0 
177 11 34 0 
178 72 88 0 
179 88 242 0 
180 18 58 0 
181 52 73 0 
182 91 326 0 
183 39 32 0 
184 61 172 0 
185 87 48 0 
186 66 141 0 
187 50 98 0 
188 39 108 0 
189 93 223 0 
190 56 166 0 
191 27 23 0 
192 18 54 0 
193 15 40 0 
194 9 6 0 
195 43 43 0 
196 25 85 0 
197 68 249 0 
198 77 168 0 
199 52 149 0 
200 68 162 0 
201 23 72 0 
202 48 131 0 
203 91 199 0 
204 86 251 0 
205 28 54 0 
206 66 240 0 
207 24 77 0 
208 44 46 0 
209 88 126 0 
210 73 205 0 
211 75 165 0 
212 85 219 0 
213 54 96 0 
214 34 88 0 
215 31 20 0 
216 3 5 0 
217 20 54 0 
218 63 249 0 
219 56 105 0 
220 82 311 0 
221 13 18 0 
222 37 25 0 
223 81 310 0 
224 25 30 0 
225 67 105 0 
226 9 35 0 
227 42 47 0 
228 80 200 0 
229 39 114 0 
230 91 363 0 
231 90 143 0 
232 99 352 0 
233 84 309 0 
234 40 152 0 
235 89 314 0 
236 51 163 0 
237 56 42 0 
238 95 131 0 
239 97 190 0 
240 91 61 0 
241 16 50 0 
242 26 14 0 
243 42 116 0 
244 51 56 0 
245 43 58 0 
246 20 60 0 
247 23 50 0 
248 5 16 0 
249 27 92 0 
250 70 210 0 
251 4 9 0 
252 22 17 0 
253 25 78 0 
254 4 3 0 
255 64 188 0 
256 27 97 0 
257 71 122 0 
258 94 114 0 
259 56 95 0 
260 86 269 0 
261 16 9 0 
262 22 26 0 
263 32 23 0 
264 62 99 0 
265 94 185 0 
266 100 125 0 
267 8 12 0 
268 20 71 0 
269 86 331 0 
270 50 143 0 
271 11 32 0 
272 54 147 0 
273 76 212 0 
274 31 54 0 
275 82 241 0 
276 17 43 0 
277 75 76 0 
278 15 49 0 
279 76 304 0 
280 95 308 0 
281 10 12 0 
282 11 39 0 
283 46 43 0 
284 47 143 0 
285 39 150 0 
286 29 28 0 
287 35 58 0 
288 24 58 0 
289 17 28 0 
290 81 202 0 
291 72 57 0 
292 94 194 0 
293 39 102 0 
294 20 34 0 
295 5 11 0 
296 5 11 0 
297 7 9 0 
298 13 31 0 
299 39 69 0 
300 80 127 0 
301 57 142 0 
302 37 133 0 
303 42 47 0 
304 4 9 0 
305 62 41 0 
306 15 25 0 
307 72 215 0 
308 84 73 0 
309 67 92 0 
310 54 176 0 
311 90 346 0 
312 46 116 0 
313 73 271 0 
314 28 87 0 
315 18 14 0 
316 46 101 0 
317 24 71 0 
318 54 92 0 
319 84 186 0 
320 63 86 0 
321 2 2 0 
322 6 23 0 
323 58 42 0 
324 53 76 0 
325 2 2 0 
326 10 9 0 
327 74 118 0 
328 24 28 0 
329 83 297 0 
330 81 165 0 
331 62 209 0 
332 19 39 0 
333 68 142 0 
334 36 72 0 
335 99 101 0 
336 61 156 0 
337 77 302 0 
338 25 38 0 
339 74 135 0 
340 52 34 0 
341 95 171 0 
342 48 70 0 
343 96 361 0 
344 76 268 0 
345 38 59 0 
346 85 318 0 
347 40 128 0 
348 3 7 0 
349 7 23 0 
350 95 113 0 
351 43 88 0 
352 37 36 0 
353 32 28 0 
354 25 14 0 
355 69 208 0 
356 9 36 0 
357 60 133 0 
358 85 148 0 
359 40 63 0 
360 62 37 0 
361 97 383 0 
362 31 36 0 
363 41 143 0 
364 20 22 0 
365 76 110 0 
366 96 276 0 
367 31 18 0 
368 93 319 0 
369 34 66 0 
370 30 97 0 
371 35 94 0 
372 14 40 0 
373 94 125 0 
374 78 180 0 
375 61 64 0 
376 51 134 0 
377 28 89 0 
378 71 272 0 
379 17 53 0 
380 99 233 0 
381 74 50 0 
382 39 116 0 
383 72 42 0 
384 86 67 0 
385 25 26 0 
386 20 20 0 
387 44 65 0 
388 6 23 0 
389 29 38 0 
390 16 22 0 
391 34 83 0 
392 10 21 0 
393 31 118 0 
394 12 41 0 
395 20 64 0 
396 63 64 0 
397 97 362 0 
398 43 31 0 
399 14 32 0 
400 14 26 0 
401 52 81 0 
402 21 40 0 
403 84 217 0 
404 62 128 0 
405 59 200 0 
406 98 370 0 
407 83 245 0 
408 85 292 0 
409 81 79 0 
410 94 223 0 
411 38 116 0 
412 14 49 0 
413 75 145 0 
414 42 44 0 
415 68 57 0 
416 99 381 0 
417 8 12 0 
418 91 289 0 
419 4 11 0 
420 83 142 0 
421 82 269 0 
422 38 79 0 
423 25 73 0 
424 2 8 0 
425 72 174 0 
426 91 62 0 
427 32 48 0 
428 24 23 0 
429 11 8 0 
430 68 185 0 
431 61 152 0 
432 83 185 0 
433 64 86 0 
434 11 42 0 
435 38 86 0 
436 84 136 0 
437 42 148 0 
438 33 73 0 
439 99 98 0 
440 38 112 0 
441 44 146 0 
442 86 124 0 
443 76 210 0 
444 21 74 0 
445 15 11 0 
446 37 22 0 
447 62 173 0 
448 9 23 0 
449 15 27 0 
450 64 141 0 
451 56 109 0 
452 78 124 0 
453 55 179 0 
454 64 217 0 
455 14 48 0 
456 22 75 0 
457 24 60 0 
458 64 134 0 
459 92 114 0 
460 76 97 0 
461 49 126 0 
462 39 87 0 
463 24 44 0 
464 10 16 0 
465 9 32 0 
466 34 123 0 
467 94 326 0 
468 67 157 0 
469 57 72 0 
470 78 90 0 
471 77 255 0 
472 16 45 0 
473 69 52 0 
474 98 205 0 
475 90 306 0 
476 92 220 0 
477 58 47 0 
478 25 72 0 
479 20 39 0 
480 96 189 0 
481 90 88 0 
482 84 123 0 
483 93 206 0 
484 25 79 0 
485 38 94 0 
486 76 43 0 
487 38 87 0 
488 2 6 0 
489 95 363 0 
490 41 154 0 
491 2 3 0 
492 91 241 0 
493 10 15 0 
494 93 209 0 
495 82 110 0 
496 47 165 0 
497 36 34 0 
498 48 118 0 
499 37 129 0 
