NAME GBP_INSTANCES\prob_2_A_2_9_2.txt
COMMENT
BINTYPES 3
ITEMS 100
BINS_SECTIONS
0 100 100 0 61 
1 120 120 0 51 
2 150 150 0 41 
ITEMS_SECTIONS
0 67 166 0 
1 25 100 0 
2 82 320 0 
3 89 301 0 
4 69 233 0 
5 33 94 0 
6 55 201 0 
7 76 91 0 
8 26 91 0 
9 69 208 0 
10 77 222 0 
11 50 70 0 
12 32 124 0 
13 69 253 0 
14 67 110 0 
15 34 47 0 
16 92 57 0 
17 80 100 0 
18 42 119 0 
19 44 167 0 
20 30 19 0 
21 48 48 0 
22 77 252 0 
23 45 145 0 
24 73 126 0 
25 34 78 0 
26 77 185 0 
27 48 151 0 
28 70 62 0 
29 85 160 0 
30 27 20 0 
31 25 28 0 
32 56 126 0 
33 28 106 0 
34 53 100 0 
35 65 177 0 
36 49 57 0 
37 93 250 0 
38 79 102 0 
39 40 150 0 
40 23 56 0 
41 82 232 0 
42 85 191 0 
43 88 143 0 
44 38 71 0 
45 47 68 0 
46 43 158 0 
47 55 48 0 
48 90 262 0 
49 63 196 0 
50 44 92 0 
51 97 166 0 
52 79 102 0 
53 38 68 0 
54 92 164 0 
55 97 327 0 
56 97 275 0 
57 32 50 0 
58 98 283 0 
59 86 226 0 
60 55 169 0 
61 35 106 0 
62 86 157 0 
63 63 189 0 
64 77 290 0 
65 61 107 0 
66 39 131 0 
67 34 126 0 
68 25 52 0 
69 79 200 0 
70 25 60 0 
71 25 61 0 
72 63 78 0 
73 80 189 0 
74 46 34 0 
75 79 115 0 
76 70 225 0 
77 27 15 0 
78 79 241 0 
79 96 261 0 
80 49 109 0 
81 81 202 0 
82 72 104 0 
83 66 114 0 
84 54 34 0 
85 46 50 0 
86 53 155 0 
87 77 274 0 
88 29 64 0 
89 22 68 0 
90 24 92 0 
91 98 351 0 
92 87 253 0 
93 94 238 0 
94 44 35 0 
95 21 48 0 
96 91 335 0 
97 85 71 0 
98 95 179 0 
99 69 258 0 
