NAME GBP_INSTANCES\prob_1_B_4_3_2.txt
COMMENT
BINTYPES 5
ITEMS 500
BINS_SECTIONS
0 60 60 0 430 
1 80 80 0 323 
2 100 100 0 258 
3 120 120 0 215 
4 150 150 0 172 
ITEMS_SECTIONS
0 67 263 0 
1 79 128 0 
2 28 94 0 
3 38 20 0 
4 61 35 0 
5 9 12 0 
6 43 32 0 
7 60 164 0 
8 47 128 0 
9 62 103 0 
10 47 162 0 
11 22 14 0 
12 91 125 0 
13 100 362 0 
14 10 7 0 
15 75 247 0 
16 18 28 0 
17 69 62 0 
18 54 157 0 
19 36 50 0 
20 2 4 0 
21 66 233 0 
22 99 104 0 
23 86 268 0 
24 64 173 0 
25 11 23 0 
26 21 39 0 
27 73 129 0 
28 85 91 0 
29 4 14 0 
30 22 63 0 
31 36 47 0 
32 7 23 0 
33 25 38 0 
34 65 96 0 
35 87 138 0 
36 57 66 0 
37 25 83 0 
38 62 119 0 
39 10 29 0 
40 51 32 0 
41 83 215 0 
42 62 94 0 
43 64 238 0 
44 3 6 0 
45 79 113 0 
46 43 155 0 
47 81 280 0 
48 22 14 0 
49 38 124 0 
50 44 163 0 
51 42 65 0 
52 3 9 0 
53 20 36 0 
54 55 164 0 
55 99 115 0 
56 93 132 0 
57 98 52 0 
58 78 163 0 
59 66 160 0 
60 56 112 0 
61 3 8 0 
62 93 218 0 
63 10 27 0 
64 96 229 0 
65 58 60 0 
66 43 76 0 
67 79 150 0 
68 82 139 0 
69 26 82 0 
70 65 59 0 
71 16 41 0 
72 22 33 0 
73 48 112 0 
74 84 329 0 
75 53 194 0 
76 20 18 0 
77 9 15 0 
78 97 297 0 
79 78 238 0 
80 3 7 0 
81 31 92 0 
82 64 174 0 
83 51 191 0 
84 100 261 0 
85 99 266 0 
86 28 24 0 
87 47 33 0 
88 94 316 0 
89 38 40 0 
90 93 100 0 
91 36 51 0 
92 22 52 0 
93 34 135 0 
94 76 134 0 
95 41 25 0 
96 33 115 0 
97 35 79 0 
98 52 186 0 
99 12 32 0 
100 4 14 0 
101 16 60 0 
102 18 18 0 
103 49 34 0 
104 87 79 0 
105 30 76 0 
106 2 8 0 
107 100 126 0 
108 28 109 0 
109 50 196 0 
110 29 32 0 
111 87 97 0 
112 93 196 0 
113 20 33 0 
114 77 265 0 
115 63 84 0 
116 72 49 0 
117 4 4 0 
118 32 53 0 
119 79 111 0 
120 81 105 0 
121 72 185 0 
122 76 132 0 
123 48 50 0 
124 29 78 0 
125 5 17 0 
126 23 87 0 
127 79 252 0 
128 86 107 0 
129 44 159 0 
130 27 72 0 
131 88 302 0 
132 8 5 0 
133 85 49 0 
134 83 265 0 
135 37 85 0 
136 49 156 0 
137 41 27 0 
138 47 149 0 
139 28 105 0 
140 32 40 0 
141 54 127 0 
142 84 132 0 
143 90 238 0 
144 100 90 0 
145 11 21 0 
146 91 355 0 
147 89 276 0 
148 17 33 0 
149 14 29 0 
150 80 63 0 
151 3 7 0 
152 41 24 0 
153 76 291 0 
154 86 301 0 
155 78 280 0 
156 43 133 0 
157 6 10 0 
158 82 149 0 
159 38 129 0 
160 98 268 0 
161 8 6 0 
162 51 79 0 
163 26 94 0 
164 5 4 0 
165 9 17 0 
166 23 57 0 
167 69 259 0 
168 77 40 0 
169 24 38 0 
170 4 9 0 
171 64 154 0 
172 59 84 0 
173 53 64 0 
174 14 20 0 
175 28 47 0 
176 2 4 0 
177 43 59 0 
178 63 190 0 
179 50 184 0 
180 55 179 0 
181 95 228 0 
182 82 247 0 
183 86 178 0 
184 31 73 0 
185 64 223 0 
186 29 35 0 
187 12 39 0 
188 53 170 0 
189 13 40 0 
190 98 339 0 
191 85 244 0 
192 81 243 0 
193 83 188 0 
194 53 63 0 
195 47 163 0 
196 26 84 0 
197 44 57 0 
198 93 117 0 
199 92 63 0 
200 17 12 0 
201 57 193 0 
202 100 184 0 
203 49 158 0 
204 60 149 0 
205 64 124 0 
206 59 87 0 
207 99 232 0 
208 44 67 0 
209 92 106 0 
210 95 132 0 
211 73 72 0 
212 30 77 0 
213 100 230 0 
214 41 122 0 
215 57 139 0 
216 80 92 0 
217 79 74 0 
218 55 149 0 
219 42 133 0 
220 68 128 0 
221 84 269 0 
222 15 28 0 
223 52 132 0 
224 21 69 0 
225 64 142 0 
226 10 28 0 
227 87 305 0 
228 25 20 0 
229 34 50 0 
230 48 115 0 
231 15 17 0 
232 83 115 0 
233 55 47 0 
234 13 9 0 
235 31 73 0 
236 6 10 0 
237 88 143 0 
238 62 89 0 
239 64 250 0 
240 50 43 0 
241 67 265 0 
242 39 115 0 
243 97 175 0 
244 5 20 0 
245 65 239 0 
246 61 148 0 
247 3 8 0 
248 91 79 0 
249 3 9 0 
250 65 132 0 
251 72 71 0 
252 24 51 0 
253 64 160 0 
254 69 190 0 
255 27 17 0 
256 73 187 0 
257 75 185 0 
258 44 62 0 
259 90 124 0 
260 78 138 0 
261 8 8 0 
262 40 125 0 
263 100 123 0 
264 63 147 0 
265 64 241 0 
266 62 91 0 
267 69 225 0 
268 89 143 0 
269 13 7 0 
270 60 86 0 
271 42 96 0 
272 13 13 0 
273 11 11 0 
274 88 119 0 
275 72 61 0 
276 65 113 0 
277 7 27 0 
278 42 127 0 
279 66 79 0 
280 36 35 0 
281 49 194 0 
282 4 13 0 
283 15 37 0 
284 71 118 0 
285 81 139 0 
286 99 247 0 
287 58 49 0 
288 68 248 0 
289 77 83 0 
290 26 73 0 
291 7 12 0 
292 81 181 0 
293 75 186 0 
294 15 37 0 
295 76 303 0 
296 16 36 0 
297 66 38 0 
298 19 27 0 
299 29 71 0 
300 27 102 0 
301 7 20 0 
302 87 246 0 
303 9 28 0 
304 96 102 0 
305 2 3 0 
306 88 283 0 
307 53 210 0 
308 22 15 0 
309 31 107 0 
310 79 144 0 
311 56 132 0 
312 61 188 0 
313 67 137 0 
314 63 161 0 
315 93 244 0 
316 88 177 0 
317 48 160 0 
318 39 152 0 
319 52 191 0 
320 7 17 0 
321 66 139 0 
322 72 182 0 
323 100 137 0 
324 54 86 0 
325 35 62 0 
326 18 13 0 
327 27 39 0 
328 73 214 0 
329 77 177 0 
330 99 85 0 
331 89 215 0 
332 54 173 0 
333 26 16 0 
334 76 149 0 
335 4 14 0 
336 39 93 0 
337 51 170 0 
338 29 17 0 
339 8 27 0 
340 4 12 0 
341 26 25 0 
342 65 75 0 
343 36 101 0 
344 83 136 0 
345 40 44 0 
346 85 89 0 
347 38 22 0 
348 72 84 0 
349 60 160 0 
350 15 18 0 
351 78 138 0 
352 60 96 0 
353 70 141 0 
354 48 50 0 
355 41 79 0 
356 38 53 0 
357 64 131 0 
358 91 364 0 
359 97 127 0 
360 39 110 0 
361 48 134 0 
362 65 72 0 
363 35 76 0 
364 31 25 0 
365 9 33 0 
366 53 148 0 
367 23 49 0 
368 47 47 0 
369 7 5 0 
370 48 101 0 
371 12 24 0 
372 61 161 0 
373 64 115 0 
374 91 228 0 
375 30 69 0 
376 91 221 0 
377 85 292 0 
378 55 120 0 
379 90 115 0 
380 43 72 0 
381 100 391 0 
382 56 68 0 
383 61 135 0 
384 74 142 0 
385 53 150 0 
386 63 249 0 
387 11 39 0 
388 95 172 0 
389 31 17 0 
390 73 129 0 
391 91 48 0 
392 86 66 0 
393 63 60 0 
394 28 96 0 
395 62 235 0 
396 38 39 0 
397 79 193 0 
398 46 113 0 
399 23 63 0 
400 3 9 0 
401 49 153 0 
402 30 70 0 
403 50 46 0 
404 70 75 0 
405 2 6 0 
406 44 82 0 
407 21 61 0 
408 47 158 0 
409 56 169 0 
410 6 17 0 
411 99 349 0 
412 43 121 0 
413 35 54 0 
414 86 126 0 
415 87 337 0 
416 65 197 0 
417 15 45 0 
418 75 65 0 
419 98 306 0 
420 12 16 0 
421 82 64 0 
422 99 298 0 
423 71 183 0 
424 64 186 0 
425 42 140 0 
426 44 63 0 
427 76 55 0 
428 78 98 0 
429 45 32 0 
430 74 195 0 
431 18 60 0 
432 57 43 0 
433 92 47 0 
434 5 10 0 
435 19 46 0 
436 26 70 0 
437 82 223 0 
438 8 25 0 
439 52 204 0 
440 82 192 0 
441 38 29 0 
442 19 25 0 
443 28 105 0 
444 36 86 0 
445 12 22 0 
446 25 85 0 
447 2 4 0 
448 21 69 0 
449 85 163 0 
450 88 197 0 
451 6 7 0 
452 92 171 0 
453 53 136 0 
454 100 90 0 
455 60 199 0 
456 89 218 0 
457 38 28 0 
458 17 33 0 
459 90 131 0 
460 75 299 0 
461 98 191 0 
462 58 216 0 
463 84 129 0 
464 35 119 0 
465 88 252 0 
466 50 31 0 
467 22 36 0 
468 45 89 0 
469 30 52 0 
470 61 127 0 
471 26 48 0 
472 2 2 0 
473 51 117 0 
474 20 73 0 
475 41 71 0 
476 7 18 0 
477 67 246 0 
478 89 262 0 
479 9 9 0 
480 100 260 0 
481 33 24 0 
482 54 99 0 
483 39 123 0 
484 66 133 0 
485 61 34 0 
486 8 24 0 
487 41 23 0 
488 54 35 0 
489 39 111 0 
490 95 270 0 
491 30 27 0 
492 77 210 0 
493 17 65 0 
494 14 22 0 
495 55 53 0 
496 32 62 0 
497 20 41 0 
498 92 340 0 
499 71 195 0 
