NAME GBP_INSTANCES\prob_2_B_2_9_2.txt
COMMENT
BINTYPES 5
ITEMS 100
BINS_SECTIONS
0 60 60 0 100 
1 80 80 0 75 
2 100 100 0 60 
3 120 120 0 50 
4 150 150 0 40 
ITEMS_SECTIONS
0 45 117 0 
1 95 273 0 
2 60 238 0 
3 42 109 0 
4 61 133 0 
5 56 221 0 
6 41 139 0 
7 69 142 0 
8 32 41 0 
9 36 21 0 
10 66 214 0 
11 88 110 0 
12 56 118 0 
13 56 94 0 
14 86 161 0 
15 90 317 0 
16 85 61 0 
17 27 40 0 
18 33 34 0 
19 89 210 0 
20 63 81 0 
21 94 323 0 
22 44 156 0 
23 24 95 0 
24 46 99 0 
25 60 113 0 
26 52 200 0 
27 49 39 0 
28 96 102 0 
29 95 64 0 
30 48 166 0 
31 68 119 0 
32 71 221 0 
33 64 123 0 
34 79 242 0 
35 92 215 0 
36 80 168 0 
37 70 268 0 
38 69 169 0 
39 72 38 0 
40 90 323 0 
41 36 118 0 
42 44 38 0 
43 46 166 0 
44 38 123 0 
45 30 59 0 
46 67 130 0 
47 55 45 0 
48 63 196 0 
49 47 123 0 
50 38 102 0 
51 27 21 0 
52 98 350 0 
53 75 250 0 
54 49 88 0 
55 44 68 0 
56 68 62 0 
57 26 87 0 
58 78 159 0 
59 82 320 0 
60 88 111 0 
61 45 41 0 
62 31 103 0 
63 96 189 0 
64 50 37 0 
65 67 101 0 
66 36 117 0 
67 35 109 0 
68 93 170 0 
69 76 176 0 
70 82 83 0 
71 28 105 0 
72 52 169 0 
73 36 68 0 
74 27 72 0 
75 66 98 0 
76 30 33 0 
77 60 75 0 
78 24 84 0 
79 67 172 0 
80 24 44 0 
81 95 204 0 
82 72 43 0 
83 58 76 0 
84 100 123 0 
85 29 35 0 
86 97 250 0 
87 76 240 0 
88 30 49 0 
89 49 107 0 
90 73 87 0 
91 78 158 0 
92 26 41 0 
93 74 167 0 
94 78 172 0 
95 24 44 0 
96 45 104 0 
97 91 269 0 
98 91 213 0 
99 23 12 0 
