NAME GBP_INSTANCES\prob_2_B_4_3_2.txt
COMMENT
BINTYPES 5
ITEMS 500
BINS_SECTIONS
0 60 60 0 500 
1 80 80 0 375 
2 100 100 0 300 
3 120 120 0 250 
4 150 150 0 200 
ITEMS_SECTIONS
0 58 99 0 
1 72 216 0 
2 30 26 0 
3 45 176 0 
4 77 276 0 
5 43 161 0 
6 91 170 0 
7 49 86 0 
8 32 94 0 
9 68 186 0 
10 64 191 0 
11 73 256 0 
12 94 116 0 
13 39 49 0 
14 41 28 0 
15 32 67 0 
16 58 131 0 
17 29 88 0 
18 47 186 0 
19 45 55 0 
20 60 159 0 
21 56 177 0 
22 50 174 0 
23 50 159 0 
24 46 129 0 
25 82 93 0 
26 37 98 0 
27 45 41 0 
28 67 41 0 
29 42 56 0 
30 54 172 0 
31 27 40 0 
32 39 104 0 
33 44 54 0 
34 27 16 0 
35 59 157 0 
36 91 239 0 
37 56 38 0 
38 54 116 0 
39 74 89 0 
40 53 212 0 
41 94 263 0 
42 42 57 0 
43 31 32 0 
44 75 84 0 
45 76 263 0 
46 83 295 0 
47 28 94 0 
48 76 104 0 
49 33 76 0 
50 58 190 0 
51 94 142 0 
52 72 184 0 
53 75 39 0 
54 86 119 0 
55 72 47 0 
56 49 176 0 
57 96 239 0 
58 77 150 0 
59 44 24 0 
60 71 191 0 
61 45 43 0 
62 100 223 0 
63 95 354 0 
64 85 314 0 
65 32 35 0 
66 27 45 0 
67 35 76 0 
68 42 113 0 
69 55 37 0 
70 40 21 0 
71 43 84 0 
72 28 23 0 
73 55 66 0 
74 53 35 0 
75 30 17 0 
76 59 45 0 
77 94 99 0 
78 100 62 0 
79 69 92 0 
80 52 146 0 
81 65 90 0 
82 82 49 0 
83 77 155 0 
84 89 308 0 
85 30 22 0 
86 32 112 0 
87 59 91 0 
88 47 131 0 
89 21 80 0 
90 95 169 0 
91 58 176 0 
92 89 162 0 
93 77 117 0 
94 96 282 0 
95 81 127 0 
96 27 18 0 
97 97 308 0 
98 68 232 0 
99 30 51 0 
100 99 264 0 
101 86 63 0 
102 73 93 0 
103 57 139 0 
104 61 139 0 
105 78 57 0 
106 63 84 0 
107 30 117 0 
108 82 302 0 
109 74 268 0 
110 32 73 0 
111 25 81 0 
112 27 95 0 
113 59 196 0 
114 73 80 0 
115 74 219 0 
116 69 72 0 
117 60 222 0 
118 52 110 0 
119 33 39 0 
120 72 57 0 
121 56 104 0 
122 93 364 0 
123 29 110 0 
124 64 88 0 
125 93 357 0 
126 85 229 0 
127 62 139 0 
128 33 22 0 
129 45 36 0 
130 22 66 0 
131 67 119 0 
132 91 226 0 
133 62 91 0 
134 53 136 0 
135 63 42 0 
136 37 93 0 
137 37 44 0 
138 35 139 0 
139 34 104 0 
140 74 288 0 
141 27 78 0 
142 21 71 0 
143 96 169 0 
144 57 74 0 
145 95 302 0 
146 65 82 0 
147 53 126 0 
148 29 48 0 
149 93 200 0 
150 24 88 0 
151 24 28 0 
152 97 122 0 
153 69 226 0 
154 75 158 0 
155 26 31 0 
156 77 232 0 
157 77 156 0 
158 64 145 0 
159 40 128 0 
160 50 189 0 
161 72 236 0 
162 83 241 0 
163 57 212 0 
164 63 153 0 
165 84 93 0 
166 81 64 0 
167 96 136 0 
168 94 172 0 
169 34 55 0 
170 91 267 0 
171 98 270 0 
172 28 66 0 
173 70 191 0 
174 84 195 0 
175 88 114 0 
176 56 141 0 
177 84 319 0 
178 86 241 0 
179 29 46 0 
180 43 38 0 
181 83 330 0 
182 26 54 0 
183 73 51 0 
184 31 24 0 
185 77 207 0 
186 39 81 0 
187 86 219 0 
188 27 40 0 
189 42 74 0 
190 70 149 0 
191 25 77 0 
192 40 101 0 
193 40 33 0 
194 38 108 0 
195 38 137 0 
196 38 102 0 
197 42 45 0 
198 51 155 0 
199 36 90 0 
200 71 183 0 
201 78 79 0 
202 27 44 0 
203 80 57 0 
204 69 223 0 
205 31 24 0 
206 38 77 0 
207 56 133 0 
208 38 29 0 
209 79 289 0 
210 86 338 0 
211 63 61 0 
212 84 110 0 
213 92 258 0 
214 92 180 0 
215 63 205 0 
216 41 97 0 
217 82 257 0 
218 63 106 0 
219 52 198 0 
220 31 89 0 
221 26 47 0 
222 99 178 0 
223 35 115 0 
224 65 231 0 
225 40 138 0 
226 74 176 0 
227 98 56 0 
228 97 297 0 
229 90 202 0 
230 57 165 0 
231 95 340 0 
232 64 186 0 
233 87 309 0 
234 41 99 0 
235 49 192 0 
236 64 52 0 
237 80 281 0 
238 54 169 0 
239 60 213 0 
240 31 27 0 
241 47 78 0 
242 89 135 0 
243 26 33 0 
244 100 369 0 
245 50 33 0 
246 56 146 0 
247 50 87 0 
248 69 143 0 
249 76 263 0 
250 60 188 0 
251 57 164 0 
252 22 65 0 
253 96 145 0 
254 21 55 0 
255 95 186 0 
256 44 154 0 
257 68 113 0 
258 55 167 0 
259 49 173 0 
260 58 59 0 
261 92 333 0 
262 71 137 0 
263 89 222 0 
264 24 13 0 
265 45 51 0 
266 86 229 0 
267 40 49 0 
268 93 169 0 
269 99 251 0 
270 24 48 0 
271 89 256 0 
272 83 161 0 
273 98 358 0 
274 38 82 0 
275 76 213 0 
276 99 125 0 
277 74 40 0 
278 27 30 0 
279 92 190 0 
280 79 164 0 
281 36 19 0 
282 24 47 0 
283 41 160 0 
284 71 47 0 
285 26 90 0 
286 65 224 0 
287 78 269 0 
288 71 123 0 
289 31 90 0 
290 82 115 0 
291 73 236 0 
292 36 33 0 
293 100 307 0 
294 21 46 0 
295 83 150 0 
296 83 54 0 
297 84 166 0 
298 31 105 0 
299 57 211 0 
300 59 63 0 
301 75 159 0 
302 35 110 0 
303 61 116 0 
304 99 204 0 
305 91 60 0 
306 33 70 0 
307 97 369 0 
308 65 183 0 
309 70 212 0 
310 72 70 0 
311 100 329 0 
312 49 189 0 
313 88 228 0 
314 23 18 0 
315 69 148 0 
316 67 153 0 
317 97 166 0 
318 100 82 0 
319 24 90 0 
320 21 29 0 
321 60 153 0 
322 94 307 0 
323 79 296 0 
324 45 146 0 
325 32 92 0 
326 32 20 0 
327 68 62 0 
328 67 49 0 
329 83 161 0 
330 66 60 0 
331 70 129 0 
332 77 267 0 
333 24 48 0 
334 53 175 0 
335 58 166 0 
336 80 113 0 
337 31 69 0 
338 92 162 0 
339 21 26 0 
340 40 67 0 
341 49 133 0 
342 56 132 0 
343 68 176 0 
344 55 177 0 
345 26 70 0 
346 45 96 0 
347 96 334 0 
348 36 123 0 
349 59 165 0 
350 27 39 0 
351 61 166 0 
352 24 45 0 
353 36 73 0 
354 28 43 0 
355 22 64 0 
356 75 246 0 
357 73 286 0 
358 29 52 0 
359 45 140 0 
360 63 104 0 
361 69 145 0 
362 56 170 0 
363 97 88 0 
364 83 231 0 
365 68 109 0 
366 81 68 0 
367 93 277 0 
368 47 64 0 
369 74 79 0 
370 69 215 0 
371 69 196 0 
372 43 102 0 
373 52 160 0 
374 41 147 0 
375 80 119 0 
376 31 120 0 
377 29 18 0 
378 74 227 0 
379 44 86 0 
380 62 213 0 
381 89 183 0 
382 30 71 0 
383 84 280 0 
384 68 203 0 
385 66 134 0 
386 56 76 0 
387 67 245 0 
388 95 357 0 
389 38 35 0 
390 53 211 0 
391 100 267 0 
392 93 344 0 
393 57 211 0 
394 25 44 0 
395 44 136 0 
396 69 253 0 
397 39 62 0 
398 79 112 0 
399 25 56 0 
400 37 99 0 
401 40 149 0 
402 57 191 0 
403 28 34 0 
404 71 58 0 
405 64 161 0 
406 47 136 0 
407 67 44 0 
408 90 299 0 
409 27 27 0 
410 93 268 0 
411 43 79 0 
412 46 135 0 
413 70 238 0 
414 88 223 0 
415 76 154 0 
416 81 124 0 
417 85 206 0 
418 32 95 0 
419 23 28 0 
420 50 82 0 
421 87 345 0 
422 21 70 0 
423 89 131 0 
424 38 50 0 
425 48 36 0 
426 72 166 0 
427 23 34 0 
428 86 334 0 
429 33 125 0 
430 45 124 0 
431 39 58 0 
432 23 26 0 
433 58 181 0 
434 67 44 0 
435 52 85 0 
436 98 135 0 
437 22 79 0 
438 53 55 0 
439 48 107 0 
440 40 81 0 
441 94 229 0 
442 79 224 0 
443 28 77 0 
444 27 26 0 
445 74 271 0 
446 57 135 0 
447 26 68 0 
448 85 75 0 
449 96 283 0 
450 43 114 0 
451 71 173 0 
452 23 78 0 
453 89 112 0 
454 51 59 0 
455 32 114 0 
456 34 99 0 
457 33 59 0 
458 58 93 0 
459 35 88 0 
460 81 209 0 
461 97 280 0 
462 95 317 0 
463 90 117 0 
464 79 201 0 
465 85 193 0 
466 26 21 0 
467 25 60 0 
468 77 196 0 
469 47 91 0 
470 71 241 0 
471 47 129 0 
472 27 22 0 
473 55 196 0 
474 92 240 0 
475 64 111 0 
476 22 56 0 
477 40 57 0 
478 71 184 0 
479 93 180 0 
480 40 54 0 
481 89 159 0 
482 97 360 0 
483 36 138 0 
484 74 65 0 
485 100 251 0 
486 56 173 0 
487 40 86 0 
488 79 116 0 
489 67 266 0 
490 76 244 0 
491 49 177 0 
492 58 187 0 
493 63 170 0 
494 62 79 0 
495 60 119 0 
496 54 57 0 
497 63 47 0 
498 100 264 0 
499 36 77 0 
