NAME GBP_INSTANCES\prob_2_B_4_8_2.txt
COMMENT
BINTYPES 5
ITEMS 500
BINS_SECTIONS
0 60 60 0 502 
1 80 80 0 377 
2 100 100 0 301 
3 120 120 0 251 
4 150 150 0 201 
ITEMS_SECTIONS
0 48 186 0 
1 84 195 0 
2 77 113 0 
3 89 191 0 
4 97 264 0 
5 22 56 0 
6 67 189 0 
7 67 77 0 
8 91 94 0 
9 73 251 0 
10 59 197 0 
11 40 110 0 
12 36 89 0 
13 56 132 0 
14 53 139 0 
15 70 257 0 
16 66 125 0 
17 52 203 0 
18 40 48 0 
19 92 218 0 
20 52 198 0 
21 98 373 0 
22 90 84 0 
23 37 64 0 
24 82 277 0 
25 27 37 0 
26 29 27 0 
27 82 305 0 
28 45 136 0 
29 81 103 0 
30 61 228 0 
31 99 214 0 
32 76 189 0 
33 90 132 0 
34 65 191 0 
35 27 41 0 
36 31 56 0 
37 74 146 0 
38 36 48 0 
39 51 118 0 
40 49 150 0 
41 65 134 0 
42 21 37 0 
43 69 253 0 
44 60 172 0 
45 98 343 0 
46 43 115 0 
47 75 265 0 
48 60 182 0 
49 61 200 0 
50 41 123 0 
51 41 152 0 
52 40 92 0 
53 61 187 0 
54 58 109 0 
55 45 100 0 
56 43 25 0 
57 100 113 0 
58 90 283 0 
59 36 32 0 
60 29 27 0 
61 39 114 0 
62 61 197 0 
63 66 173 0 
64 98 348 0 
65 93 354 0 
66 47 65 0 
67 42 114 0 
68 43 121 0 
69 24 35 0 
70 100 268 0 
71 86 99 0 
72 51 192 0 
73 84 252 0 
74 38 20 0 
75 78 142 0 
76 89 281 0 
77 27 82 0 
78 80 186 0 
79 90 117 0 
80 40 110 0 
81 49 115 0 
82 26 58 0 
83 57 134 0 
84 30 35 0 
85 50 109 0 
86 46 73 0 
87 88 334 0 
88 61 97 0 
89 41 54 0 
90 45 110 0 
91 59 43 0 
92 79 54 0 
93 85 120 0 
94 38 66 0 
95 59 78 0 
96 52 30 0 
97 42 71 0 
98 93 202 0 
99 96 114 0 
100 85 50 0 
101 63 227 0 
102 29 44 0 
103 75 82 0 
104 57 71 0 
105 96 72 0 
106 99 331 0 
107 45 103 0 
108 88 51 0 
109 82 175 0 
110 82 161 0 
111 58 121 0 
112 51 182 0 
113 60 86 0 
114 43 144 0 
115 28 79 0 
116 61 88 0 
117 90 203 0 
118 24 31 0 
119 54 135 0 
120 84 292 0 
121 29 42 0 
122 63 62 0 
123 91 331 0 
124 47 127 0 
125 91 172 0 
126 70 154 0 
127 47 48 0 
128 90 219 0 
129 77 113 0 
130 68 151 0 
131 83 331 0 
132 44 92 0 
133 53 193 0 
134 73 121 0 
135 47 166 0 
136 84 233 0 
137 98 208 0 
138 69 274 0 
139 34 21 0 
140 38 73 0 
141 90 171 0 
142 47 186 0 
143 53 201 0 
144 34 47 0 
145 86 121 0 
146 97 378 0 
147 90 157 0 
148 29 59 0 
149 35 21 0 
150 40 117 0 
151 37 101 0 
152 40 131 0 
153 35 105 0 
154 26 84 0 
155 79 184 0 
156 45 161 0 
157 78 219 0 
158 73 128 0 
159 44 130 0 
160 23 48 0 
161 44 63 0 
162 35 53 0 
163 62 208 0 
164 66 35 0 
165 78 107 0 
166 77 224 0 
167 81 67 0 
168 48 140 0 
169 33 62 0 
170 91 355 0 
171 35 62 0 
172 100 340 0 
173 24 34 0 
174 52 187 0 
175 35 95 0 
176 69 139 0 
177 66 251 0 
178 69 129 0 
179 67 40 0 
180 89 323 0 
181 45 25 0 
182 58 189 0 
183 99 294 0 
184 71 53 0 
185 56 164 0 
186 97 251 0 
187 59 112 0 
188 40 79 0 
189 54 150 0 
190 42 37 0 
191 36 32 0 
192 39 47 0 
193 55 209 0 
194 97 277 0 
195 99 354 0 
196 72 49 0 
197 55 142 0 
198 45 96 0 
199 63 218 0 
200 81 138 0 
201 30 77 0 
202 26 15 0 
203 48 128 0 
204 51 30 0 
205 85 84 0 
206 87 173 0 
207 90 146 0 
208 52 196 0 
209 49 163 0 
210 40 151 0 
211 29 86 0 
212 92 159 0 
213 29 37 0 
214 40 38 0 
215 29 113 0 
216 58 42 0 
217 34 90 0 
218 75 210 0 
219 72 87 0 
220 99 300 0 
221 93 124 0 
222 46 98 0 
223 54 73 0 
224 64 101 0 
225 93 96 0 
226 71 207 0 
227 30 84 0 
228 84 54 0 
229 44 116 0 
230 56 60 0 
231 86 238 0 
232 53 77 0 
233 88 101 0 
234 91 224 0 
235 80 298 0 
236 85 260 0 
237 63 77 0 
238 64 190 0 
239 34 117 0 
240 99 306 0 
241 29 40 0 
242 46 144 0 
243 54 101 0 
244 68 148 0 
245 41 94 0 
246 25 43 0 
247 64 167 0 
248 21 32 0 
249 22 26 0 
250 37 29 0 
251 90 247 0 
252 66 228 0 
253 99 120 0 
254 77 171 0 
255 95 86 0 
256 80 144 0 
257 85 317 0 
258 54 78 0 
259 97 117 0 
260 60 206 0 
261 95 288 0 
262 29 74 0 
263 49 141 0 
264 52 207 0 
265 71 216 0 
266 63 151 0 
267 64 60 0 
268 94 270 0 
269 53 67 0 
270 49 163 0 
271 50 96 0 
272 60 170 0 
273 27 47 0 
274 83 237 0 
275 70 275 0 
276 62 185 0 
277 46 179 0 
278 51 98 0 
279 88 329 0 
280 36 25 0 
281 99 99 0 
282 96 306 0 
283 90 168 0 
284 41 114 0 
285 40 43 0 
286 39 136 0 
287 47 99 0 
288 49 31 0 
289 68 87 0 
290 98 117 0 
291 69 44 0 
292 54 203 0 
293 86 73 0 
294 41 49 0 
295 62 34 0 
296 61 151 0 
297 34 19 0 
298 73 73 0 
299 21 48 0 
300 69 98 0 
301 60 133 0 
302 29 65 0 
303 46 130 0 
304 85 254 0 
305 95 252 0 
306 24 87 0 
307 88 181 0 
308 59 52 0 
309 74 114 0 
310 72 81 0 
311 34 50 0 
312 77 307 0 
313 52 193 0 
314 85 305 0 
315 58 119 0 
316 62 246 0 
317 35 122 0 
318 77 135 0 
319 82 221 0 
320 68 77 0 
321 24 81 0 
322 57 165 0 
323 43 107 0 
324 59 194 0 
325 40 137 0 
326 84 203 0 
327 39 148 0 
328 45 41 0 
329 55 63 0 
330 52 109 0 
331 62 238 0 
332 95 279 0 
333 75 78 0 
334 66 197 0 
335 61 150 0 
336 62 104 0 
337 68 122 0 
338 97 149 0 
339 49 41 0 
340 60 161 0 
341 62 102 0 
342 40 56 0 
343 39 118 0 
344 94 333 0 
345 95 211 0 
346 32 120 0 
347 65 197 0 
348 25 28 0 
349 29 54 0 
350 92 178 0 
351 23 21 0 
352 52 27 0 
353 46 34 0 
354 56 107 0 
355 44 67 0 
356 86 302 0 
357 50 55 0 
358 69 80 0 
359 24 56 0 
360 23 19 0 
361 84 202 0 
362 49 45 0 
363 61 129 0 
364 39 99 0 
365 76 252 0 
366 59 134 0 
367 99 229 0 
368 93 354 0 
369 53 143 0 
370 90 270 0 
371 63 248 0 
372 85 317 0 
373 98 122 0 
374 64 232 0 
375 51 36 0 
376 96 231 0 
377 68 227 0 
378 85 198 0 
379 33 39 0 
380 85 277 0 
381 34 125 0 
382 63 212 0 
383 57 225 0 
384 56 203 0 
385 91 270 0 
386 24 79 0 
387 24 23 0 
388 83 90 0 
389 35 122 0 
390 65 162 0 
391 28 92 0 
392 72 126 0 
393 95 371 0 
394 69 175 0 
395 64 239 0 
396 22 28 0 
397 29 114 0 
398 67 94 0 
399 53 69 0 
400 22 81 0 
401 100 185 0 
402 68 196 0 
403 84 103 0 
404 90 58 0 
405 93 333 0 
406 92 92 0 
407 65 217 0 
408 70 233 0 
409 83 101 0 
410 27 69 0 
411 49 43 0 
412 91 201 0 
413 50 127 0 
414 47 149 0 
415 21 25 0 
416 30 99 0 
417 66 100 0 
418 83 152 0 
419 23 14 0 
420 94 209 0 
421 61 73 0 
422 56 38 0 
423 27 88 0 
424 87 78 0 
425 91 84 0 
426 74 52 0 
427 41 26 0 
428 24 74 0 
429 50 82 0 
430 64 223 0 
431 22 12 0 
432 68 180 0 
433 51 107 0 
434 54 141 0 
435 77 271 0 
436 49 83 0 
437 30 108 0 
438 68 260 0 
439 42 147 0 
440 60 214 0 
441 34 20 0 
442 81 88 0 
443 47 71 0 
444 73 126 0 
445 65 95 0 
446 96 271 0 
447 38 28 0 
448 62 41 0 
449 64 133 0 
450 75 297 0 
451 87 156 0 
452 23 35 0 
453 24 49 0 
454 27 102 0 
455 48 126 0 
456 21 43 0 
457 24 64 0 
458 66 102 0 
459 52 28 0 
460 42 38 0 
461 79 256 0 
462 24 24 0 
463 75 244 0 
464 27 47 0 
465 91 175 0 
466 26 42 0 
467 92 295 0 
468 33 98 0 
469 35 54 0 
470 94 93 0 
471 71 40 0 
472 86 52 0 
473 86 187 0 
474 25 79 0 
475 52 196 0 
476 75 292 0 
477 54 50 0 
478 24 64 0 
479 40 81 0 
480 57 141 0 
481 46 52 0 
482 38 150 0 
483 32 99 0 
484 30 79 0 
485 45 42 0 
486 38 50 0 
487 85 324 0 
488 44 75 0 
489 29 70 0 
490 81 276 0 
491 83 176 0 
492 90 199 0 
493 44 169 0 
494 77 177 0 
495 86 211 0 
496 73 79 0 
497 36 106 0 
498 84 53 0 
499 27 44 0 
