NAME GBP_INSTANCES\prob_2_A_3_7_2.txt
COMMENT
BINTYPES 3
ITEMS 200
BINS_SECTIONS
0 100 100 0 124 
1 120 120 0 103 
2 150 150 0 83 
ITEMS_SECTIONS
0 57 82 0 
1 21 37 0 
2 57 148 0 
3 80 202 0 
4 95 296 0 
5 42 78 0 
6 59 54 0 
7 85 174 0 
8 77 45 0 
9 35 70 0 
10 30 111 0 
11 70 47 0 
12 30 112 0 
13 93 288 0 
14 71 260 0 
15 75 261 0 
16 31 74 0 
17 28 65 0 
18 97 175 0 
19 47 132 0 
20 35 79 0 
21 91 52 0 
22 32 75 0 
23 56 62 0 
24 67 53 0 
25 100 125 0 
26 26 104 0 
27 79 308 0 
28 86 307 0 
29 69 235 0 
30 27 23 0 
31 39 68 0 
32 90 276 0 
33 21 38 0 
34 96 375 0 
35 74 258 0 
36 73 119 0 
37 69 236 0 
38 68 57 0 
39 32 91 0 
40 30 68 0 
41 67 266 0 
42 29 22 0 
43 90 73 0 
44 87 301 0 
45 61 147 0 
46 57 179 0 
47 53 41 0 
48 77 289 0 
49 41 152 0 
50 57 116 0 
51 37 131 0 
52 66 91 0 
53 70 114 0 
54 51 141 0 
55 81 119 0 
56 49 123 0 
57 89 68 0 
58 74 208 0 
59 45 48 0 
60 67 225 0 
61 78 236 0 
62 46 117 0 
63 45 45 0 
64 91 48 0 
65 22 15 0 
66 44 122 0 
67 70 111 0 
68 45 179 0 
69 47 117 0 
70 64 69 0 
71 77 179 0 
72 99 101 0 
73 27 103 0 
74 92 197 0 
75 79 267 0 
76 30 74 0 
77 44 80 0 
78 72 81 0 
79 83 272 0 
80 81 60 0 
81 56 206 0 
82 93 84 0 
83 38 135 0 
84 44 163 0 
85 82 171 0 
86 57 60 0 
87 52 174 0 
88 38 64 0 
89 35 112 0 
90 60 86 0 
91 74 236 0 
92 100 221 0 
93 65 82 0 
94 79 272 0 
95 89 176 0 
96 71 203 0 
97 29 62 0 
98 39 28 0 
99 44 146 0 
100 95 176 0 
101 91 193 0 
102 82 212 0 
103 64 191 0 
104 76 197 0 
105 34 42 0 
106 72 141 0 
107 82 43 0 
108 31 62 0 
109 59 100 0 
110 100 333 0 
111 25 62 0 
112 74 60 0 
113 43 119 0 
114 72 283 0 
115 61 68 0 
116 51 194 0 
117 23 83 0 
118 38 70 0 
119 67 81 0 
120 45 39 0 
121 59 179 0 
122 87 253 0 
123 44 58 0 
124 76 211 0 
125 28 55 0 
126 96 318 0 
127 85 90 0 
128 79 273 0 
129 55 170 0 
130 78 235 0 
131 42 38 0 
132 64 227 0 
133 41 34 0 
134 61 64 0 
135 24 19 0 
136 30 53 0 
137 51 29 0 
138 80 107 0 
139 51 125 0 
140 21 34 0 
141 87 197 0 
142 100 248 0 
143 86 205 0 
144 44 150 0 
145 58 177 0 
146 38 58 0 
147 27 17 0 
148 87 216 0 
149 79 238 0 
150 37 116 0 
151 91 67 0 
152 37 126 0 
153 48 36 0 
154 33 49 0 
155 61 166 0 
156 47 46 0 
157 94 270 0 
158 48 89 0 
159 56 61 0 
160 42 81 0 
161 40 157 0 
162 93 98 0 
163 97 224 0 
164 31 108 0 
165 27 29 0 
166 71 207 0 
167 94 285 0 
168 66 212 0 
169 52 183 0 
170 83 203 0 
171 85 106 0 
172 88 344 0 
173 80 89 0 
174 89 148 0 
175 23 59 0 
176 96 142 0 
177 86 126 0 
178 55 187 0 
179 81 269 0 
180 69 186 0 
181 82 141 0 
182 76 195 0 
183 35 71 0 
184 98 56 0 
185 60 42 0 
186 34 34 0 
187 58 96 0 
188 58 100 0 
189 38 129 0 
190 99 256 0 
191 49 110 0 
192 84 222 0 
193 92 123 0 
194 36 84 0 
195 68 251 0 
196 72 111 0 
197 63 56 0 
198 85 305 0 
199 42 37 0 
