NAME GBP_INSTANCES\prob_2_B_1_6_2.txt
COMMENT
BINTYPES 5
ITEMS 50
BINS_SECTIONS
0 60 60 0 50 
1 80 80 0 38 
2 100 100 0 30 
3 120 120 0 25 
4 150 150 0 20 
ITEMS_SECTIONS
0 27 63 0 
1 76 225 0 
2 51 145 0 
3 44 66 0 
4 83 176 0 
5 36 74 0 
6 48 27 0 
7 82 223 0 
8 47 33 0 
9 28 68 0 
10 93 343 0 
11 83 308 0 
12 64 175 0 
13 89 324 0 
14 31 39 0 
15 79 236 0 
16 31 108 0 
17 21 66 0 
18 46 62 0 
19 74 140 0 
20 57 106 0 
21 59 168 0 
22 38 130 0 
23 31 23 0 
24 36 108 0 
25 27 82 0 
26 51 69 0 
27 88 77 0 
28 36 82 0 
29 94 276 0 
30 69 53 0 
31 80 152 0 
32 47 83 0 
33 99 373 0 
34 26 80 0 
35 66 53 0 
36 53 143 0 
37 96 141 0 
38 90 56 0 
39 61 181 0 
40 98 130 0 
41 55 198 0 
42 77 144 0 
43 31 116 0 
44 34 44 0 
45 57 104 0 
46 69 54 0 
47 100 209 0 
48 59 223 0 
49 77 192 0 
