NAME GBP_INSTANCES\prob_1_A_1_4_2.txt
COMMENT
BINTYPES 3
ITEMS 50
BINS_SECTIONS
0 100 100 0 29 
1 120 120 0 24 
2 150 150 0 20 
ITEMS_SECTIONS
0 66 219 0 
1 85 52 0 
2 85 99 0 
3 17 11 0 
4 23 13 0 
5 63 152 0 
6 45 68 0 
7 58 89 0 
8 10 25 0 
9 39 132 0 
10 73 87 0 
11 52 171 0 
12 80 286 0 
13 89 117 0 
14 11 34 0 
15 67 233 0 
16 56 168 0 
17 74 112 0 
18 46 93 0 
19 85 259 0 
20 78 129 0 
21 40 89 0 
22 84 264 0 
23 64 209 0 
24 63 207 0 
25 45 44 0 
26 24 52 0 
27 26 43 0 
28 51 105 0 
29 63 247 0 
30 9 35 0 
31 15 23 0 
32 8 19 0 
33 73 223 0 
34 86 325 0 
35 98 342 0 
36 67 112 0 
37 96 194 0 
38 36 78 0 
39 59 176 0 
40 65 115 0 
41 96 358 0 
42 93 130 0 
43 45 95 0 
44 60 36 0 
45 86 96 0 
46 42 61 0 
47 31 38 0 
48 85 46 0 
49 66 43 0 
