NAME GBP_INSTANCES\prob_1_B_3_4_2.txt
COMMENT
BINTYPES 5
ITEMS 200
BINS_SECTIONS
0 60 60 0 170 
1 80 80 0 127 
2 100 100 0 102 
3 120 120 0 85 
4 150 150 0 68 
ITEMS_SECTIONS
0 3 8 0 
1 37 82 0 
2 59 212 0 
3 45 148 0 
4 95 86 0 
5 78 276 0 
6 95 345 0 
7 66 123 0 
8 54 83 0 
9 32 35 0 
10 30 79 0 
11 44 132 0 
12 13 42 0 
13 22 62 0 
14 92 228 0 
15 93 117 0 
16 72 252 0 
17 36 114 0 
18 32 101 0 
19 10 16 0 
20 59 51 0 
21 77 57 0 
22 72 230 0 
23 45 151 0 
24 20 64 0 
25 71 139 0 
26 99 262 0 
27 83 271 0 
28 23 64 0 
29 54 160 0 
30 20 63 0 
31 38 114 0 
32 87 93 0 
33 44 24 0 
34 83 183 0 
35 14 12 0 
36 100 243 0 
37 19 69 0 
38 28 80 0 
39 57 50 0 
40 68 211 0 
41 86 177 0 
42 30 39 0 
43 41 155 0 
44 50 132 0 
45 76 90 0 
46 19 39 0 
47 3 12 0 
48 9 16 0 
49 52 193 0 
50 46 180 0 
51 98 392 0 
52 49 166 0 
53 67 127 0 
54 54 56 0 
55 64 215 0 
56 56 76 0 
57 41 128 0 
58 53 60 0 
59 68 52 0 
60 25 81 0 
61 19 23 0 
62 32 110 0 
63 40 62 0 
64 83 175 0 
65 60 68 0 
66 26 98 0 
67 59 131 0 
68 86 170 0 
69 26 35 0 
70 67 210 0 
71 90 237 0 
72 15 54 0 
73 27 86 0 
74 22 63 0 
75 38 125 0 
76 29 19 0 
77 70 279 0 
78 67 84 0 
79 30 34 0 
80 26 66 0 
81 7 5 0 
82 94 250 0 
83 82 47 0 
84 39 26 0 
85 78 119 0 
86 89 279 0 
87 59 87 0 
88 40 99 0 
89 91 210 0 
90 95 326 0 
91 85 176 0 
92 78 262 0 
93 16 19 0 
94 86 321 0 
95 26 72 0 
96 9 14 0 
97 13 14 0 
98 68 87 0 
99 84 195 0 
100 60 96 0 
101 21 75 0 
102 41 39 0 
103 34 39 0 
104 78 308 0 
105 87 323 0 
106 25 82 0 
107 40 121 0 
108 11 41 0 
109 72 239 0 
110 90 302 0 
111 83 232 0 
112 50 128 0 
113 16 50 0 
114 6 6 0 
115 45 93 0 
116 21 81 0 
117 100 81 0 
118 28 35 0 
119 52 97 0 
120 18 23 0 
121 99 167 0 
122 42 134 0 
123 69 44 0 
124 77 205 0 
125 29 23 0 
126 8 25 0 
127 8 12 0 
128 2 3 0 
129 11 20 0 
130 87 250 0 
131 49 120 0 
132 96 130 0 
133 58 129 0 
134 25 88 0 
135 66 201 0 
136 68 55 0 
137 88 183 0 
138 51 128 0 
139 11 28 0 
140 27 36 0 
141 83 281 0 
142 84 135 0 
143 81 209 0 
144 33 73 0 
145 82 72 0 
146 8 8 0 
147 25 32 0 
148 55 197 0 
149 56 166 0 
150 67 121 0 
151 77 110 0 
152 57 78 0 
153 26 82 0 
154 7 6 0 
155 14 24 0 
156 92 225 0 
157 77 164 0 
158 68 121 0 
159 10 34 0 
160 24 26 0 
161 49 105 0 
162 58 147 0 
163 76 160 0 
164 45 79 0 
165 27 108 0 
166 37 77 0 
167 75 228 0 
168 12 19 0 
169 32 101 0 
170 12 27 0 
171 73 128 0 
172 81 285 0 
173 38 21 0 
174 96 341 0 
175 52 67 0 
176 47 62 0 
177 93 242 0 
178 22 66 0 
179 26 17 0 
180 78 224 0 
181 2 4 0 
182 51 124 0 
183 76 236 0 
184 49 123 0 
185 16 15 0 
186 98 196 0 
187 71 76 0 
188 61 106 0 
189 13 48 0 
190 85 86 0 
191 63 129 0 
192 59 227 0 
193 7 13 0 
194 52 65 0 
195 46 34 0 
196 25 33 0 
197 52 55 0 
198 47 155 0 
199 58 165 0 
