NAME GBP_INSTANCES\prob_3_B_0_4_2.txt
COMMENT
BINTYPES 5
ITEMS 25
BINS_SECTIONS
0 60 60 0 34 
1 80 80 0 26 
2 100 100 0 21 
3 120 120 0 17 
4 150 150 0 14 
ITEMS_SECTIONS
0 66 88 0 
1 72 214 0 
2 95 184 0 
3 99 368 0 
4 97 103 0 
5 56 196 0 
6 80 140 0 
7 69 135 0 
8 100 75 0 
9 100 229 0 
10 54 186 0 
11 54 39 0 
12 72 45 0 
13 59 186 0 
14 83 146 0 
15 95 85 0 
16 69 272 0 
17 100 135 0 
18 100 164 0 
19 86 176 0 
20 92 323 0 
21 96 140 0 
22 74 266 0 
23 81 220 0 
24 59 231 0 
