NAME GBP_INSTANCES\prob_3_B_4_1_2.txt
COMMENT
BINTYPES 5
ITEMS 500
BINS_SECTIONS
0 60 60 0 637 
1 80 80 0 478 
2 100 100 0 383 
3 120 120 0 319 
4 150 150 0 255 
ITEMS_SECTIONS
0 60 81 0 
1 71 191 0 
2 96 332 0 
3 73 189 0 
4 71 85 0 
5 90 330 0 
6 92 181 0 
7 60 117 0 
8 56 46 0 
9 51 175 0 
10 92 340 0 
11 92 276 0 
12 59 117 0 
13 54 171 0 
14 79 279 0 
15 95 307 0 
16 72 152 0 
17 98 379 0 
18 56 80 0 
19 74 260 0 
20 68 236 0 
21 96 320 0 
22 71 37 0 
23 84 216 0 
24 98 315 0 
25 87 299 0 
26 66 93 0 
27 91 106 0 
28 67 57 0 
29 93 108 0 
30 63 229 0 
31 91 119 0 
32 79 229 0 
33 73 85 0 
34 83 55 0 
35 98 377 0 
36 99 313 0 
37 88 217 0 
38 72 140 0 
39 91 152 0 
40 82 154 0 
41 77 67 0 
42 94 290 0 
43 51 167 0 
44 80 107 0 
45 90 290 0 
46 94 95 0 
47 89 305 0 
48 95 324 0 
49 52 53 0 
50 100 248 0 
51 59 72 0 
52 63 65 0 
53 93 243 0 
54 69 199 0 
55 91 269 0 
56 83 156 0 
57 60 76 0 
58 94 302 0 
59 94 179 0 
60 75 125 0 
61 64 223 0 
62 76 119 0 
63 60 239 0 
64 76 290 0 
65 66 241 0 
66 83 187 0 
67 78 231 0 
68 63 107 0 
69 51 198 0 
70 84 139 0 
71 80 192 0 
72 62 133 0 
73 59 198 0 
74 58 80 0 
75 84 226 0 
76 78 282 0 
77 58 57 0 
78 87 72 0 
79 96 338 0 
80 65 104 0 
81 85 75 0 
82 52 165 0 
83 56 116 0 
84 51 118 0 
85 88 65 0 
86 86 265 0 
87 66 39 0 
88 67 119 0 
89 99 99 0 
90 96 57 0 
91 99 393 0 
92 64 84 0 
93 59 232 0 
94 69 227 0 
95 85 275 0 
96 83 272 0 
97 90 75 0 
98 67 189 0 
99 90 182 0 
100 69 170 0 
101 82 248 0 
102 78 205 0 
103 80 170 0 
104 70 46 0 
105 72 151 0 
106 78 60 0 
107 100 272 0 
108 92 117 0 
109 65 49 0 
110 74 251 0 
111 71 122 0 
112 80 123 0 
113 93 111 0 
114 70 214 0 
115 95 58 0 
116 93 168 0 
117 80 294 0 
118 96 161 0 
119 51 43 0 
120 65 220 0 
121 62 77 0 
122 81 259 0 
123 96 191 0 
124 55 152 0 
125 55 150 0 
126 58 55 0 
127 84 108 0 
128 69 186 0 
129 51 67 0 
130 80 259 0 
131 68 57 0 
132 80 290 0 
133 74 38 0 
134 99 360 0 
135 72 137 0 
136 63 223 0 
137 58 54 0 
138 77 39 0 
139 67 68 0 
140 70 162 0 
141 58 58 0 
142 71 179 0 
143 97 279 0 
144 78 274 0 
145 91 189 0 
146 86 184 0 
147 62 125 0 
148 58 131 0 
149 59 169 0 
150 68 57 0 
151 69 181 0 
152 80 157 0 
153 75 260 0 
154 81 313 0 
155 78 108 0 
156 76 299 0 
157 71 217 0 
158 56 180 0 
159 55 69 0 
160 87 169 0 
161 73 203 0 
162 91 228 0 
163 51 65 0 
164 73 224 0 
165 63 206 0 
166 93 191 0 
167 70 40 0 
168 86 144 0 
169 75 182 0 
170 95 300 0 
171 54 100 0 
172 73 162 0 
173 79 307 0 
174 90 279 0 
175 87 111 0 
176 80 153 0 
177 61 43 0 
178 56 210 0 
179 98 338 0 
180 79 176 0 
181 58 100 0 
182 72 37 0 
183 72 232 0 
184 97 170 0 
185 80 114 0 
186 100 169 0 
187 93 178 0 
188 68 163 0 
189 71 89 0 
190 77 182 0 
191 78 230 0 
192 79 84 0 
193 95 329 0 
194 93 63 0 
195 80 66 0 
196 85 124 0 
197 79 121 0 
198 53 208 0 
199 64 36 0 
200 69 150 0 
201 99 79 0 
202 51 201 0 
203 87 187 0 
204 71 135 0 
205 60 86 0 
206 94 342 0 
207 85 260 0 
208 95 206 0 
209 53 209 0 
210 58 217 0 
211 98 292 0 
212 97 317 0 
213 100 330 0 
214 76 125 0 
215 92 272 0 
216 92 54 0 
217 87 218 0 
218 68 211 0 
219 92 217 0 
220 83 205 0 
221 56 161 0 
222 82 185 0 
223 59 142 0 
224 70 195 0 
225 75 191 0 
226 100 297 0 
227 53 130 0 
228 63 246 0 
229 92 283 0 
230 70 130 0 
231 77 286 0 
232 80 181 0 
233 73 265 0 
234 84 240 0 
235 95 204 0 
236 96 60 0 
237 77 231 0 
238 92 164 0 
239 62 84 0 
240 68 226 0 
241 82 240 0 
242 95 164 0 
243 61 149 0 
244 66 48 0 
245 52 157 0 
246 95 351 0 
247 88 300 0 
248 72 144 0 
249 73 56 0 
250 85 154 0 
251 84 292 0 
252 82 313 0 
253 74 228 0 
254 79 83 0 
255 86 219 0 
256 72 185 0 
257 89 206 0 
258 51 31 0 
259 72 142 0 
260 67 240 0 
261 65 106 0 
262 86 159 0 
263 59 206 0 
264 70 184 0 
265 59 207 0 
266 57 164 0 
267 64 228 0 
268 90 288 0 
269 96 375 0 
270 94 120 0 
271 71 239 0 
272 77 287 0 
273 81 65 0 
274 93 278 0 
275 92 176 0 
276 100 278 0 
277 75 44 0 
278 95 159 0 
279 53 114 0 
280 85 150 0 
281 81 96 0 
282 78 119 0 
283 79 140 0 
284 89 247 0 
285 62 46 0 
286 77 73 0 
287 76 125 0 
288 84 68 0 
289 78 202 0 
290 60 203 0 
291 95 292 0 
292 65 247 0 
293 53 119 0 
294 89 104 0 
295 91 132 0 
296 78 267 0 
297 82 84 0 
298 59 72 0 
299 81 320 0 
300 59 62 0 
301 78 227 0 
302 56 97 0 
303 94 341 0 
304 90 145 0 
305 52 110 0 
306 100 55 0 
307 99 223 0 
308 74 174 0 
309 69 181 0 
310 88 88 0 
311 58 130 0 
312 60 72 0 
313 72 67 0 
314 94 163 0 
315 95 113 0 
316 88 77 0 
317 52 125 0 
318 83 117 0 
319 76 270 0 
320 89 56 0 
321 51 26 0 
322 62 245 0 
323 82 70 0 
324 90 114 0 
325 54 75 0 
326 66 93 0 
327 83 280 0 
328 78 256 0 
329 89 210 0 
330 99 125 0 
331 92 219 0 
332 65 58 0 
333 73 70 0 
334 84 266 0 
335 93 97 0 
336 58 173 0 
337 63 199 0 
338 89 173 0 
339 98 134 0 
340 75 263 0 
341 77 246 0 
342 86 316 0 
343 52 103 0 
344 64 72 0 
345 76 259 0 
346 56 169 0 
347 53 98 0 
348 74 208 0 
349 66 103 0 
350 100 223 0 
351 62 181 0 
352 57 57 0 
353 85 122 0 
354 65 260 0 
355 99 202 0 
356 81 43 0 
357 56 85 0 
358 52 175 0 
359 76 127 0 
360 79 255 0 
361 92 315 0 
362 61 220 0 
363 94 97 0 
364 86 284 0 
365 75 207 0 
366 82 108 0 
367 59 83 0 
368 68 94 0 
369 97 335 0 
370 56 103 0 
371 55 79 0 
372 99 199 0 
373 85 302 0 
374 98 262 0 
375 65 223 0 
376 52 188 0 
377 87 67 0 
378 60 95 0 
379 79 185 0 
380 53 153 0 
381 69 109 0 
382 83 56 0 
383 91 98 0 
384 94 198 0 
385 74 194 0 
386 54 201 0 
387 69 232 0 
388 93 81 0 
389 92 63 0 
390 83 71 0 
391 90 211 0 
392 79 181 0 
393 68 182 0 
394 52 88 0 
395 91 242 0 
396 56 219 0 
397 71 177 0 
398 52 148 0 
399 63 249 0 
400 96 384 0 
401 58 196 0 
402 70 264 0 
403 95 121 0 
404 54 168 0 
405 70 237 0 
406 83 196 0 
407 57 122 0 
408 62 239 0 
409 68 247 0 
410 75 153 0 
411 53 95 0 
412 93 268 0 
413 68 174 0 
414 82 58 0 
415 98 115 0 
416 92 104 0 
417 78 121 0 
418 83 251 0 
419 65 246 0 
420 88 187 0 
421 86 58 0 
422 90 227 0 
423 74 55 0 
424 58 125 0 
425 65 257 0 
426 54 210 0 
427 91 193 0 
428 75 165 0 
429 88 122 0 
430 96 277 0 
431 55 154 0 
432 100 275 0 
433 65 205 0 
434 75 240 0 
435 96 218 0 
436 60 109 0 
437 53 162 0 
438 98 241 0 
439 68 263 0 
440 69 222 0 
441 100 208 0 
442 93 197 0 
443 60 92 0 
444 70 149 0 
445 62 53 0 
446 98 368 0 
447 99 165 0 
448 79 111 0 
449 75 274 0 
450 83 80 0 
451 68 161 0 
452 90 312 0 
453 53 69 0 
454 54 211 0 
455 57 42 0 
456 86 112 0 
457 96 230 0 
458 70 71 0 
459 57 130 0 
460 99 302 0 
461 97 222 0 
462 63 72 0 
463 67 258 0 
464 76 229 0 
465 54 137 0 
466 87 53 0 
467 89 74 0 
468 96 178 0 
469 97 374 0 
470 97 326 0 
471 67 35 0 
472 84 275 0 
473 79 246 0 
474 79 62 0 
475 91 259 0 
476 75 59 0 
477 93 244 0 
478 80 111 0 
479 89 168 0 
480 68 224 0 
481 60 175 0 
482 56 43 0 
483 63 156 0 
484 86 148 0 
485 51 153 0 
486 55 220 0 
487 99 88 0 
488 66 128 0 
489 92 86 0 
490 78 79 0 
491 55 162 0 
492 99 247 0 
493 61 147 0 
494 99 374 0 
495 58 175 0 
496 56 172 0 
497 80 122 0 
498 94 178 0 
499 62 77 0 
