NAME GBP_INSTANCES\prob_2_B_0_9_2.txt
COMMENT
BINTYPES 5
ITEMS 25
BINS_SECTIONS
0 60 60 0 26 
1 80 80 0 19 
2 100 100 0 16 
3 120 120 0 13 
4 150 150 0 11 
ITEMS_SECTIONS
0 26 62 0 
1 63 128 0 
2 83 117 0 
3 76 118 0 
4 23 53 0 
5 72 288 0 
6 25 73 0 
7 41 110 0 
8 81 119 0 
9 71 240 0 
10 88 343 0 
11 90 51 0 
12 59 69 0 
13 95 147 0 
14 92 207 0 
15 22 74 0 
16 88 223 0 
17 45 82 0 
18 82 258 0 
19 89 277 0 
20 37 63 0 
21 21 46 0 
22 26 44 0 
23 63 122 0 
24 59 69 0 
