NAME GBP_INSTANCES\prob_1_A_3_7_2.txt
COMMENT
BINTYPES 3
ITEMS 200
BINS_SECTIONS
0 100 100 0 105 
1 120 120 0 87 
2 150 150 0 70 
ITEMS_SECTIONS
0 33 81 0 
1 92 238 0 
2 70 161 0 
3 31 97 0 
4 18 10 0 
5 36 84 0 
6 91 178 0 
7 43 163 0 
8 49 52 0 
9 38 125 0 
10 92 156 0 
11 82 65 0 
12 57 60 0 
13 47 175 0 
14 11 33 0 
15 92 368 0 
16 66 236 0 
17 60 210 0 
18 18 54 0 
19 62 134 0 
20 5 6 0 
21 67 173 0 
22 42 160 0 
23 22 26 0 
24 72 211 0 
25 31 76 0 
26 66 125 0 
27 28 54 0 
28 88 339 0 
29 21 44 0 
30 21 46 0 
31 10 38 0 
32 35 46 0 
33 77 246 0 
34 46 28 0 
35 23 57 0 
36 28 97 0 
37 85 94 0 
38 37 20 0 
39 85 173 0 
40 22 53 0 
41 43 104 0 
42 56 120 0 
43 36 141 0 
44 92 104 0 
45 22 18 0 
46 25 47 0 
47 3 6 0 
48 96 252 0 
49 80 131 0 
50 70 216 0 
51 97 258 0 
52 48 89 0 
53 41 71 0 
54 49 146 0 
55 53 59 0 
56 17 13 0 
57 90 303 0 
58 16 53 0 
59 6 4 0 
60 90 309 0 
61 11 39 0 
62 68 67 0 
63 20 73 0 
64 4 3 0 
65 98 135 0 
66 31 60 0 
67 3 8 0 
68 67 43 0 
69 92 219 0 
70 96 373 0 
71 64 206 0 
72 14 35 0 
73 56 138 0 
74 17 29 0 
75 82 138 0 
76 87 184 0 
77 26 48 0 
78 39 110 0 
79 50 116 0 
80 88 165 0 
81 98 160 0 
82 76 281 0 
83 29 40 0 
84 15 33 0 
85 43 63 0 
86 30 78 0 
87 12 24 0 
88 94 240 0 
89 24 14 0 
90 35 52 0 
91 7 10 0 
92 58 179 0 
93 20 22 0 
94 48 29 0 
95 52 167 0 
96 53 60 0 
97 19 12 0 
98 55 129 0 
99 73 176 0 
100 36 88 0 
101 75 237 0 
102 21 81 0 
103 81 304 0 
104 52 111 0 
105 20 29 0 
106 37 86 0 
107 43 168 0 
108 39 120 0 
109 94 343 0 
110 22 53 0 
111 97 126 0 
112 54 199 0 
113 8 16 0 
114 3 9 0 
115 77 222 0 
116 77 43 0 
117 95 94 0 
118 47 92 0 
119 91 252 0 
120 80 175 0 
121 49 183 0 
122 72 154 0 
123 21 77 0 
124 12 26 0 
125 38 36 0 
126 87 235 0 
127 8 12 0 
128 93 128 0 
129 62 113 0 
130 25 66 0 
131 68 247 0 
132 77 305 0 
133 62 244 0 
134 82 255 0 
135 25 65 0 
136 59 70 0 
137 34 80 0 
138 52 64 0 
139 73 108 0 
140 92 327 0 
141 67 248 0 
142 62 163 0 
143 89 261 0 
144 3 5 0 
145 62 56 0 
146 90 325 0 
147 94 328 0 
148 53 64 0 
149 31 69 0 
150 82 79 0 
151 72 251 0 
152 45 138 0 
153 48 167 0 
154 47 95 0 
155 72 227 0 
156 19 42 0 
157 61 192 0 
158 39 61 0 
159 75 281 0 
160 33 115 0 
161 12 48 0 
162 15 19 0 
163 59 105 0 
164 84 112 0 
165 88 123 0 
166 75 229 0 
167 65 159 0 
168 55 159 0 
169 58 104 0 
170 67 260 0 
171 67 128 0 
172 38 30 0 
173 97 183 0 
174 74 290 0 
175 56 82 0 
176 41 55 0 
177 73 114 0 
178 50 48 0 
179 66 246 0 
180 7 25 0 
181 91 300 0 
182 43 88 0 
183 17 23 0 
184 56 41 0 
185 60 115 0 
186 53 136 0 
187 20 19 0 
188 93 261 0 
189 95 78 0 
190 75 91 0 
191 26 90 0 
192 77 241 0 
193 10 22 0 
194 72 146 0 
195 50 137 0 
196 95 301 0 
197 2 4 0 
198 15 39 0 
199 58 164 0 
