NAME GBP_INSTANCES\prob_3_A_3_3_2.txt
COMMENT
BINTYPES 3
ITEMS 200
BINS_SECTIONS
0 100 100 0 151 
1 120 120 0 126 
2 150 150 0 101 
ITEMS_SECTIONS
0 93 123 0 
1 60 130 0 
2 61 136 0 
3 87 289 0 
4 58 121 0 
5 83 46 0 
6 70 76 0 
7 85 74 0 
8 71 38 0 
9 52 168 0 
10 100 118 0 
11 73 238 0 
12 62 114 0 
13 89 95 0 
14 78 115 0 
15 67 77 0 
16 86 70 0 
17 89 81 0 
18 59 212 0 
19 66 189 0 
20 55 121 0 
21 76 103 0 
22 88 94 0 
23 91 204 0 
24 57 160 0 
25 96 278 0 
26 86 182 0 
27 90 240 0 
28 86 248 0 
29 76 115 0 
30 85 52 0 
31 53 119 0 
32 85 96 0 
33 55 82 0 
34 70 224 0 
35 59 34 0 
36 62 229 0 
37 77 262 0 
38 72 162 0 
39 96 86 0 
40 99 281 0 
41 82 244 0 
42 72 212 0 
43 61 199 0 
44 56 175 0 
45 93 281 0 
46 92 176 0 
47 55 159 0 
48 84 159 0 
49 88 113 0 
50 51 191 0 
51 61 62 0 
52 61 81 0 
53 54 153 0 
54 52 160 0 
55 73 96 0 
56 57 149 0 
57 54 130 0 
58 81 284 0 
59 75 283 0 
60 91 110 0 
61 66 245 0 
62 86 71 0 
63 77 165 0 
64 90 346 0 
65 69 219 0 
66 64 201 0 
67 60 240 0 
68 68 165 0 
69 84 52 0 
70 69 69 0 
71 84 163 0 
72 72 224 0 
73 96 272 0 
74 85 57 0 
75 74 217 0 
76 66 190 0 
77 64 50 0 
78 63 51 0 
79 69 271 0 
80 66 235 0 
81 99 349 0 
82 64 33 0 
83 58 86 0 
84 80 190 0 
85 69 124 0 
86 70 237 0 
87 99 356 0 
88 64 250 0 
89 95 132 0 
90 97 211 0 
91 76 74 0 
92 59 38 0 
93 63 92 0 
94 70 119 0 
95 96 200 0 
96 76 164 0 
97 69 274 0 
98 97 194 0 
99 89 107 0 
100 67 61 0 
101 55 53 0 
102 55 98 0 
103 59 138 0 
104 75 158 0 
105 63 144 0 
106 70 128 0 
107 87 125 0 
108 95 194 0 
109 71 239 0 
110 56 58 0 
111 58 229 0 
112 75 294 0 
113 78 217 0 
114 94 146 0 
115 91 308 0 
116 66 153 0 
117 99 193 0 
118 67 259 0 
119 99 227 0 
120 62 137 0 
121 53 205 0 
122 85 328 0 
123 76 54 0 
124 83 253 0 
125 91 271 0 
126 59 216 0 
127 56 96 0 
128 60 38 0 
129 52 178 0 
130 62 230 0 
131 67 124 0 
132 74 54 0 
133 93 157 0 
134 88 349 0 
135 68 272 0 
136 94 265 0 
137 80 73 0 
138 98 213 0 
139 91 51 0 
140 70 246 0 
141 91 156 0 
142 52 132 0 
143 64 49 0 
144 53 80 0 
145 62 125 0 
146 78 94 0 
147 62 140 0 
148 94 201 0 
149 76 226 0 
150 82 120 0 
151 95 347 0 
152 88 101 0 
153 90 186 0 
154 83 271 0 
155 76 134 0 
156 76 156 0 
157 76 121 0 
158 87 276 0 
159 95 95 0 
160 57 157 0 
161 93 280 0 
162 85 187 0 
163 77 109 0 
164 77 194 0 
165 59 219 0 
166 86 293 0 
167 56 146 0 
168 62 48 0 
169 75 151 0 
170 74 89 0 
171 93 233 0 
172 93 249 0 
173 53 59 0 
174 88 138 0 
175 71 219 0 
176 89 129 0 
177 65 245 0 
178 84 144 0 
179 90 48 0 
180 66 247 0 
181 87 53 0 
182 61 80 0 
183 99 309 0 
184 73 99 0 
185 97 288 0 
186 62 47 0 
187 91 164 0 
188 76 286 0 
189 51 104 0 
190 98 348 0 
191 93 174 0 
192 81 44 0 
193 99 392 0 
194 79 143 0 
195 73 82 0 
196 89 59 0 
197 66 213 0 
198 77 202 0 
199 56 45 0 
