NAME GBP_INSTANCES\prob_2_A_4_1_2.txt
COMMENT
BINTYPES 3
ITEMS 500
BINS_SECTIONS
0 100 100 0 298 
1 120 120 0 248 
2 150 150 0 199 
ITEMS_SECTIONS
0 58 142 0 
1 43 80 0 
2 33 61 0 
3 21 22 0 
4 57 154 0 
5 72 40 0 
6 40 45 0 
7 75 66 0 
8 22 12 0 
9 26 56 0 
10 62 187 0 
11 62 82 0 
12 56 132 0 
13 65 182 0 
14 93 178 0 
15 52 167 0 
16 79 207 0 
17 47 78 0 
18 49 178 0 
19 83 95 0 
20 77 266 0 
21 92 323 0 
22 29 80 0 
23 38 40 0 
24 68 217 0 
25 88 351 0 
26 68 193 0 
27 68 196 0 
28 96 227 0 
29 93 292 0 
30 78 276 0 
31 99 387 0 
32 48 170 0 
33 49 168 0 
34 80 189 0 
35 58 38 0 
36 92 163 0 
37 45 86 0 
38 62 229 0 
39 82 135 0 
40 22 16 0 
41 31 35 0 
42 39 31 0 
43 23 85 0 
44 45 124 0 
45 54 161 0 
46 59 157 0 
47 64 112 0 
48 48 63 0 
49 81 191 0 
50 75 207 0 
51 90 93 0 
52 84 205 0 
53 77 294 0 
54 96 219 0 
55 30 63 0 
56 22 44 0 
57 51 52 0 
58 23 63 0 
59 79 116 0 
60 59 125 0 
61 79 112 0 
62 80 118 0 
63 70 106 0 
64 92 311 0 
65 47 97 0 
66 58 41 0 
67 26 40 0 
68 78 169 0 
69 53 144 0 
70 22 53 0 
71 33 52 0 
72 95 166 0 
73 29 112 0 
74 54 143 0 
75 24 89 0 
76 54 115 0 
77 76 266 0 
78 33 59 0 
79 24 18 0 
80 34 108 0 
81 75 116 0 
82 35 68 0 
83 84 203 0 
84 60 177 0 
85 69 212 0 
86 50 92 0 
87 41 128 0 
88 59 116 0 
89 45 67 0 
90 69 239 0 
91 33 68 0 
92 100 112 0 
93 76 170 0 
94 45 150 0 
95 48 89 0 
96 38 113 0 
97 66 92 0 
98 66 46 0 
99 82 301 0 
100 41 144 0 
101 81 320 0 
102 61 150 0 
103 74 70 0 
104 79 223 0 
105 90 250 0 
106 50 43 0 
107 58 209 0 
108 87 309 0 
109 26 91 0 
110 72 286 0 
111 27 17 0 
112 85 161 0 
113 44 67 0 
114 95 314 0 
115 32 26 0 
116 50 144 0 
117 95 57 0 
118 80 293 0 
119 90 267 0 
120 94 256 0 
121 88 142 0 
122 98 86 0 
123 96 312 0 
124 41 162 0 
125 61 53 0 
126 41 130 0 
127 40 56 0 
128 51 123 0 
129 25 64 0 
130 98 353 0 
131 87 262 0 
132 43 110 0 
133 38 85 0 
134 99 107 0 
135 99 76 0 
136 49 47 0 
137 95 236 0 
138 24 72 0 
139 63 251 0 
140 26 69 0 
141 49 76 0 
142 90 90 0 
143 72 220 0 
144 86 331 0 
145 49 154 0 
146 77 272 0 
147 92 274 0 
148 55 149 0 
149 29 51 0 
150 75 292 0 
151 26 99 0 
152 42 161 0 
153 82 205 0 
154 57 128 0 
155 62 86 0 
156 63 237 0 
157 23 36 0 
158 69 180 0 
159 40 144 0 
160 55 96 0 
161 48 90 0 
162 46 113 0 
163 92 300 0 
164 25 19 0 
165 85 327 0 
166 73 65 0 
167 68 256 0 
168 78 45 0 
169 51 151 0 
170 35 92 0 
171 89 136 0 
172 31 88 0 
173 54 64 0 
174 98 173 0 
175 67 200 0 
176 78 169 0 
177 39 49 0 
178 24 95 0 
179 47 96 0 
180 34 130 0 
181 76 128 0 
182 22 67 0 
183 82 195 0 
184 55 157 0 
185 60 129 0 
186 33 44 0 
187 71 259 0 
188 65 190 0 
189 36 93 0 
190 71 225 0 
191 30 54 0 
192 50 61 0 
193 70 162 0 
194 21 19 0 
195 96 157 0 
196 46 101 0 
197 68 150 0 
198 98 340 0 
199 91 147 0 
200 76 99 0 
201 94 223 0 
202 36 139 0 
203 49 29 0 
204 60 155 0 
205 41 94 0 
206 47 76 0 
207 70 263 0 
208 22 74 0 
209 92 221 0 
210 33 44 0 
211 30 116 0 
212 64 173 0 
213 44 169 0 
214 83 62 0 
215 81 168 0 
216 40 95 0 
217 98 203 0 
218 87 336 0 
219 52 76 0 
220 64 179 0 
221 23 12 0 
222 83 187 0 
223 61 39 0 
224 35 29 0 
225 70 151 0 
226 29 62 0 
227 43 172 0 
228 40 54 0 
229 81 290 0 
230 66 198 0 
231 25 13 0 
232 30 103 0 
233 85 316 0 
234 39 149 0 
235 45 122 0 
236 27 49 0 
237 94 225 0 
238 62 191 0 
239 42 98 0 
240 33 129 0 
241 92 114 0 
242 22 60 0 
243 40 57 0 
244 100 56 0 
245 71 133 0 
246 40 76 0 
247 74 213 0 
248 64 114 0 
249 85 293 0 
250 22 20 0 
251 41 112 0 
252 32 18 0 
253 72 45 0 
254 81 303 0 
255 88 126 0 
256 86 314 0 
257 77 266 0 
258 57 134 0 
259 66 156 0 
260 60 85 0 
261 65 188 0 
262 47 126 0 
263 32 123 0 
264 86 241 0 
265 95 69 0 
266 34 128 0 
267 48 130 0 
268 44 70 0 
269 68 168 0 
270 47 88 0 
271 95 171 0 
272 66 139 0 
273 50 174 0 
274 44 33 0 
275 22 33 0 
276 52 103 0 
277 64 65 0 
278 91 162 0 
279 99 340 0 
280 32 78 0 
281 33 36 0 
282 94 256 0 
283 22 14 0 
284 60 176 0 
285 40 146 0 
286 59 201 0 
287 55 115 0 
288 36 25 0 
289 86 155 0 
290 66 262 0 
291 86 133 0 
292 37 140 0 
293 49 191 0 
294 48 86 0 
295 25 54 0 
296 65 215 0 
297 81 272 0 
298 67 265 0 
299 55 49 0 
300 21 42 0 
301 63 121 0 
302 84 56 0 
303 86 213 0 
304 75 281 0 
305 26 70 0 
306 50 92 0 
307 32 25 0 
308 31 103 0 
309 94 375 0 
310 52 69 0 
311 99 116 0 
312 84 189 0 
313 83 85 0 
314 60 219 0 
315 85 265 0 
316 38 128 0 
317 34 32 0 
318 25 46 0 
319 56 133 0 
320 35 115 0 
321 60 101 0 
322 76 181 0 
323 51 34 0 
324 99 240 0 
325 70 198 0 
326 93 287 0 
327 61 212 0 
328 30 27 0 
329 48 131 0 
330 84 288 0 
331 89 155 0 
332 66 54 0 
333 27 38 0 
334 31 30 0 
335 21 66 0 
336 87 67 0 
337 46 26 0 
338 49 128 0 
339 70 92 0 
340 22 26 0 
341 82 318 0 
342 77 299 0 
343 89 96 0 
344 40 116 0 
345 24 32 0 
346 52 149 0 
347 29 20 0 
348 52 46 0 
349 83 115 0 
350 88 300 0 
351 90 47 0 
352 72 179 0 
353 90 207 0 
354 85 218 0 
355 96 344 0 
356 91 183 0 
357 92 191 0 
358 64 201 0 
359 28 58 0 
360 36 143 0 
361 48 75 0 
362 85 154 0 
363 45 69 0 
364 84 289 0 
365 77 100 0 
366 87 257 0 
367 54 58 0 
368 50 141 0 
369 25 51 0 
370 27 95 0 
371 86 153 0 
372 51 167 0 
373 35 121 0 
374 95 129 0 
375 67 247 0 
376 36 53 0 
377 93 117 0 
378 21 27 0 
379 81 129 0 
380 64 72 0 
381 69 226 0 
382 54 135 0 
383 63 41 0 
384 52 205 0 
385 74 190 0 
386 68 160 0 
387 63 183 0 
388 56 106 0 
389 86 115 0 
390 22 61 0 
391 39 95 0 
392 60 184 0 
393 21 69 0 
394 50 37 0 
395 80 262 0 
396 97 298 0 
397 95 71 0 
398 63 233 0 
399 86 317 0 
400 69 59 0 
401 85 47 0 
402 28 64 0 
403 57 63 0 
404 98 242 0 
405 49 163 0 
406 57 104 0 
407 21 79 0 
408 45 44 0 
409 92 274 0 
410 56 205 0 
411 92 206 0 
412 77 254 0 
413 38 60 0 
414 64 125 0 
415 29 100 0 
416 40 132 0 
417 37 98 0 
418 58 71 0 
419 63 92 0 
420 75 149 0 
421 31 92 0 
422 44 92 0 
423 36 32 0 
424 73 171 0 
425 35 122 0 
426 96 118 0 
427 63 118 0 
428 84 271 0 
429 53 138 0 
430 33 37 0 
431 83 235 0 
432 85 98 0 
433 74 214 0 
434 73 217 0 
435 67 201 0 
436 24 50 0 
437 67 215 0 
438 87 258 0 
439 87 158 0 
440 40 112 0 
441 34 27 0 
442 62 132 0 
443 26 38 0 
444 48 41 0 
445 44 26 0 
446 40 126 0 
447 31 108 0 
448 95 326 0 
449 52 74 0 
450 63 40 0 
451 75 102 0 
452 26 57 0 
453 73 64 0 
454 63 149 0 
455 27 20 0 
456 46 93 0 
457 44 64 0 
458 77 288 0 
459 49 92 0 
460 63 120 0 
461 89 272 0 
462 85 332 0 
463 83 237 0 
464 39 58 0 
465 50 106 0 
466 81 191 0 
467 67 181 0 
468 44 123 0 
469 38 60 0 
470 89 113 0 
471 67 249 0 
472 69 93 0 
473 56 151 0 
474 82 236 0 
475 29 59 0 
476 54 215 0 
477 71 242 0 
478 80 228 0 
479 99 111 0 
480 36 44 0 
481 80 257 0 
482 73 222 0 
483 23 38 0 
484 64 165 0 
485 47 49 0 
486 33 52 0 
487 88 333 0 
488 27 70 0 
489 51 194 0 
490 66 58 0 
491 39 131 0 
492 89 226 0 
493 28 107 0 
494 85 284 0 
495 27 56 0 
496 26 88 0 
497 37 128 0 
498 28 93 0 
499 36 69 0 
