NAME GBP_INSTANCES\prob_1_B_4_9_2.txt
COMMENT
BINTYPES 5
ITEMS 500
BINS_SECTIONS
0 60 60 0 408 
1 80 80 0 306 
2 100 100 0 245 
3 120 120 0 204 
4 150 150 0 164 
ITEMS_SECTIONS
0 52 159 0 
1 80 88 0 
2 27 95 0 
3 66 190 0 
4 42 148 0 
5 32 36 0 
6 65 152 0 
7 6 14 0 
8 6 10 0 
9 92 140 0 
10 6 14 0 
11 61 165 0 
12 18 55 0 
13 98 159 0 
14 8 18 0 
15 58 65 0 
16 52 127 0 
17 86 312 0 
18 97 318 0 
19 37 21 0 
20 99 353 0 
21 77 61 0 
22 50 137 0 
23 88 153 0 
24 39 36 0 
25 10 11 0 
26 96 362 0 
27 56 94 0 
28 85 324 0 
29 91 195 0 
30 41 54 0 
31 63 111 0 
32 88 76 0 
33 9 8 0 
34 53 79 0 
35 62 185 0 
36 95 259 0 
37 81 321 0 
38 19 13 0 
39 92 267 0 
40 63 94 0 
41 93 296 0 
42 94 299 0 
43 18 35 0 
44 28 45 0 
45 88 194 0 
46 79 148 0 
47 44 143 0 
48 14 55 0 
49 52 99 0 
50 31 112 0 
51 87 241 0 
52 98 311 0 
53 85 315 0 
54 33 34 0 
55 89 149 0 
56 13 25 0 
57 88 226 0 
58 59 181 0 
59 53 96 0 
60 77 69 0 
61 39 121 0 
62 36 133 0 
63 91 78 0 
64 84 257 0 
65 11 9 0 
66 38 107 0 
67 70 80 0 
68 2 8 0 
69 8 29 0 
70 26 79 0 
71 25 29 0 
72 14 50 0 
73 47 98 0 
74 66 100 0 
75 54 213 0 
76 86 288 0 
77 85 99 0 
78 34 68 0 
79 39 50 0 
80 49 103 0 
81 7 14 0 
82 40 58 0 
83 18 24 0 
84 13 43 0 
85 75 177 0 
86 87 201 0 
87 54 73 0 
88 84 215 0 
89 70 226 0 
90 96 192 0 
91 30 16 0 
92 14 16 0 
93 2 8 0 
94 99 89 0 
95 98 131 0 
96 37 69 0 
97 27 19 0 
98 51 68 0 
99 27 47 0 
100 40 71 0 
101 65 125 0 
102 49 175 0 
103 79 287 0 
104 11 27 0 
105 40 132 0 
106 18 41 0 
107 47 112 0 
108 15 19 0 
109 28 68 0 
110 43 47 0 
111 95 127 0 
112 43 27 0 
113 58 125 0 
114 18 33 0 
115 19 70 0 
116 80 63 0 
117 41 121 0 
118 74 139 0 
119 86 323 0 
120 44 146 0 
121 59 102 0 
122 77 122 0 
123 68 234 0 
124 27 98 0 
125 10 9 0 
126 53 200 0 
127 13 20 0 
128 18 49 0 
129 30 113 0 
130 10 37 0 
131 79 300 0 
132 10 14 0 
133 90 357 0 
134 45 138 0 
135 85 159 0 
136 79 199 0 
137 90 206 0 
138 88 75 0 
139 84 215 0 
140 57 44 0 
141 36 41 0 
142 77 205 0 
143 23 57 0 
144 52 72 0 
145 47 53 0 
146 6 10 0 
147 93 56 0 
148 65 98 0 
149 63 130 0 
150 49 174 0 
151 47 98 0 
152 53 31 0 
153 91 189 0 
154 17 20 0 
155 59 58 0 
156 72 263 0 
157 75 90 0 
158 16 49 0 
159 26 67 0 
160 68 56 0 
161 29 46 0 
162 79 173 0 
163 84 144 0 
164 35 39 0 
165 7 12 0 
166 69 210 0 
167 38 102 0 
168 19 56 0 
169 53 146 0 
170 69 78 0 
171 62 199 0 
172 81 212 0 
173 15 9 0 
174 3 8 0 
175 89 220 0 
176 5 10 0 
177 48 37 0 
178 91 326 0 
179 52 181 0 
180 49 170 0 
181 6 24 0 
182 66 226 0 
183 59 193 0 
184 45 92 0 
185 38 52 0 
186 78 99 0 
187 6 23 0 
188 27 92 0 
189 96 153 0 
190 2 3 0 
191 85 49 0 
192 3 9 0 
193 66 95 0 
194 72 162 0 
195 9 20 0 
196 62 68 0 
197 20 25 0 
198 72 222 0 
199 86 199 0 
200 96 294 0 
201 18 70 0 
202 94 171 0 
203 85 257 0 
204 72 68 0 
205 56 78 0 
206 83 218 0 
207 25 48 0 
208 99 123 0 
209 72 178 0 
210 11 39 0 
211 17 54 0 
212 40 112 0 
213 18 49 0 
214 75 241 0 
215 4 13 0 
216 26 34 0 
217 7 25 0 
218 70 82 0 
219 16 36 0 
220 89 100 0 
221 57 83 0 
222 22 37 0 
223 99 322 0 
224 8 21 0 
225 20 53 0 
226 45 178 0 
227 27 74 0 
228 55 60 0 
229 20 28 0 
230 5 17 0 
231 42 92 0 
232 56 171 0 
233 7 9 0 
234 48 97 0 
235 69 132 0 
236 42 76 0 
237 33 99 0 
238 78 203 0 
239 18 43 0 
240 9 35 0 
241 64 130 0 
242 45 97 0 
243 16 21 0 
244 65 216 0 
245 31 18 0 
246 24 67 0 
247 20 76 0 
248 72 166 0 
249 37 106 0 
250 49 88 0 
251 11 28 0 
252 80 144 0 
253 21 73 0 
254 87 113 0 
255 38 65 0 
256 40 124 0 
257 99 108 0 
258 4 13 0 
259 24 79 0 
260 5 16 0 
261 81 227 0 
262 11 15 0 
263 76 227 0 
264 9 33 0 
265 77 64 0 
266 58 104 0 
267 39 155 0 
268 22 39 0 
269 4 6 0 
270 46 116 0 
271 15 18 0 
272 77 158 0 
273 100 232 0 
274 23 80 0 
275 89 204 0 
276 73 204 0 
277 63 130 0 
278 54 29 0 
279 10 34 0 
280 34 44 0 
281 4 11 0 
282 17 67 0 
283 20 65 0 
284 43 89 0 
285 41 155 0 
286 2 4 0 
287 27 54 0 
288 29 51 0 
289 53 176 0 
290 100 123 0 
291 92 309 0 
292 21 76 0 
293 66 34 0 
294 34 121 0 
295 17 28 0 
296 41 88 0 
297 23 26 0 
298 2 3 0 
299 28 49 0 
300 64 199 0 
301 12 37 0 
302 40 160 0 
303 23 29 0 
304 20 59 0 
305 95 170 0 
306 20 37 0 
307 86 66 0 
308 37 40 0 
309 17 52 0 
310 10 27 0 
311 31 41 0 
312 32 28 0 
313 15 54 0 
314 23 26 0 
315 81 91 0 
316 41 41 0 
317 51 106 0 
318 69 94 0 
319 53 89 0 
320 77 227 0 
321 58 201 0 
322 35 116 0 
323 37 25 0 
324 36 32 0 
325 16 36 0 
326 12 41 0 
327 54 197 0 
328 9 14 0 
329 67 139 0 
330 3 11 0 
331 79 308 0 
332 46 78 0 
333 84 233 0 
334 11 40 0 
335 9 5 0 
336 24 56 0 
337 96 141 0 
338 59 180 0 
339 64 138 0 
340 48 50 0 
341 76 295 0 
342 26 102 0 
343 2 8 0 
344 58 226 0 
345 15 20 0 
346 66 68 0 
347 43 78 0 
348 60 44 0 
349 71 122 0 
350 87 149 0 
351 62 228 0 
352 58 130 0 
353 32 47 0 
354 52 98 0 
355 71 206 0 
356 5 3 0 
357 59 40 0 
358 81 100 0 
359 36 85 0 
360 42 119 0 
361 73 198 0 
362 30 71 0 
363 47 42 0 
364 62 182 0 
365 34 72 0 
366 8 25 0 
367 98 356 0 
368 49 94 0 
369 85 184 0 
370 9 30 0 
371 90 347 0 
372 23 45 0 
373 14 30 0 
374 38 82 0 
375 2 8 0 
376 79 89 0 
377 81 80 0 
378 88 113 0 
379 62 131 0 
380 11 30 0 
381 6 18 0 
382 54 86 0 
383 59 111 0 
384 17 64 0 
385 21 14 0 
386 45 103 0 
387 16 59 0 
388 2 8 0 
389 10 31 0 
390 75 79 0 
391 69 260 0 
392 40 127 0 
393 35 32 0 
394 100 247 0 
395 90 342 0 
396 34 112 0 
397 57 83 0 
398 73 247 0 
399 76 114 0 
400 26 66 0 
401 77 197 0 
402 85 120 0 
403 42 49 0 
404 98 355 0 
405 82 71 0 
406 77 251 0 
407 67 147 0 
408 31 70 0 
409 26 32 0 
410 80 179 0 
411 5 9 0 
412 21 48 0 
413 42 47 0 
414 62 71 0 
415 10 13 0 
416 69 276 0 
417 10 8 0 
418 52 84 0 
419 3 5 0 
420 27 91 0 
421 63 144 0 
422 24 79 0 
423 23 25 0 
424 77 144 0 
425 81 76 0 
426 79 88 0 
427 83 309 0 
428 2 2 0 
429 33 106 0 
430 51 47 0 
431 86 160 0 
432 58 53 0 
433 24 28 0 
434 52 102 0 
435 6 22 0 
436 34 134 0 
437 22 56 0 
438 73 174 0 
439 95 307 0 
440 21 42 0 
441 96 319 0 
442 79 292 0 
443 49 78 0 
444 43 91 0 
445 54 65 0 
446 100 334 0 
447 38 46 0 
448 7 19 0 
449 16 10 0 
450 62 45 0 
451 72 280 0 
452 98 208 0 
453 2 6 0 
454 53 97 0 
455 21 45 0 
456 97 151 0 
457 76 230 0 
458 76 239 0 
459 6 20 0 
460 28 58 0 
461 27 49 0 
462 78 171 0 
463 34 69 0 
464 21 27 0 
465 9 28 0 
466 20 37 0 
467 76 45 0 
468 10 10 0 
469 56 193 0 
470 49 159 0 
471 42 113 0 
472 31 29 0 
473 72 244 0 
474 69 204 0 
475 78 277 0 
476 51 62 0 
477 98 275 0 
478 57 111 0 
479 26 63 0 
480 87 87 0 
481 90 346 0 
482 8 23 0 
483 76 156 0 
484 59 72 0 
485 90 46 0 
486 88 279 0 
487 51 96 0 
488 17 33 0 
489 19 62 0 
490 48 63 0 
491 47 68 0 
492 97 179 0 
493 87 234 0 
494 91 319 0 
495 80 149 0 
496 60 240 0 
497 52 188 0 
498 44 111 0 
499 59 59 0 
