NAME GBP_INSTANCES\prob_1_B_0_6_2.txt
COMMENT
BINTYPES 5
ITEMS 25
BINS_SECTIONS
0 60 60 0 22 
1 80 80 0 16 
2 100 100 0 13 
3 120 120 0 11 
4 150 150 0 9 
ITEMS_SECTIONS
0 63 95 0 
1 25 91 0 
2 92 347 0 
3 20 45 0 
4 29 89 0 
5 88 274 0 
6 34 32 0 
7 26 48 0 
8 17 15 0 
9 95 271 0 
10 76 53 0 
11 92 268 0 
12 94 76 0 
13 14 29 0 
14 81 222 0 
15 69 272 0 
16 27 18 0 
17 89 149 0 
18 3 5 0 
19 3 3 0 
20 32 78 0 
21 49 119 0 
22 17 33 0 
23 96 209 0 
24 46 172 0 
