NAME GBP_INSTANCES\prob_1_B_2_8_2.txt
COMMENT
BINTYPES 5
ITEMS 100
BINS_SECTIONS
0 60 60 0 86 
1 80 80 0 65 
2 100 100 0 52 
3 120 120 0 43 
4 150 150 0 35 
ITEMS_SECTIONS
0 14 20 0 
1 73 180 0 
2 53 98 0 
3 21 50 0 
4 74 208 0 
5 61 234 0 
6 78 110 0 
7 37 44 0 
8 47 136 0 
9 66 112 0 
10 85 315 0 
11 67 168 0 
12 50 106 0 
13 50 184 0 
14 84 225 0 
15 83 312 0 
16 19 46 0 
17 49 34 0 
18 54 28 0 
19 51 120 0 
20 97 278 0 
21 12 43 0 
22 4 9 0 
23 16 41 0 
24 38 125 0 
25 59 125 0 
26 92 319 0 
27 5 5 0 
28 83 277 0 
29 94 309 0 
30 49 34 0 
31 43 50 0 
32 65 253 0 
33 28 108 0 
34 97 153 0 
35 52 79 0 
36 75 115 0 
37 83 254 0 
38 20 70 0 
39 34 19 0 
40 41 23 0 
41 45 73 0 
42 71 188 0 
43 100 178 0 
44 70 234 0 
45 82 247 0 
46 83 268 0 
47 68 71 0 
48 99 321 0 
49 60 63 0 
50 48 183 0 
51 59 144 0 
52 2 2 0 
53 31 80 0 
54 48 70 0 
55 34 115 0 
56 83 133 0 
57 25 46 0 
58 6 18 0 
59 4 12 0 
60 46 147 0 
61 61 55 0 
62 22 73 0 
63 48 145 0 
64 28 23 0 
65 61 153 0 
66 75 50 0 
67 70 82 0 
68 4 10 0 
69 98 392 0 
70 60 89 0 
71 30 100 0 
72 51 104 0 
73 81 89 0 
74 27 85 0 
75 92 186 0 
76 77 127 0 
77 87 132 0 
78 98 294 0 
79 6 23 0 
80 12 37 0 
81 40 86 0 
82 46 88 0 
83 76 157 0 
84 34 20 0 
85 67 157 0 
86 72 85 0 
87 44 143 0 
88 74 82 0 
89 18 58 0 
90 3 4 0 
91 10 34 0 
92 49 61 0 
93 74 65 0 
94 30 96 0 
95 42 96 0 
96 48 101 0 
97 48 132 0 
98 4 14 0 
99 8 31 0 
