NAME GBP_INSTANCES\prob_3_A_1_5_2.txt
COMMENT
BINTYPES 3
ITEMS 50
BINS_SECTIONS
0 100 100 0 36 
1 120 120 0 30 
2 150 150 0 24 
ITEMS_SECTIONS
0 84 204 0 
1 59 36 0 
2 58 131 0 
3 57 53 0 
4 52 58 0 
5 85 85 0 
6 90 147 0 
7 86 70 0 
8 65 116 0 
9 79 157 0 
10 61 110 0 
11 52 64 0 
12 94 289 0 
13 65 153 0 
14 75 137 0 
15 51 69 0 
16 76 66 0 
17 90 283 0 
18 81 320 0 
19 56 176 0 
20 64 155 0 
21 91 106 0 
22 84 109 0 
23 52 95 0 
24 57 201 0 
25 57 160 0 
26 88 175 0 
27 75 198 0 
28 69 167 0 
29 85 66 0 
30 59 198 0 
31 73 133 0 
32 58 163 0 
33 87 58 0 
34 80 44 0 
35 55 137 0 
36 58 111 0 
37 60 69 0 
38 94 364 0 
39 52 103 0 
40 63 132 0 
41 64 121 0 
42 73 68 0 
43 89 280 0 
44 51 187 0 
45 69 71 0 
46 87 145 0 
47 69 134 0 
48 67 87 0 
49 70 156 0 
