NAME GBP_INSTANCES\prob_2_B_0_1_2.txt
COMMENT
BINTYPES 5
ITEMS 25
BINS_SECTIONS
0 60 60 0 27 
1 80 80 0 20 
2 100 100 0 16 
3 120 120 0 14 
4 150 150 0 11 
ITEMS_SECTIONS
0 45 175 0 
1 29 18 0 
2 66 196 0 
3 77 270 0 
4 65 143 0 
5 60 186 0 
6 86 154 0 
7 80 226 0 
8 41 55 0 
9 52 60 0 
10 75 119 0 
11 24 74 0 
12 82 225 0 
13 43 134 0 
14 98 102 0 
15 47 171 0 
16 73 151 0 
17 33 60 0 
18 35 57 0 
19 92 150 0 
20 55 53 0 
21 93 97 0 
22 99 220 0 
23 47 162 0 
24 83 66 0 
