NAME GBP_INSTANCES\prob_2_B_2_1_2.txt
COMMENT
BINTYPES 5
ITEMS 100
BINS_SECTIONS
0 60 60 0 106 
1 80 80 0 80 
2 100 100 0 64 
3 120 120 0 53 
4 150 150 0 43 
ITEMS_SECTIONS
0 83 314 0 
1 77 237 0 
2 83 160 0 
3 49 184 0 
4 74 292 0 
5 77 91 0 
6 39 99 0 
7 98 293 0 
8 95 78 0 
9 34 81 0 
10 73 165 0 
11 86 161 0 
12 61 70 0 
13 87 125 0 
14 81 307 0 
15 44 60 0 
16 27 16 0 
17 62 59 0 
18 33 84 0 
19 36 71 0 
20 100 139 0 
21 79 270 0 
22 96 302 0 
23 33 43 0 
24 24 28 0 
25 33 105 0 
26 61 93 0 
27 88 165 0 
28 94 77 0 
29 37 129 0 
30 36 46 0 
31 33 64 0 
32 51 85 0 
33 87 263 0 
34 77 176 0 
35 90 89 0 
36 31 50 0 
37 63 171 0 
38 74 50 0 
39 100 164 0 
40 41 114 0 
41 80 60 0 
42 58 30 0 
43 49 160 0 
44 48 182 0 
45 81 249 0 
46 72 187 0 
47 56 142 0 
48 29 64 0 
49 24 63 0 
50 100 325 0 
51 37 136 0 
52 74 92 0 
53 53 137 0 
54 79 230 0 
55 87 268 0 
56 37 100 0 
57 78 270 0 
58 73 113 0 
59 34 95 0 
60 36 73 0 
61 68 270 0 
62 98 82 0 
63 84 161 0 
64 26 35 0 
65 92 241 0 
66 57 160 0 
67 51 73 0 
68 44 68 0 
69 52 89 0 
70 81 126 0 
71 58 132 0 
72 87 89 0 
73 54 194 0 
74 59 70 0 
75 34 135 0 
76 95 76 0 
77 81 54 0 
78 81 295 0 
79 100 295 0 
80 48 79 0 
81 91 203 0 
82 34 45 0 
83 45 60 0 
84 77 117 0 
85 69 153 0 
86 63 245 0 
87 60 87 0 
88 45 173 0 
89 26 91 0 
90 56 185 0 
91 70 189 0 
92 96 119 0 
93 63 91 0 
94 36 51 0 
95 46 164 0 
96 32 125 0 
97 71 159 0 
98 83 173 0 
99 98 99 0 
