NAME GBP_INSTANCES\prob_1_A_4_2_2.txt
COMMENT
BINTYPES 3
ITEMS 500
BINS_SECTIONS
0 100 100 0 255 
1 120 120 0 213 
2 150 150 0 170 
ITEMS_SECTIONS
0 77 281 0 
1 30 96 0 
2 36 28 0 
3 30 59 0 
4 81 59 0 
5 38 38 0 
6 21 70 0 
7 8 10 0 
8 43 33 0 
9 24 18 0 
10 63 124 0 
11 28 20 0 
12 54 163 0 
13 67 197 0 
14 67 212 0 
15 70 126 0 
16 66 147 0 
17 58 165 0 
18 28 105 0 
19 5 4 0 
20 65 76 0 
21 38 129 0 
22 69 220 0 
23 62 192 0 
24 23 89 0 
25 40 141 0 
26 22 30 0 
27 62 230 0 
28 96 180 0 
29 45 158 0 
30 33 103 0 
31 37 138 0 
32 68 162 0 
33 87 275 0 
34 99 353 0 
35 24 51 0 
36 64 88 0 
37 52 85 0 
38 41 102 0 
39 81 251 0 
40 53 149 0 
41 93 49 0 
42 77 229 0 
43 89 246 0 
44 81 302 0 
45 12 19 0 
46 45 63 0 
47 92 229 0 
48 22 43 0 
49 22 56 0 
50 18 24 0 
51 37 123 0 
52 6 23 0 
53 40 103 0 
54 46 159 0 
55 88 292 0 
56 9 17 0 
57 44 96 0 
58 8 29 0 
59 46 146 0 
60 70 109 0 
61 15 23 0 
62 64 255 0 
63 62 195 0 
64 10 28 0 
65 13 24 0 
66 20 59 0 
67 77 301 0 
68 10 30 0 
69 19 53 0 
70 90 223 0 
71 72 104 0 
72 52 107 0 
73 70 58 0 
74 59 159 0 
75 70 99 0 
76 62 141 0 
77 24 65 0 
78 37 111 0 
79 62 226 0 
80 45 102 0 
81 98 385 0 
82 5 15 0 
83 97 317 0 
84 73 263 0 
85 100 256 0 
86 60 80 0 
87 30 41 0 
88 20 46 0 
89 4 10 0 
90 31 111 0 
91 40 113 0 
92 75 144 0 
93 76 146 0 
94 87 198 0 
95 28 66 0 
96 58 66 0 
97 38 139 0 
98 21 12 0 
99 11 19 0 
100 59 92 0 
101 28 72 0 
102 14 41 0 
103 100 99 0 
104 10 31 0 
105 65 54 0 
106 65 80 0 
107 11 31 0 
108 37 50 0 
109 7 4 0 
110 4 7 0 
111 60 36 0 
112 89 265 0 
113 52 102 0 
114 51 136 0 
115 24 39 0 
116 84 100 0 
117 12 37 0 
118 66 90 0 
119 3 9 0 
120 72 80 0 
121 7 26 0 
122 34 86 0 
123 51 60 0 
124 74 43 0 
125 88 142 0 
126 25 16 0 
127 56 66 0 
128 70 153 0 
129 56 223 0 
130 2 2 0 
131 78 243 0 
132 4 8 0 
133 73 139 0 
134 77 240 0 
135 72 151 0 
136 93 112 0 
137 47 155 0 
138 24 90 0 
139 85 79 0 
140 95 207 0 
141 71 241 0 
142 30 94 0 
143 50 130 0 
144 12 31 0 
145 3 4 0 
146 89 80 0 
147 87 50 0 
148 2 5 0 
149 74 119 0 
150 40 25 0 
151 2 5 0 
152 84 289 0 
153 5 18 0 
154 29 27 0 
155 23 33 0 
156 81 92 0 
157 16 50 0 
158 23 43 0 
159 52 91 0 
160 95 239 0 
161 17 22 0 
162 31 56 0 
163 70 63 0 
164 76 184 0 
165 61 140 0 
166 67 62 0 
167 77 157 0 
168 66 187 0 
169 44 158 0 
170 35 54 0 
171 5 19 0 
172 71 85 0 
173 37 51 0 
174 23 69 0 
175 81 49 0 
176 59 132 0 
177 32 25 0 
178 26 74 0 
179 93 360 0 
180 33 131 0 
181 98 227 0 
182 81 276 0 
183 12 8 0 
184 65 99 0 
185 5 15 0 
186 5 14 0 
187 32 93 0 
188 52 37 0 
189 34 87 0 
190 48 172 0 
191 8 25 0 
192 83 80 0 
193 32 51 0 
194 50 182 0 
195 8 12 0 
196 62 77 0 
197 8 22 0 
198 95 346 0 
199 89 181 0 
200 88 322 0 
201 45 131 0 
202 69 197 0 
203 12 47 0 
204 46 101 0 
205 35 31 0 
206 9 14 0 
207 86 123 0 
208 80 206 0 
209 81 145 0 
210 38 88 0 
211 83 98 0 
212 35 28 0 
213 4 5 0 
214 11 33 0 
215 97 72 0 
216 24 65 0 
217 74 72 0 
218 17 31 0 
219 89 85 0 
220 94 363 0 
221 28 88 0 
222 88 266 0 
223 97 387 0 
224 80 65 0 
225 71 77 0 
226 72 49 0 
227 49 56 0 
228 88 137 0 
229 36 90 0 
230 93 259 0 
231 68 114 0 
232 18 46 0 
233 96 100 0 
234 72 171 0 
235 87 340 0 
236 49 81 0 
237 4 15 0 
238 37 36 0 
239 81 237 0 
240 19 28 0 
241 50 102 0 
242 73 172 0 
243 31 41 0 
244 12 22 0 
245 20 65 0 
246 70 181 0 
247 11 20 0 
248 67 97 0 
249 42 54 0 
250 95 243 0 
251 42 91 0 
252 58 75 0 
253 90 61 0 
254 54 195 0 
255 80 75 0 
256 27 103 0 
257 65 117 0 
258 83 175 0 
259 86 231 0 
260 34 89 0 
261 80 97 0 
262 13 8 0 
263 56 171 0 
264 8 14 0 
265 8 21 0 
266 59 127 0 
267 43 29 0 
268 55 152 0 
269 92 178 0 
270 79 266 0 
271 70 135 0 
272 16 63 0 
273 97 375 0 
274 55 66 0 
275 46 77 0 
276 12 13 0 
277 85 301 0 
278 25 31 0 
279 86 75 0 
280 97 376 0 
281 93 174 0 
282 43 139 0 
283 69 48 0 
284 44 153 0 
285 26 22 0 
286 78 53 0 
287 2 6 0 
288 64 65 0 
289 3 11 0 
290 40 129 0 
291 46 49 0 
292 19 14 0 
293 84 122 0 
294 31 111 0 
295 80 192 0 
296 9 9 0 
297 43 120 0 
298 17 31 0 
299 27 63 0 
300 88 320 0 
301 59 91 0 
302 30 59 0 
303 37 102 0 
304 9 5 0 
305 43 26 0 
306 75 193 0 
307 71 144 0 
308 32 99 0 
309 48 35 0 
310 61 119 0 
311 45 131 0 
312 14 40 0 
313 75 252 0 
314 31 68 0 
315 85 330 0 
316 97 89 0 
317 48 114 0 
318 15 27 0 
319 88 288 0 
320 27 27 0 
321 31 51 0 
322 71 235 0 
323 88 140 0 
324 16 54 0 
325 100 289 0 
326 44 117 0 
327 54 31 0 
328 70 124 0 
329 28 47 0 
330 5 16 0 
331 20 42 0 
332 16 53 0 
333 72 161 0 
334 4 11 0 
335 53 50 0 
336 31 108 0 
337 62 225 0 
338 98 366 0 
339 85 59 0 
340 16 61 0 
341 64 146 0 
342 86 170 0 
343 88 104 0 
344 12 38 0 
345 91 236 0 
346 7 20 0 
347 40 105 0 
348 11 30 0 
349 76 45 0 
350 41 109 0 
351 53 136 0 
352 49 196 0 
353 58 58 0 
354 77 192 0 
355 8 21 0 
356 41 144 0 
357 91 242 0 
358 70 44 0 
359 71 170 0 
360 35 57 0 
361 48 63 0 
362 53 138 0 
363 38 111 0 
364 55 175 0 
365 7 6 0 
366 37 58 0 
367 72 255 0 
368 16 13 0 
369 95 274 0 
370 62 133 0 
371 99 180 0 
372 54 115 0 
373 3 4 0 
374 32 102 0 
375 7 28 0 
376 85 104 0 
377 9 32 0 
378 86 127 0 
379 16 64 0 
380 23 44 0 
381 45 157 0 
382 53 32 0 
383 93 148 0 
384 60 116 0 
385 51 43 0 
386 31 46 0 
387 35 72 0 
388 58 160 0 
389 27 34 0 
390 53 207 0 
391 15 53 0 
392 46 132 0 
393 49 98 0 
394 67 230 0 
395 32 66 0 
396 69 72 0 
397 50 184 0 
398 88 329 0 
399 35 82 0 
400 90 139 0 
401 37 83 0 
402 74 276 0 
403 60 159 0 
404 83 230 0 
405 38 45 0 
406 48 75 0 
407 71 133 0 
408 24 56 0 
409 49 69 0 
410 60 198 0 
411 31 28 0 
412 22 13 0 
413 93 112 0 
414 71 146 0 
415 90 94 0 
416 86 84 0 
417 37 71 0 
418 77 177 0 
419 32 46 0 
420 77 53 0 
421 89 246 0 
422 53 64 0 
423 47 72 0 
424 41 113 0 
425 32 72 0 
426 21 37 0 
427 86 268 0 
428 68 83 0 
429 97 116 0 
430 41 135 0 
431 64 70 0 
432 80 75 0 
433 45 52 0 
434 15 17 0 
435 50 58 0 
436 88 188 0 
437 55 106 0 
438 11 33 0 
439 41 121 0 
440 16 13 0 
441 97 300 0 
442 86 213 0 
443 37 104 0 
444 41 89 0 
445 72 216 0 
446 39 34 0 
447 10 28 0 
448 52 128 0 
449 2 6 0 
450 32 97 0 
451 97 281 0 
452 57 120 0 
453 67 80 0 
454 57 31 0 
455 20 46 0 
456 55 169 0 
457 62 209 0 
458 61 53 0 
459 22 80 0 
460 8 23 0 
461 54 86 0 
462 95 55 0 
463 67 84 0 
464 8 21 0 
465 33 72 0 
466 37 21 0 
467 82 305 0 
468 100 337 0 
469 51 146 0 
470 13 8 0 
471 56 178 0 
472 43 130 0 
473 96 175 0 
474 100 336 0 
475 21 12 0 
476 59 182 0 
477 41 29 0 
478 18 63 0 
479 100 169 0 
480 76 112 0 
481 89 237 0 
482 83 285 0 
483 65 88 0 
484 2 6 0 
485 62 71 0 
486 69 58 0 
487 65 228 0 
488 22 80 0 
489 62 101 0 
490 6 10 0 
491 90 259 0 
492 93 160 0 
493 34 111 0 
494 76 102 0 
495 37 47 0 
496 91 164 0 
497 77 286 0 
498 64 250 0 
499 8 12 0 
