NAME GBP_INSTANCES\prob_1_B_4_6_2.txt
COMMENT
BINTYPES 5
ITEMS 500
BINS_SECTIONS
0 60 60 0 425 
1 80 80 0 319 
2 100 100 0 255 
3 120 120 0 213 
4 150 150 0 170 
ITEMS_SECTIONS
0 91 153 0 
1 73 275 0 
2 55 185 0 
3 25 44 0 
4 83 269 0 
5 34 108 0 
6 46 179 0 
7 68 213 0 
8 35 24 0 
9 93 117 0 
10 72 259 0 
11 3 9 0 
12 5 12 0 
13 37 108 0 
14 43 168 0 
15 5 17 0 
16 15 49 0 
17 76 244 0 
18 89 116 0 
19 19 21 0 
20 12 37 0 
21 6 20 0 
22 99 362 0 
23 79 186 0 
24 94 162 0 
25 61 92 0 
26 55 200 0 
27 27 62 0 
28 60 153 0 
29 10 7 0 
30 3 6 0 
31 28 61 0 
32 86 279 0 
33 58 210 0 
34 70 160 0 
35 70 139 0 
36 45 72 0 
37 15 18 0 
38 54 130 0 
39 24 36 0 
40 47 112 0 
41 84 288 0 
42 6 17 0 
43 42 159 0 
44 97 252 0 
45 40 57 0 
46 26 86 0 
47 8 6 0 
48 82 282 0 
49 41 85 0 
50 4 7 0 
51 80 208 0 
52 69 241 0 
53 53 101 0 
54 9 36 0 
55 56 113 0 
56 21 77 0 
57 29 78 0 
58 68 90 0 
59 5 17 0 
60 14 50 0 
61 7 17 0 
62 45 31 0 
63 83 141 0 
64 82 43 0 
65 96 208 0 
66 42 148 0 
67 92 281 0 
68 42 145 0 
69 98 140 0 
70 51 60 0 
71 85 76 0 
72 38 24 0 
73 30 89 0 
74 73 287 0 
75 85 134 0 
76 74 42 0 
77 91 175 0 
78 26 68 0 
79 20 51 0 
80 50 107 0 
81 79 126 0 
82 66 149 0 
83 39 62 0 
84 79 143 0 
85 48 160 0 
86 48 177 0 
87 19 18 0 
88 6 21 0 
89 26 51 0 
90 26 49 0 
91 10 27 0 
92 96 188 0 
93 18 40 0 
94 57 225 0 
95 47 120 0 
96 31 94 0 
97 73 63 0 
98 78 267 0 
99 73 228 0 
100 49 71 0 
101 56 144 0 
102 30 111 0 
103 91 327 0 
104 100 273 0 
105 99 219 0 
106 94 267 0 
107 92 259 0 
108 42 114 0 
109 83 42 0 
110 34 31 0 
111 92 196 0 
112 30 36 0 
113 21 21 0 
114 85 105 0 
115 9 18 0 
116 53 40 0 
117 76 95 0 
118 81 282 0 
119 10 16 0 
120 55 94 0 
121 14 16 0 
122 96 321 0 
123 80 226 0 
124 100 149 0 
125 3 6 0 
126 52 191 0 
127 25 27 0 
128 5 15 0 
129 63 192 0 
130 85 96 0 
131 55 105 0 
132 15 57 0 
133 92 67 0 
134 27 58 0 
135 86 151 0 
136 50 28 0 
137 50 102 0 
138 86 294 0 
139 83 261 0 
140 79 199 0 
141 41 74 0 
142 88 261 0 
143 86 187 0 
144 54 163 0 
145 79 282 0 
146 62 118 0 
147 60 87 0 
148 72 164 0 
149 60 175 0 
150 21 45 0 
151 79 113 0 
152 96 204 0 
153 42 82 0 
154 45 137 0 
155 17 26 0 
156 90 258 0 
157 54 211 0 
158 93 109 0 
159 34 39 0 
160 99 291 0 
161 21 79 0 
162 64 49 0 
163 40 22 0 
164 59 231 0 
165 44 75 0 
166 31 100 0 
167 27 23 0 
168 27 33 0 
169 21 27 0 
170 63 87 0 
171 36 77 0 
172 36 45 0 
173 24 19 0 
174 74 269 0 
175 72 127 0 
176 79 104 0 
177 52 132 0 
178 97 138 0 
179 24 68 0 
180 94 177 0 
181 55 58 0 
182 27 64 0 
183 88 148 0 
184 78 125 0 
185 43 135 0 
186 33 89 0 
187 76 88 0 
188 100 83 0 
189 98 325 0 
190 87 138 0 
191 98 127 0 
192 32 35 0 
193 86 311 0 
194 13 39 0 
195 88 115 0 
196 72 279 0 
197 86 300 0 
198 72 216 0 
199 78 234 0 
200 88 173 0 
201 36 75 0 
202 33 58 0 
203 88 155 0 
204 33 56 0 
205 27 20 0 
206 23 91 0 
207 31 96 0 
208 83 235 0 
209 24 68 0 
210 89 219 0 
211 92 89 0 
212 46 141 0 
213 52 122 0 
214 6 12 0 
215 7 14 0 
216 71 237 0 
217 32 52 0 
218 19 58 0 
219 78 227 0 
220 39 31 0 
221 97 57 0 
222 91 334 0 
223 54 161 0 
224 39 98 0 
225 87 55 0 
226 27 46 0 
227 20 54 0 
228 19 41 0 
229 26 99 0 
230 32 31 0 
231 15 26 0 
232 17 53 0 
233 5 20 0 
234 6 15 0 
235 40 62 0 
236 65 167 0 
237 77 239 0 
238 14 8 0 
239 51 199 0 
240 66 203 0 
241 61 120 0 
242 31 115 0 
243 13 39 0 
244 27 79 0 
245 75 236 0 
246 9 20 0 
247 14 25 0 
248 68 194 0 
249 10 31 0 
250 59 63 0 
251 98 109 0 
252 86 344 0 
253 47 85 0 
254 7 11 0 
255 44 24 0 
256 83 117 0 
257 31 30 0 
258 99 152 0 
259 14 38 0 
260 32 49 0 
261 4 9 0 
262 35 116 0 
263 20 22 0 
264 16 11 0 
265 20 77 0 
266 83 315 0 
267 45 122 0 
268 97 130 0 
269 40 126 0 
270 71 181 0 
271 31 91 0 
272 49 48 0 
273 16 33 0 
274 13 41 0 
275 96 166 0 
276 7 22 0 
277 84 112 0 
278 37 128 0 
279 96 218 0 
280 82 131 0 
281 62 211 0 
282 6 17 0 
283 74 200 0 
284 94 260 0 
285 77 80 0 
286 81 285 0 
287 23 17 0 
288 47 63 0 
289 11 6 0 
290 20 25 0 
291 11 27 0 
292 21 41 0 
293 97 94 0 
294 55 105 0 
295 87 337 0 
296 11 12 0 
297 58 127 0 
298 67 207 0 
299 22 22 0 
300 67 268 0 
301 11 26 0 
302 68 38 0 
303 79 127 0 
304 74 272 0 
305 23 76 0 
306 23 69 0 
307 12 38 0 
308 30 89 0 
309 71 73 0 
310 36 126 0 
311 55 76 0 
312 51 52 0 
313 59 85 0 
314 9 36 0 
315 2 4 0 
316 85 296 0 
317 53 34 0 
318 12 14 0 
319 51 195 0 
320 33 20 0 
321 7 11 0 
322 72 212 0 
323 7 16 0 
324 62 229 0 
325 17 59 0 
326 13 38 0 
327 20 12 0 
328 49 107 0 
329 83 242 0 
330 56 76 0 
331 45 114 0 
332 84 335 0 
333 22 46 0 
334 25 25 0 
335 14 21 0 
336 9 8 0 
337 5 15 0 
338 46 127 0 
339 86 194 0 
340 10 20 0 
341 65 76 0 
342 100 191 0 
343 96 283 0 
344 32 28 0 
345 54 210 0 
346 14 22 0 
347 36 87 0 
348 55 145 0 
349 72 141 0 
350 42 91 0 
351 4 6 0 
352 68 46 0 
353 81 114 0 
354 42 78 0 
355 62 131 0 
356 10 38 0 
357 8 10 0 
358 75 233 0 
359 30 21 0 
360 99 275 0 
361 39 82 0 
362 44 109 0 
363 50 180 0 
364 30 113 0 
365 39 58 0 
366 7 20 0 
367 60 170 0 
368 39 137 0 
369 64 195 0 
370 63 40 0 
371 7 24 0 
372 35 115 0 
373 29 105 0 
374 69 114 0 
375 36 137 0 
376 6 12 0 
377 85 320 0 
378 63 166 0 
379 91 356 0 
380 71 51 0 
381 69 65 0 
382 60 226 0 
383 60 77 0 
384 100 67 0 
385 79 149 0 
386 8 19 0 
387 91 49 0 
388 83 88 0 
389 48 191 0 
390 55 78 0 
391 37 120 0 
392 53 66 0 
393 58 187 0 
394 23 16 0 
395 31 66 0 
396 57 71 0 
397 63 187 0 
398 27 34 0 
399 55 206 0 
400 72 167 0 
401 91 327 0 
402 53 133 0 
403 21 58 0 
404 62 182 0 
405 57 127 0 
406 32 81 0 
407 100 328 0 
408 74 94 0 
409 76 61 0 
410 98 199 0 
411 43 141 0 
412 71 276 0 
413 11 30 0 
414 3 7 0 
415 12 37 0 
416 100 97 0 
417 35 92 0 
418 46 174 0 
419 73 198 0 
420 78 253 0 
421 53 184 0 
422 15 18 0 
423 73 45 0 
424 23 83 0 
425 53 98 0 
426 80 121 0 
427 42 131 0 
428 90 278 0 
429 29 115 0 
430 44 59 0 
431 45 157 0 
432 42 143 0 
433 59 183 0 
434 90 339 0 
435 35 60 0 
436 23 26 0 
437 82 107 0 
438 21 51 0 
439 25 44 0 
440 61 67 0 
441 33 48 0 
442 57 41 0 
443 24 85 0 
444 68 237 0 
445 98 231 0 
446 54 200 0 
447 59 198 0 
448 59 178 0 
449 61 57 0 
450 32 113 0 
451 42 131 0 
452 61 109 0 
453 70 224 0 
454 60 181 0 
455 79 106 0 
456 44 119 0 
457 26 56 0 
458 3 8 0 
459 96 279 0 
460 27 64 0 
461 5 14 0 
462 67 96 0 
463 83 190 0 
464 99 317 0 
465 26 96 0 
466 47 72 0 
467 14 42 0 
468 19 28 0 
469 68 262 0 
470 18 36 0 
471 55 116 0 
472 12 28 0 
473 48 117 0 
474 70 69 0 
475 26 56 0 
476 43 146 0 
477 70 119 0 
478 44 104 0 
479 12 30 0 
480 90 312 0 
481 60 230 0 
482 34 126 0 
483 93 277 0 
484 70 48 0 
485 82 164 0 
486 46 97 0 
487 3 7 0 
488 72 240 0 
489 58 135 0 
490 72 228 0 
491 66 109 0 
492 36 70 0 
493 95 121 0 
494 49 36 0 
495 36 21 0 
496 20 76 0 
497 34 131 0 
498 93 244 0 
499 82 305 0 
