NAME GBP_INSTANCES\prob_3_B_3_5_2.txt
COMMENT
BINTYPES 5
ITEMS 200
BINS_SECTIONS
0 60 60 0 251 
1 80 80 0 189 
2 100 100 0 151 
3 120 120 0 126 
4 150 150 0 101 
ITEMS_SECTIONS
0 65 125 0 
1 86 126 0 
2 99 107 0 
3 92 338 0 
4 94 357 0 
5 80 50 0 
6 97 66 0 
7 98 99 0 
8 72 201 0 
9 58 219 0 
10 73 213 0 
11 60 223 0 
12 96 278 0 
13 89 51 0 
14 71 157 0 
15 70 239 0 
16 72 142 0 
17 78 222 0 
18 87 67 0 
19 93 110 0 
20 90 158 0 
21 67 53 0 
22 59 46 0 
23 62 50 0 
24 55 34 0 
25 64 156 0 
26 81 136 0 
27 64 53 0 
28 87 160 0 
29 73 116 0 
30 94 321 0 
31 97 329 0 
32 67 102 0 
33 100 201 0 
34 66 155 0 
35 53 65 0 
36 92 142 0 
37 76 178 0 
38 80 300 0 
39 90 171 0 
40 92 51 0 
41 65 254 0 
42 70 260 0 
43 88 181 0 
44 82 187 0 
45 91 97 0 
46 51 61 0 
47 62 44 0 
48 84 253 0 
49 74 83 0 
50 63 97 0 
51 98 228 0 
52 82 210 0 
53 79 275 0 
54 77 222 0 
55 84 169 0 
56 87 231 0 
57 94 375 0 
58 92 300 0 
59 88 195 0 
60 87 225 0 
61 73 149 0 
62 61 119 0 
63 83 299 0 
64 100 91 0 
65 74 240 0 
66 92 141 0 
67 83 287 0 
68 68 53 0 
69 67 110 0 
70 82 279 0 
71 73 93 0 
72 87 189 0 
73 96 339 0 
74 57 122 0 
75 86 305 0 
76 83 249 0 
77 76 251 0 
78 77 302 0 
79 96 110 0 
80 77 180 0 
81 95 120 0 
82 96 118 0 
83 59 235 0 
84 77 41 0 
85 68 155 0 
86 77 72 0 
87 91 311 0 
88 67 236 0 
89 97 134 0 
90 81 249 0 
91 78 206 0 
92 72 79 0 
93 56 223 0 
94 76 236 0 
95 72 39 0 
96 56 86 0 
97 75 134 0 
98 97 80 0 
99 91 342 0 
100 55 87 0 
101 69 222 0 
102 97 343 0 
103 87 295 0 
104 81 145 0 
105 74 90 0 
106 75 50 0 
107 62 134 0 
108 62 116 0 
109 84 299 0 
110 57 71 0 
111 84 204 0 
112 98 368 0 
113 58 136 0 
114 81 297 0 
115 75 270 0 
116 51 135 0 
117 82 111 0 
118 66 140 0 
119 51 89 0 
120 51 78 0 
121 70 110 0 
122 90 308 0 
123 55 129 0 
124 71 128 0 
125 69 250 0 
126 81 292 0 
127 77 135 0 
128 85 80 0 
129 67 128 0 
130 51 140 0 
131 63 51 0 
132 72 161 0 
133 66 140 0 
134 95 136 0 
135 77 51 0 
136 60 149 0 
137 66 97 0 
138 61 128 0 
139 57 51 0 
140 64 186 0 
141 72 227 0 
142 70 150 0 
143 89 66 0 
144 53 193 0 
145 70 265 0 
146 63 142 0 
147 73 132 0 
148 67 117 0 
149 90 227 0 
150 73 95 0 
151 87 77 0 
152 52 107 0 
153 99 133 0 
154 54 28 0 
155 74 139 0 
156 51 68 0 
157 78 157 0 
158 95 218 0 
159 66 187 0 
160 98 201 0 
161 51 182 0 
162 74 136 0 
163 65 36 0 
164 76 217 0 
165 59 186 0 
166 66 218 0 
167 95 68 0 
168 69 192 0 
169 79 168 0 
170 53 80 0 
171 86 213 0 
172 74 95 0 
173 63 86 0 
174 71 185 0 
175 83 324 0 
176 59 90 0 
177 80 51 0 
178 84 196 0 
179 58 69 0 
180 72 65 0 
181 76 175 0 
182 53 36 0 
183 77 113 0 
184 99 257 0 
185 62 119 0 
186 59 180 0 
187 66 115 0 
188 61 48 0 
189 65 56 0 
190 56 222 0 
191 62 221 0 
192 69 142 0 
193 75 53 0 
194 82 302 0 
195 96 198 0 
196 57 135 0 
197 67 157 0 
198 76 156 0 
199 94 110 0 
