NAME GBP_INSTANCES\prob_1_B_3_0_2.txt
COMMENT
BINTYPES 5
ITEMS 200
BINS_SECTIONS
0 60 60 0 177 
1 80 80 0 133 
2 100 100 0 107 
3 120 120 0 89 
4 150 150 0 71 
ITEMS_SECTIONS
0 78 197 0 
1 83 313 0 
2 41 100 0 
3 62 149 0 
4 93 343 0 
5 51 61 0 
6 11 40 0 
7 81 162 0 
8 47 69 0 
9 87 137 0 
10 20 64 0 
11 98 374 0 
12 61 76 0 
13 29 113 0 
14 48 85 0 
15 17 56 0 
16 41 109 0 
17 81 266 0 
18 95 82 0 
19 14 43 0 
20 12 27 0 
21 45 35 0 
22 67 52 0 
23 24 85 0 
24 92 351 0 
25 34 104 0 
26 14 35 0 
27 31 77 0 
28 19 43 0 
29 98 89 0 
30 61 155 0 
31 9 7 0 
32 4 9 0 
33 52 190 0 
34 42 37 0 
35 56 197 0 
36 25 100 0 
37 33 37 0 
38 57 121 0 
39 41 122 0 
40 64 238 0 
41 79 51 0 
42 90 301 0 
43 6 16 0 
44 51 49 0 
45 59 40 0 
46 87 266 0 
47 51 88 0 
48 59 178 0 
49 37 24 0 
50 35 58 0 
51 59 39 0 
52 99 307 0 
53 10 40 0 
54 51 198 0 
55 52 102 0 
56 60 120 0 
57 99 169 0 
58 16 58 0 
59 64 237 0 
60 39 133 0 
61 34 63 0 
62 59 209 0 
63 15 34 0 
64 10 28 0 
65 7 25 0 
66 29 21 0 
67 68 58 0 
68 81 62 0 
69 34 71 0 
70 68 133 0 
71 64 59 0 
72 83 119 0 
73 19 52 0 
74 4 15 0 
75 94 317 0 
76 40 66 0 
77 30 119 0 
78 100 162 0 
79 28 89 0 
80 53 35 0 
81 100 362 0 
82 66 65 0 
83 49 128 0 
84 82 237 0 
85 69 122 0 
86 59 217 0 
87 10 22 0 
88 24 79 0 
89 50 149 0 
90 96 307 0 
91 70 100 0 
92 68 183 0 
93 72 203 0 
94 15 32 0 
95 13 42 0 
96 68 267 0 
97 63 195 0 
98 63 52 0 
99 17 34 0 
100 70 230 0 
101 16 23 0 
102 97 364 0 
103 85 328 0 
104 46 155 0 
105 30 87 0 
106 56 155 0 
107 86 118 0 
108 89 59 0 
109 48 75 0 
110 67 89 0 
111 22 18 0 
112 6 11 0 
113 81 228 0 
114 97 83 0 
115 80 122 0 
116 54 39 0 
117 53 151 0 
118 68 215 0 
119 86 129 0 
120 81 255 0 
121 56 116 0 
122 49 149 0 
123 99 150 0 
124 5 19 0 
125 38 33 0 
126 79 56 0 
127 80 82 0 
128 72 47 0 
129 22 64 0 
130 98 67 0 
131 78 173 0 
132 71 114 0 
133 73 220 0 
134 49 154 0 
135 48 88 0 
136 11 30 0 
137 24 14 0 
138 39 79 0 
139 61 197 0 
140 36 79 0 
141 57 62 0 
142 13 31 0 
143 18 39 0 
144 20 37 0 
145 71 251 0 
146 32 106 0 
147 13 18 0 
148 79 163 0 
149 24 49 0 
150 5 14 0 
151 80 247 0 
152 55 91 0 
153 66 69 0 
154 65 136 0 
155 61 111 0 
156 20 79 0 
157 90 282 0 
158 54 155 0 
159 8 16 0 
160 35 86 0 
161 68 216 0 
162 88 281 0 
163 89 326 0 
164 37 131 0 
165 38 41 0 
166 70 96 0 
167 6 11 0 
168 61 115 0 
169 92 205 0 
170 41 115 0 
171 58 211 0 
172 86 253 0 
173 32 108 0 
174 10 8 0 
175 7 21 0 
176 22 47 0 
177 48 124 0 
178 70 78 0 
179 59 203 0 
180 96 309 0 
181 78 305 0 
182 41 85 0 
183 98 260 0 
184 88 340 0 
185 19 57 0 
186 33 28 0 
187 23 71 0 
188 56 169 0 
189 22 67 0 
190 86 232 0 
191 91 133 0 
192 93 276 0 
193 72 103 0 
194 81 203 0 
195 47 166 0 
196 89 138 0 
197 73 187 0 
198 58 170 0 
199 21 16 0 
