NAME GBP_INSTANCES\prob_3_B_2_8_2.txt
COMMENT
BINTYPES 5
ITEMS 100
BINS_SECTIONS
0 60 60 0 130 
1 80 80 0 97 
2 100 100 0 78 
3 120 120 0 65 
4 150 150 0 52 
ITEMS_SECTIONS
0 85 183 0 
1 89 196 0 
2 55 30 0 
3 86 236 0 
4 60 156 0 
5 62 231 0 
6 81 241 0 
7 92 253 0 
8 91 306 0 
9 69 47 0 
10 93 215 0 
11 85 179 0 
12 53 87 0 
13 61 168 0 
14 57 40 0 
15 77 86 0 
16 53 84 0 
17 99 169 0 
18 99 264 0 
19 85 267 0 
20 87 259 0 
21 81 162 0 
22 87 250 0 
23 59 94 0 
24 82 170 0 
25 95 281 0 
26 89 63 0 
27 53 84 0 
28 59 122 0 
29 100 157 0 
30 88 273 0 
31 93 262 0 
32 83 250 0 
33 99 298 0 
34 97 155 0 
35 81 145 0 
36 71 65 0 
37 52 166 0 
38 55 118 0 
39 79 154 0 
40 86 259 0 
41 86 289 0 
42 93 262 0 
43 60 202 0 
44 95 351 0 
45 54 118 0 
46 55 218 0 
47 75 207 0 
48 100 199 0 
49 52 31 0 
50 59 192 0 
51 74 50 0 
52 87 196 0 
53 95 270 0 
54 78 254 0 
55 72 109 0 
56 84 268 0 
57 61 91 0 
58 98 107 0 
59 59 122 0 
60 95 330 0 
61 98 126 0 
62 61 176 0 
63 89 282 0 
64 89 144 0 
65 65 64 0 
66 98 126 0 
67 87 261 0 
68 55 77 0 
69 96 291 0 
70 79 79 0 
71 87 46 0 
72 63 187 0 
73 95 141 0 
74 77 266 0 
75 59 93 0 
76 88 283 0 
77 81 58 0 
78 60 132 0 
79 55 35 0 
80 88 223 0 
81 62 38 0 
82 80 137 0 
83 80 46 0 
84 86 162 0 
85 71 140 0 
86 56 143 0 
87 63 98 0 
88 62 69 0 
89 89 98 0 
90 72 205 0 
91 91 224 0 
92 91 102 0 
93 93 304 0 
94 52 68 0 
95 77 276 0 
96 83 259 0 
97 100 186 0 
98 63 95 0 
99 74 252 0 
