NAME GBP_INSTANCES\prob_1_B_2_3_2.txt
COMMENT
BINTYPES 5
ITEMS 100
BINS_SECTIONS
0 60 60 0 92 
1 80 80 0 69 
2 100 100 0 55 
3 120 120 0 46 
4 150 150 0 37 
ITEMS_SECTIONS
0 74 232 0 
1 25 15 0 
2 97 255 0 
3 73 52 0 
4 8 8 0 
5 64 187 0 
6 18 25 0 
7 49 155 0 
8 32 78 0 
9 94 333 0 
10 47 66 0 
11 87 284 0 
12 39 74 0 
13 66 87 0 
14 96 71 0 
15 51 135 0 
16 96 200 0 
17 55 204 0 
18 88 104 0 
19 60 164 0 
20 55 70 0 
21 19 51 0 
22 5 14 0 
23 14 38 0 
24 56 78 0 
25 21 81 0 
26 72 160 0 
27 96 345 0 
28 27 60 0 
29 5 16 0 
30 8 22 0 
31 41 53 0 
32 52 174 0 
33 48 103 0 
34 41 44 0 
35 37 102 0 
36 47 68 0 
37 89 104 0 
38 28 93 0 
39 66 181 0 
40 88 321 0 
41 54 211 0 
42 4 12 0 
43 53 121 0 
44 39 82 0 
45 65 109 0 
46 58 51 0 
47 11 41 0 
48 35 101 0 
49 77 178 0 
50 95 313 0 
51 73 266 0 
52 48 170 0 
53 21 16 0 
54 66 85 0 
55 84 152 0 
56 12 12 0 
57 72 198 0 
58 22 83 0 
59 52 130 0 
60 20 11 0 
61 62 90 0 
62 85 215 0 
63 19 25 0 
64 67 221 0 
65 36 40 0 
66 92 179 0 
67 73 241 0 
68 73 135 0 
69 57 102 0 
70 89 79 0 
71 43 65 0 
72 36 71 0 
73 86 79 0 
74 45 65 0 
75 94 303 0 
76 55 164 0 
77 28 67 0 
78 63 173 0 
79 91 257 0 
80 90 333 0 
81 64 80 0 
82 54 126 0 
83 22 56 0 
84 79 66 0 
85 76 78 0 
86 50 195 0 
87 53 114 0 
88 78 50 0 
89 79 139 0 
90 24 44 0 
91 28 32 0 
92 64 216 0 
93 49 85 0 
94 93 260 0 
95 56 61 0 
96 48 80 0 
97 94 131 0 
98 75 262 0 
99 12 18 0 
