NAME GBP_INSTANCES\prob_3_B_0_8_2.txt
COMMENT
BINTYPES 5
ITEMS 25
BINS_SECTIONS
0 60 60 0 34 
1 80 80 0 26 
2 100 100 0 21 
3 120 120 0 17 
4 150 150 0 14 
ITEMS_SECTIONS
0 95 277 0 
1 90 175 0 
2 74 101 0 
3 99 190 0 
4 74 60 0 
5 99 149 0 
6 80 195 0 
7 71 169 0 
8 52 167 0 
9 98 186 0 
10 97 255 0 
11 90 324 0 
12 95 296 0 
13 74 55 0 
14 83 263 0 
15 95 296 0 
16 82 279 0 
17 77 191 0 
18 69 210 0 
19 59 132 0 
20 65 104 0 
21 85 321 0 
22 83 292 0 
23 59 31 0 
24 56 65 0 
