NAME GBP_INSTANCES\prob_3_B_3_2_9.txt
COMMENT
BINTYPES 5
ITEMS 200
BINS_SECTIONS
0 60 60 0 248 
1 80 80 0 186 
2 100 100 0 149 
3 120 120 0 124 
4 150 150 0 100 
ITEMS_SECTIONS
0 85 128 0
1 81 315 0
2 59 97 0
3 74 40 0
4 85 61 0
5 66 125 0
6 95 403 0
7 66 266 0
8 69 55 0
9 75 279 0
10 92 337 0
11 96 374 0
12 83 52 0
13 78 101 0
14 59 47 0
15 80 263 0
16 93 281 0
17 69 269 0
18 71 205 0
19 98 50 0
20 65 222 0
21 85 345 0
22 53 164 0
23 95 187 0
24 70 161 0
25 79 204 0
26 63 76 0
27 56 62 0
28 60 57 0
29 75 63 0
30 94 411 0
31 88 392 0
32 52 42 0
33 60 81 0
34 56 144 0
35 69 200 0
36 55 41 0
37 51 133 0
38 100 200 0
39 77 187 0
40 83 190 0
41 59 241 0
42 80 258 0
43 75 225 0
44 58 126 0
45 95 149 0
46 87 297 0
47 65 116 0
48 58 73 0
49 78 222 0
50 55 243 0
51 77 48 0
52 91 261 0
53 95 85 0
54 90 263 0
55 58 177 0
56 66 259 0
57 68 156 0
58 52 174 0
59 93 308 0
60 86 276 0
61 93 47 0
62 89 238 0
63 96 342 0
64 83 287 0
65 84 133 0
66 82 131 0
67 75 145 0
68 74 172 0
69 53 49 0
70 76 318 0
71 54 199 0
72 54 182 0
73 59 132 0
74 87 143 0
75 94 283 0
76 62 217 0
77 94 363 0
78 67 69 0
79 67 49 0
80 73 182 0
81 51 117 0
82 72 287 0
83 99 59 0
84 63 280 0
85 91 210 0
86 54 51 0
87 66 203 0
88 53 59 0
89 52 119 0
90 81 331 0
91 85 191 0
92 61 56 0
93 56 91 0
94 54 179 0
95 88 328 0
96 91 62 0
97 76 298 0
98 69 118 0
99 89 214 0
100 72 290 0
101 68 211 0
102 53 94 0
103 54 226 0
104 80 124 0
105 55 133 0
106 65 191 0
107 54 232 0
108 56 93 0
109 93 171 0
110 90 108 0
111 61 215 0
112 58 112 0
113 57 113 0
114 78 212 0
115 54 213 0
116 59 89 0
117 56 244 0
118 86 316 0
119 53 118 0
120 59 130 0
121 80 72 0
122 99 149 0
123 98 169 0
124 62 134 0
125 92 324 0
126 68 287 0
127 96 79 0
128 51 36 0
129 54 184 0
130 99 124 0
131 93 335 0
132 70 271 0
133 60 39 0
134 86 132 0
135 90 164 0
136 68 77 0
137 66 125 0
138 63 148 0
139 85 250 0
140 84 105 0
141 80 339 0
142 74 263 0
143 82 354 0
144 92 250 0
145 60 159 0
146 78 296 0
147 62 122 0
148 87 72 0
149 86 151 0
150 54 55 0
151 59 143 0
152 75 144 0
153 94 370 0
154 54 237 0
155 77 87 0
156 54 147 0
157 97 319 0
158 84 263 0
159 55 58 0
160 98 387 0
161 74 275 0
162 99 202 0
163 94 366 0
164 69 260 0
165 59 86 0
166 52 195 0
167 80 355 0
168 88 173 0
169 56 115 0
170 79 52 0
171 97 310 0
172 80 139 0
173 59 133 0
174 57 64 0
175 66 231 0
176 67 57 0
177 64 83 0
178 76 325 0
179 70 35 0
180 96 403 0
181 95 335 0
182 96 129 0
183 78 226 0
184 98 368 0
185 77 182 0
186 95 351 0
187 98 253 0
188 86 50 0
189 82 135 0
190 79 343 0
191 53 80 0
192 78 175 0
193 88 44 0
194 99 402 0
195 82 119 0
196 61 50 0
197 64 129 0
198 51 186 0
199 96 203 0
