NAME GBP_INSTANCES\prob_2_B_2_7_2.txt
COMMENT
BINTYPES 5
ITEMS 100
BINS_SECTIONS
0 60 60 0 101 
1 80 80 0 76 
2 100 100 0 61 
3 120 120 0 51 
4 150 150 0 41 
ITEMS_SECTIONS
0 31 103 0 
1 86 216 0 
2 39 122 0 
3 36 39 0 
4 73 286 0 
5 85 66 0 
6 33 58 0 
7 93 323 0 
8 35 22 0 
9 49 184 0 
10 99 208 0 
11 64 202 0 
12 89 292 0 
13 94 366 0 
14 21 14 0 
15 27 24 0 
16 86 50 0 
17 43 70 0 
18 57 144 0 
19 94 122 0 
20 54 38 0 
21 46 70 0 
22 93 303 0 
23 50 190 0 
24 76 248 0 
25 75 257 0 
26 89 215 0 
27 59 131 0 
28 77 135 0 
29 83 140 0 
30 86 110 0 
31 60 42 0 
32 24 51 0 
33 88 254 0 
34 21 66 0 
35 45 49 0 
36 38 54 0 
37 59 114 0 
38 28 18 0 
39 30 100 0 
40 26 37 0 
41 61 121 0 
42 91 279 0 
43 97 52 0 
44 21 59 0 
45 55 36 0 
46 59 51 0 
47 98 295 0 
48 42 45 0 
49 59 194 0 
50 97 125 0 
51 43 104 0 
52 91 176 0 
53 48 42 0 
54 90 109 0 
55 52 36 0 
56 70 41 0 
57 78 46 0 
58 67 98 0 
59 77 248 0 
60 66 174 0 
61 83 103 0 
62 27 105 0 
63 46 183 0 
64 72 139 0 
65 69 209 0 
66 21 80 0 
67 80 58 0 
68 73 205 0 
69 80 269 0 
70 56 149 0 
71 57 131 0 
72 45 179 0 
73 87 254 0 
74 63 103 0 
75 26 58 0 
76 64 79 0 
77 73 41 0 
78 40 105 0 
79 25 83 0 
80 91 114 0 
81 54 49 0 
82 47 153 0 
83 86 343 0 
84 28 80 0 
85 71 147 0 
86 24 82 0 
87 94 197 0 
88 68 89 0 
89 48 96 0 
90 42 58 0 
91 49 30 0 
92 47 40 0 
93 39 28 0 
94 97 97 0 
95 83 199 0 
96 36 69 0 
97 45 158 0 
98 62 217 0 
99 47 104 0 
