NAME GBP_INSTANCES\prob_1_B_0_9_2.txt
COMMENT
BINTYPES 5
ITEMS 25
BINS_SECTIONS
0 60 60 0 21 
1 80 80 0 16 
2 100 100 0 13 
3 120 120 0 11 
4 150 150 0 9 
ITEMS_SECTIONS
0 7 24 0 
1 52 60 0 
2 52 83 0 
3 62 148 0 
4 10 31 0 
5 7 6 0 
6 85 150 0 
7 17 24 0 
8 18 13 0 
9 95 209 0 
10 55 203 0 
11 97 271 0 
12 72 196 0 
13 32 50 0 
14 35 77 0 
15 49 37 0 
16 12 45 0 
17 20 28 0 
18 20 54 0 
19 63 199 0 
20 91 229 0 
21 96 358 0 
22 33 42 0 
23 76 187 0 
24 88 247 0 
