NAME GBP_INSTANCES\prob_2_A_3_3_2.txt
COMMENT
BINTYPES 3
ITEMS 200
BINS_SECTIONS
0 100 100 0 118 
1 120 120 0 99 
2 150 150 0 79 
ITEMS_SECTIONS
0 99 98 0 
1 26 73 0 
2 38 142 0 
3 92 306 0 
4 99 169 0 
5 77 250 0 
6 22 75 0 
7 78 223 0 
8 25 50 0 
9 89 117 0 
10 36 98 0 
11 92 189 0 
12 69 191 0 
13 56 48 0 
14 79 224 0 
15 22 25 0 
16 56 178 0 
17 47 106 0 
18 67 45 0 
19 23 55 0 
20 33 49 0 
21 65 53 0 
22 40 143 0 
23 25 56 0 
24 45 165 0 
25 90 94 0 
26 86 52 0 
27 55 170 0 
28 78 101 0 
29 44 108 0 
30 50 196 0 
31 95 190 0 
32 25 18 0 
33 78 202 0 
34 72 68 0 
35 44 63 0 
36 85 325 0 
37 34 25 0 
38 29 97 0 
39 29 72 0 
40 32 90 0 
41 89 80 0 
42 36 138 0 
43 42 109 0 
44 62 117 0 
45 64 224 0 
46 81 135 0 
47 97 61 0 
48 69 74 0 
49 48 132 0 
50 91 162 0 
51 40 31 0 
52 60 77 0 
53 70 248 0 
54 74 205 0 
55 75 259 0 
56 63 207 0 
57 97 193 0 
58 44 159 0 
59 55 169 0 
60 94 171 0 
61 87 326 0 
62 27 108 0 
63 77 248 0 
64 53 145 0 
65 37 61 0 
66 83 121 0 
67 96 341 0 
68 36 121 0 
69 59 99 0 
70 77 105 0 
71 49 102 0 
72 46 134 0 
73 89 204 0 
74 27 83 0 
75 69 134 0 
76 76 290 0 
77 97 291 0 
78 38 45 0 
79 91 83 0 
80 27 80 0 
81 66 119 0 
82 79 273 0 
83 44 127 0 
84 36 35 0 
85 31 30 0 
86 71 120 0 
87 97 374 0 
88 32 128 0 
89 36 72 0 
90 49 195 0 
91 62 42 0 
92 49 84 0 
93 42 56 0 
94 65 75 0 
95 62 118 0 
96 58 212 0 
97 43 78 0 
98 90 147 0 
99 58 219 0 
100 98 53 0 
101 38 93 0 
102 46 116 0 
103 92 221 0 
104 42 120 0 
105 97 73 0 
106 66 237 0 
107 48 32 0 
108 26 34 0 
109 23 49 0 
110 95 153 0 
111 58 158 0 
112 62 244 0 
113 41 53 0 
114 21 41 0 
115 38 80 0 
116 24 68 0 
117 97 336 0 
118 21 75 0 
119 63 146 0 
120 62 198 0 
121 83 302 0 
122 85 139 0 
123 26 34 0 
124 58 183 0 
125 82 248 0 
126 57 194 0 
127 76 289 0 
128 31 52 0 
129 80 280 0 
130 53 96 0 
131 47 57 0 
132 94 49 0 
133 64 121 0 
134 33 59 0 
135 64 148 0 
136 29 76 0 
137 51 98 0 
138 65 46 0 
139 85 223 0 
140 67 74 0 
141 77 244 0 
142 55 198 0 
143 77 221 0 
144 25 32 0 
145 82 138 0 
146 83 53 0 
147 94 220 0 
148 88 278 0 
149 64 166 0 
150 50 178 0 
151 48 134 0 
152 63 205 0 
153 97 134 0 
154 74 225 0 
155 44 53 0 
156 73 96 0 
157 27 93 0 
158 35 137 0 
159 93 95 0 
160 82 73 0 
161 60 108 0 
162 27 68 0 
163 88 196 0 
164 86 95 0 
165 39 56 0 
166 36 42 0 
167 54 71 0 
168 57 90 0 
169 57 168 0 
170 35 90 0 
171 32 86 0 
172 29 23 0 
173 63 58 0 
174 97 128 0 
175 98 66 0 
176 45 140 0 
177 67 106 0 
178 52 127 0 
179 30 81 0 
180 48 75 0 
181 99 312 0 
182 24 96 0 
183 78 150 0 
184 64 177 0 
185 26 48 0 
186 36 27 0 
187 43 66 0 
188 44 152 0 
189 61 232 0 
190 86 321 0 
191 36 68 0 
192 37 135 0 
193 65 61 0 
194 86 266 0 
195 35 48 0 
196 52 55 0 
197 72 245 0 
198 26 44 0 
199 21 41 0 
