NAME GBP_INSTANCES\prob_2_A_2_1_2.txt
COMMENT
BINTYPES 3
ITEMS 100
BINS_SECTIONS
0 100 100 0 58 
1 120 120 0 49 
2 150 150 0 39 
ITEMS_SECTIONS
0 61 187 0 
1 24 50 0 
2 65 87 0 
3 96 154 0 
4 54 93 0 
5 23 47 0 
6 58 156 0 
7 81 260 0 
8 86 76 0 
9 94 220 0 
10 100 301 0 
11 54 35 0 
12 45 147 0 
13 42 89 0 
14 21 16 0 
15 21 84 0 
16 86 148 0 
17 52 33 0 
18 34 94 0 
19 91 156 0 
20 36 38 0 
21 22 14 0 
22 84 212 0 
23 73 190 0 
24 67 102 0 
25 86 138 0 
26 71 98 0 
27 49 115 0 
28 87 281 0 
29 71 133 0 
30 92 355 0 
31 45 41 0 
32 34 92 0 
33 37 92 0 
34 35 95 0 
35 62 143 0 
36 47 26 0 
37 50 171 0 
38 62 87 0 
39 23 68 0 
40 48 74 0 
41 49 113 0 
42 46 57 0 
43 81 284 0 
44 43 136 0 
45 41 65 0 
46 51 119 0 
47 75 96 0 
48 25 90 0 
49 47 177 0 
50 74 276 0 
51 71 110 0 
52 73 59 0 
53 34 103 0 
54 29 27 0 
55 64 44 0 
56 88 175 0 
57 45 34 0 
58 33 111 0 
59 72 260 0 
60 77 115 0 
61 57 194 0 
62 45 30 0 
63 41 146 0 
64 31 52 0 
65 87 259 0 
66 37 59 0 
67 64 60 0 
68 71 46 0 
69 86 342 0 
70 79 198 0 
71 44 118 0 
72 51 97 0 
73 51 182 0 
74 73 85 0 
75 83 219 0 
76 37 105 0 
77 66 149 0 
78 31 35 0 
79 77 234 0 
80 30 35 0 
81 51 30 0 
82 77 158 0 
83 65 99 0 
84 40 98 0 
85 52 61 0 
86 31 25 0 
87 38 106 0 
88 86 68 0 
89 65 202 0 
90 70 118 0 
91 28 24 0 
92 93 338 0 
93 45 87 0 
94 89 123 0 
95 81 147 0 
96 76 291 0 
97 70 127 0 
98 49 153 0 
99 46 127 0 
