NAME GBP_INSTANCES\prob_1_A_2_9_2.txt
COMMENT
BINTYPES 3
ITEMS 100
BINS_SECTIONS
0 100 100 0 52 
1 120 120 0 43 
2 150 150 0 35 
ITEMS_SECTIONS
0 87 180 0 
1 77 213 0 
2 30 106 0 
3 44 66 0 
4 71 166 0 
5 53 162 0 
6 93 70 0 
7 49 167 0 
8 46 119 0 
9 30 104 0 
10 37 146 0 
11 57 147 0 
12 78 292 0 
13 86 62 0 
14 71 157 0 
15 91 327 0 
16 56 179 0 
17 86 231 0 
18 89 271 0 
19 53 65 0 
20 68 35 0 
21 58 147 0 
22 15 27 0 
23 83 268 0 
24 39 156 0 
25 95 50 0 
26 18 43 0 
27 65 47 0 
28 30 68 0 
29 58 130 0 
30 72 65 0 
31 5 5 0 
32 46 122 0 
33 73 55 0 
34 80 293 0 
35 76 133 0 
36 57 169 0 
37 85 138 0 
38 28 47 0 
39 59 199 0 
40 61 228 0 
41 90 205 0 
42 5 15 0 
43 53 89 0 
44 7 15 0 
45 89 82 0 
46 43 25 0 
47 18 57 0 
48 4 14 0 
49 82 43 0 
50 21 82 0 
51 2 4 0 
52 36 53 0 
53 62 38 0 
54 77 143 0 
55 7 20 0 
56 7 5 0 
57 10 36 0 
58 79 247 0 
59 74 69 0 
60 30 49 0 
61 60 49 0 
62 2 5 0 
63 21 12 0 
64 93 247 0 
65 44 162 0 
66 53 47 0 
67 8 28 0 
68 18 66 0 
69 61 194 0 
70 99 72 0 
71 85 296 0 
72 31 40 0 
73 100 199 0 
74 36 84 0 
75 94 191 0 
76 75 299 0 
77 64 108 0 
78 50 183 0 
79 50 79 0 
80 81 254 0 
81 4 12 0 
82 22 60 0 
83 5 7 0 
84 15 21 0 
85 29 87 0 
86 10 23 0 
87 20 11 0 
88 34 27 0 
89 94 290 0 
90 71 219 0 
91 29 102 0 
92 63 178 0 
93 41 117 0 
94 65 115 0 
95 27 68 0 
96 25 94 0 
97 67 165 0 
98 70 82 0 
99 72 90 0 
