NAME GBP_INSTANCES\prob_2_A_4_3_2.txt
COMMENT
BINTYPES 3
ITEMS 500
BINS_SECTIONS
0 100 100 0 308 
1 120 120 0 257 
2 150 150 0 206 
ITEMS_SECTIONS
0 91 284 0 
1 25 50 0 
2 36 83 0 
3 43 132 0 
4 71 109 0 
5 39 113 0 
6 30 113 0 
7 80 62 0 
8 94 323 0 
9 31 30 0 
10 52 197 0 
11 59 171 0 
12 53 96 0 
13 64 33 0 
14 89 119 0 
15 44 100 0 
16 67 81 0 
17 80 303 0 
18 41 123 0 
19 85 105 0 
20 61 176 0 
21 59 173 0 
22 35 64 0 
23 58 223 0 
24 78 310 0 
25 87 268 0 
26 69 181 0 
27 93 178 0 
28 23 49 0 
29 100 133 0 
30 40 142 0 
31 34 35 0 
32 27 43 0 
33 71 214 0 
34 57 226 0 
35 62 245 0 
36 98 335 0 
37 82 320 0 
38 95 78 0 
39 48 166 0 
40 41 43 0 
41 25 62 0 
42 85 144 0 
43 81 164 0 
44 62 184 0 
45 37 133 0 
46 63 201 0 
47 63 183 0 
48 59 45 0 
49 55 41 0 
50 34 85 0 
51 91 288 0 
52 50 140 0 
53 90 141 0 
54 43 46 0 
55 82 71 0 
56 38 132 0 
57 66 188 0 
58 35 136 0 
59 45 110 0 
60 80 159 0 
61 40 122 0 
62 86 281 0 
63 85 147 0 
64 80 174 0 
65 40 26 0 
66 91 193 0 
67 28 19 0 
68 51 133 0 
69 97 267 0 
70 59 130 0 
71 81 271 0 
72 61 135 0 
73 30 50 0 
74 21 15 0 
75 80 319 0 
76 48 142 0 
77 43 126 0 
78 59 183 0 
79 30 46 0 
80 58 52 0 
81 91 316 0 
82 26 30 0 
83 53 111 0 
84 84 225 0 
85 25 14 0 
86 98 129 0 
87 36 117 0 
88 35 37 0 
89 93 119 0 
90 53 162 0 
91 61 154 0 
92 62 134 0 
93 21 36 0 
94 99 354 0 
95 81 137 0 
96 90 137 0 
97 38 84 0 
98 23 82 0 
99 66 233 0 
100 57 61 0 
101 51 43 0 
102 41 119 0 
103 44 156 0 
104 44 137 0 
105 92 302 0 
106 49 33 0 
107 76 275 0 
108 98 285 0 
109 21 71 0 
110 90 187 0 
111 58 164 0 
112 64 76 0 
113 75 55 0 
114 88 208 0 
115 31 103 0 
116 29 34 0 
117 77 136 0 
118 86 232 0 
119 98 92 0 
120 79 235 0 
121 38 38 0 
122 59 93 0 
123 55 189 0 
124 76 214 0 
125 29 29 0 
126 61 165 0 
127 89 144 0 
128 56 223 0 
129 57 218 0 
130 34 39 0 
131 89 272 0 
132 41 164 0 
133 81 286 0 
134 97 242 0 
135 32 107 0 
136 35 116 0 
137 65 254 0 
138 97 335 0 
139 39 97 0 
140 95 60 0 
141 80 268 0 
142 27 41 0 
143 85 106 0 
144 74 63 0 
145 23 84 0 
146 32 124 0 
147 29 35 0 
148 29 84 0 
149 66 197 0 
150 74 135 0 
151 36 109 0 
152 95 111 0 
153 59 48 0 
154 49 131 0 
155 51 189 0 
156 23 67 0 
157 53 55 0 
158 51 83 0 
159 83 160 0 
160 52 149 0 
161 57 81 0 
162 44 128 0 
163 36 126 0 
164 47 119 0 
165 90 62 0 
166 62 176 0 
167 44 71 0 
168 81 184 0 
169 91 197 0 
170 66 63 0 
171 46 134 0 
172 42 164 0 
173 95 168 0 
174 79 206 0 
175 40 136 0 
176 80 139 0 
177 81 317 0 
178 46 45 0 
179 82 207 0 
180 24 34 0 
181 57 54 0 
182 64 38 0 
183 84 89 0 
184 86 311 0 
185 43 172 0 
186 74 219 0 
187 99 271 0 
188 85 200 0 
189 94 216 0 
190 87 215 0 
191 23 64 0 
192 72 67 0 
193 45 112 0 
194 28 88 0 
195 35 74 0 
196 72 147 0 
197 68 201 0 
198 27 78 0 
199 69 272 0 
200 62 142 0 
201 40 79 0 
202 80 275 0 
203 40 142 0 
204 58 68 0 
205 29 20 0 
206 72 81 0 
207 78 306 0 
208 75 140 0 
209 38 84 0 
210 56 72 0 
211 90 274 0 
212 74 256 0 
213 47 113 0 
214 76 52 0 
215 65 215 0 
216 53 88 0 
217 81 309 0 
218 85 236 0 
219 37 146 0 
220 79 47 0 
221 78 147 0 
222 43 118 0 
223 99 57 0 
224 24 37 0 
225 76 253 0 
226 23 63 0 
227 80 242 0 
228 75 205 0 
229 95 235 0 
230 21 75 0 
231 82 89 0 
232 99 347 0 
233 68 150 0 
234 75 44 0 
235 73 126 0 
236 59 60 0 
237 91 95 0 
238 89 259 0 
239 22 54 0 
240 47 162 0 
241 54 123 0 
242 44 103 0 
243 62 198 0 
244 34 100 0 
245 37 24 0 
246 69 115 0 
247 27 24 0 
248 74 282 0 
249 75 203 0 
250 89 330 0 
251 51 73 0 
252 21 22 0 
253 98 351 0 
254 51 68 0 
255 88 318 0 
256 58 83 0 
257 93 186 0 
258 40 38 0 
259 33 128 0 
260 51 128 0 
261 95 303 0 
262 91 167 0 
263 47 115 0 
264 68 153 0 
265 60 166 0 
266 50 115 0 
267 65 101 0 
268 80 100 0 
269 100 151 0 
270 70 261 0 
271 80 226 0 
272 63 246 0 
273 94 107 0 
274 51 162 0 
275 34 58 0 
276 39 142 0 
277 36 36 0 
278 97 59 0 
279 87 49 0 
280 64 161 0 
281 52 100 0 
282 72 203 0 
283 32 76 0 
284 43 171 0 
285 97 130 0 
286 21 84 0 
287 72 101 0 
288 77 157 0 
289 85 324 0 
290 67 167 0 
291 25 73 0 
292 32 114 0 
293 82 313 0 
294 60 200 0 
295 74 205 0 
296 84 244 0 
297 27 33 0 
298 56 143 0 
299 41 76 0 
300 32 124 0 
301 40 75 0 
302 56 51 0 
303 52 177 0 
304 27 33 0 
305 92 159 0 
306 96 277 0 
307 70 80 0 
308 98 291 0 
309 62 193 0 
310 73 226 0 
311 31 73 0 
312 98 271 0 
313 89 159 0 
314 76 85 0 
315 62 85 0 
316 77 105 0 
317 22 82 0 
318 40 84 0 
319 43 140 0 
320 65 193 0 
321 90 248 0 
322 73 263 0 
323 52 33 0 
324 88 314 0 
325 78 94 0 
326 91 273 0 
327 22 15 0 
328 99 78 0 
329 28 44 0 
330 47 168 0 
331 57 48 0 
332 25 49 0 
333 65 123 0 
334 100 172 0 
335 42 57 0 
336 79 245 0 
337 30 82 0 
338 93 96 0 
339 100 203 0 
340 22 75 0 
341 59 148 0 
342 88 114 0 
343 29 63 0 
344 86 155 0 
345 67 189 0 
346 40 44 0 
347 89 58 0 
348 91 309 0 
349 72 113 0 
350 53 42 0 
351 60 229 0 
352 82 304 0 
353 33 65 0 
354 80 98 0 
355 59 131 0 
356 85 103 0 
357 30 82 0 
358 42 33 0 
359 56 127 0 
360 62 189 0 
361 91 122 0 
362 29 73 0 
363 33 101 0 
364 45 67 0 
365 95 59 0 
366 38 94 0 
367 63 89 0 
368 40 63 0 
369 96 235 0 
370 96 120 0 
371 82 235 0 
372 55 172 0 
373 59 235 0 
374 89 233 0 
375 82 219 0 
376 97 211 0 
377 78 117 0 
378 42 125 0 
379 87 65 0 
380 88 232 0 
381 48 132 0 
382 23 73 0 
383 89 302 0 
384 25 70 0 
385 46 33 0 
386 92 328 0 
387 99 84 0 
388 89 323 0 
389 54 171 0 
390 30 23 0 
391 89 268 0 
392 81 148 0 
393 50 73 0 
394 70 166 0 
395 80 70 0 
396 37 147 0 
397 57 223 0 
398 39 83 0 
399 34 102 0 
400 45 149 0 
401 46 63 0 
402 56 200 0 
403 84 242 0 
404 81 273 0 
405 23 48 0 
406 42 66 0 
407 96 214 0 
408 35 84 0 
409 100 317 0 
410 58 54 0 
411 60 224 0 
412 34 135 0 
413 84 161 0 
414 88 246 0 
415 84 125 0 
416 30 101 0 
417 69 136 0 
418 87 112 0 
419 90 69 0 
420 43 144 0 
421 33 43 0 
422 28 98 0 
423 22 21 0 
424 99 290 0 
425 26 28 0 
426 54 63 0 
427 92 227 0 
428 61 38 0 
429 46 80 0 
430 52 82 0 
431 24 39 0 
432 67 64 0 
433 84 253 0 
434 61 243 0 
435 38 47 0 
436 22 36 0 
437 76 282 0 
438 89 151 0 
439 45 174 0 
440 44 136 0 
441 78 124 0 
442 40 128 0 
443 39 95 0 
444 87 47 0 
445 78 43 0 
446 85 96 0 
447 67 119 0 
448 69 93 0 
449 89 154 0 
450 22 78 0 
451 62 58 0 
452 86 145 0 
453 99 261 0 
454 29 53 0 
455 64 91 0 
456 60 237 0 
457 29 96 0 
458 81 301 0 
459 75 120 0 
460 58 163 0 
461 86 231 0 
462 43 115 0 
463 87 317 0 
464 80 58 0 
465 60 182 0 
466 96 60 0 
467 65 114 0 
468 75 88 0 
469 34 85 0 
470 71 125 0 
471 52 207 0 
472 26 102 0 
473 85 279 0 
474 77 189 0 
475 80 228 0 
476 47 84 0 
477 96 75 0 
478 31 44 0 
479 46 97 0 
480 32 21 0 
481 61 168 0 
482 73 87 0 
483 67 104 0 
484 74 240 0 
485 70 60 0 
486 41 122 0 
487 89 72 0 
488 62 152 0 
489 35 106 0 
490 70 127 0 
491 61 142 0 
492 84 91 0 
493 46 87 0 
494 76 289 0 
495 25 55 0 
496 51 155 0 
497 34 102 0 
498 44 134 0 
499 74 287 0 
