NAME GBP_INSTANCES\prob_3_B_0_2_2.txt
COMMENT
BINTYPES 5
ITEMS 25
BINS_SECTIONS
0 60 60 0 32 
1 80 80 0 24 
2 100 100 0 20 
3 120 120 0 16 
4 150 150 0 13 
ITEMS_SECTIONS
0 75 88 0 
1 66 157 0 
2 81 104 0 
3 77 171 0 
4 84 156 0 
5 69 142 0 
6 77 147 0 
7 86 300 0 
8 66 230 0 
9 96 153 0 
10 52 176 0 
11 88 326 0 
12 86 343 0 
13 97 239 0 
14 76 208 0 
15 72 82 0 
16 54 69 0 
17 58 157 0 
18 86 195 0 
19 80 98 0 
20 82 212 0 
21 84 215 0 
22 75 156 0 
23 51 61 0 
24 91 184 0 
