NAME GBP_INSTANCES\prob_3_A_3_5_2.txt
COMMENT
BINTYPES 3
ITEMS 200
BINS_SECTIONS
0 100 100 0 151 
1 120 120 0 126 
2 150 150 0 101 
ITEMS_SECTIONS
0 99 190 0 
1 82 285 0 
2 78 162 0 
3 88 46 0 
4 75 281 0 
5 93 243 0 
6 86 96 0 
7 93 280 0 
8 76 74 0 
9 64 247 0 
10 52 124 0 
11 89 309 0 
12 64 215 0 
13 70 80 0 
14 67 124 0 
15 72 42 0 
16 82 317 0 
17 61 156 0 
18 62 124 0 
19 62 152 0 
20 88 97 0 
21 58 203 0 
22 85 156 0 
23 98 192 0 
24 74 174 0 
25 95 252 0 
26 53 113 0 
27 68 227 0 
28 94 371 0 
29 64 254 0 
30 77 237 0 
31 79 178 0 
32 82 93 0 
33 85 178 0 
34 62 84 0 
35 69 131 0 
36 66 92 0 
37 65 152 0 
38 85 234 0 
39 57 78 0 
40 85 327 0 
41 69 194 0 
42 81 147 0 
43 58 210 0 
44 73 43 0 
45 64 184 0 
46 69 70 0 
47 89 324 0 
48 80 223 0 
49 53 116 0 
50 70 267 0 
51 97 218 0 
52 62 190 0 
53 72 125 0 
54 68 55 0 
55 97 166 0 
56 97 334 0 
57 64 76 0 
58 63 248 0 
59 78 158 0 
60 89 323 0 
61 96 149 0 
62 54 50 0 
63 89 83 0 
64 59 212 0 
65 87 148 0 
66 70 197 0 
67 51 165 0 
68 57 48 0 
69 62 136 0 
70 75 95 0 
71 98 210 0 
72 79 153 0 
73 61 193 0 
74 67 81 0 
75 70 44 0 
76 80 229 0 
77 94 271 0 
78 98 344 0 
79 84 317 0 
80 58 114 0 
81 97 268 0 
82 87 84 0 
83 64 139 0 
84 57 33 0 
85 65 259 0 
86 95 73 0 
87 66 181 0 
88 71 185 0 
89 66 41 0 
90 98 132 0 
91 67 160 0 
92 78 115 0 
93 72 195 0 
94 66 196 0 
95 61 189 0 
96 54 88 0 
97 52 92 0 
98 80 305 0 
99 75 93 0 
100 83 86 0 
101 71 138 0 
102 64 38 0 
103 51 195 0 
104 77 246 0 
105 77 185 0 
106 92 348 0 
107 64 69 0 
108 56 142 0 
109 89 96 0 
110 60 223 0 
111 60 160 0 
112 65 108 0 
113 96 285 0 
114 85 338 0 
115 88 242 0 
116 69 110 0 
117 100 394 0 
118 54 48 0 
119 62 193 0 
120 61 118 0 
121 55 168 0 
122 58 69 0 
123 83 188 0 
124 69 178 0 
125 72 68 0 
126 72 105 0 
127 93 76 0 
128 88 235 0 
129 72 149 0 
130 59 127 0 
131 99 348 0 
132 53 175 0 
133 77 124 0 
134 70 187 0 
135 93 223 0 
136 92 123 0 
137 88 131 0 
138 74 54 0 
139 96 113 0 
140 97 233 0 
141 82 191 0 
142 69 223 0 
143 61 86 0 
144 97 109 0 
145 83 81 0 
146 72 156 0 
147 60 189 0 
148 70 45 0 
149 93 282 0 
150 93 129 0 
151 84 102 0 
152 84 278 0 
153 64 84 0 
154 80 104 0 
155 90 223 0 
156 93 306 0 
157 82 281 0 
158 94 164 0 
159 75 248 0 
160 82 187 0 
161 69 167 0 
162 57 109 0 
163 99 259 0 
164 97 212 0 
165 76 259 0 
166 73 275 0 
167 94 302 0 
168 91 178 0 
169 90 343 0 
170 68 251 0 
171 88 53 0 
172 71 215 0 
173 60 172 0 
174 52 73 0 
175 73 74 0 
176 99 218 0 
177 69 136 0 
178 94 137 0 
179 89 343 0 
180 100 255 0 
181 63 220 0 
182 74 86 0 
183 71 132 0 
184 52 27 0 
185 58 180 0 
186 85 101 0 
187 69 89 0 
188 55 51 0 
189 93 316 0 
190 62 164 0 
191 89 61 0 
192 56 35 0 
193 95 103 0 
194 62 221 0 
195 66 91 0 
196 72 178 0 
197 64 184 0 
198 64 207 0 
199 66 111 0 
