NAME GBP_INSTANCES\prob_3_B_4_3_2.txt
COMMENT
BINTYPES 5
ITEMS 500
BINS_SECTIONS
0 60 60 0 627 
1 80 80 0 471 
2 100 100 0 377 
3 120 120 0 314 
4 150 150 0 251 
ITEMS_SECTIONS
0 72 147 0 
1 64 101 0 
2 53 103 0 
3 95 194 0 
4 69 149 0 
5 82 173 0 
6 56 161 0 
7 98 224 0 
8 56 29 0 
9 74 107 0 
10 83 55 0 
11 82 160 0 
12 73 75 0 
13 52 173 0 
14 74 208 0 
15 79 237 0 
16 63 185 0 
17 82 314 0 
18 80 212 0 
19 75 64 0 
20 59 134 0 
21 78 117 0 
22 76 246 0 
23 66 215 0 
24 80 70 0 
25 58 101 0 
26 80 83 0 
27 56 86 0 
28 78 281 0 
29 64 94 0 
30 82 148 0 
31 65 237 0 
32 53 68 0 
33 64 237 0 
34 63 162 0 
35 93 342 0 
36 56 133 0 
37 68 172 0 
38 79 169 0 
39 99 74 0 
40 64 74 0 
41 92 197 0 
42 69 66 0 
43 56 195 0 
44 80 170 0 
45 93 118 0 
46 100 53 0 
47 62 141 0 
48 59 107 0 
49 62 246 0 
50 98 172 0 
51 60 156 0 
52 61 83 0 
53 99 271 0 
54 52 29 0 
55 94 140 0 
56 65 72 0 
57 98 302 0 
58 61 98 0 
59 71 67 0 
60 60 200 0 
61 87 268 0 
62 87 169 0 
63 76 137 0 
64 52 192 0 
65 71 188 0 
66 69 55 0 
67 88 112 0 
68 87 255 0 
69 100 194 0 
70 65 120 0 
71 86 67 0 
72 90 66 0 
73 52 69 0 
74 73 50 0 
75 83 264 0 
76 62 70 0 
77 90 107 0 
78 61 121 0 
79 85 255 0 
80 98 321 0 
81 100 237 0 
82 90 66 0 
83 69 220 0 
84 56 77 0 
85 59 84 0 
86 67 50 0 
87 62 121 0 
88 89 355 0 
89 51 153 0 
90 76 74 0 
91 82 101 0 
92 84 166 0 
93 63 208 0 
94 89 212 0 
95 56 135 0 
96 55 87 0 
97 91 262 0 
98 96 102 0 
99 86 70 0 
100 89 290 0 
101 89 76 0 
102 81 165 0 
103 85 70 0 
104 99 278 0 
105 85 215 0 
106 82 287 0 
107 88 242 0 
108 70 43 0 
109 99 364 0 
110 82 324 0 
111 62 143 0 
112 61 57 0 
113 86 91 0 
114 91 70 0 
115 85 134 0 
116 52 89 0 
117 94 371 0 
118 91 95 0 
119 59 117 0 
120 86 208 0 
121 54 112 0 
122 97 122 0 
123 67 215 0 
124 55 192 0 
125 95 306 0 
126 88 106 0 
127 56 143 0 
128 84 290 0 
129 99 59 0 
130 89 335 0 
131 97 266 0 
132 100 228 0 
133 93 264 0 
134 94 88 0 
135 100 184 0 
136 91 82 0 
137 89 351 0 
138 54 198 0 
139 53 143 0 
140 61 232 0 
141 69 255 0 
142 85 153 0 
143 85 307 0 
144 62 220 0 
145 80 246 0 
146 59 227 0 
147 98 116 0 
148 68 215 0 
149 82 227 0 
150 88 173 0 
151 54 196 0 
152 73 165 0 
153 65 169 0 
154 68 74 0 
155 61 48 0 
156 88 239 0 
157 77 242 0 
158 79 122 0 
159 61 200 0 
160 99 178 0 
161 87 214 0 
162 68 255 0 
163 87 109 0 
164 68 99 0 
165 60 199 0 
166 69 84 0 
167 64 39 0 
168 52 81 0 
169 77 89 0 
170 71 182 0 
171 62 43 0 
172 57 126 0 
173 88 131 0 
174 91 104 0 
175 77 87 0 
176 55 71 0 
177 55 175 0 
178 76 190 0 
179 99 316 0 
180 82 327 0 
181 91 164 0 
182 73 69 0 
183 94 145 0 
184 55 106 0 
185 55 121 0 
186 60 203 0 
187 99 178 0 
188 58 55 0 
189 96 190 0 
190 58 205 0 
191 81 55 0 
192 93 368 0 
193 64 45 0 
194 77 49 0 
195 77 297 0 
196 54 165 0 
197 80 96 0 
198 70 51 0 
199 90 327 0 
200 56 208 0 
201 83 134 0 
202 88 115 0 
203 57 112 0 
204 89 338 0 
205 91 274 0 
206 70 53 0 
207 89 281 0 
208 75 129 0 
209 56 216 0 
210 96 298 0 
211 88 226 0 
212 85 200 0 
213 84 296 0 
214 58 105 0 
215 57 216 0 
216 72 216 0 
217 66 64 0 
218 63 147 0 
219 77 119 0 
220 53 45 0 
221 80 181 0 
222 68 271 0 
223 58 182 0 
224 98 136 0 
225 56 117 0 
226 81 148 0 
227 92 352 0 
228 78 273 0 
229 87 298 0 
230 58 97 0 
231 72 202 0 
232 59 159 0 
233 54 148 0 
234 84 184 0 
235 82 325 0 
236 100 89 0 
237 52 153 0 
238 88 332 0 
239 52 43 0 
240 96 343 0 
241 90 270 0 
242 98 133 0 
243 65 127 0 
244 80 231 0 
245 65 114 0 
246 54 133 0 
247 53 96 0 
248 51 43 0 
249 56 69 0 
250 93 179 0 
251 90 73 0 
252 71 111 0 
253 99 79 0 
254 52 157 0 
255 64 124 0 
256 80 97 0 
257 55 204 0 
258 72 160 0 
259 62 124 0 
260 74 242 0 
261 56 163 0 
262 93 349 0 
263 81 279 0 
264 57 91 0 
265 58 36 0 
266 61 37 0 
267 87 325 0 
268 92 262 0 
269 86 85 0 
270 62 67 0 
271 79 253 0 
272 79 54 0 
273 85 70 0 
274 84 90 0 
275 89 320 0 
276 77 78 0 
277 79 110 0 
278 71 77 0 
279 67 197 0 
280 53 74 0 
281 98 211 0 
282 89 196 0 
283 92 173 0 
284 69 263 0 
285 67 97 0 
286 99 189 0 
287 100 222 0 
288 90 213 0 
289 73 126 0 
290 63 104 0 
291 71 150 0 
292 82 276 0 
293 53 35 0 
294 84 255 0 
295 70 89 0 
296 79 206 0 
297 78 128 0 
298 95 62 0 
299 77 94 0 
300 80 144 0 
301 55 123 0 
302 57 67 0 
303 60 148 0 
304 67 65 0 
305 85 137 0 
306 79 242 0 
307 72 237 0 
308 100 202 0 
309 65 241 0 
310 66 201 0 
311 67 91 0 
312 77 242 0 
313 86 111 0 
314 63 44 0 
315 88 148 0 
316 69 126 0 
317 89 185 0 
318 98 167 0 
319 96 322 0 
320 67 67 0 
321 86 86 0 
322 90 190 0 
323 59 44 0 
324 57 161 0 
325 89 266 0 
326 88 243 0 
327 71 232 0 
328 91 231 0 
329 64 142 0 
330 85 144 0 
331 61 204 0 
332 89 126 0 
333 58 181 0 
334 85 151 0 
335 65 105 0 
336 93 365 0 
337 52 92 0 
338 82 131 0 
339 79 144 0 
340 84 155 0 
341 54 81 0 
342 97 193 0 
343 100 280 0 
344 56 108 0 
345 78 291 0 
346 52 48 0 
347 91 339 0 
348 100 63 0 
349 62 63 0 
350 86 121 0 
351 64 142 0 
352 86 47 0 
353 90 195 0 
354 65 129 0 
355 69 165 0 
356 64 224 0 
357 64 98 0 
358 61 80 0 
359 96 290 0 
360 95 111 0 
361 85 171 0 
362 53 154 0 
363 52 125 0 
364 56 37 0 
365 88 143 0 
366 59 200 0 
367 96 263 0 
368 73 73 0 
369 62 85 0 
370 66 157 0 
371 82 261 0 
372 74 89 0 
373 68 210 0 
374 67 219 0 
375 93 168 0 
376 61 187 0 
377 51 59 0 
378 65 159 0 
379 66 184 0 
380 54 80 0 
381 75 294 0 
382 99 111 0 
383 93 218 0 
384 57 207 0 
385 97 131 0 
386 71 228 0 
387 100 63 0 
388 78 91 0 
389 74 120 0 
390 57 72 0 
391 86 249 0 
392 79 160 0 
393 74 42 0 
394 96 187 0 
395 69 127 0 
396 76 133 0 
397 83 211 0 
398 86 146 0 
399 81 258 0 
400 61 130 0 
401 63 65 0 
402 74 100 0 
403 57 123 0 
404 74 185 0 
405 72 196 0 
406 80 245 0 
407 51 200 0 
408 96 382 0 
409 98 243 0 
410 84 257 0 
411 84 326 0 
412 84 219 0 
413 61 190 0 
414 72 120 0 
415 53 73 0 
416 75 141 0 
417 85 81 0 
418 65 158 0 
419 56 153 0 
420 86 283 0 
421 52 119 0 
422 78 249 0 
423 62 240 0 
424 68 96 0 
425 85 161 0 
426 83 219 0 
427 86 304 0 
428 59 215 0 
429 69 113 0 
430 77 74 0 
431 81 254 0 
432 96 314 0 
433 66 173 0 
434 77 230 0 
435 85 78 0 
436 54 75 0 
437 73 212 0 
438 87 112 0 
439 61 126 0 
440 55 147 0 
441 81 213 0 
442 65 219 0 
443 71 201 0 
444 53 195 0 
445 93 99 0 
446 86 284 0 
447 93 134 0 
448 73 283 0 
449 52 169 0 
450 79 54 0 
451 93 54 0 
452 84 198 0 
453 78 77 0 
454 75 142 0 
455 75 88 0 
456 69 276 0 
457 87 318 0 
458 57 221 0 
459 79 116 0 
460 73 256 0 
461 66 75 0 
462 88 256 0 
463 86 280 0 
464 52 153 0 
465 52 172 0 
466 68 266 0 
467 51 104 0 
468 89 264 0 
469 70 67 0 
470 89 120 0 
471 88 183 0 
472 64 139 0 
473 76 268 0 
474 88 211 0 
475 57 30 0 
476 85 150 0 
477 87 215 0 
478 73 59 0 
479 94 188 0 
480 69 123 0 
481 60 49 0 
482 66 195 0 
483 75 157 0 
484 82 284 0 
485 73 252 0 
486 98 224 0 
487 55 129 0 
488 80 155 0 
489 65 160 0 
490 83 119 0 
491 82 60 0 
492 99 321 0 
493 87 288 0 
494 74 71 0 
495 63 175 0 
496 91 202 0 
497 68 214 0 
498 61 127 0 
499 94 138 0 
