NAME GBP_INSTANCES\prob_1_A_3_6_2.txt
COMMENT
BINTYPES 3
ITEMS 200
BINS_SECTIONS
0 100 100 0 105 
1 120 120 0 88 
2 150 150 0 70 
ITEMS_SECTIONS
0 86 331 0 
1 32 43 0 
2 96 285 0 
3 48 140 0 
4 82 213 0 
5 59 215 0 
6 6 9 0 
7 71 179 0 
8 13 11 0 
9 40 94 0 
10 60 224 0 
11 100 153 0 
12 98 392 0 
13 4 7 0 
14 63 149 0 
15 48 82 0 
16 84 127 0 
17 67 245 0 
18 14 46 0 
19 66 39 0 
20 50 140 0 
21 54 87 0 
22 58 94 0 
23 59 168 0 
24 62 235 0 
25 34 76 0 
26 70 185 0 
27 95 267 0 
28 28 80 0 
29 9 30 0 
30 89 87 0 
31 36 105 0 
32 43 168 0 
33 87 228 0 
34 76 249 0 
35 78 85 0 
36 76 160 0 
37 76 301 0 
38 15 51 0 
39 38 150 0 
40 93 291 0 
41 27 14 0 
42 31 46 0 
43 62 45 0 
44 65 211 0 
45 66 80 0 
46 54 204 0 
47 97 348 0 
48 58 43 0 
49 60 55 0 
50 80 43 0 
51 14 42 0 
52 48 84 0 
53 19 43 0 
54 81 86 0 
55 93 348 0 
56 67 74 0 
57 8 18 0 
58 6 19 0 
59 9 31 0 
60 11 15 0 
61 71 98 0 
62 12 40 0 
63 66 130 0 
64 26 83 0 
65 31 37 0 
66 100 331 0 
67 68 270 0 
68 2 6 0 
69 62 107 0 
70 63 239 0 
71 65 226 0 
72 88 251 0 
73 13 21 0 
74 29 17 0 
75 27 83 0 
76 57 225 0 
77 74 189 0 
78 16 38 0 
79 41 148 0 
80 30 79 0 
81 62 182 0 
82 78 107 0 
83 41 143 0 
84 6 23 0 
85 13 21 0 
86 54 79 0 
87 73 170 0 
88 91 87 0 
89 64 198 0 
90 96 323 0 
91 30 117 0 
92 72 161 0 
93 21 84 0 
94 99 190 0 
95 28 57 0 
96 29 84 0 
97 68 68 0 
98 12 12 0 
99 67 128 0 
100 52 121 0 
101 39 91 0 
102 27 21 0 
103 65 246 0 
104 32 74 0 
105 6 11 0 
106 52 52 0 
107 89 299 0 
108 90 349 0 
109 89 54 0 
110 69 173 0 
111 74 145 0 
112 44 47 0 
113 56 50 0 
114 40 114 0 
115 63 73 0 
116 39 107 0 
117 11 36 0 
118 14 42 0 
119 51 81 0 
120 67 153 0 
121 41 125 0 
122 78 143 0 
123 72 203 0 
124 100 397 0 
125 25 28 0 
126 84 222 0 
127 10 16 0 
128 47 127 0 
129 62 187 0 
130 30 118 0 
131 57 80 0 
132 65 186 0 
133 37 117 0 
134 4 15 0 
135 37 120 0 
136 53 86 0 
137 72 86 0 
138 76 95 0 
139 79 245 0 
140 31 24 0 
141 82 217 0 
142 53 27 0 
143 78 275 0 
144 44 155 0 
145 88 182 0 
146 67 210 0 
147 32 36 0 
148 12 29 0 
149 100 164 0 
150 19 62 0 
151 67 195 0 
152 22 23 0 
153 36 134 0 
154 60 55 0 
155 82 311 0 
156 36 72 0 
157 59 101 0 
158 17 57 0 
159 83 180 0 
160 69 98 0 
161 39 50 0 
162 42 61 0 
163 57 63 0 
164 30 16 0 
165 98 115 0 
166 13 26 0 
167 60 204 0 
168 78 300 0 
169 40 93 0 
170 43 72 0 
171 61 133 0 
172 87 312 0 
173 34 36 0 
174 33 132 0 
175 19 22 0 
176 67 93 0 
177 61 171 0 
178 36 24 0 
179 32 59 0 
180 32 18 0 
181 78 65 0 
182 50 50 0 
183 45 105 0 
184 81 77 0 
185 4 5 0 
186 23 74 0 
187 40 79 0 
188 60 230 0 
189 8 17 0 
190 70 199 0 
191 8 13 0 
192 83 310 0 
193 80 135 0 
194 10 27 0 
195 19 11 0 
196 77 216 0 
197 73 150 0 
198 97 309 0 
199 100 182 0 
