NAME GBP_INSTANCES\prob_3_A_2_1_2.txt
COMMENT
BINTYPES 3
ITEMS 100
BINS_SECTIONS
0 100 100 0 74 
1 120 120 0 62 
2 150 150 0 50 
ITEMS_SECTIONS
0 97 279 0 
1 70 274 0 
2 75 268 0 
3 86 173 0 
4 87 134 0 
5 56 128 0 
6 58 136 0 
7 94 128 0 
8 85 168 0 
9 91 318 0 
10 100 129 0 
11 89 298 0 
12 88 187 0 
13 70 90 0 
14 63 95 0 
15 80 66 0 
16 75 269 0 
17 83 304 0 
18 95 100 0 
19 91 66 0 
20 63 66 0 
21 71 108 0 
22 68 159 0 
23 81 91 0 
24 53 66 0 
25 52 51 0 
26 92 178 0 
27 60 136 0 
28 78 234 0 
29 95 56 0 
30 91 270 0 
31 83 249 0 
32 60 72 0 
33 96 296 0 
34 51 52 0 
35 87 78 0 
36 54 84 0 
37 90 217 0 
38 74 144 0 
39 65 217 0 
40 67 162 0 
41 97 263 0 
42 58 216 0 
43 56 156 0 
44 76 53 0 
45 91 227 0 
46 76 133 0 
47 70 156 0 
48 60 163 0 
49 85 126 0 
50 75 153 0 
51 88 120 0 
52 90 73 0 
53 74 129 0 
54 75 250 0 
55 59 47 0 
56 62 238 0 
57 75 116 0 
58 81 73 0 
59 89 222 0 
60 55 133 0 
61 70 58 0 
62 98 184 0 
63 73 282 0 
64 53 46 0 
65 67 242 0 
66 52 88 0 
67 83 293 0 
68 73 205 0 
69 54 186 0 
70 57 154 0 
71 68 139 0 
72 73 42 0 
73 65 83 0 
74 93 263 0 
75 54 61 0 
76 81 194 0 
77 52 106 0 
78 71 77 0 
79 73 199 0 
80 85 222 0 
81 72 125 0 
82 58 48 0 
83 56 48 0 
84 69 89 0 
85 58 37 0 
86 86 126 0 
87 57 84 0 
88 69 74 0 
89 91 357 0 
90 66 135 0 
91 100 83 0 
92 57 107 0 
93 86 152 0 
94 86 294 0 
95 73 207 0 
96 64 114 0 
97 61 129 0 
98 59 101 0 
99 51 144 0 
