NAME GBP_INSTANCES\prob_3_A_2_5_2.txt
COMMENT
BINTYPES 3
ITEMS 100
BINS_SECTIONS
0 100 100 0 77 
1 120 120 0 64 
2 150 150 0 51 
ITEMS_SECTIONS
0 57 35 0 
1 69 73 0 
2 61 91 0 
3 100 309 0 
4 99 182 0 
5 94 289 0 
6 61 236 0 
7 70 44 0 
8 89 233 0 
9 73 95 0 
10 53 202 0 
11 56 163 0 
12 54 203 0 
13 74 241 0 
14 64 197 0 
15 53 196 0 
16 88 246 0 
17 83 43 0 
18 81 256 0 
19 75 263 0 
20 51 150 0 
21 71 249 0 
22 99 207 0 
23 58 158 0 
24 62 97 0 
25 88 181 0 
26 88 286 0 
27 75 196 0 
28 81 323 0 
29 91 67 0 
30 65 52 0 
31 91 52 0 
32 52 126 0 
33 77 68 0 
34 83 146 0 
35 89 185 0 
36 65 166 0 
37 82 158 0 
38 70 158 0 
39 51 68 0 
40 99 54 0 
41 76 123 0 
42 83 60 0 
43 65 217 0 
44 99 53 0 
45 52 89 0 
46 61 150 0 
47 96 381 0 
48 65 121 0 
49 100 95 0 
50 92 195 0 
51 95 276 0 
52 91 292 0 
53 55 63 0 
54 63 200 0 
55 79 76 0 
56 92 206 0 
57 72 170 0 
58 85 141 0 
59 60 194 0 
60 97 199 0 
61 98 192 0 
62 96 118 0 
63 51 150 0 
64 57 201 0 
65 64 78 0 
66 77 218 0 
67 89 90 0 
68 93 231 0 
69 61 183 0 
70 99 359 0 
71 84 300 0 
72 71 137 0 
73 57 103 0 
74 85 76 0 
75 96 120 0 
76 100 73 0 
77 95 66 0 
78 90 220 0 
79 60 38 0 
80 71 200 0 
81 64 81 0 
82 95 300 0 
83 78 256 0 
84 95 238 0 
85 80 284 0 
86 72 112 0 
87 84 256 0 
88 53 116 0 
89 79 307 0 
90 56 100 0 
91 83 79 0 
92 67 68 0 
93 56 131 0 
94 84 270 0 
95 63 198 0 
96 54 111 0 
97 93 72 0 
98 85 172 0 
99 52 80 0 
