NAME GBP_INSTANCES\prob_1_A_4_0_2.txt
COMMENT
BINTYPES 3
ITEMS 500
BINS_SECTIONS
0 100 100 0 257 
1 120 120 0 215 
2 150 150 0 172 
ITEMS_SECTIONS
0 8 31 0 
1 45 63 0 
2 49 36 0 
3 96 91 0 
4 50 107 0 
5 38 22 0 
6 19 46 0 
7 2 5 0 
8 59 233 0 
9 40 107 0 
10 82 189 0 
11 57 64 0 
12 14 42 0 
13 19 55 0 
14 22 44 0 
15 57 174 0 
16 67 240 0 
17 75 275 0 
18 72 77 0 
19 4 7 0 
20 27 36 0 
21 75 172 0 
22 91 305 0 
23 8 26 0 
24 56 74 0 
25 60 112 0 
26 23 73 0 
27 71 197 0 
28 50 140 0 
29 93 246 0 
30 94 103 0 
31 56 68 0 
32 82 108 0 
33 61 243 0 
34 9 9 0 
35 49 42 0 
36 66 192 0 
37 70 254 0 
38 62 179 0 
39 29 100 0 
40 23 30 0 
41 76 192 0 
42 42 101 0 
43 53 80 0 
44 13 49 0 
45 63 169 0 
46 52 126 0 
47 64 200 0 
48 28 60 0 
49 42 147 0 
50 16 11 0 
51 33 49 0 
52 79 143 0 
53 59 30 0 
54 89 155 0 
55 40 31 0 
56 85 241 0 
57 86 155 0 
58 50 121 0 
59 18 29 0 
60 12 41 0 
61 2 2 0 
62 95 343 0 
63 39 145 0 
64 52 28 0 
65 12 9 0 
66 7 15 0 
67 95 297 0 
68 95 145 0 
69 38 52 0 
70 11 38 0 
71 43 166 0 
72 88 245 0 
73 16 26 0 
74 8 29 0 
75 39 148 0 
76 24 74 0 
77 15 14 0 
78 94 106 0 
79 81 200 0 
80 67 75 0 
81 55 155 0 
82 35 94 0 
83 56 210 0 
84 57 156 0 
85 5 9 0 
86 26 52 0 
87 98 354 0 
88 82 231 0 
89 43 115 0 
90 12 39 0 
91 89 295 0 
92 75 48 0 
93 77 212 0 
94 76 215 0 
95 73 107 0 
96 34 42 0 
97 85 311 0 
98 84 202 0 
99 46 32 0 
100 2 5 0 
101 96 179 0 
102 86 274 0 
103 67 43 0 
104 11 13 0 
105 50 51 0 
106 79 270 0 
107 70 180 0 
108 35 36 0 
109 70 211 0 
110 15 19 0 
111 15 42 0 
112 52 115 0 
113 83 166 0 
114 56 29 0 
115 49 115 0 
116 51 199 0 
117 24 17 0 
118 85 248 0 
119 47 126 0 
120 99 303 0 
121 51 120 0 
122 42 100 0 
123 58 185 0 
124 100 288 0 
125 20 45 0 
126 15 20 0 
127 59 123 0 
128 43 86 0 
129 32 88 0 
130 56 215 0 
131 41 112 0 
132 97 53 0 
133 12 33 0 
134 37 95 0 
135 9 13 0 
136 42 130 0 
137 33 62 0 
138 26 92 0 
139 35 31 0 
140 83 248 0 
141 34 125 0 
142 2 5 0 
143 54 133 0 
144 45 119 0 
145 56 159 0 
146 81 117 0 
147 22 72 0 
148 93 207 0 
149 35 104 0 
150 73 193 0 
151 34 54 0 
152 88 68 0 
153 92 112 0 
154 45 154 0 
155 30 60 0 
156 98 307 0 
157 41 154 0 
158 9 13 0 
159 77 127 0 
160 91 222 0 
161 60 65 0 
162 8 6 0 
163 59 180 0 
164 39 47 0 
165 59 208 0 
166 27 20 0 
167 56 157 0 
168 31 123 0 
169 74 77 0 
170 87 342 0 
171 56 172 0 
172 50 34 0 
173 23 60 0 
174 64 150 0 
175 73 226 0 
176 7 11 0 
177 62 247 0 
178 80 90 0 
179 19 45 0 
180 67 65 0 
181 70 58 0 
182 18 50 0 
183 92 365 0 
184 94 243 0 
185 8 12 0 
186 99 289 0 
187 45 53 0 
188 24 89 0 
189 59 98 0 
190 78 122 0 
191 94 216 0 
192 87 267 0 
193 37 27 0 
194 97 160 0 
195 11 13 0 
196 34 76 0 
197 23 59 0 
198 45 85 0 
199 85 340 0 
200 23 28 0 
201 44 80 0 
202 78 182 0 
203 90 188 0 
204 66 209 0 
205 60 103 0 
206 34 24 0 
207 32 46 0 
208 94 167 0 
209 48 71 0 
210 98 306 0 
211 19 17 0 
212 2 2 0 
213 68 135 0 
214 69 215 0 
215 39 43 0 
216 63 89 0 
217 95 322 0 
218 55 89 0 
219 79 194 0 
220 80 84 0 
221 6 16 0 
222 67 180 0 
223 61 121 0 
224 38 29 0 
225 90 304 0 
226 55 105 0 
227 42 109 0 
228 33 34 0 
229 97 121 0 
230 3 10 0 
231 56 216 0 
232 59 139 0 
233 71 154 0 
234 83 132 0 
235 32 42 0 
236 7 24 0 
237 80 240 0 
238 64 54 0 
239 72 123 0 
240 63 244 0 
241 22 26 0 
242 51 75 0 
243 34 78 0 
244 71 182 0 
245 77 136 0 
246 97 134 0 
247 76 123 0 
248 34 47 0 
249 16 30 0 
250 31 38 0 
251 40 60 0 
252 17 18 0 
253 17 23 0 
254 40 88 0 
255 13 40 0 
256 44 58 0 
257 6 14 0 
258 80 42 0 
259 34 39 0 
260 35 55 0 
261 87 244 0 
262 32 92 0 
263 13 43 0 
264 80 157 0 
265 46 180 0 
266 60 91 0 
267 5 15 0 
268 95 80 0 
269 27 64 0 
270 31 98 0 
271 23 46 0 
272 63 89 0 
273 48 33 0 
274 26 88 0 
275 12 16 0 
276 99 54 0 
277 56 43 0 
278 97 93 0 
279 89 284 0 
280 46 92 0 
281 87 191 0 
282 21 58 0 
283 72 244 0 
284 31 63 0 
285 42 108 0 
286 81 58 0 
287 70 79 0 
288 6 4 0 
289 31 59 0 
290 49 51 0 
291 99 212 0 
292 87 321 0 
293 4 7 0 
294 86 131 0 
295 81 41 0 
296 22 85 0 
297 15 47 0 
298 37 133 0 
299 70 187 0 
300 3 9 0 
301 51 77 0 
302 31 57 0 
303 93 149 0 
304 42 146 0 
305 54 71 0 
306 81 307 0 
307 34 85 0 
308 55 212 0 
309 71 139 0 
310 83 110 0 
311 49 186 0 
312 32 37 0 
313 88 117 0 
314 90 233 0 
315 52 202 0 
316 66 229 0 
317 38 41 0 
318 100 73 0 
319 35 121 0 
320 19 71 0 
321 70 160 0 
322 6 12 0 
323 88 165 0 
324 81 188 0 
325 68 140 0 
326 44 167 0 
327 77 49 0 
328 17 68 0 
329 87 150 0 
330 15 20 0 
331 25 91 0 
332 44 142 0 
333 17 16 0 
334 83 96 0 
335 81 258 0 
336 44 29 0 
337 24 31 0 
338 49 37 0 
339 17 41 0 
340 54 50 0 
341 100 60 0 
342 91 271 0 
343 11 9 0 
344 25 56 0 
345 55 177 0 
346 75 141 0 
347 92 262 0 
348 12 18 0 
349 71 38 0 
350 28 105 0 
351 97 268 0 
352 77 228 0 
353 88 331 0 
354 67 133 0 
355 84 181 0 
356 57 176 0 
357 15 20 0 
358 100 141 0 
359 95 118 0 
360 95 72 0 
361 30 68 0 
362 65 102 0 
363 95 260 0 
364 84 93 0 
365 93 354 0 
366 29 38 0 
367 67 94 0 
368 13 46 0 
369 3 8 0 
370 32 48 0 
371 11 19 0 
372 59 73 0 
373 30 21 0 
374 83 252 0 
375 13 33 0 
376 52 95 0 
377 86 239 0 
378 85 75 0 
379 41 29 0 
380 7 17 0 
381 19 62 0 
382 15 9 0 
383 30 63 0 
384 70 249 0 
385 10 6 0 
386 22 80 0 
387 4 10 0 
388 100 166 0 
389 81 64 0 
390 77 79 0 
391 18 62 0 
392 84 155 0 
393 69 90 0 
394 35 24 0 
395 47 150 0 
396 36 78 0 
397 63 216 0 
398 32 19 0 
399 16 28 0 
400 83 116 0 
401 93 239 0 
402 6 15 0 
403 100 97 0 
404 81 219 0 
405 54 53 0 
406 37 51 0 
407 78 197 0 
408 39 107 0 
409 36 134 0 
410 99 297 0 
411 76 82 0 
412 34 31 0 
413 64 214 0 
414 35 95 0 
415 88 84 0 
416 85 266 0 
417 17 65 0 
418 32 42 0 
419 100 298 0 
420 46 106 0 
421 21 29 0 
422 16 46 0 
423 11 39 0 
424 7 25 0 
425 90 272 0 
426 38 94 0 
427 77 273 0 
428 53 143 0 
429 16 48 0 
430 75 116 0 
431 77 204 0 
432 94 148 0 
433 59 67 0 
434 17 45 0 
435 6 10 0 
436 76 58 0 
437 79 291 0 
438 57 132 0 
439 17 64 0 
440 8 23 0 
441 21 39 0 
442 70 85 0 
443 17 10 0 
444 25 25 0 
445 4 12 0 
446 84 242 0 
447 16 55 0 
448 6 21 0 
449 54 43 0 
450 30 53 0 
451 59 165 0 
452 74 212 0 
453 91 117 0 
454 79 96 0 
455 23 67 0 
456 82 83 0 
457 39 153 0 
458 64 154 0 
459 20 37 0 
460 43 126 0 
461 50 37 0 
462 66 114 0 
463 83 312 0 
464 76 158 0 
465 24 61 0 
466 83 295 0 
467 79 195 0 
468 49 50 0 
469 20 39 0 
470 67 143 0 
471 19 58 0 
472 77 64 0 
473 16 10 0 
474 23 92 0 
475 9 24 0 
476 57 228 0 
477 42 60 0 
478 81 199 0 
479 37 74 0 
480 13 23 0 
481 23 39 0 
482 20 15 0 
483 2 4 0 
484 11 23 0 
485 63 138 0 
486 54 123 0 
487 89 350 0 
488 31 119 0 
489 20 78 0 
490 73 168 0 
491 40 46 0 
492 55 46 0 
493 75 250 0 
494 34 21 0 
495 53 46 0 
496 59 235 0 
497 68 77 0 
498 96 224 0 
499 10 20 0 
