NAME GBP_INSTANCES\prob_3_B_4_4_2.txt
COMMENT
BINTYPES 5
ITEMS 500
BINS_SECTIONS
0 60 60 0 628 
1 80 80 0 471 
2 100 100 0 377 
3 120 120 0 314 
4 150 150 0 252 
ITEMS_SECTIONS
0 70 140 0 
1 55 120 0 
2 85 116 0 
3 77 210 0 
4 88 340 0 
5 80 128 0 
6 56 91 0 
7 77 110 0 
8 67 42 0 
9 51 120 0 
10 61 117 0 
11 64 241 0 
12 66 65 0 
13 90 225 0 
14 54 160 0 
15 69 216 0 
16 99 255 0 
17 98 117 0 
18 93 202 0 
19 63 239 0 
20 82 137 0 
21 75 69 0 
22 53 202 0 
23 82 160 0 
24 76 127 0 
25 86 133 0 
26 88 308 0 
27 63 64 0 
28 60 159 0 
29 78 305 0 
30 97 245 0 
31 61 206 0 
32 97 278 0 
33 62 223 0 
34 70 55 0 
35 53 151 0 
36 76 192 0 
37 54 94 0 
38 96 229 0 
39 71 154 0 
40 93 355 0 
41 87 90 0 
42 80 196 0 
43 91 243 0 
44 54 103 0 
45 91 63 0 
46 94 229 0 
47 98 366 0 
48 65 125 0 
49 58 132 0 
50 58 168 0 
51 87 243 0 
52 93 237 0 
53 87 153 0 
54 78 218 0 
55 71 157 0 
56 57 176 0 
57 59 100 0 
58 82 314 0 
59 62 132 0 
60 90 201 0 
61 63 216 0 
62 88 257 0 
63 99 86 0 
64 78 260 0 
65 66 259 0 
66 91 114 0 
67 71 247 0 
68 63 37 0 
69 79 288 0 
70 57 99 0 
71 82 84 0 
72 72 260 0 
73 85 138 0 
74 54 195 0 
75 94 307 0 
76 60 155 0 
77 76 210 0 
78 60 233 0 
79 87 214 0 
80 72 136 0 
81 51 95 0 
82 87 179 0 
83 98 116 0 
84 65 85 0 
85 89 254 0 
86 96 111 0 
87 95 203 0 
88 54 62 0 
89 95 90 0 
90 58 165 0 
91 71 82 0 
92 52 107 0 
93 73 123 0 
94 70 244 0 
95 63 176 0 
96 88 81 0 
97 85 156 0 
98 91 179 0 
99 66 243 0 
100 71 224 0 
101 100 293 0 
102 63 250 0 
103 60 187 0 
104 72 176 0 
105 82 76 0 
106 59 195 0 
107 70 71 0 
108 94 313 0 
109 79 100 0 
110 51 186 0 
111 69 39 0 
112 70 165 0 
113 65 152 0 
114 72 130 0 
115 95 132 0 
116 89 286 0 
117 87 223 0 
118 67 45 0 
119 56 186 0 
120 91 77 0 
121 75 204 0 
122 64 137 0 
123 76 87 0 
124 99 342 0 
125 72 99 0 
126 53 117 0 
127 61 180 0 
128 57 210 0 
129 80 310 0 
130 63 71 0 
131 100 325 0 
132 58 219 0 
133 82 295 0 
134 60 109 0 
135 58 162 0 
136 71 246 0 
137 54 90 0 
138 68 40 0 
139 98 357 0 
140 55 170 0 
141 99 64 0 
142 88 314 0 
143 78 116 0 
144 74 247 0 
145 81 262 0 
146 56 37 0 
147 56 177 0 
148 90 327 0 
149 52 110 0 
150 74 184 0 
151 59 108 0 
152 53 192 0 
153 72 273 0 
154 97 226 0 
155 94 190 0 
156 73 38 0 
157 95 322 0 
158 70 158 0 
159 58 198 0 
160 80 42 0 
161 52 205 0 
162 97 370 0 
163 68 225 0 
164 66 101 0 
165 56 62 0 
166 69 49 0 
167 85 340 0 
168 60 150 0 
169 71 75 0 
170 52 131 0 
171 85 263 0 
172 76 147 0 
173 53 118 0 
174 65 157 0 
175 57 95 0 
176 58 80 0 
177 74 105 0 
178 79 144 0 
179 91 61 0 
180 79 146 0 
181 75 76 0 
182 74 120 0 
183 66 92 0 
184 85 62 0 
185 51 203 0 
186 53 49 0 
187 74 104 0 
188 99 123 0 
189 91 234 0 
190 78 50 0 
191 71 85 0 
192 61 80 0 
193 97 124 0 
194 83 91 0 
195 94 355 0 
196 76 268 0 
197 71 201 0 
198 83 141 0 
199 54 212 0 
200 89 329 0 
201 93 184 0 
202 82 102 0 
203 68 223 0 
204 77 57 0 
205 74 239 0 
206 52 113 0 
207 100 178 0 
208 56 57 0 
209 58 205 0 
210 78 260 0 
211 86 73 0 
212 53 158 0 
213 62 179 0 
214 97 254 0 
215 92 263 0 
216 93 177 0 
217 71 126 0 
218 76 233 0 
219 92 108 0 
220 91 151 0 
221 78 43 0 
222 57 176 0 
223 72 95 0 
224 66 214 0 
225 51 69 0 
226 58 197 0 
227 80 95 0 
228 51 82 0 
229 90 214 0 
230 69 87 0 
231 82 107 0 
232 71 111 0 
233 75 39 0 
234 75 112 0 
235 63 82 0 
236 62 222 0 
237 63 50 0 
238 89 207 0 
239 58 36 0 
240 65 177 0 
241 93 48 0 
242 90 117 0 
243 61 169 0 
244 96 66 0 
245 88 322 0 
246 97 260 0 
247 56 185 0 
248 95 309 0 
249 79 99 0 
250 60 185 0 
251 55 86 0 
252 96 333 0 
253 90 251 0 
254 59 37 0 
255 91 178 0 
256 70 94 0 
257 93 143 0 
258 58 120 0 
259 59 111 0 
260 94 341 0 
261 98 271 0 
262 68 87 0 
263 92 284 0 
264 78 217 0 
265 61 107 0 
266 99 129 0 
267 67 177 0 
268 74 119 0 
269 89 55 0 
270 91 54 0 
271 85 271 0 
272 90 346 0 
273 76 97 0 
274 52 200 0 
275 63 52 0 
276 77 47 0 
277 94 210 0 
278 52 42 0 
279 84 170 0 
280 69 51 0 
281 69 136 0 
282 94 207 0 
283 98 90 0 
284 100 295 0 
285 79 241 0 
286 63 102 0 
287 58 146 0 
288 62 227 0 
289 95 287 0 
290 67 99 0 
291 93 242 0 
292 92 82 0 
293 94 189 0 
294 95 216 0 
295 61 221 0 
296 94 174 0 
297 91 92 0 
298 69 74 0 
299 57 107 0 
300 90 248 0 
301 87 154 0 
302 98 140 0 
303 92 64 0 
304 100 357 0 
305 52 98 0 
306 96 278 0 
307 69 233 0 
308 100 197 0 
309 88 328 0 
310 62 134 0 
311 55 157 0 
312 54 179 0 
313 74 54 0 
314 69 100 0 
315 88 134 0 
316 72 143 0 
317 65 78 0 
318 67 145 0 
319 60 186 0 
320 89 174 0 
321 69 50 0 
322 69 136 0 
323 75 238 0 
324 67 70 0 
325 96 345 0 
326 85 245 0 
327 71 97 0 
328 64 244 0 
329 94 203 0 
330 99 394 0 
331 87 150 0 
332 73 202 0 
333 59 100 0 
334 72 56 0 
335 91 125 0 
336 74 43 0 
337 54 44 0 
338 54 64 0 
339 86 214 0 
340 57 185 0 
341 95 94 0 
342 51 97 0 
343 54 73 0 
344 51 86 0 
345 71 50 0 
346 73 176 0 
347 70 242 0 
348 68 71 0 
349 82 82 0 
350 96 343 0 
351 89 70 0 
352 61 117 0 
353 71 174 0 
354 95 181 0 
355 77 270 0 
356 79 216 0 
357 86 174 0 
358 100 190 0 
359 58 49 0 
360 94 334 0 
361 92 189 0 
362 51 87 0 
363 94 244 0 
364 72 82 0 
365 76 42 0 
366 97 159 0 
367 52 79 0 
368 52 27 0 
369 59 179 0 
370 57 200 0 
371 100 250 0 
372 75 298 0 
373 60 163 0 
374 67 249 0 
375 68 272 0 
376 71 246 0 
377 77 163 0 
378 91 339 0 
379 71 83 0 
380 82 319 0 
381 85 80 0 
382 97 263 0 
383 92 326 0 
384 97 361 0 
385 99 89 0 
386 74 120 0 
387 99 242 0 
388 72 250 0 
389 67 220 0 
390 75 197 0 
391 63 143 0 
392 100 239 0 
393 100 185 0 
394 86 168 0 
395 92 122 0 
396 72 74 0 
397 74 254 0 
398 82 181 0 
399 99 344 0 
400 83 190 0 
401 85 117 0 
402 85 77 0 
403 79 58 0 
404 67 47 0 
405 91 95 0 
406 81 115 0 
407 91 167 0 
408 85 90 0 
409 54 117 0 
410 60 157 0 
411 94 198 0 
412 90 320 0 
413 95 87 0 
414 91 245 0 
415 68 74 0 
416 79 77 0 
417 92 58 0 
418 85 279 0 
419 74 79 0 
420 77 258 0 
421 58 209 0 
422 67 53 0 
423 83 264 0 
424 59 136 0 
425 75 290 0 
426 63 133 0 
427 77 117 0 
428 95 320 0 
429 58 196 0 
430 61 159 0 
431 60 142 0 
432 79 233 0 
433 94 66 0 
434 64 218 0 
435 68 164 0 
436 80 278 0 
437 65 157 0 
438 87 103 0 
439 72 101 0 
440 77 255 0 
441 54 123 0 
442 62 69 0 
443 74 86 0 
444 57 123 0 
445 98 140 0 
446 72 265 0 
447 75 202 0 
448 98 309 0 
449 83 116 0 
450 54 83 0 
451 61 230 0 
452 61 53 0 
453 94 200 0 
454 57 69 0 
455 67 62 0 
456 61 60 0 
457 65 117 0 
458 88 185 0 
459 72 214 0 
460 98 91 0 
461 98 148 0 
462 88 281 0 
463 68 90 0 
464 63 59 0 
465 89 279 0 
466 71 173 0 
467 92 213 0 
468 51 90 0 
469 78 223 0 
470 53 193 0 
471 64 98 0 
472 91 253 0 
473 73 281 0 
474 78 305 0 
475 77 154 0 
476 84 135 0 
477 51 70 0 
478 56 218 0 
479 71 40 0 
480 59 199 0 
481 96 364 0 
482 57 70 0 
483 53 180 0 
484 77 258 0 
485 77 258 0 
486 100 326 0 
487 71 184 0 
488 53 202 0 
489 61 36 0 
490 69 43 0 
491 83 104 0 
492 73 285 0 
493 83 122 0 
494 93 198 0 
495 60 125 0 
496 69 49 0 
497 65 169 0 
498 79 136 0 
499 58 168 0 
