NAME GBP_INSTANCES\prob_3_B_4_2_2.txt
COMMENT
BINTYPES 5
ITEMS 500
BINS_SECTIONS
0 60 60 0 635 
1 80 80 0 476 
2 100 100 0 381 
3 120 120 0 318 
4 150 150 0 254 
ITEMS_SECTIONS
0 53 179 0 
1 54 202 0 
2 84 314 0 
3 52 186 0 
4 54 183 0 
5 69 269 0 
6 75 262 0 
7 90 80 0 
8 56 178 0 
9 94 234 0 
10 74 158 0 
11 94 336 0 
12 59 48 0 
13 97 101 0 
14 80 174 0 
15 90 55 0 
16 71 59 0 
17 82 54 0 
18 70 170 0 
19 88 214 0 
20 87 287 0 
21 51 204 0 
22 79 130 0 
23 58 197 0 
24 54 40 0 
25 84 58 0 
26 53 48 0 
27 68 92 0 
28 57 210 0 
29 62 71 0 
30 61 77 0 
31 57 95 0 
32 83 222 0 
33 72 86 0 
34 62 117 0 
35 52 161 0 
36 61 110 0 
37 53 56 0 
38 91 202 0 
39 57 213 0 
40 74 57 0 
41 91 160 0 
42 76 250 0 
43 67 235 0 
44 87 315 0 
45 63 36 0 
46 53 60 0 
47 94 299 0 
48 52 113 0 
49 88 271 0 
50 76 148 0 
51 92 190 0 
52 76 115 0 
53 87 214 0 
54 97 207 0 
55 93 71 0 
56 57 200 0 
57 63 76 0 
58 67 241 0 
59 66 243 0 
60 83 118 0 
61 90 342 0 
62 75 274 0 
63 71 283 0 
64 99 116 0 
65 89 236 0 
66 81 165 0 
67 75 206 0 
68 75 78 0 
69 79 214 0 
70 64 206 0 
71 96 270 0 
72 52 39 0 
73 52 82 0 
74 79 292 0 
75 94 367 0 
76 74 70 0 
77 56 64 0 
78 99 239 0 
79 72 202 0 
80 98 308 0 
81 53 189 0 
82 97 232 0 
83 59 51 0 
84 94 325 0 
85 84 88 0 
86 81 81 0 
87 91 275 0 
88 58 35 0 
89 87 187 0 
90 86 276 0 
91 53 43 0 
92 74 75 0 
93 68 151 0 
94 94 197 0 
95 55 157 0 
96 73 89 0 
97 87 130 0 
98 89 146 0 
99 59 57 0 
100 100 339 0 
101 62 60 0 
102 55 214 0 
103 65 175 0 
104 71 141 0 
105 87 235 0 
106 76 174 0 
107 88 146 0 
108 77 227 0 
109 90 293 0 
110 66 207 0 
111 78 225 0 
112 88 196 0 
113 54 194 0 
114 58 182 0 
115 67 268 0 
116 89 184 0 
117 90 182 0 
118 52 159 0 
119 87 271 0 
120 72 185 0 
121 87 250 0 
122 100 56 0 
123 55 164 0 
124 54 159 0 
125 69 106 0 
126 53 199 0 
127 64 86 0 
128 91 361 0 
129 88 117 0 
130 85 252 0 
131 71 98 0 
132 77 222 0 
133 85 293 0 
134 96 346 0 
135 77 86 0 
136 76 101 0 
137 100 178 0 
138 58 169 0 
139 92 65 0 
140 90 190 0 
141 96 361 0 
142 72 62 0 
143 72 153 0 
144 61 73 0 
145 62 243 0 
146 78 173 0 
147 73 113 0 
148 94 116 0 
149 72 106 0 
150 55 212 0 
151 73 38 0 
152 72 182 0 
153 88 273 0 
154 100 281 0 
155 83 236 0 
156 85 147 0 
157 83 219 0 
158 59 57 0 
159 61 33 0 
160 98 386 0 
161 58 179 0 
162 63 66 0 
163 59 105 0 
164 81 191 0 
165 100 176 0 
166 93 215 0 
167 52 127 0 
168 70 228 0 
169 83 235 0 
170 64 118 0 
171 81 62 0 
172 92 61 0 
173 73 233 0 
174 63 243 0 
175 65 153 0 
176 70 45 0 
177 86 49 0 
178 78 235 0 
179 65 96 0 
180 80 144 0 
181 64 104 0 
182 58 62 0 
183 95 313 0 
184 93 231 0 
185 54 125 0 
186 74 291 0 
187 74 262 0 
188 65 67 0 
189 66 231 0 
190 91 321 0 
191 59 48 0 
192 51 52 0 
193 54 163 0 
194 68 43 0 
195 99 129 0 
196 77 167 0 
197 73 204 0 
198 77 194 0 
199 61 222 0 
200 70 176 0 
201 74 100 0 
202 81 56 0 
203 57 225 0 
204 98 88 0 
205 85 129 0 
206 54 141 0 
207 76 184 0 
208 74 242 0 
209 81 192 0 
210 77 171 0 
211 58 127 0 
212 51 68 0 
213 67 147 0 
214 52 112 0 
215 52 176 0 
216 81 292 0 
217 93 252 0 
218 59 107 0 
219 96 177 0 
220 76 199 0 
221 93 311 0 
222 54 118 0 
223 79 66 0 
224 67 267 0 
225 75 255 0 
226 94 62 0 
227 98 230 0 
228 62 157 0 
229 89 106 0 
230 51 89 0 
231 82 92 0 
232 100 132 0 
233 53 163 0 
234 95 167 0 
235 53 59 0 
236 60 147 0 
237 65 210 0 
238 86 305 0 
239 77 186 0 
240 99 143 0 
241 93 156 0 
242 92 225 0 
243 100 198 0 
244 98 315 0 
245 100 384 0 
246 53 130 0 
247 99 383 0 
248 92 177 0 
249 56 117 0 
250 89 269 0 
251 97 386 0 
252 87 111 0 
253 54 150 0 
254 76 233 0 
255 96 113 0 
256 74 197 0 
257 64 98 0 
258 79 70 0 
259 93 217 0 
260 70 236 0 
261 100 268 0 
262 92 69 0 
263 98 349 0 
264 100 357 0 
265 89 188 0 
266 92 272 0 
267 81 261 0 
268 63 239 0 
269 63 107 0 
270 74 93 0 
271 96 223 0 
272 77 260 0 
273 59 47 0 
274 87 185 0 
275 67 64 0 
276 100 347 0 
277 97 125 0 
278 99 332 0 
279 95 137 0 
280 95 361 0 
281 85 52 0 
282 100 186 0 
283 54 138 0 
284 55 52 0 
285 59 190 0 
286 55 116 0 
287 89 102 0 
288 62 35 0 
289 55 55 0 
290 66 188 0 
291 98 263 0 
292 72 78 0 
293 74 110 0 
294 100 117 0 
295 95 312 0 
296 67 245 0 
297 97 329 0 
298 52 35 0 
299 84 73 0 
300 83 306 0 
301 97 304 0 
302 55 198 0 
303 63 230 0 
304 52 112 0 
305 59 231 0 
306 77 205 0 
307 64 73 0 
308 69 158 0 
309 61 100 0 
310 53 32 0 
311 56 172 0 
312 69 160 0 
313 64 48 0 
314 72 129 0 
315 74 225 0 
316 69 77 0 
317 83 219 0 
318 68 187 0 
319 93 198 0 
320 80 108 0 
321 73 221 0 
322 91 176 0 
323 61 219 0 
324 74 94 0 
325 98 117 0 
326 98 329 0 
327 64 172 0 
328 60 192 0 
329 81 48 0 
330 59 137 0 
331 83 233 0 
332 76 265 0 
333 100 386 0 
334 89 106 0 
335 65 82 0 
336 82 148 0 
337 66 46 0 
338 74 212 0 
339 77 202 0 
340 55 87 0 
341 61 165 0 
342 99 300 0 
343 99 67 0 
344 52 201 0 
345 69 79 0 
346 87 224 0 
347 94 301 0 
348 56 135 0 
349 69 209 0 
350 61 150 0 
351 95 255 0 
352 90 70 0 
353 88 122 0 
354 90 187 0 
355 56 85 0 
356 68 94 0 
357 76 116 0 
358 85 222 0 
359 53 130 0 
360 99 241 0 
361 90 111 0 
362 92 315 0 
363 80 258 0 
364 89 161 0 
365 74 264 0 
366 62 217 0 
367 94 88 0 
368 81 224 0 
369 94 101 0 
370 88 112 0 
371 71 165 0 
372 93 334 0 
373 86 169 0 
374 97 186 0 
375 98 220 0 
376 96 94 0 
377 70 161 0 
378 73 271 0 
379 79 118 0 
380 80 163 0 
381 76 192 0 
382 55 196 0 
383 91 287 0 
384 64 209 0 
385 60 160 0 
386 99 266 0 
387 88 201 0 
388 82 244 0 
389 77 139 0 
390 81 144 0 
391 61 228 0 
392 66 218 0 
393 64 70 0 
394 79 167 0 
395 57 215 0 
396 52 73 0 
397 87 225 0 
398 79 149 0 
399 96 91 0 
400 78 107 0 
401 100 336 0 
402 79 252 0 
403 91 352 0 
404 53 28 0 
405 89 136 0 
406 79 141 0 
407 82 320 0 
408 61 211 0 
409 78 144 0 
410 58 105 0 
411 77 254 0 
412 89 213 0 
413 83 94 0 
414 94 327 0 
415 77 62 0 
416 85 83 0 
417 91 267 0 
418 51 70 0 
419 92 97 0 
420 81 189 0 
421 90 122 0 
422 79 96 0 
423 94 137 0 
424 52 116 0 
425 84 295 0 
426 96 71 0 
427 73 237 0 
428 82 166 0 
429 75 86 0 
430 74 69 0 
431 70 63 0 
432 62 185 0 
433 83 120 0 
434 53 99 0 
435 61 159 0 
436 93 331 0 
437 91 201 0 
438 51 133 0 
439 84 197 0 
440 71 91 0 
441 95 61 0 
442 67 217 0 
443 63 232 0 
444 69 43 0 
445 82 170 0 
446 98 79 0 
447 56 77 0 
448 97 183 0 
449 77 209 0 
450 78 232 0 
451 83 214 0 
452 64 43 0 
453 69 45 0 
454 97 180 0 
455 64 41 0 
456 60 181 0 
457 75 55 0 
458 70 107 0 
459 70 181 0 
460 82 139 0 
461 92 131 0 
462 99 267 0 
463 73 132 0 
464 81 268 0 
465 84 202 0 
466 68 255 0 
467 86 149 0 
468 57 121 0 
469 81 225 0 
470 91 94 0 
471 91 86 0 
472 59 46 0 
473 67 222 0 
474 76 122 0 
475 91 304 0 
476 89 62 0 
477 87 265 0 
478 56 177 0 
479 87 88 0 
480 54 148 0 
481 54 31 0 
482 59 121 0 
483 54 65 0 
484 68 109 0 
485 86 288 0 
486 76 145 0 
487 84 167 0 
488 54 99 0 
489 54 160 0 
490 72 202 0 
491 67 108 0 
492 90 352 0 
493 57 152 0 
494 84 291 0 
495 63 63 0 
496 96 301 0 
497 86 166 0 
498 76 119 0 
499 99 159 0 
