NAME GBP_INSTANCES\prob_2_B_1_3_2.txt
COMMENT
BINTYPES 5
ITEMS 50
BINS_SECTIONS
0 60 60 0 50 
1 80 80 0 38 
2 100 100 0 30 
3 120 120 0 25 
4 150 150 0 20 
ITEMS_SECTIONS
0 82 214 0 
1 53 29 0 
2 29 44 0 
3 42 110 0 
4 42 162 0 
5 56 69 0 
6 93 309 0 
7 89 304 0 
8 98 116 0 
9 98 179 0 
10 32 45 0 
11 22 52 0 
12 87 269 0 
13 25 15 0 
14 69 172 0 
15 52 183 0 
16 79 78 0 
17 76 163 0 
18 64 240 0 
19 95 319 0 
20 72 85 0 
21 66 107 0 
22 53 59 0 
23 94 214 0 
24 72 125 0 
25 62 43 0 
26 84 213 0 
27 33 78 0 
28 82 68 0 
29 45 63 0 
30 67 150 0 
31 23 71 0 
32 27 38 0 
33 93 366 0 
34 53 180 0 
35 23 92 0 
36 24 49 0 
37 87 289 0 
38 33 84 0 
39 33 109 0 
40 71 266 0 
41 59 67 0 
42 77 178 0 
43 33 24 0 
44 21 19 0 
45 49 172 0 
46 76 72 0 
47 83 159 0 
48 61 179 0 
49 23 40 0 
