NAME GBP_INSTANCES\prob_2_A_3_1_2.txt
COMMENT
BINTYPES 3
ITEMS 200
BINS_SECTIONS
0 100 100 0 124 
1 120 120 0 103 
2 150 150 0 83 
ITEMS_SECTIONS
0 56 114 0 
1 93 215 0 
2 97 334 0 
3 71 42 0 
4 86 341 0 
5 50 166 0 
6 22 22 0 
7 80 235 0 
8 22 51 0 
9 69 145 0 
10 75 172 0 
11 39 84 0 
12 85 112 0 
13 98 192 0 
14 52 122 0 
15 32 50 0 
16 23 79 0 
17 31 44 0 
18 21 41 0 
19 44 89 0 
20 50 125 0 
21 74 120 0 
22 77 253 0 
23 26 86 0 
24 40 74 0 
25 65 128 0 
26 61 108 0 
27 22 83 0 
28 88 117 0 
29 51 153 0 
30 37 114 0 
31 36 66 0 
32 64 93 0 
33 26 55 0 
34 83 301 0 
35 60 180 0 
36 99 325 0 
37 31 58 0 
38 38 30 0 
39 97 114 0 
40 97 93 0 
41 25 83 0 
42 80 50 0 
43 41 73 0 
44 49 129 0 
45 91 202 0 
46 50 171 0 
47 49 73 0 
48 59 161 0 
49 76 251 0 
50 86 142 0 
51 53 68 0 
52 74 144 0 
53 88 348 0 
54 76 196 0 
55 36 130 0 
56 88 292 0 
57 91 307 0 
58 99 125 0 
59 92 175 0 
60 87 206 0 
61 97 231 0 
62 75 262 0 
63 69 253 0 
64 100 139 0 
65 59 104 0 
66 80 301 0 
67 48 96 0 
68 24 79 0 
69 100 82 0 
70 29 43 0 
71 23 21 0 
72 73 96 0 
73 23 61 0 
74 93 176 0 
75 34 19 0 
76 77 275 0 
77 88 352 0 
78 82 307 0 
79 65 59 0 
80 72 103 0 
81 83 248 0 
82 40 53 0 
83 27 80 0 
84 31 83 0 
85 40 146 0 
86 33 107 0 
87 66 203 0 
88 25 65 0 
89 26 28 0 
90 31 29 0 
91 100 213 0 
92 44 36 0 
93 97 167 0 
94 93 220 0 
95 91 69 0 
96 51 130 0 
97 36 132 0 
98 90 258 0 
99 42 99 0 
100 41 27 0 
101 30 101 0 
102 35 122 0 
103 30 112 0 
104 57 147 0 
105 60 101 0 
106 29 78 0 
107 49 98 0 
108 74 166 0 
109 40 97 0 
110 95 298 0 
111 69 266 0 
112 47 132 0 
113 97 173 0 
114 96 185 0 
115 84 195 0 
116 97 124 0 
117 48 191 0 
118 99 81 0 
119 65 242 0 
120 95 188 0 
121 30 51 0 
122 21 79 0 
123 72 43 0 
124 63 125 0 
125 68 205 0 
126 27 83 0 
127 66 161 0 
128 79 144 0 
129 47 49 0 
130 53 135 0 
131 35 54 0 
132 84 273 0 
133 42 94 0 
134 78 154 0 
135 78 59 0 
136 29 31 0 
137 58 102 0 
138 64 221 0 
139 27 42 0 
140 26 42 0 
141 31 91 0 
142 93 326 0 
143 79 307 0 
144 83 54 0 
145 95 171 0 
146 80 105 0 
147 94 152 0 
148 46 62 0 
149 35 40 0 
150 82 63 0 
151 83 287 0 
152 100 170 0 
153 30 85 0 
154 93 289 0 
155 24 62 0 
156 88 233 0 
157 76 268 0 
158 29 67 0 
159 65 161 0 
160 64 122 0 
161 32 93 0 
162 86 58 0 
163 89 156 0 
164 86 60 0 
165 81 226 0 
166 73 215 0 
167 73 147 0 
168 90 146 0 
169 28 36 0 
170 68 203 0 
171 57 88 0 
172 74 59 0 
173 30 85 0 
174 56 73 0 
175 57 91 0 
176 82 180 0 
177 59 233 0 
178 80 167 0 
179 70 133 0 
180 48 162 0 
181 52 101 0 
182 88 50 0 
183 44 133 0 
184 36 74 0 
185 40 89 0 
186 46 70 0 
187 36 53 0 
188 60 212 0 
189 75 174 0 
190 68 92 0 
191 26 34 0 
192 86 94 0 
193 98 304 0 
194 84 195 0 
195 93 291 0 
196 57 93 0 
197 65 189 0 
198 75 80 0 
199 31 61 0 
