NAME GBP_INSTANCES\prob_1_A_1_9_2.txt
COMMENT
BINTYPES 3
ITEMS 50
BINS_SECTIONS
0 100 100 0 28 
1 120 120 0 23 
2 150 150 0 19 
ITEMS_SECTIONS
0 33 40 0 
1 66 153 0 
2 61 147 0 
3 30 34 0 
4 72 242 0 
5 94 356 0 
6 69 203 0 
7 62 161 0 
8 2 8 0 
9 85 175 0 
10 72 95 0 
11 78 246 0 
12 9 12 0 
13 88 213 0 
14 5 19 0 
15 62 179 0 
16 82 205 0 
17 64 122 0 
18 90 172 0 
19 43 99 0 
20 66 179 0 
21 25 99 0 
22 34 63 0 
23 29 50 0 
24 26 64 0 
25 89 335 0 
26 49 94 0 
27 48 105 0 
28 8 20 0 
29 76 159 0 
30 4 16 0 
31 12 37 0 
32 98 69 0 
33 38 137 0 
34 62 194 0 
35 55 102 0 
36 69 108 0 
37 46 99 0 
38 65 71 0 
39 64 165 0 
40 16 20 0 
41 39 130 0 
42 68 82 0 
43 52 171 0 
44 79 256 0 
45 45 100 0 
46 57 137 0 
47 94 321 0 
48 56 160 0 
49 76 294 0 
