NAME GBP_INSTANCES\prob_1_B_0_3_2.txt
COMMENT
BINTYPES 5
ITEMS 25
BINS_SECTIONS
0 60 60 0 23 
1 80 80 0 17 
2 100 100 0 14 
3 120 120 0 12 
4 150 150 0 9 
ITEMS_SECTIONS
0 62 134 0 
1 59 210 0 
2 85 268 0 
3 37 55 0 
4 92 224 0 
5 48 134 0 
6 57 193 0 
7 21 29 0 
8 84 301 0 
9 92 290 0 
10 34 60 0 
11 53 58 0 
12 13 7 0 
13 60 229 0 
14 19 54 0 
15 10 19 0 
16 61 63 0 
17 12 33 0 
18 76 163 0 
19 88 251 0 
20 69 236 0 
21 44 76 0 
22 74 267 0 
23 23 27 0 
24 67 61 0 
