NAME GBP_INSTANCES\prob_1_A_2_7_2.txt
COMMENT
BINTYPES 3
ITEMS 100
BINS_SECTIONS
0 100 100 0 50 
1 120 120 0 42 
2 150 150 0 34 
ITEMS_SECTIONS
0 68 133 0 
1 64 230 0 
2 45 70 0 
3 41 131 0 
4 31 111 0 
5 82 207 0 
6 22 35 0 
7 72 113 0 
8 82 326 0 
9 22 41 0 
10 7 20 0 
11 73 146 0 
12 63 51 0 
13 17 29 0 
14 71 36 0 
15 100 68 0 
16 42 114 0 
17 25 26 0 
18 65 188 0 
19 36 23 0 
20 33 81 0 
21 5 19 0 
22 92 106 0 
23 33 98 0 
24 83 222 0 
25 19 22 0 
26 28 56 0 
27 43 83 0 
28 33 132 0 
29 3 2 0 
30 13 19 0 
31 51 108 0 
32 83 234 0 
33 21 42 0 
34 86 286 0 
35 94 271 0 
36 85 106 0 
37 59 201 0 
38 4 10 0 
39 26 16 0 
40 80 102 0 
41 70 100 0 
42 65 228 0 
43 66 161 0 
44 3 5 0 
45 27 54 0 
46 37 96 0 
47 25 64 0 
48 81 274 0 
49 2 3 0 
50 72 253 0 
51 34 56 0 
52 43 116 0 
53 11 28 0 
54 18 50 0 
55 57 192 0 
56 61 227 0 
57 65 256 0 
58 23 80 0 
59 41 49 0 
60 49 191 0 
61 51 145 0 
62 11 12 0 
63 54 48 0 
64 45 158 0 
65 79 243 0 
66 62 170 0 
67 94 260 0 
68 78 168 0 
69 48 35 0 
70 50 192 0 
71 92 330 0 
72 80 208 0 
73 25 58 0 
74 72 155 0 
75 9 29 0 
76 14 34 0 
77 24 66 0 
78 42 86 0 
79 48 168 0 
80 93 184 0 
81 69 95 0 
82 60 117 0 
83 78 286 0 
84 71 263 0 
85 18 54 0 
86 48 48 0 
87 92 271 0 
88 43 73 0 
89 40 121 0 
90 45 166 0 
91 91 320 0 
92 85 291 0 
93 25 52 0 
94 66 75 0 
95 28 51 0 
96 44 77 0 
97 23 45 0 
98 22 71 0 
99 86 226 0 
