NAME GBP_INSTANCES\prob_2_A_2_8_2.txt
COMMENT
BINTYPES 3
ITEMS 100
BINS_SECTIONS
0 100 100 0 62 
1 120 120 0 52 
2 150 150 0 41 
ITEMS_SECTIONS
0 93 285 0 
1 29 103 0 
2 87 222 0 
3 75 151 0 
4 73 136 0 
5 96 138 0 
6 84 130 0 
7 67 170 0 
8 64 82 0 
9 35 28 0 
10 42 62 0 
11 44 122 0 
12 59 159 0 
13 29 88 0 
14 76 50 0 
15 76 253 0 
16 63 206 0 
17 89 245 0 
18 68 133 0 
19 75 193 0 
20 74 119 0 
21 81 285 0 
22 45 140 0 
23 65 49 0 
24 86 206 0 
25 49 44 0 
26 60 184 0 
27 56 108 0 
28 32 50 0 
29 73 99 0 
30 27 73 0 
31 58 226 0 
32 89 206 0 
33 77 210 0 
34 94 203 0 
35 44 55 0 
36 83 202 0 
37 21 37 0 
38 90 105 0 
39 52 162 0 
40 91 232 0 
41 30 36 0 
42 63 178 0 
43 22 78 0 
44 21 76 0 
45 67 104 0 
46 49 106 0 
47 23 53 0 
48 99 206 0 
49 87 205 0 
50 40 105 0 
51 74 285 0 
52 51 128 0 
53 35 37 0 
54 63 93 0 
55 44 50 0 
56 27 34 0 
57 43 152 0 
58 56 145 0 
59 41 68 0 
60 96 246 0 
61 63 201 0 
62 87 227 0 
63 27 86 0 
64 80 294 0 
65 67 163 0 
66 41 126 0 
67 79 93 0 
68 64 114 0 
69 58 111 0 
70 48 158 0 
71 63 135 0 
72 94 104 0 
73 62 169 0 
74 62 171 0 
75 49 167 0 
76 97 298 0 
77 67 110 0 
78 80 294 0 
79 66 70 0 
80 64 131 0 
81 83 114 0 
82 82 102 0 
83 61 39 0 
84 94 296 0 
85 34 97 0 
86 38 85 0 
87 89 85 0 
88 97 107 0 
89 74 274 0 
90 26 52 0 
91 83 83 0 
92 24 95 0 
93 69 50 0 
94 32 118 0 
95 31 42 0 
96 42 22 0 
97 31 80 0 
98 72 109 0 
99 63 155 0 
