NAME GBP_INSTANCES\prob_1_B_1_7_2.txt
COMMENT
BINTYPES 5
ITEMS 50
BINS_SECTIONS
0 60 60 0 45 
1 80 80 0 34 
2 100 100 0 27 
3 120 120 0 23 
4 150 150 0 18 
ITEMS_SECTIONS
0 63 190 0 
1 94 71 0 
2 78 254 0 
3 60 33 0 
4 30 43 0 
5 31 29 0 
6 99 330 0 
7 33 41 0 
8 89 339 0 
9 76 188 0 
10 33 79 0 
11 86 57 0 
12 73 207 0 
13 26 45 0 
14 47 46 0 
15 77 235 0 
16 65 230 0 
17 7 4 0 
18 49 172 0 
19 89 191 0 
20 93 280 0 
21 24 50 0 
22 21 21 0 
23 74 93 0 
24 73 104 0 
25 48 46 0 
26 94 85 0 
27 10 31 0 
28 48 118 0 
29 32 113 0 
30 69 218 0 
31 60 113 0 
32 22 88 0 
33 27 81 0 
34 60 181 0 
35 63 214 0 
36 34 136 0 
37 8 23 0 
38 86 316 0 
39 41 24 0 
40 71 68 0 
41 59 72 0 
42 75 239 0 
43 61 159 0 
44 61 214 0 
45 45 24 0 
46 16 36 0 
47 32 111 0 
48 51 64 0 
49 8 8 0 
