NAME GBP_INSTANCES\prob_2_B_2_2_5.txt
COMMENT
BINTYPES 5
ITEMS 100
BINS_SECTIONS
0 60 60 0 107 
1 80 80 0 80 
2 100 100 0 64 
3 120 120 0 54 
4 150 150 0 43 
ITEMS_SECTIONS
0 57 86 0
1 30 49 0
2 64 215 0
3 75 213 0
4 91 64 0
5 54 191 0
6 25 68 0
7 96 113 0
8 48 44 0
9 65 214 0
10 100 277 0
11 58 139 0
12 68 224 0
13 60 188 0
14 77 156 0
15 82 200 0
16 78 69 0
17 74 75 0
18 95 305 0
19 51 103 0
20 80 269 0
21 71 290 0
22 75 203 0
23 45 202 0
24 21 25 0
25 97 209 0
26 49 209 0
27 66 195 0
28 96 315 0
29 80 225 0
30 58 97 0
31 35 90 0
32 76 70 0
33 58 128 0
34 25 61 0
35 99 143 0
36 24 33 0
37 82 164 0
38 33 83 0
39 64 244 0
40 97 349 0
41 72 47 0
42 44 32 0
43 63 207 0
44 73 106 0
45 82 330 0
46 68 171 0
47 97 284 0
48 23 100 0
49 66 96 0
50 44 105 0
51 64 197 0
52 63 275 0
53 51 215 0
54 45 61 0
55 65 41 0
56 61 165 0
57 75 144 0
58 74 257 0
59 70 184 0
60 82 194 0
61 70 123 0
62 51 35 0
63 63 218 0
64 69 80 0
65 78 298 0
66 75 88 0
67 89 272 0
68 99 441 0
69 28 16 0
70 30 15 0
71 30 19 0
72 31 95 0
73 29 73 0
74 55 43 0
75 59 174 0
76 40 62 0
77 68 286 0
78 76 101 0
79 87 351 0
80 59 259 0
81 83 145 0
82 86 358 0
83 86 216 0
84 22 19 0
85 21 91 0
86 68 42 0
87 34 83 0
88 53 59 0
89 40 33 0
90 64 126 0
91 69 187 0
92 88 233 0
93 73 104 0
94 94 383 0
95 72 128 0
96 78 159 0
97 31 20 0
98 82 76 0
99 83 211 0
