NAME GBP_INSTANCES\prob_2_B_0_5_2.txt
COMMENT
BINTYPES 5
ITEMS 25
BINS_SECTIONS
0 60 60 0 23 
1 80 80 0 18 
2 100 100 0 14 
3 120 120 0 12 
4 150 150 0 10 
ITEMS_SECTIONS
0 63 164 0 
1 61 135 0 
2 88 97 0 
3 82 280 0 
4 46 78 0 
5 34 20 0 
6 73 271 0 
7 33 80 0 
8 48 122 0 
9 98 315 0 
10 23 70 0 
11 37 127 0 
12 40 63 0 
13 34 69 0 
14 72 237 0 
15 94 80 0 
16 43 142 0 
17 52 169 0 
18 30 42 0 
19 41 63 0 
20 46 40 0 
21 85 138 0 
22 50 194 0 
23 80 190 0 
24 25 42 0 
