NAME GBP_INSTANCES\prob_3_A_3_1_2.txt
COMMENT
BINTYPES 3
ITEMS 200
BINS_SECTIONS
0 100 100 0 154 
1 120 120 0 128 
2 150 150 0 103 
ITEMS_SECTIONS
0 100 166 0 
1 72 248 0 
2 55 121 0 
3 69 190 0 
4 91 96 0 
5 97 236 0 
6 53 67 0 
7 52 113 0 
8 86 89 0 
9 98 272 0 
10 84 197 0 
11 68 47 0 
12 76 291 0 
13 69 177 0 
14 59 201 0 
15 82 308 0 
16 71 243 0 
17 57 39 0 
18 90 232 0 
19 74 201 0 
20 54 93 0 
21 56 139 0 
22 60 100 0 
23 92 360 0 
24 75 224 0 
25 62 208 0 
26 83 102 0 
27 53 42 0 
28 60 46 0 
29 87 255 0 
30 95 97 0 
31 82 132 0 
32 93 306 0 
33 64 241 0 
34 92 362 0 
35 71 198 0 
36 78 63 0 
37 57 61 0 
38 97 204 0 
39 86 202 0 
40 95 352 0 
41 90 202 0 
42 61 201 0 
43 89 150 0 
44 64 114 0 
45 62 229 0 
46 94 145 0 
47 84 46 0 
48 69 153 0 
49 69 233 0 
50 82 95 0 
51 79 149 0 
52 66 103 0 
53 100 129 0 
54 81 57 0 
55 77 235 0 
56 66 89 0 
57 66 249 0 
58 82 147 0 
59 56 152 0 
60 82 268 0 
61 92 257 0 
62 59 179 0 
63 77 112 0 
64 73 262 0 
65 83 90 0 
66 90 229 0 
67 89 221 0 
68 65 214 0 
69 73 79 0 
70 98 341 0 
71 77 170 0 
72 98 78 0 
73 91 153 0 
74 64 170 0 
75 66 75 0 
76 72 217 0 
77 98 346 0 
78 59 57 0 
79 76 265 0 
80 87 328 0 
81 66 122 0 
82 97 81 0 
83 90 138 0 
84 57 212 0 
85 70 44 0 
86 99 273 0 
87 85 167 0 
88 87 188 0 
89 54 84 0 
90 75 290 0 
91 87 345 0 
92 52 77 0 
93 89 138 0 
94 74 122 0 
95 93 183 0 
96 54 37 0 
97 100 146 0 
98 80 151 0 
99 84 213 0 
100 52 151 0 
101 62 124 0 
102 89 189 0 
103 57 228 0 
104 54 161 0 
105 98 248 0 
106 77 295 0 
107 59 116 0 
108 88 113 0 
109 88 254 0 
110 86 90 0 
111 55 210 0 
112 62 92 0 
113 57 211 0 
114 57 98 0 
115 54 187 0 
116 87 182 0 
117 62 153 0 
118 77 187 0 
119 70 107 0 
120 94 60 0 
121 90 186 0 
122 66 258 0 
123 63 128 0 
124 93 199 0 
125 93 188 0 
126 76 239 0 
127 73 151 0 
128 97 194 0 
129 66 232 0 
130 79 171 0 
131 84 99 0 
132 62 197 0 
133 96 134 0 
134 65 239 0 
135 97 264 0 
136 67 162 0 
137 88 184 0 
138 70 208 0 
139 93 177 0 
140 68 213 0 
141 100 400 0 
142 65 43 0 
143 61 72 0 
144 79 63 0 
145 83 326 0 
146 74 245 0 
147 80 64 0 
148 91 349 0 
149 73 273 0 
150 93 170 0 
151 74 135 0 
152 92 235 0 
153 64 86 0 
154 92 228 0 
155 69 163 0 
156 100 312 0 
157 71 236 0 
158 62 56 0 
159 53 117 0 
160 61 69 0 
161 61 134 0 
162 91 292 0 
163 86 158 0 
164 90 241 0 
165 100 377 0 
166 82 268 0 
167 64 62 0 
168 90 321 0 
169 68 141 0 
170 100 124 0 
171 62 141 0 
172 98 240 0 
173 53 143 0 
174 100 275 0 
175 75 40 0 
176 72 100 0 
177 64 121 0 
178 93 77 0 
179 100 270 0 
180 75 155 0 
181 56 218 0 
182 81 104 0 
183 83 216 0 
184 81 289 0 
185 98 89 0 
186 76 214 0 
187 57 152 0 
188 93 82 0 
189 96 381 0 
190 89 301 0 
191 60 134 0 
192 57 117 0 
193 93 246 0 
194 54 56 0 
195 100 247 0 
196 54 101 0 
197 55 188 0 
198 58 143 0 
199 64 143 0 
