NAME GBP_INSTANCES\prob_2_A_2_7_2.txt
COMMENT
BINTYPES 3
ITEMS 100
BINS_SECTIONS
0 100 100 0 59 
1 120 120 0 49 
2 150 150 0 40 
ITEMS_SECTIONS
0 68 230 0 
1 92 323 0 
2 83 286 0 
3 69 224 0 
4 71 150 0 
5 72 55 0 
6 59 35 0 
7 28 101 0 
8 71 73 0 
9 76 180 0 
10 55 175 0 
11 74 134 0 
12 35 34 0 
13 84 58 0 
14 87 235 0 
15 90 302 0 
16 81 59 0 
17 71 235 0 
18 53 209 0 
19 44 93 0 
20 55 220 0 
21 88 151 0 
22 32 26 0 
23 21 77 0 
24 31 35 0 
25 57 59 0 
26 38 145 0 
27 38 34 0 
28 91 172 0 
29 65 41 0 
30 73 207 0 
31 98 103 0 
32 96 132 0 
33 30 44 0 
34 96 149 0 
35 21 26 0 
36 47 81 0 
37 78 74 0 
38 50 194 0 
39 21 78 0 
40 82 172 0 
41 23 81 0 
42 46 52 0 
43 37 108 0 
44 58 72 0 
45 25 30 0 
46 28 38 0 
47 59 48 0 
48 74 150 0 
49 72 274 0 
50 82 104 0 
51 23 13 0 
52 63 211 0 
53 65 155 0 
54 52 141 0 
55 76 228 0 
56 38 24 0 
57 56 200 0 
58 41 149 0 
59 36 92 0 
60 80 245 0 
61 27 89 0 
62 51 163 0 
63 99 73 0 
64 55 148 0 
65 42 70 0 
66 24 83 0 
67 45 67 0 
68 73 84 0 
69 61 89 0 
70 56 44 0 
71 36 121 0 
72 64 217 0 
73 32 17 0 
74 45 113 0 
75 66 212 0 
76 53 51 0 
77 22 36 0 
78 78 292 0 
79 75 116 0 
80 71 51 0 
81 39 136 0 
82 71 92 0 
83 86 247 0 
84 78 253 0 
85 21 57 0 
86 71 53 0 
87 57 148 0 
88 34 69 0 
89 57 33 0 
90 50 47 0 
91 98 215 0 
92 97 218 0 
93 34 124 0 
94 29 79 0 
95 91 231 0 
96 53 37 0 
97 43 72 0 
98 93 331 0 
99 92 241 0 
