NAME GBP_INSTANCES\prob_2_B_0_0_2.txt
COMMENT
BINTYPES 5
ITEMS 25
BINS_SECTIONS
0 60 60 0 25 
1 80 80 0 19 
2 100 100 0 15 
3 120 120 0 13 
4 150 150 0 10 
ITEMS_SECTIONS
0 68 119 0 
1 54 154 0 
2 58 137 0 
3 62 123 0 
4 78 208 0 
5 40 139 0 
6 41 39 0 
7 69 98 0 
8 25 90 0 
9 60 142 0 
10 73 151 0 
11 53 64 0 
12 51 113 0 
13 33 23 0 
14 81 69 0 
15 89 173 0 
16 21 35 0 
17 97 99 0 
18 92 148 0 
19 49 61 0 
20 99 175 0 
21 94 173 0 
22 29 59 0 
23 32 54 0 
24 40 43 0 
