NAME GBP_INSTANCES\prob_2_A_4_4_2.txt
COMMENT
BINTYPES 3
ITEMS 500
BINS_SECTIONS
0 100 100 0 293 
1 120 120 0 244 
2 150 150 0 195 
ITEMS_SECTIONS
0 78 84 0 
1 39 123 0 
2 85 308 0 
3 67 79 0 
4 38 44 0 
5 81 223 0 
6 77 209 0 
7 29 98 0 
8 67 195 0 
9 53 189 0 
10 36 36 0 
11 97 237 0 
12 47 49 0 
13 69 118 0 
14 69 138 0 
15 29 19 0 
16 65 251 0 
17 91 244 0 
18 92 76 0 
19 42 158 0 
20 42 41 0 
21 69 188 0 
22 78 222 0 
23 27 50 0 
24 73 255 0 
25 44 53 0 
26 70 52 0 
27 30 66 0 
28 26 101 0 
29 32 83 0 
30 86 220 0 
31 81 142 0 
32 64 243 0 
33 80 49 0 
34 87 282 0 
35 25 33 0 
36 55 76 0 
37 76 55 0 
38 85 153 0 
39 80 56 0 
40 23 92 0 
41 29 80 0 
42 70 186 0 
43 44 147 0 
44 79 185 0 
45 81 229 0 
46 62 121 0 
47 57 110 0 
48 68 160 0 
49 77 245 0 
50 64 113 0 
51 92 331 0 
52 96 265 0 
53 43 113 0 
54 57 127 0 
55 62 82 0 
56 77 248 0 
57 46 168 0 
58 46 122 0 
59 38 91 0 
60 51 85 0 
61 48 74 0 
62 61 207 0 
63 50 89 0 
64 23 91 0 
65 75 242 0 
66 50 60 0 
67 92 323 0 
68 52 76 0 
69 43 37 0 
70 44 79 0 
71 52 177 0 
72 63 77 0 
73 35 67 0 
74 41 30 0 
75 99 350 0 
76 91 218 0 
77 35 34 0 
78 77 257 0 
79 49 112 0 
80 55 217 0 
81 26 25 0 
82 100 72 0 
83 78 81 0 
84 74 123 0 
85 75 257 0 
86 21 18 0 
87 38 63 0 
88 25 97 0 
89 24 62 0 
90 38 123 0 
91 55 105 0 
92 85 134 0 
93 42 70 0 
94 23 82 0 
95 50 161 0 
96 64 236 0 
97 27 31 0 
98 44 128 0 
99 99 186 0 
100 79 284 0 
101 87 75 0 
102 34 67 0 
103 33 122 0 
104 56 119 0 
105 85 266 0 
106 33 112 0 
107 61 75 0 
108 43 94 0 
109 76 171 0 
110 39 61 0 
111 88 215 0 
112 32 124 0 
113 30 96 0 
114 38 130 0 
115 66 154 0 
116 67 96 0 
117 93 78 0 
118 36 64 0 
119 99 157 0 
120 44 95 0 
121 39 105 0 
122 21 84 0 
123 73 55 0 
124 89 275 0 
125 23 79 0 
126 86 217 0 
127 22 65 0 
128 94 343 0 
129 30 57 0 
130 76 120 0 
131 26 28 0 
132 25 87 0 
133 38 144 0 
134 32 17 0 
135 59 83 0 
136 67 58 0 
137 45 113 0 
138 69 203 0 
139 35 34 0 
140 52 124 0 
141 76 293 0 
142 90 116 0 
143 48 138 0 
144 45 107 0 
145 22 52 0 
146 56 161 0 
147 28 48 0 
148 81 59 0 
149 71 116 0 
150 70 123 0 
151 92 261 0 
152 58 97 0 
153 77 110 0 
154 64 58 0 
155 72 49 0 
156 98 275 0 
157 48 179 0 
158 100 80 0 
159 91 225 0 
160 56 211 0 
161 22 58 0 
162 93 252 0 
163 79 176 0 
164 94 278 0 
165 94 330 0 
166 72 37 0 
167 33 42 0 
168 39 134 0 
169 26 89 0 
170 27 19 0 
171 36 99 0 
172 74 148 0 
173 36 87 0 
174 30 40 0 
175 69 168 0 
176 96 302 0 
177 26 75 0 
178 27 29 0 
179 87 145 0 
180 42 128 0 
181 31 63 0 
182 66 210 0 
183 54 155 0 
184 29 19 0 
185 55 150 0 
186 97 227 0 
187 99 337 0 
188 66 249 0 
189 59 139 0 
190 54 203 0 
191 89 292 0 
192 90 148 0 
193 31 34 0 
194 56 41 0 
195 54 39 0 
196 91 336 0 
197 99 75 0 
198 89 268 0 
199 45 164 0 
200 33 67 0 
201 66 234 0 
202 46 84 0 
203 64 95 0 
204 61 215 0 
205 82 183 0 
206 35 48 0 
207 76 58 0 
208 64 53 0 
209 73 60 0 
210 82 230 0 
211 28 41 0 
212 30 77 0 
213 41 113 0 
214 25 25 0 
215 50 179 0 
216 35 131 0 
217 54 47 0 
218 66 205 0 
219 31 44 0 
220 24 17 0 
221 49 129 0 
222 73 200 0 
223 40 101 0 
224 57 112 0 
225 92 328 0 
226 26 88 0 
227 52 106 0 
228 56 207 0 
229 29 60 0 
230 71 141 0 
231 53 207 0 
232 66 201 0 
233 53 113 0 
234 40 145 0 
235 29 33 0 
236 44 47 0 
237 70 247 0 
238 99 289 0 
239 26 90 0 
240 28 100 0 
241 42 102 0 
242 52 166 0 
243 30 59 0 
244 46 37 0 
245 59 63 0 
246 86 192 0 
247 91 251 0 
248 34 99 0 
249 86 198 0 
250 93 270 0 
251 49 126 0 
252 83 93 0 
253 56 97 0 
254 100 216 0 
255 70 258 0 
256 90 137 0 
257 85 331 0 
258 81 125 0 
259 82 314 0 
260 27 73 0 
261 62 150 0 
262 65 227 0 
263 42 32 0 
264 35 93 0 
265 39 69 0 
266 100 135 0 
267 67 88 0 
268 49 133 0 
269 62 239 0 
270 34 104 0 
271 61 209 0 
272 21 51 0 
273 58 122 0 
274 22 27 0 
275 93 186 0 
276 87 142 0 
277 89 227 0 
278 46 96 0 
279 56 84 0 
280 21 84 0 
281 88 209 0 
282 79 169 0 
283 83 131 0 
284 27 36 0 
285 85 186 0 
286 56 68 0 
287 96 123 0 
288 46 157 0 
289 62 66 0 
290 76 201 0 
291 62 160 0 
292 41 61 0 
293 27 32 0 
294 98 83 0 
295 25 29 0 
296 31 80 0 
297 88 306 0 
298 98 119 0 
299 62 125 0 
300 23 17 0 
301 88 248 0 
302 30 104 0 
303 29 66 0 
304 36 84 0 
305 95 119 0 
306 96 372 0 
307 50 128 0 
308 66 71 0 
309 23 78 0 
310 77 298 0 
311 93 309 0 
312 25 50 0 
313 85 231 0 
314 24 23 0 
315 51 150 0 
316 41 25 0 
317 31 61 0 
318 79 118 0 
319 61 80 0 
320 53 101 0 
321 79 156 0 
322 45 180 0 
323 56 178 0 
324 49 133 0 
325 40 103 0 
326 92 307 0 
327 43 75 0 
328 26 74 0 
329 26 47 0 
330 79 315 0 
331 45 147 0 
332 68 207 0 
333 65 143 0 
334 94 237 0 
335 49 86 0 
336 23 86 0 
337 53 82 0 
338 76 59 0 
339 39 103 0 
340 57 144 0 
341 40 117 0 
342 92 363 0 
343 54 89 0 
344 37 141 0 
345 30 85 0 
346 23 76 0 
347 98 354 0 
348 66 50 0 
349 75 238 0 
350 45 94 0 
351 96 173 0 
352 41 150 0 
353 41 119 0 
354 36 136 0 
355 35 102 0 
356 84 222 0 
357 23 33 0 
358 25 62 0 
359 83 301 0 
360 28 20 0 
361 92 151 0 
362 29 51 0 
363 35 115 0 
364 43 130 0 
365 38 143 0 
366 50 67 0 
367 25 63 0 
368 49 167 0 
369 81 274 0 
370 100 81 0 
371 24 14 0 
372 48 89 0 
373 47 104 0 
374 59 185 0 
375 62 61 0 
376 84 65 0 
377 42 161 0 
378 29 105 0 
379 37 67 0 
380 41 98 0 
381 46 129 0 
382 46 28 0 
383 41 146 0 
384 57 167 0 
385 99 272 0 
386 39 21 0 
387 40 160 0 
388 94 198 0 
389 27 24 0 
390 97 276 0 
391 81 299 0 
392 81 314 0 
393 49 85 0 
394 29 40 0 
395 37 147 0 
396 47 124 0 
397 100 128 0 
398 100 358 0 
399 49 31 0 
400 59 234 0 
401 95 271 0 
402 87 256 0 
403 40 79 0 
404 27 88 0 
405 78 269 0 
406 84 172 0 
407 25 64 0 
408 69 213 0 
409 91 309 0 
410 94 370 0 
411 67 52 0 
412 63 205 0 
413 59 31 0 
414 74 183 0 
415 80 206 0 
416 22 60 0 
417 94 287 0 
418 57 227 0 
419 97 383 0 
420 23 33 0 
421 70 55 0 
422 82 142 0 
423 79 141 0 
424 29 56 0 
425 68 91 0 
426 100 149 0 
427 47 171 0 
428 95 305 0 
429 70 75 0 
430 22 65 0 
431 81 274 0 
432 36 25 0 
433 98 197 0 
434 49 160 0 
435 27 68 0 
436 58 96 0 
437 55 29 0 
438 92 78 0 
439 41 144 0 
440 95 364 0 
441 71 79 0 
442 46 119 0 
443 57 109 0 
444 65 204 0 
445 38 146 0 
446 96 259 0 
447 28 19 0 
448 60 114 0 
449 32 34 0 
450 35 47 0 
451 61 225 0 
452 56 107 0 
453 58 133 0 
454 51 54 0 
455 69 229 0 
456 72 122 0 
457 89 353 0 
458 39 114 0 
459 45 108 0 
460 39 93 0 
461 56 141 0 
462 55 85 0 
463 29 86 0 
464 78 40 0 
465 100 360 0 
466 98 193 0 
467 73 235 0 
468 43 28 0 
469 27 59 0 
470 62 176 0 
471 74 290 0 
472 60 172 0 
473 44 64 0 
474 50 29 0 
475 21 42 0 
476 59 161 0 
477 35 114 0 
478 58 151 0 
479 44 36 0 
480 87 132 0 
481 89 148 0 
482 93 194 0 
483 93 187 0 
484 53 79 0 
485 23 70 0 
486 57 206 0 
487 67 192 0 
488 48 114 0 
489 57 67 0 
490 59 111 0 
491 81 214 0 
492 50 89 0 
493 53 194 0 
494 92 58 0 
495 67 53 0 
496 85 340 0 
497 41 122 0 
498 43 128 0 
499 94 256 0 
