NAME GBP_INSTANCES\prob_2_B_3_5_2.txt
COMMENT
BINTYPES 5
ITEMS 200
BINS_SECTIONS
0 60 60 0 201 
1 80 80 0 151 
2 100 100 0 121 
3 120 120 0 101 
4 150 150 0 81 
ITEMS_SECTIONS
0 41 151 0 
1 78 240 0 
2 21 39 0 
3 37 93 0 
4 85 262 0 
5 62 81 0 
6 22 45 0 
7 70 89 0 
8 86 270 0 
9 62 57 0 
10 35 131 0 
11 25 78 0 
12 63 178 0 
13 60 219 0 
14 29 30 0 
15 43 148 0 
16 35 33 0 
17 93 340 0 
18 92 273 0 
19 90 66 0 
20 87 114 0 
21 77 112 0 
22 32 64 0 
23 74 44 0 
24 93 331 0 
25 73 85 0 
26 68 205 0 
27 97 261 0 
28 93 366 0 
29 36 127 0 
30 25 79 0 
31 36 70 0 
32 76 225 0 
33 30 91 0 
34 45 155 0 
35 37 111 0 
36 86 138 0 
37 98 320 0 
38 95 115 0 
39 76 183 0 
40 62 228 0 
41 53 87 0 
42 48 138 0 
43 90 177 0 
44 63 45 0 
45 55 95 0 
46 40 102 0 
47 22 61 0 
48 71 46 0 
49 93 163 0 
50 89 331 0 
51 96 202 0 
52 89 77 0 
53 25 41 0 
54 85 300 0 
55 22 49 0 
56 53 76 0 
57 47 86 0 
58 50 193 0 
59 83 249 0 
60 39 155 0 
61 70 268 0 
62 79 174 0 
63 91 293 0 
64 30 114 0 
65 97 275 0 
66 26 90 0 
67 34 63 0 
68 58 71 0 
69 74 87 0 
70 32 122 0 
71 92 208 0 
72 64 161 0 
73 48 169 0 
74 23 47 0 
75 80 292 0 
76 42 101 0 
77 51 133 0 
78 93 273 0 
79 65 199 0 
80 58 123 0 
81 57 211 0 
82 47 138 0 
83 80 103 0 
84 72 272 0 
85 91 244 0 
86 28 95 0 
87 99 388 0 
88 24 30 0 
89 24 77 0 
90 98 370 0 
91 40 77 0 
92 41 37 0 
93 89 311 0 
94 55 149 0 
95 89 346 0 
96 24 46 0 
97 62 145 0 
98 81 80 0 
99 72 114 0 
100 67 201 0 
101 63 243 0 
102 63 153 0 
103 70 148 0 
104 98 73 0 
105 31 72 0 
106 99 166 0 
107 68 108 0 
108 100 171 0 
109 31 84 0 
110 27 61 0 
111 23 47 0 
112 28 102 0 
113 62 59 0 
114 23 36 0 
115 48 97 0 
116 72 93 0 
117 65 98 0 
118 90 159 0 
119 41 51 0 
120 42 50 0 
121 79 206 0 
122 90 115 0 
123 46 105 0 
124 49 112 0 
125 67 193 0 
126 73 202 0 
127 28 31 0 
128 76 74 0 
129 58 226 0 
130 48 108 0 
131 39 81 0 
132 37 118 0 
133 50 116 0 
134 98 316 0 
135 87 265 0 
136 67 206 0 
137 88 72 0 
138 51 53 0 
139 58 67 0 
140 34 70 0 
141 43 104 0 
142 82 79 0 
143 39 96 0 
144 67 140 0 
145 54 147 0 
146 34 115 0 
147 94 84 0 
148 61 42 0 
149 41 73 0 
150 99 352 0 
151 30 115 0 
152 37 129 0 
153 74 167 0 
154 22 55 0 
155 27 53 0 
156 28 105 0 
157 48 93 0 
158 89 134 0 
159 32 29 0 
160 24 76 0 
161 84 321 0 
162 40 78 0 
163 74 285 0 
164 68 119 0 
165 83 89 0 
166 43 88 0 
167 30 18 0 
168 92 158 0 
169 97 78 0 
170 94 245 0 
171 59 199 0 
172 60 144 0 
173 46 75 0 
174 94 241 0 
175 59 62 0 
176 81 52 0 
177 85 123 0 
178 52 142 0 
179 79 160 0 
180 28 33 0 
181 25 37 0 
182 41 110 0 
183 55 118 0 
184 80 249 0 
185 57 209 0 
186 84 177 0 
187 77 68 0 
188 44 61 0 
189 63 70 0 
190 59 188 0 
191 33 74 0 
192 80 285 0 
193 86 262 0 
194 51 141 0 
195 82 267 0 
196 38 84 0 
197 40 99 0 
198 41 32 0 
199 72 172 0 
