NAME GBP_INSTANCES\prob_1_B_0_2_2.txt
COMMENT
BINTYPES 5
ITEMS 25
BINS_SECTIONS
0 60 60 0 20 
1 80 80 0 15 
2 100 100 0 12 
3 120 120 0 10 
4 150 150 0 8 
ITEMS_SECTIONS
0 28 25 0 
1 4 14 0 
2 94 317 0 
3 55 193 0 
4 13 29 0 
5 57 227 0 
6 8 24 0 
7 61 102 0 
8 96 257 0 
9 50 117 0 
10 56 52 0 
11 34 80 0 
12 51 127 0 
13 70 269 0 
14 24 13 0 
15 70 103 0 
16 62 138 0 
17 87 148 0 
18 49 118 0 
19 28 41 0 
20 7 9 0 
21 8 15 0 
22 56 206 0 
23 17 59 0 
24 84 318 0 
