NAME GBP_INSTANCES\prob_1_B_2_2_2.txt
COMMENT
BINTYPES 5
ITEMS 100
BINS_SECTIONS
0 60 60 0 96 
1 80 80 0 72 
2 100 100 0 58 
3 120 120 0 48 
4 150 150 0 39 
ITEMS_SECTIONS
0 98 238 0 
1 33 88 0 
2 16 16 0 
3 78 49 0 
4 82 69 0 
5 10 8 0 
6 76 205 0 
7 75 100 0 
8 72 212 0 
9 21 44 0 
10 9 32 0 
11 14 55 0 
12 65 46 0 
13 53 176 0 
14 4 14 0 
15 3 2 0 
16 58 124 0 
17 95 270 0 
18 61 118 0 
19 74 253 0 
20 38 38 0 
21 59 60 0 
22 6 19 0 
23 46 58 0 
24 54 161 0 
25 89 216 0 
26 74 112 0 
27 41 116 0 
28 50 131 0 
29 37 85 0 
30 27 15 0 
31 70 64 0 
32 65 192 0 
33 30 94 0 
34 74 241 0 
35 42 70 0 
36 86 81 0 
37 25 38 0 
38 72 243 0 
39 97 257 0 
40 73 292 0 
41 88 338 0 
42 80 164 0 
43 38 149 0 
44 23 61 0 
45 59 110 0 
46 28 41 0 
47 57 82 0 
48 94 337 0 
49 73 120 0 
50 81 108 0 
51 26 59 0 
52 80 88 0 
53 82 208 0 
54 74 72 0 
55 56 200 0 
56 22 46 0 
57 53 156 0 
58 79 270 0 
59 86 98 0 
60 64 241 0 
61 85 81 0 
62 79 48 0 
63 5 19 0 
64 56 218 0 
65 22 21 0 
66 35 21 0 
67 75 95 0 
68 80 144 0 
69 95 285 0 
70 84 312 0 
71 63 57 0 
72 22 14 0 
73 97 102 0 
74 92 83 0 
75 38 148 0 
76 55 216 0 
77 90 267 0 
78 73 71 0 
79 38 140 0 
80 76 145 0 
81 63 233 0 
82 97 386 0 
83 80 134 0 
84 35 133 0 
85 57 90 0 
86 33 32 0 
87 10 9 0 
88 5 20 0 
89 44 41 0 
90 98 136 0 
91 56 98 0 
92 65 227 0 
93 91 363 0 
94 100 264 0 
95 98 150 0 
96 94 349 0 
97 16 53 0 
98 35 20 0 
99 11 35 0 
