NAME GBP_INSTANCES\prob_2_A_1_0_2.txt
COMMENT
BINTYPES 3
ITEMS 50
BINS_SECTIONS
0 100 100 0 31 
1 120 120 0 26 
2 150 150 0 21 
ITEMS_SECTIONS
0 74 174 0 
1 34 91 0 
2 95 218 0 
3 51 55 0 
4 80 135 0 
5 58 145 0 
6 77 49 0 
7 70 138 0 
8 84 135 0 
9 64 53 0 
10 63 236 0 
11 23 36 0 
12 79 188 0 
13 47 132 0 
14 94 373 0 
15 52 201 0 
16 69 111 0 
17 34 48 0 
18 68 44 0 
19 86 78 0 
20 26 17 0 
21 62 113 0 
22 46 45 0 
23 69 132 0 
24 70 92 0 
25 91 201 0 
26 51 164 0 
27 35 40 0 
28 37 57 0 
29 23 40 0 
30 95 294 0 
31 82 89 0 
32 37 121 0 
33 21 74 0 
34 96 317 0 
35 53 77 0 
36 22 68 0 
37 28 57 0 
38 27 98 0 
39 98 278 0 
40 70 112 0 
41 50 144 0 
42 98 141 0 
43 64 244 0 
44 34 66 0 
45 85 263 0 
46 45 170 0 
47 29 48 0 
48 91 133 0 
49 73 47 0 
