NAME GBP_INSTANCES\prob_3_B_3_2_2.txt
COMMENT
BINTYPES 5
ITEMS 200
BINS_SECTIONS
0 60 60 0 251 
1 80 80 0 188 
2 100 100 0 151 
3 120 120 0 126 
4 150 150 0 101 
ITEMS_SECTIONS
0 94 353 0 
1 92 72 0 
2 81 110 0 
3 81 93 0 
4 84 97 0 
5 95 289 0 
6 69 190 0 
7 96 69 0 
8 67 80 0 
9 51 112 0 
10 64 229 0 
11 74 191 0 
12 67 155 0 
13 52 126 0 
14 83 53 0 
15 92 354 0 
16 74 46 0 
17 52 61 0 
18 66 246 0 
19 69 63 0 
20 59 223 0 
21 74 119 0 
22 85 254 0 
23 70 197 0 
24 96 281 0 
25 89 195 0 
26 88 104 0 
27 74 258 0 
28 63 169 0 
29 88 95 0 
30 75 87 0 
31 79 95 0 
32 97 264 0 
33 91 234 0 
34 79 221 0 
35 57 88 0 
36 79 151 0 
37 98 262 0 
38 55 187 0 
39 79 135 0 
40 69 268 0 
41 94 246 0 
42 93 259 0 
43 75 44 0 
44 60 234 0 
45 59 170 0 
46 60 185 0 
47 51 44 0 
48 87 336 0 
49 78 108 0 
50 89 60 0 
51 71 92 0 
52 53 67 0 
53 79 67 0 
54 75 157 0 
55 82 123 0 
56 97 309 0 
57 73 155 0 
58 78 129 0 
59 93 110 0 
60 87 69 0 
61 82 71 0 
62 62 97 0 
63 71 70 0 
64 96 266 0 
65 84 336 0 
66 61 227 0 
67 83 69 0 
68 53 98 0 
69 96 221 0 
70 60 224 0 
71 92 267 0 
72 67 141 0 
73 89 165 0 
74 61 51 0 
75 77 185 0 
76 80 124 0 
77 53 35 0 
78 97 177 0 
79 91 331 0 
80 93 219 0 
81 97 84 0 
82 51 58 0 
83 84 326 0 
84 54 71 0 
85 64 236 0 
86 87 76 0 
87 92 296 0 
88 80 226 0 
89 85 142 0 
90 72 235 0 
91 76 211 0 
92 79 160 0 
93 60 146 0 
94 68 123 0 
95 71 157 0 
96 60 133 0 
97 93 318 0 
98 98 341 0 
99 52 108 0 
100 83 122 0 
101 51 103 0 
102 94 223 0 
103 56 209 0 
104 98 267 0 
105 99 198 0 
106 95 211 0 
107 63 59 0 
108 70 203 0 
109 57 222 0 
110 57 119 0 
111 93 121 0 
112 87 148 0 
113 52 190 0 
114 70 164 0 
115 68 94 0 
116 59 222 0 
117 51 32 0 
118 68 240 0 
119 71 241 0 
120 87 334 0 
121 84 191 0 
122 67 37 0 
123 96 324 0 
124 77 123 0 
125 79 263 0 
126 68 250 0 
127 85 257 0 
128 64 196 0 
129 81 167 0 
130 57 174 0 
131 88 50 0 
132 86 103 0 
133 95 128 0 
134 93 200 0 
135 99 336 0 
136 61 201 0 
137 79 268 0 
138 68 166 0 
139 96 231 0 
140 59 210 0 
141 63 116 0 
142 74 167 0 
143 89 181 0 
144 76 249 0 
145 79 70 0 
146 64 211 0 
147 61 112 0 
148 100 285 0 
149 79 181 0 
150 90 266 0 
151 100 119 0 
152 74 144 0 
153 74 69 0 
154 64 52 0 
155 56 63 0 
156 52 206 0 
157 64 46 0 
158 57 43 0 
159 75 250 0 
160 96 175 0 
161 56 37 0 
162 55 166 0 
163 96 350 0 
164 60 181 0 
165 75 74 0 
166 65 158 0 
167 100 250 0 
168 66 70 0 
169 79 110 0 
170 52 84 0 
171 68 105 0 
172 63 91 0 
173 78 264 0 
174 56 149 0 
175 68 62 0 
176 80 122 0 
177 54 65 0 
178 98 56 0 
179 82 250 0 
180 95 331 0 
181 54 78 0 
182 99 135 0 
183 61 129 0 
184 55 196 0 
185 98 98 0 
186 57 49 0 
187 87 175 0 
188 64 108 0 
189 57 220 0 
190 56 155 0 
191 57 104 0 
192 57 171 0 
193 65 108 0 
194 57 225 0 
195 58 150 0 
196 92 224 0 
197 55 134 0 
198 93 237 0 
199 96 354 0 
