NAME GBP_INSTANCES\prob_3_B_1_1_2.txt
COMMENT
BINTYPES 5
ITEMS 50
BINS_SECTIONS
0 60 60 0 64 
1 80 80 0 48 
2 100 100 0 39 
3 120 120 0 32 
4 150 150 0 26 
ITEMS_SECTIONS
0 87 177 0 
1 75 61 0 
2 53 101 0 
3 85 137 0 
4 51 134 0 
5 98 232 0 
6 80 215 0 
7 68 225 0 
8 64 110 0 
9 100 270 0 
10 63 81 0 
11 78 285 0 
12 85 88 0 
13 56 128 0 
14 87 159 0 
15 100 54 0 
16 97 321 0 
17 55 208 0 
18 60 233 0 
19 62 126 0 
20 98 200 0 
21 74 256 0 
22 93 89 0 
23 69 205 0 
24 68 251 0 
25 55 140 0 
26 96 82 0 
27 98 218 0 
28 55 195 0 
29 67 257 0 
30 84 160 0 
31 70 194 0 
32 94 62 0 
33 51 47 0 
34 52 143 0 
35 90 337 0 
36 83 299 0 
37 91 147 0 
38 63 99 0 
39 68 202 0 
40 55 213 0 
41 94 48 0 
42 85 337 0 
43 76 162 0 
44 75 188 0 
45 88 350 0 
46 100 239 0 
47 91 300 0 
48 67 245 0 
49 65 136 0 
