NAME GBP_INSTANCES\prob_2_B_3_3_2.txt
COMMENT
BINTYPES 5
ITEMS 200
BINS_SECTIONS
0 60 60 0 196 
1 80 80 0 147 
2 100 100 0 118 
3 120 120 0 98 
4 150 150 0 79 
ITEMS_SECTIONS
0 63 214 0 
1 87 100 0 
2 34 23 0 
3 28 106 0 
4 78 47 0 
5 40 138 0 
6 85 133 0 
7 81 143 0 
8 61 61 0 
9 52 137 0 
10 40 157 0 
11 41 158 0 
12 75 117 0 
13 44 82 0 
14 24 72 0 
15 40 125 0 
16 34 117 0 
17 39 20 0 
18 78 220 0 
19 96 277 0 
20 23 70 0 
21 85 194 0 
22 45 169 0 
23 96 310 0 
24 53 113 0 
25 38 115 0 
26 65 74 0 
27 50 81 0 
28 66 125 0 
29 69 81 0 
30 75 281 0 
31 32 90 0 
32 87 141 0 
33 98 157 0 
34 33 68 0 
35 62 157 0 
36 69 147 0 
37 42 162 0 
38 57 107 0 
39 49 147 0 
40 32 96 0 
41 41 93 0 
42 49 139 0 
43 42 28 0 
44 49 40 0 
45 81 163 0 
46 64 208 0 
47 40 64 0 
48 51 194 0 
49 86 194 0 
50 41 153 0 
51 93 268 0 
52 24 67 0 
53 58 174 0 
54 76 125 0 
55 85 68 0 
56 23 43 0 
57 68 182 0 
58 92 97 0 
59 28 86 0 
60 99 76 0 
61 67 195 0 
62 79 308 0 
63 100 209 0 
64 26 59 0 
65 43 40 0 
66 92 182 0 
67 33 66 0 
68 64 160 0 
69 90 93 0 
70 59 138 0 
71 76 187 0 
72 81 250 0 
73 43 163 0 
74 92 186 0 
75 77 174 0 
76 95 139 0 
77 81 118 0 
78 85 160 0 
79 29 39 0 
80 57 70 0 
81 23 21 0 
82 94 235 0 
83 79 308 0 
84 89 138 0 
85 94 134 0 
86 40 65 0 
87 54 107 0 
88 38 141 0 
89 76 98 0 
90 63 131 0 
91 21 51 0 
92 32 69 0 
93 29 28 0 
94 80 93 0 
95 99 176 0 
96 42 134 0 
97 41 39 0 
98 21 24 0 
99 88 86 0 
100 30 61 0 
101 55 101 0 
102 34 120 0 
103 78 277 0 
104 54 69 0 
105 96 198 0 
106 39 23 0 
107 48 177 0 
108 93 175 0 
109 22 61 0 
110 79 215 0 
111 25 63 0 
112 43 140 0 
113 24 27 0 
114 66 198 0 
115 88 251 0 
116 76 80 0 
117 98 213 0 
118 36 88 0 
119 26 95 0 
120 51 123 0 
121 35 137 0 
122 67 147 0 
123 92 95 0 
124 76 260 0 
125 85 122 0 
126 29 83 0 
127 33 26 0 
128 35 96 0 
129 81 188 0 
130 68 234 0 
131 65 242 0 
132 31 100 0 
133 37 109 0 
134 82 100 0 
135 21 15 0 
136 96 198 0 
137 24 87 0 
138 37 145 0 
139 23 34 0 
140 24 51 0 
141 29 16 0 
142 35 112 0 
143 95 355 0 
144 58 123 0 
145 52 171 0 
146 65 128 0 
147 79 310 0 
148 97 165 0 
149 43 25 0 
150 84 228 0 
151 68 234 0 
152 77 128 0 
153 21 48 0 
154 70 219 0 
155 75 39 0 
156 57 99 0 
157 37 32 0 
158 34 67 0 
159 33 26 0 
160 44 62 0 
161 99 247 0 
162 40 70 0 
163 48 159 0 
164 69 210 0 
165 41 43 0 
166 60 145 0 
167 77 54 0 
168 89 246 0 
169 80 149 0 
170 31 42 0 
171 78 206 0 
172 42 129 0 
173 56 43 0 
174 21 84 0 
175 33 103 0 
176 48 189 0 
177 95 53 0 
178 74 88 0 
179 100 255 0 
180 43 26 0 
181 50 32 0 
182 41 22 0 
183 57 182 0 
184 27 32 0 
185 62 230 0 
186 75 214 0 
187 49 100 0 
188 62 123 0 
189 69 199 0 
190 41 52 0 
191 36 22 0 
192 82 188 0 
193 56 105 0 
194 98 151 0 
195 47 124 0 
196 85 297 0 
197 61 132 0 
198 64 226 0 
199 66 241 0 
