NAME GBP_INSTANCES\prob_1_A_4_8_2.txt
COMMENT
BINTYPES 3
ITEMS 500
BINS_SECTIONS
0 100 100 0 261 
1 120 120 0 218 
2 150 150 0 174 
ITEMS_SECTIONS
0 51 180 0 
1 93 320 0 
2 4 10 0 
3 9 32 0 
4 10 38 0 
5 41 103 0 
6 27 82 0 
7 49 126 0 
8 54 71 0 
9 23 86 0 
10 33 24 0 
11 61 32 0 
12 91 355 0 
13 3 12 0 
14 90 222 0 
15 14 43 0 
16 51 179 0 
17 90 216 0 
18 47 174 0 
19 80 146 0 
20 28 75 0 
21 82 121 0 
22 43 67 0 
23 99 89 0 
24 30 86 0 
25 84 305 0 
26 13 39 0 
27 96 202 0 
28 72 40 0 
29 24 85 0 
30 83 264 0 
31 57 166 0 
32 11 29 0 
33 100 310 0 
34 49 92 0 
35 82 52 0 
36 71 70 0 
37 9 15 0 
38 35 129 0 
39 16 43 0 
40 66 249 0 
41 61 116 0 
42 38 80 0 
43 70 152 0 
44 38 36 0 
45 49 187 0 
46 47 107 0 
47 34 98 0 
48 44 126 0 
49 80 247 0 
50 29 84 0 
51 14 41 0 
52 10 19 0 
53 15 19 0 
54 93 181 0 
55 67 86 0 
56 64 54 0 
57 56 45 0 
58 19 47 0 
59 82 90 0 
60 93 348 0 
61 100 293 0 
62 48 186 0 
63 84 197 0 
64 14 17 0 
65 13 44 0 
66 34 97 0 
67 91 261 0 
68 6 24 0 
69 32 67 0 
70 58 174 0 
71 21 75 0 
72 20 24 0 
73 68 143 0 
74 86 248 0 
75 71 101 0 
76 84 303 0 
77 5 14 0 
78 96 204 0 
79 64 167 0 
80 19 37 0 
81 49 160 0 
82 29 25 0 
83 81 162 0 
84 7 13 0 
85 66 142 0 
86 9 29 0 
87 82 313 0 
88 9 9 0 
89 33 111 0 
90 86 180 0 
91 45 151 0 
92 82 53 0 
93 32 118 0 
94 39 40 0 
95 86 91 0 
96 86 195 0 
97 42 106 0 
98 84 130 0 
99 41 91 0 
100 35 107 0 
101 39 148 0 
102 52 93 0 
103 32 27 0 
104 77 174 0 
105 58 117 0 
106 60 63 0 
107 18 71 0 
108 76 278 0 
109 37 50 0 
110 39 143 0 
111 57 181 0 
112 52 143 0 
113 87 80 0 
114 61 164 0 
115 54 91 0 
116 67 233 0 
117 20 47 0 
118 8 15 0 
119 59 51 0 
120 27 60 0 
121 59 175 0 
122 35 93 0 
123 52 105 0 
124 59 204 0 
125 90 235 0 
126 68 264 0 
127 10 31 0 
128 54 113 0 
129 59 152 0 
130 99 216 0 
131 70 272 0 
132 31 87 0 
133 67 180 0 
134 97 352 0 
135 3 4 0 
136 2 3 0 
137 3 3 0 
138 12 23 0 
139 93 290 0 
140 11 15 0 
141 23 63 0 
142 95 364 0 
143 48 85 0 
144 17 14 0 
145 47 134 0 
146 9 6 0 
147 40 42 0 
148 84 166 0 
149 66 186 0 
150 31 44 0 
151 90 354 0 
152 78 265 0 
153 38 77 0 
154 52 172 0 
155 8 12 0 
156 92 231 0 
157 58 169 0 
158 69 210 0 
159 80 269 0 
160 38 82 0 
161 94 106 0 
162 50 84 0 
163 54 183 0 
164 12 11 0 
165 64 140 0 
166 94 278 0 
167 71 218 0 
168 50 46 0 
169 36 62 0 
170 67 46 0 
171 19 18 0 
172 29 66 0 
173 51 54 0 
174 11 15 0 
175 58 95 0 
176 81 42 0 
177 37 33 0 
178 28 79 0 
179 79 270 0 
180 100 138 0 
181 10 21 0 
182 39 95 0 
183 57 145 0 
184 18 70 0 
185 30 44 0 
186 2 6 0 
187 48 166 0 
188 98 194 0 
189 27 20 0 
190 97 170 0 
191 14 18 0 
192 56 47 0 
193 38 134 0 
194 77 281 0 
195 99 274 0 
196 41 52 0 
197 87 281 0 
198 67 196 0 
199 58 92 0 
200 77 213 0 
201 49 60 0 
202 25 23 0 
203 48 173 0 
204 20 13 0 
205 17 64 0 
206 52 29 0 
207 94 287 0 
208 13 52 0 
209 28 18 0 
210 47 175 0 
211 48 107 0 
212 4 4 0 
213 60 174 0 
214 18 13 0 
215 23 59 0 
216 2 5 0 
217 59 131 0 
218 16 24 0 
219 44 88 0 
220 39 62 0 
221 97 136 0 
222 29 91 0 
223 7 18 0 
224 24 52 0 
225 39 35 0 
226 94 296 0 
227 50 162 0 
228 31 59 0 
229 2 4 0 
230 60 231 0 
231 71 105 0 
232 35 61 0 
233 94 205 0 
234 54 148 0 
235 70 105 0 
236 19 68 0 
237 27 106 0 
238 6 14 0 
239 46 153 0 
240 75 84 0 
241 47 141 0 
242 67 162 0 
243 56 33 0 
244 27 69 0 
245 38 61 0 
246 72 46 0 
247 36 76 0 
248 76 142 0 
249 5 19 0 
250 2 6 0 
251 4 5 0 
252 23 25 0 
253 80 57 0 
254 63 108 0 
255 41 74 0 
256 52 144 0 
257 5 6 0 
258 89 138 0 
259 82 241 0 
260 41 33 0 
261 82 267 0 
262 39 43 0 
263 100 390 0 
264 71 65 0 
265 82 44 0 
266 95 106 0 
267 9 14 0 
268 8 27 0 
269 94 266 0 
270 81 63 0 
271 86 168 0 
272 28 84 0 
273 83 99 0 
274 58 136 0 
275 48 141 0 
276 54 32 0 
277 73 236 0 
278 31 34 0 
279 31 34 0 
280 92 116 0 
281 9 32 0 
282 34 52 0 
283 66 153 0 
284 7 15 0 
285 96 359 0 
286 21 43 0 
287 84 109 0 
288 50 82 0 
289 5 7 0 
290 20 65 0 
291 9 21 0 
292 74 136 0 
293 14 39 0 
294 94 365 0 
295 21 31 0 
296 33 72 0 
297 83 72 0 
298 63 200 0 
299 20 39 0 
300 19 13 0 
301 46 136 0 
302 12 24 0 
303 76 240 0 
304 29 17 0 
305 84 66 0 
306 65 139 0 
307 100 371 0 
308 14 15 0 
309 7 10 0 
310 42 159 0 
311 23 44 0 
312 91 166 0 
313 70 229 0 
314 64 223 0 
315 6 10 0 
316 93 250 0 
317 73 177 0 
318 43 103 0 
319 86 215 0 
320 24 90 0 
321 65 131 0 
322 14 55 0 
323 73 106 0 
324 84 210 0 
325 90 347 0 
326 35 54 0 
327 91 211 0 
328 61 53 0 
329 27 60 0 
330 42 168 0 
331 96 275 0 
332 25 49 0 
333 14 32 0 
334 50 68 0 
335 56 36 0 
336 32 103 0 
337 56 211 0 
338 3 2 0 
339 29 62 0 
340 80 309 0 
341 84 169 0 
342 77 304 0 
343 16 12 0 
344 16 45 0 
345 48 64 0 
346 12 20 0 
347 33 75 0 
348 33 104 0 
349 50 73 0 
350 96 339 0 
351 83 77 0 
352 75 195 0 
353 72 119 0 
354 73 235 0 
355 58 148 0 
356 69 242 0 
357 17 57 0 
358 94 121 0 
359 57 130 0 
360 95 221 0 
361 2 5 0 
362 88 187 0 
363 64 177 0 
364 52 129 0 
365 43 51 0 
366 70 64 0 
367 56 81 0 
368 88 210 0 
369 67 54 0 
370 59 42 0 
371 79 206 0 
372 77 149 0 
373 66 206 0 
374 30 55 0 
375 92 214 0 
376 2 6 0 
377 62 186 0 
378 71 180 0 
379 89 224 0 
380 21 24 0 
381 74 168 0 
382 66 264 0 
383 93 268 0 
384 5 18 0 
385 73 113 0 
386 72 126 0 
387 76 71 0 
388 76 262 0 
389 4 16 0 
390 27 44 0 
391 46 132 0 
392 73 70 0 
393 55 67 0 
394 33 76 0 
395 85 120 0 
396 69 271 0 
397 84 182 0 
398 72 66 0 
399 85 146 0 
400 46 155 0 
401 41 21 0 
402 93 71 0 
403 33 44 0 
404 73 211 0 
405 20 42 0 
406 17 49 0 
407 27 36 0 
408 84 149 0 
409 89 229 0 
410 7 27 0 
411 53 184 0 
412 3 8 0 
413 5 10 0 
414 60 221 0 
415 23 52 0 
416 8 28 0 
417 72 227 0 
418 56 118 0 
419 76 128 0 
420 96 59 0 
421 73 129 0 
422 8 12 0 
423 69 82 0 
424 26 76 0 
425 96 107 0 
426 74 43 0 
427 53 124 0 
428 92 254 0 
429 100 73 0 
430 72 158 0 
431 42 138 0 
432 49 150 0 
433 63 206 0 
434 38 113 0 
435 8 14 0 
436 84 208 0 
437 22 50 0 
438 72 277 0 
439 71 108 0 
440 94 220 0 
441 68 54 0 
442 54 69 0 
443 38 124 0 
444 66 203 0 
445 7 24 0 
446 9 23 0 
447 58 41 0 
448 77 48 0 
449 35 39 0 
450 42 106 0 
451 43 94 0 
452 70 279 0 
453 59 120 0 
454 36 53 0 
455 26 16 0 
456 83 187 0 
457 92 368 0 
458 86 241 0 
459 96 248 0 
460 87 142 0 
461 63 62 0 
462 14 43 0 
463 6 18 0 
464 39 128 0 
465 78 306 0 
466 93 306 0 
467 52 182 0 
468 74 46 0 
469 57 142 0 
470 58 220 0 
471 65 221 0 
472 62 243 0 
473 93 324 0 
474 24 36 0 
475 88 81 0 
476 50 101 0 
477 56 150 0 
478 64 236 0 
479 72 179 0 
480 4 12 0 
481 85 279 0 
482 19 26 0 
483 93 104 0 
484 84 330 0 
485 100 193 0 
486 30 70 0 
487 95 92 0 
488 73 256 0 
489 69 154 0 
490 14 19 0 
491 81 104 0 
492 64 252 0 
493 53 103 0 
494 58 57 0 
495 41 115 0 
496 54 78 0 
497 90 74 0 
498 37 83 0 
499 52 32 0 
