NAME GBP_INSTANCES\prob_2_A_1_6_2.txt
COMMENT
BINTYPES 3
ITEMS 50
BINS_SECTIONS
0 100 100 0 29 
1 120 120 0 24 
2 150 150 0 19 
ITEMS_SECTIONS
0 79 269 0 
1 63 171 0 
2 50 114 0 
3 26 61 0 
4 91 351 0 
5 34 52 0 
6 26 99 0 
7 40 110 0 
8 46 107 0 
9 92 85 0 
10 33 118 0 
11 88 201 0 
12 50 44 0 
13 72 129 0 
14 90 221 0 
15 24 47 0 
16 46 68 0 
17 63 97 0 
18 33 49 0 
19 33 111 0 
20 66 247 0 
21 48 159 0 
22 52 103 0 
23 25 63 0 
24 47 63 0 
25 92 164 0 
26 53 186 0 
27 50 76 0 
28 84 232 0 
29 63 238 0 
30 21 62 0 
31 82 213 0 
32 44 123 0 
33 29 102 0 
34 95 364 0 
35 48 41 0 
36 51 35 0 
37 90 250 0 
38 24 14 0 
39 35 85 0 
40 45 110 0 
41 60 189 0 
42 99 181 0 
43 47 37 0 
44 94 130 0 
45 74 48 0 
46 99 252 0 
47 21 42 0 
48 46 134 0 
49 63 144 0 
