NAME GBP_INSTANCES\prob_1_A_2_0_2.txt
COMMENT
BINTYPES 3
ITEMS 100
BINS_SECTIONS
0 100 100 0 56 
1 120 120 0 46 
2 150 150 0 37 
ITEMS_SECTIONS
0 57 223 0 
1 74 98 0 
2 78 124 0 
3 20 35 0 
4 77 179 0 
5 60 106 0 
6 76 241 0 
7 24 53 0 
8 81 128 0 
9 65 71 0 
10 14 47 0 
11 100 257 0 
12 42 93 0 
13 96 93 0 
14 93 70 0 
15 28 66 0 
16 64 236 0 
17 72 59 0 
18 27 23 0 
19 4 13 0 
20 34 75 0 
21 81 319 0 
22 74 188 0 
23 14 15 0 
24 85 323 0 
25 86 322 0 
26 32 91 0 
27 61 59 0 
28 33 66 0 
29 42 112 0 
30 98 161 0 
31 41 76 0 
32 64 160 0 
33 14 37 0 
34 72 248 0 
35 89 245 0 
36 42 92 0 
37 95 83 0 
38 20 56 0 
39 93 128 0 
40 18 45 0 
41 84 124 0 
42 74 233 0 
43 99 177 0 
44 90 326 0 
45 29 57 0 
46 100 303 0 
47 100 131 0 
48 20 33 0 
49 3 8 0 
50 81 213 0 
51 39 140 0 
52 36 116 0 
53 16 52 0 
54 54 110 0 
55 6 10 0 
56 39 30 0 
57 30 22 0 
58 81 223 0 
59 77 241 0 
60 44 97 0 
61 70 244 0 
62 54 151 0 
63 65 215 0 
64 63 248 0 
65 12 9 0 
66 19 23 0 
67 23 42 0 
68 64 195 0 
69 39 20 0 
70 43 61 0 
71 86 295 0 
72 22 66 0 
73 36 93 0 
74 90 211 0 
75 83 240 0 
76 84 188 0 
77 29 97 0 
78 27 104 0 
79 5 9 0 
80 80 113 0 
81 28 109 0 
82 36 40 0 
83 58 121 0 
84 80 214 0 
85 77 163 0 
86 55 100 0 
87 98 262 0 
88 39 128 0 
89 91 219 0 
90 14 30 0 
91 71 284 0 
92 49 121 0 
93 55 141 0 
94 89 67 0 
95 39 83 0 
96 4 16 0 
97 80 65 0 
98 58 171 0 
99 44 63 0 
