NAME GBP_INSTANCES\prob_3_A_2_9_2.txt
COMMENT
BINTYPES 3
ITEMS 100
BINS_SECTIONS
0 100 100 0 76 
1 120 120 0 63 
2 150 150 0 51 
ITEMS_SECTIONS
0 92 323 0 
1 97 318 0 
2 66 68 0 
3 87 94 0 
4 96 284 0 
5 94 112 0 
6 81 225 0 
7 90 253 0 
8 87 149 0 
9 67 166 0 
10 71 93 0 
11 75 186 0 
12 100 168 0 
13 71 115 0 
14 90 155 0 
15 79 295 0 
16 88 325 0 
17 59 31 0 
18 91 147 0 
19 58 225 0 
20 54 91 0 
21 75 295 0 
22 52 89 0 
23 92 216 0 
24 54 127 0 
25 61 144 0 
26 79 52 0 
27 75 164 0 
28 94 167 0 
29 91 68 0 
30 88 146 0 
31 56 224 0 
32 81 83 0 
33 54 135 0 
34 70 180 0 
35 86 154 0 
36 83 161 0 
37 52 65 0 
38 82 192 0 
39 69 145 0 
40 62 40 0 
41 78 132 0 
42 57 74 0 
43 70 245 0 
44 95 130 0 
45 96 58 0 
46 56 57 0 
47 55 52 0 
48 88 180 0 
49 78 232 0 
50 65 120 0 
51 82 238 0 
52 93 264 0 
53 89 115 0 
54 93 87 0 
55 87 52 0 
56 51 111 0 
57 57 29 0 
58 63 199 0 
59 87 176 0 
60 100 123 0 
61 71 39 0 
62 93 233 0 
63 78 225 0 
64 85 143 0 
65 57 62 0 
66 75 106 0 
67 65 179 0 
68 58 82 0 
69 62 43 0 
70 84 249 0 
71 92 131 0 
72 97 310 0 
73 52 142 0 
74 85 140 0 
75 72 163 0 
76 90 131 0 
77 99 176 0 
78 69 94 0 
79 70 117 0 
80 55 62 0 
81 66 213 0 
82 80 122 0 
83 87 106 0 
84 51 118 0 
85 77 204 0 
86 71 218 0 
87 78 57 0 
88 51 200 0 
89 54 212 0 
90 94 304 0 
91 62 74 0 
92 70 95 0 
93 76 109 0 
94 69 113 0 
95 78 207 0 
96 78 312 0 
97 52 42 0 
98 87 144 0 
99 51 157 0 
