NAME GBP_INSTANCES\prob_2_B_1_2_4.txt
COMMENT
BINTYPES 5
ITEMS 50
BINS_SECTIONS
0 60 60 0 52 
1 80 80 0 39 
2 100 100 0 31 
3 120 120 0 26 
4 150 150 0 21 
ITEMS_SECTIONS
0 59 183 0
1 98 243 0
2 71 103 0
3 60 145 0
4 98 67 0
5 43 66 0
6 76 165 0
7 23 73 0
8 70 295 0
9 66 130 0
10 21 30 0
11 42 107 0
12 49 51 0
13 93 61 0
14 27 27 0
15 45 86 0
16 57 191 0
17 22 17 0
18 89 66 0
19 77 96 0
20 44 171 0
21 40 82 0
22 51 95 0
23 45 202 0
24 30 101 0
25 99 430 0
26 96 428 0
27 69 257 0
28 60 57 0
29 26 38 0
30 25 41 0
31 68 78 0
32 81 97 0
33 78 258 0
34 50 173 0
35 87 65 0
36 26 66 0
37 63 91 0
38 94 149 0
39 81 257 0
40 60 78 0
41 56 71 0
42 73 299 0
43 89 232 0
44 61 68 0
45 79 73 0
46 84 163 0
47 80 323 0
48 58 73 0
49 34 112 0
