NAME GBP_INSTANCES\prob_1_A_1_8_2.txt
COMMENT
BINTYPES 3
ITEMS 50
BINS_SECTIONS
0 100 100 0 26 
1 120 120 0 22 
2 150 150 0 18 
ITEMS_SECTIONS
0 57 176 0 
1 27 17 0 
2 68 97 0 
3 94 107 0 
4 57 140 0 
5 94 309 0 
6 70 157 0 
7 77 210 0 
8 5 7 0 
9 96 225 0 
10 63 38 0 
11 83 302 0 
12 25 23 0 
13 3 5 0 
14 24 67 0 
15 88 152 0 
16 55 149 0 
17 46 79 0 
18 34 59 0 
19 35 51 0 
20 5 5 0 
21 34 29 0 
22 76 276 0 
23 12 47 0 
24 28 85 0 
25 84 335 0 
26 76 140 0 
27 39 22 0 
28 79 149 0 
29 75 117 0 
30 78 223 0 
31 81 92 0 
32 10 13 0 
33 88 115 0 
34 53 111 0 
35 82 108 0 
36 10 21 0 
37 27 39 0 
38 39 52 0 
39 51 120 0 
40 24 44 0 
41 3 6 0 
42 3 10 0 
43 82 164 0 
44 53 27 0 
45 63 225 0 
46 30 22 0 
47 53 182 0 
48 88 236 0 
49 62 216 0 
