NAME GBP_INSTANCES\prob_1_A_2_8_2.txt
COMMENT
BINTYPES 3
ITEMS 100
BINS_SECTIONS
0 100 100 0 49 
1 120 120 0 41 
2 150 150 0 33 
ITEMS_SECTIONS
0 91 178 0 
1 66 75 0 
2 84 112 0 
3 52 70 0 
4 96 318 0 
5 8 6 0 
6 18 46 0 
7 31 77 0 
8 89 149 0 
9 100 234 0 
10 39 83 0 
11 69 128 0 
12 93 354 0 
13 66 87 0 
14 40 75 0 
15 56 32 0 
16 94 262 0 
17 73 208 0 
18 42 54 0 
19 36 142 0 
20 16 22 0 
21 69 158 0 
22 98 183 0 
23 20 53 0 
24 79 293 0 
25 100 389 0 
26 18 23 0 
27 38 89 0 
28 16 52 0 
29 41 149 0 
30 34 44 0 
31 100 293 0 
32 2 5 0 
33 91 229 0 
34 3 4 0 
35 18 42 0 
36 90 316 0 
37 49 70 0 
38 17 58 0 
39 47 165 0 
40 18 37 0 
41 13 8 0 
42 53 208 0 
43 25 27 0 
44 40 151 0 
45 37 74 0 
46 40 113 0 
47 43 40 0 
48 89 101 0 
49 83 109 0 
50 31 116 0 
51 17 34 0 
52 14 23 0 
53 89 343 0 
54 7 18 0 
55 31 31 0 
56 69 271 0 
57 9 20 0 
58 75 140 0 
59 87 318 0 
60 44 59 0 
61 34 52 0 
62 91 166 0 
63 55 57 0 
64 81 154 0 
65 58 226 0 
66 68 186 0 
67 37 106 0 
68 69 265 0 
69 89 129 0 
70 2 5 0 
71 57 82 0 
72 84 140 0 
73 72 160 0 
74 81 45 0 
75 83 278 0 
76 40 151 0 
77 37 147 0 
78 14 38 0 
79 95 348 0 
80 28 53 0 
81 13 35 0 
82 16 16 0 
83 3 11 0 
84 18 66 0 
85 43 67 0 
86 14 28 0 
87 17 65 0 
88 88 83 0 
89 44 68 0 
90 23 83 0 
91 13 42 0 
92 59 219 0 
93 13 20 0 
94 8 32 0 
95 48 115 0 
96 2 7 0 
97 62 76 0 
98 22 24 0 
99 94 192 0 
