NAME GBP_INSTANCES\prob_2_A_1_2_2.txt
COMMENT
BINTYPES 3
ITEMS 50
BINS_SECTIONS
0 100 100 0 30 
1 120 120 0 25 
2 150 150 0 20 
ITEMS_SECTIONS
0 52 92 0 
1 80 94 0 
2 58 31 0 
3 76 54 0 
4 75 130 0 
5 49 124 0 
6 76 231 0 
7 57 30 0 
8 86 225 0 
9 24 36 0 
10 75 78 0 
11 28 63 0 
12 95 352 0 
13 63 69 0 
14 45 105 0 
15 61 41 0 
16 42 162 0 
17 43 53 0 
18 97 247 0 
19 77 99 0 
20 22 47 0 
21 61 179 0 
22 71 47 0 
23 43 127 0 
24 89 239 0 
25 66 250 0 
26 46 160 0 
27 24 47 0 
28 85 133 0 
29 65 252 0 
30 30 57 0 
31 35 108 0 
32 54 102 0 
33 22 43 0 
34 66 97 0 
35 70 226 0 
36 72 284 0 
37 59 57 0 
38 67 200 0 
39 26 88 0 
40 56 58 0 
41 91 111 0 
42 70 41 0 
43 69 136 0 
44 75 154 0 
45 54 113 0 
46 52 136 0 
47 21 57 0 
48 96 93 0 
49 27 41 0 
