NAME GBP_INSTANCES\prob_3_A_2_3_2.txt
COMMENT
BINTYPES 3
ITEMS 100
BINS_SECTIONS
0 100 100 0 75 
1 120 120 0 63 
2 150 150 0 50 
ITEMS_SECTIONS
0 89 282 0 
1 73 243 0 
2 84 192 0 
3 62 87 0 
4 67 147 0 
5 63 60 0 
6 91 183 0 
7 54 130 0 
8 77 137 0 
9 64 153 0 
10 67 94 0 
11 59 158 0 
12 55 155 0 
13 61 172 0 
14 100 133 0 
15 96 65 0 
16 55 130 0 
17 93 292 0 
18 57 127 0 
19 67 254 0 
20 99 246 0 
21 83 72 0 
22 92 268 0 
23 57 177 0 
24 79 278 0 
25 89 311 0 
26 77 56 0 
27 63 77 0 
28 96 74 0 
29 65 218 0 
30 89 255 0 
31 86 244 0 
32 71 146 0 
33 92 67 0 
34 73 220 0 
35 55 92 0 
36 66 140 0 
37 85 45 0 
38 52 76 0 
39 66 93 0 
40 100 122 0 
41 69 276 0 
42 63 204 0 
43 75 245 0 
44 98 108 0 
45 61 46 0 
46 80 307 0 
47 57 212 0 
48 54 184 0 
49 97 283 0 
50 74 64 0 
51 81 297 0 
52 100 76 0 
53 67 115 0 
54 92 150 0 
55 64 155 0 
56 60 43 0 
57 64 205 0 
58 79 152 0 
59 90 127 0 
60 85 334 0 
61 77 212 0 
62 62 165 0 
63 75 180 0 
64 92 122 0 
65 91 127 0 
66 74 227 0 
67 62 235 0 
68 55 116 0 
69 60 109 0 
70 90 339 0 
71 59 146 0 
72 75 65 0 
73 70 72 0 
74 99 345 0 
75 72 239 0 
76 74 161 0 
77 62 204 0 
78 77 57 0 
79 94 228 0 
80 86 201 0 
81 76 190 0 
82 54 195 0 
83 89 305 0 
84 95 265 0 
85 95 107 0 
86 78 94 0 
87 53 209 0 
88 94 197 0 
89 91 180 0 
90 58 166 0 
91 74 70 0 
92 65 130 0 
93 51 130 0 
94 66 82 0 
95 70 212 0 
96 96 88 0 
97 98 87 0 
98 54 214 0 
99 52 120 0 
