NAME GBP_INSTANCES\prob_2_B_0_4_2.txt
COMMENT
BINTYPES 5
ITEMS 25
BINS_SECTIONS
0 60 60 0 25 
1 80 80 0 19 
2 100 100 0 15 
3 120 120 0 13 
4 150 150 0 10 
ITEMS_SECTIONS
0 36 107 0 
1 76 179 0 
2 22 62 0 
3 46 86 0 
4 81 107 0 
5 70 59 0 
6 49 148 0 
7 74 99 0 
8 99 99 0 
9 29 79 0 
10 85 125 0 
11 23 70 0 
12 85 277 0 
13 92 117 0 
14 33 73 0 
15 55 181 0 
16 59 163 0 
17 49 99 0 
18 21 66 0 
19 54 197 0 
20 61 129 0 
21 79 139 0 
22 73 266 0 
23 44 120 0 
24 89 200 0 
