NAME GBP_INSTANCES\prob_2_B_1_8_2.txt
COMMENT
BINTYPES 5
ITEMS 50
BINS_SECTIONS
0 60 60 0 49 
1 80 80 0 37 
2 100 100 0 29 
3 120 120 0 25 
4 150 150 0 20 
ITEMS_SECTIONS
0 48 123 0 
1 83 117 0 
2 40 108 0 
3 66 178 0 
4 99 127 0 
5 97 232 0 
6 51 203 0 
7 29 108 0 
8 39 46 0 
9 73 283 0 
10 64 173 0 
11 81 173 0 
12 92 139 0 
13 59 113 0 
14 39 100 0 
15 29 64 0 
16 26 14 0 
17 36 38 0 
18 59 104 0 
19 60 50 0 
20 23 46 0 
21 39 111 0 
22 64 66 0 
23 55 179 0 
24 63 83 0 
25 68 106 0 
26 95 162 0 
27 74 90 0 
28 49 50 0 
29 24 93 0 
30 50 73 0 
31 29 74 0 
32 36 38 0 
33 86 216 0 
34 53 153 0 
35 89 274 0 
36 73 212 0 
37 100 140 0 
38 58 127 0 
39 23 53 0 
40 65 41 0 
41 50 135 0 
42 24 59 0 
43 43 54 0 
44 49 94 0 
45 48 53 0 
46 75 48 0 
47 73 89 0 
48 81 163 0 
49 53 53 0 
