NAME GBP_INSTANCES\prob_3_A_2_0_2.txt
COMMENT
BINTYPES 3
ITEMS 100
BINS_SECTIONS
0 100 100 0 76 
1 120 120 0 63 
2 150 150 0 51 
ITEMS_SECTIONS
0 59 94 0 
1 81 294 0 
2 93 53 0 
3 83 282 0 
4 84 324 0 
5 78 158 0 
6 93 186 0 
7 96 70 0 
8 68 202 0 
9 57 160 0 
10 65 54 0 
11 68 123 0 
12 69 155 0 
13 68 136 0 
14 72 270 0 
15 79 79 0 
16 90 286 0 
17 77 161 0 
18 58 103 0 
19 75 252 0 
20 93 316 0 
21 74 123 0 
22 57 70 0 
23 58 136 0 
24 65 42 0 
25 75 197 0 
26 89 97 0 
27 70 118 0 
28 76 136 0 
29 87 184 0 
30 80 195 0 
31 76 50 0 
32 70 60 0 
33 56 152 0 
34 78 181 0 
35 87 171 0 
36 65 190 0 
37 54 186 0 
38 75 117 0 
39 86 126 0 
40 58 136 0 
41 88 300 0 
42 83 132 0 
43 68 159 0 
44 55 163 0 
45 90 130 0 
46 58 100 0 
47 86 253 0 
48 90 218 0 
49 100 210 0 
50 74 115 0 
51 67 39 0 
52 85 206 0 
53 72 187 0 
54 96 165 0 
55 92 175 0 
56 63 106 0 
57 59 201 0 
58 97 206 0 
59 68 38 0 
60 91 119 0 
61 98 382 0 
62 73 274 0 
63 62 171 0 
64 79 240 0 
65 66 180 0 
66 94 143 0 
67 83 82 0 
68 97 296 0 
69 63 170 0 
70 53 30 0 
71 100 240 0 
72 59 132 0 
73 60 139 0 
74 52 133 0 
75 55 173 0 
76 100 233 0 
77 52 150 0 
78 77 134 0 
79 76 234 0 
80 99 213 0 
81 57 71 0 
82 58 62 0 
83 93 128 0 
84 51 147 0 
85 61 183 0 
86 65 80 0 
87 63 248 0 
88 74 56 0 
89 92 236 0 
90 89 184 0 
91 64 209 0 
92 77 170 0 
93 74 120 0 
94 52 47 0 
95 94 96 0 
96 84 182 0 
97 91 336 0 
98 100 182 0 
99 62 192 0 
