NAME GBP_INSTANCES\prob_1_A_3_1_2.txt
COMMENT
BINTYPES 3
ITEMS 200
BINS_SECTIONS
0 100 100 0 104 
1 120 120 0 87 
2 150 150 0 70 
ITEMS_SECTIONS
0 98 126 0 
1 53 72 0 
2 73 146 0 
3 13 31 0 
4 45 121 0 
5 60 173 0 
6 75 278 0 
7 53 209 0 
8 95 167 0 
9 39 114 0 
10 30 58 0 
11 4 13 0 
12 67 214 0 
13 94 262 0 
14 28 19 0 
15 77 147 0 
16 3 9 0 
17 46 130 0 
18 54 112 0 
19 19 40 0 
20 29 113 0 
21 4 16 0 
22 99 173 0 
23 6 6 0 
24 93 158 0 
25 79 63 0 
26 79 196 0 
27 34 37 0 
28 35 125 0 
29 48 65 0 
30 82 133 0 
31 51 139 0 
32 73 60 0 
33 4 7 0 
34 29 32 0 
35 82 165 0 
36 72 189 0 
37 36 85 0 
38 53 45 0 
39 33 60 0 
40 73 110 0 
41 76 64 0 
42 83 75 0 
43 92 340 0 
44 42 64 0 
45 25 71 0 
46 44 72 0 
47 38 112 0 
48 27 57 0 
49 24 94 0 
50 47 136 0 
51 57 104 0 
52 80 288 0 
53 70 272 0 
54 99 166 0 
55 97 293 0 
56 33 65 0 
57 52 52 0 
58 95 162 0 
59 40 117 0 
60 69 128 0 
61 94 365 0 
62 18 23 0 
63 24 26 0 
64 11 33 0 
65 90 151 0 
66 16 27 0 
67 21 22 0 
68 34 92 0 
69 15 30 0 
70 85 215 0 
71 66 230 0 
72 42 83 0 
73 85 325 0 
74 26 78 0 
75 76 214 0 
76 23 25 0 
77 88 287 0 
78 88 198 0 
79 19 27 0 
80 92 208 0 
81 12 39 0 
82 92 195 0 
83 5 18 0 
84 81 321 0 
85 10 10 0 
86 28 31 0 
87 51 62 0 
88 35 30 0 
89 45 113 0 
90 26 61 0 
91 77 171 0 
92 13 8 0 
93 38 58 0 
94 4 4 0 
95 93 338 0 
96 44 67 0 
97 53 179 0 
98 69 103 0 
99 39 79 0 
100 21 43 0 
101 63 160 0 
102 2 4 0 
103 43 133 0 
104 94 270 0 
105 31 57 0 
106 75 102 0 
107 36 76 0 
108 49 150 0 
109 14 28 0 
110 60 166 0 
111 18 40 0 
112 32 29 0 
113 77 85 0 
114 63 166 0 
115 88 231 0 
116 94 162 0 
117 93 298 0 
118 26 72 0 
119 49 97 0 
120 42 82 0 
121 6 11 0 
122 72 205 0 
123 96 207 0 
124 26 74 0 
125 63 194 0 
126 97 300 0 
127 99 227 0 
128 2 5 0 
129 85 213 0 
130 98 274 0 
131 85 172 0 
132 70 72 0 
133 59 137 0 
134 54 170 0 
135 34 122 0 
136 21 68 0 
137 37 121 0 
138 20 61 0 
139 90 167 0 
140 8 18 0 
141 45 83 0 
142 78 240 0 
143 17 14 0 
144 69 129 0 
145 48 112 0 
146 3 8 0 
147 73 132 0 
148 33 89 0 
149 4 6 0 
150 58 30 0 
151 54 97 0 
152 91 287 0 
153 36 50 0 
154 11 25 0 
155 81 233 0 
156 20 22 0 
157 67 75 0 
158 80 102 0 
159 64 221 0 
160 8 17 0 
161 46 109 0 
162 85 133 0 
163 41 156 0 
164 67 258 0 
165 86 141 0 
166 17 59 0 
167 96 160 0 
168 9 7 0 
169 88 218 0 
170 21 76 0 
171 92 210 0 
172 32 31 0 
173 30 30 0 
174 84 141 0 
175 81 84 0 
176 30 31 0 
177 9 16 0 
178 29 91 0 
179 58 162 0 
180 51 157 0 
181 28 42 0 
182 7 7 0 
183 17 51 0 
184 19 50 0 
185 99 97 0 
186 88 279 0 
187 52 149 0 
188 51 126 0 
189 55 164 0 
190 57 160 0 
191 96 92 0 
192 84 246 0 
193 49 189 0 
194 79 195 0 
195 20 15 0 
196 41 104 0 
197 41 150 0 
198 85 84 0 
199 73 275 0 
