NAME GBP_INSTANCES\prob_2_A_2_2_2.txt
COMMENT
BINTYPES 3
ITEMS 100
BINS_SECTIONS
0 100 100 0 63 
1 120 120 0 53 
2 150 150 0 42 
ITEMS_SECTIONS
0 94 350 0 
1 27 48 0 
2 62 240 0 
3 50 102 0 
4 48 110 0 
5 57 59 0 
6 24 33 0 
7 100 265 0 
8 78 262 0 
9 29 93 0 
10 88 256 0 
11 58 56 0 
12 45 106 0 
13 63 140 0 
14 52 196 0 
15 32 76 0 
16 47 63 0 
17 58 210 0 
18 53 56 0 
19 54 133 0 
20 53 109 0 
21 83 179 0 
22 94 83 0 
23 88 132 0 
24 45 167 0 
25 66 214 0 
26 80 144 0 
27 71 266 0 
28 30 45 0 
29 87 192 0 
30 26 48 0 
31 59 121 0 
32 47 74 0 
33 99 378 0 
34 61 145 0 
35 93 347 0 
36 69 194 0 
37 69 46 0 
38 38 65 0 
39 40 160 0 
40 93 200 0 
41 83 325 0 
42 47 26 0 
43 35 77 0 
44 88 98 0 
45 46 97 0 
46 61 103 0 
47 36 129 0 
48 82 204 0 
49 39 100 0 
50 72 267 0 
51 78 303 0 
52 60 141 0 
53 86 113 0 
54 73 46 0 
55 57 94 0 
56 39 104 0 
57 80 190 0 
58 52 53 0 
59 63 173 0 
60 72 50 0 
61 45 77 0 
62 63 58 0 
63 21 32 0 
64 54 102 0 
65 53 156 0 
66 65 143 0 
67 51 161 0 
68 62 68 0 
69 58 131 0 
70 73 275 0 
71 79 156 0 
72 48 143 0 
73 75 47 0 
74 69 50 0 
75 97 188 0 
76 98 251 0 
77 94 164 0 
78 67 46 0 
79 88 47 0 
80 88 154 0 
81 71 193 0 
82 86 158 0 
83 62 247 0 
84 92 353 0 
85 29 72 0 
86 33 27 0 
87 81 77 0 
88 60 169 0 
89 56 148 0 
90 55 39 0 
91 98 319 0 
92 59 235 0 
93 62 111 0 
94 69 100 0 
95 39 132 0 
96 41 81 0 
97 49 30 0 
98 78 307 0 
99 33 102 0 
