NAME GBP_INSTANCES\prob_2_A_1_8_2.txt
COMMENT
BINTYPES 3
ITEMS 50
BINS_SECTIONS
0 100 100 0 31 
1 120 120 0 26 
2 150 150 0 21 
ITEMS_SECTIONS
0 66 108 0 
1 64 235 0 
2 53 175 0 
3 74 85 0 
4 89 313 0 
5 53 181 0 
6 36 71 0 
7 33 114 0 
8 37 147 0 
9 63 99 0 
10 28 80 0 
11 99 355 0 
12 92 258 0 
13 31 60 0 
14 43 154 0 
15 51 170 0 
16 96 57 0 
17 77 296 0 
18 35 52 0 
19 85 49 0 
20 36 129 0 
21 24 39 0 
22 31 76 0 
23 62 97 0 
24 21 83 0 
25 90 334 0 
26 57 58 0 
27 60 155 0 
28 44 126 0 
29 99 211 0 
30 60 92 0 
31 80 306 0 
32 73 232 0 
33 78 288 0 
34 93 121 0 
35 22 85 0 
36 39 54 0 
37 80 44 0 
38 85 208 0 
39 28 20 0 
40 27 82 0 
41 70 111 0 
42 46 129 0 
43 79 258 0 
44 82 245 0 
45 65 239 0 
46 76 202 0 
47 45 179 0 
48 96 288 0 
49 73 212 0 
