NAME GBP_INSTANCES\prob_3_A_1_9_2.txt
COMMENT
BINTYPES 3
ITEMS 50
BINS_SECTIONS
0 100 100 0 37 
1 120 120 0 31 
2 150 150 0 25 
ITEMS_SECTIONS
0 70 239 0 
1 62 96 0 
2 77 222 0 
3 93 275 0 
4 58 99 0 
5 85 218 0 
6 78 306 0 
7 98 157 0 
8 58 171 0 
9 83 115 0 
10 93 256 0 
11 53 104 0 
12 84 181 0 
13 61 109 0 
14 54 37 0 
15 80 150 0 
16 51 194 0 
17 64 129 0 
18 97 126 0 
19 87 246 0 
20 68 118 0 
21 96 378 0 
22 56 160 0 
23 73 196 0 
24 67 210 0 
25 74 293 0 
26 73 267 0 
27 64 47 0 
28 97 250 0 
29 56 29 0 
30 82 282 0 
31 57 206 0 
32 58 34 0 
33 56 109 0 
34 77 124 0 
35 96 89 0 
36 96 149 0 
37 62 186 0 
38 69 188 0 
39 77 288 0 
40 80 237 0 
41 83 116 0 
42 64 212 0 
43 69 96 0 
44 95 256 0 
45 64 65 0 
46 88 107 0 
47 57 173 0 
48 57 79 0 
49 94 331 0 
