NAME GBP_INSTANCES\prob_3_A_4_3_0.txt
COMMENT
BINTYPES 3
ITEMS 500
BINS_SECTIONS
0 100 100 0 381 
1 120 120 0 317 
2 150 150 0 254 
ITEMS_SECTIONS
0 63 200 1
1 76 200 1
2 72 200 1
3 88 200 1
4 83 200 1
5 99 200 1
6 93 200 1
7 73 200 1
8 100 200 1
9 84 200 1
10 74 200 1
11 54 200 1
12 54 200 1
13 62 200 1
14 61 200 1
15 81 200 1
16 98 200 1
17 77 200 1
18 63 200 1
19 56 200 1
20 70 200 1
21 96 200 1
22 63 200 1
23 98 200 1
24 96 200 1
25 98 200 1
26 92 200 1
27 74 200 1
28 61 200 1
29 71 200 1
30 89 200 1
31 84 200 1
32 97 200 1
33 57 200 1
34 63 200 1
35 82 200 1
36 55 200 1
37 100 200 1
38 53 200 1
39 61 200 1
40 65 200 1
41 83 200 1
42 83 200 1
43 77 200 1
44 53 200 1
45 81 200 1
46 51 200 1
47 53 200 1
48 67 200 1
49 57 200 1
50 76 200 1
51 78 200 1
52 87 200 1
53 55 200 1
54 66 200 1
55 97 200 1
56 59 200 1
57 58 200 1
58 89 200 1
59 100 200 1
60 86 200 1
61 91 200 1
62 70 200 1
63 71 200 1
64 67 200 1
65 71 200 1
66 84 200 1
67 87 200 1
68 69 200 1
69 81 200 1
70 69 200 1
71 91 200 1
72 58 200 1
73 79 200 1
74 83 200 1
75 72 200 1
76 94 200 1
77 63 200 1
78 85 200 1
79 78 200 1
80 57 200 1
81 59 200 1
82 98 200 1
83 51 200 1
84 99 200 1
85 99 200 1
86 94 200 1
87 94 200 1
88 60 200 1
89 55 200 1
90 61 200 1
91 78 200 1
92 79 200 1
93 92 200 1
94 93 200 1
95 92 200 1
96 86 200 1
97 69 200 1
98 96 200 1
99 79 200 1
100 68 200 1
101 97 200 1
102 75 200 1
103 92 200 1
104 79 200 1
105 67 200 1
106 84 200 1
107 83 200 1
108 55 200 1
109 75 200 1
110 91 200 1
111 72 200 1
112 93 200 1
113 57 200 1
114 70 200 1
115 70 200 1
116 100 200 1
117 98 200 1
118 99 200 1
119 76 200 1
120 85 200 1
121 86 200 1
122 72 200 1
123 96 200 1
124 91 200 1
125 81 200 1
126 74 200 1
127 95 200 1
128 91 200 1
129 54 200 1
130 70 200 1
131 76 200 1
132 97 200 1
133 81 200 1
134 93 200 1
135 60 200 1
136 51 200 1
137 95 200 1
138 52 200 1
139 94 200 1
140 59 200 1
141 66 200 1
142 78 200 1
143 66 200 1
144 72 200 1
145 84 200 1
146 95 200 1
147 75 200 1
148 83 200 1
149 100 200 1
150 72 200 1
151 100 200 1
152 94 200 1
153 53 200 1
154 95 200 1
155 85 200 1
156 71 200 1
157 97 200 1
158 70 200 1
159 96 200 1
160 91 200 1
161 85 200 1
162 89 200 1
163 88 200 1
164 97 200 1
165 98 200 1
166 81 200 1
167 60 200 1
168 71 200 1
169 67 200 1
170 67 200 1
171 82 200 1
172 79 200 1
173 64 200 1
174 95 200 1
175 61 200 1
176 66 200 1
177 75 200 1
178 84 200 1
179 97 200 1
180 90 200 1
181 84 200 1
182 88 200 1
183 87 200 1
184 71 200 1
185 61 200 1
186 65 200 1
187 68 200 1
188 66 200 1
189 56 200 1
190 71 200 1
191 78 200 1
192 69 200 1
193 75 200 1
194 96 200 1
195 67 200 1
196 61 200 1
197 92 200 1
198 81 200 1
199 73 200 1
200 60 200 1
201 93 200 1
202 69 200 1
203 66 200 1
204 88 200 1
205 76 200 1
206 76 200 1
207 72 200 1
208 71 200 1
209 72 200 1
210 63 200 1
211 60 200 1
212 60 200 1
213 58 200 1
214 59 200 1
215 77 200 1
216 73 200 1
217 72 200 1
218 77 200 1
219 60 200 1
220 72 200 1
221 57 200 1
222 53 200 1
223 92 200 1
224 82 200 1
225 93 200 1
226 96 200 1
227 58 200 1
228 77 200 1
229 85 200 1
230 74 200 1
231 96 200 1
232 60 200 1
233 83 200 1
234 58 200 1
235 59 200 1
236 56 200 1
237 88 200 1
238 91 200 1
239 84 200 1
240 53 200 1
241 70 200 1
242 66 200 1
243 79 200 1
244 83 200 1
245 61 200 1
246 80 200 1
247 78 200 1
248 80 200 1
249 100 200 1
250 88 200 1
251 69 200 1
252 83 200 1
253 76 200 1
254 78 200 1
255 55 200 1
256 60 200 1
257 61 200 1
258 54 200 1
259 97 200 1
260 81 200 1
261 81 200 1
262 73 200 1
263 96 200 1
264 90 200 1
265 57 200 1
266 98 200 1
267 62 200 1
268 100 200 1
269 69 200 1
270 93 200 1
271 97 200 1
272 55 200 1
273 68 200 1
274 90 200 1
275 62 200 1
276 95 200 1
277 62 200 1
278 86 200 1
279 63 200 1
280 95 200 1
281 66 200 1
282 65 200 1
283 94 200 1
284 92 200 1
285 70 200 1
286 96 200 1
287 52 200 1
288 56 200 1
289 57 200 1
290 97 200 1
291 65 200 1
292 62 200 1
293 63 200 1
294 82 200 1
295 54 200 1
296 89 200 1
297 87 200 1
298 60 200 1
299 72 200 1
300 87 200 1
301 63 200 1
302 76 200 1
303 80 200 1
304 92 200 1
305 72 200 1
306 90 200 1
307 59 200 1
308 81 200 1
309 56 200 1
310 96 200 1
311 73 200 1
312 97 200 1
313 94 200 1
314 87 200 1
315 77 200 1
316 90 200 1
317 75 200 1
318 91 200 1
319 84 200 1
320 97 200 1
321 62 200 1
322 62 200 1
323 80 200 1
324 52 200 1
325 93 200 1
326 85 200 1
327 71 200 1
328 71 200 1
329 99 200 1
330 79 200 1
331 78 200 1
332 84 200 1
333 97 200 1
334 66 200 1
335 69 200 1
336 52 200 1
337 92 200 1
338 84 200 1
339 62 200 1
340 74 200 1
341 73 200 1
342 65 200 1
343 67 200 1
344 85 200 1
345 64 200 1
346 92 200 1
347 53 200 1
348 67 200 1
349 56 200 1
350 83 200 1
351 70 200 1
352 83 200 1
353 65 200 1
354 97 200 1
355 58 200 1
356 85 200 1
357 63 200 1
358 57 200 1
359 64 200 1
360 75 200 1
361 76 200 1
362 98 200 1
363 58 200 1
364 53 200 1
365 78 200 1
366 76 200 1
367 65 200 1
368 98 200 1
369 91 200 1
370 53 200 1
371 57 200 1
372 58 200 1
373 68 200 1
374 83 200 1
375 71 200 1
376 84 200 1
377 60 200 1
378 80 200 1
379 97 200 1
380 60 200 1
381 60 200 1
382 77 200 1
383 96 200 1
384 88 200 1
385 56 200 1
386 61 200 1
387 53 200 1
388 93 200 1
389 95 200 1
390 57 200 1
391 68 200 1
392 60 200 1
393 54 200 1
394 75 200 1
395 86 200 1
396 57 200 1
397 90 200 1
398 56 200 1
399 89 200 1
400 65 200 1
401 88 200 1
402 84 200 1
403 68 200 1
404 62 200 1
405 78 200 1
406 78 200 1
407 77 200 1
408 92 200 1
409 71 200 1
410 64 200 1
411 78 200 1
412 56 200 1
413 62 200 1
414 67 200 1
415 67 200 1
416 59 200 1
417 81 200 1
418 75 200 1
419 64 200 1
420 54 200 1
421 91 200 1
422 79 200 1
423 82 200 1
424 61 200 1
425 74 200 1
426 74 200 1
427 76 200 1
428 57 200 1
429 99 200 1
430 92 200 1
431 77 200 1
432 61 200 1
433 58 200 1
434 78 200 1
435 66 200 1
436 66 200 1
437 70 200 1
438 63 200 1
439 95 200 1
440 79 200 1
441 90 200 1
442 65 200 1
443 56 200 1
444 90 200 1
445 67 200 1
446 81 200 1
447 52 200 1
448 67 200 1
449 92 200 1
450 69 200 1
451 79 200 1
452 98 200 1
453 81 200 1
454 54 200 1
455 77 200 1
456 86 200 1
457 82 200 1
458 75 200 1
459 84 200 1
460 61 200 1
461 99 200 1
462 53 200 1
463 84 200 1
464 70 200 1
465 77 200 1
466 98 200 1
467 60 200 1
468 96 200 1
469 89 200 1
470 87 200 1
471 53 200 1
472 90 200 1
473 65 200 1
474 66 200 1
475 85 200 1
476 95 200 1
477 59 200 1
478 82 200 1
479 89 200 1
480 56 200 1
481 94 200 1
482 86 200 1
483 82 200 1
484 100 200 1
485 77 200 1
486 100 200 1
487 87 200 1
488 65 200 1
489 79 200 1
490 65 200 1
491 60 200 1
492 77 200 1
493 65 200 1
494 97 200 1
495 80 200 1
496 96 200 1
497 80 200 1
498 65 200 1
499 55 200 1
