NAME GBP_INSTANCES\prob_2_A_4_8_0.txt
COMMENT
BINTYPES 3
ITEMS 500
BINS_SECTIONS
0 100 100 0 304 
1 120 120 0 253 
2 150 150 0 203 
ITEMS_SECTIONS
0 24 200 1
1 95 200 1
2 27 200 1
3 95 200 1
4 56 200 1
5 24 200 1
6 74 200 1
7 45 200 1
8 86 200 1
9 33 200 1
10 26 200 1
11 41 200 1
12 72 200 1
13 44 200 1
14 46 200 1
15 61 200 1
16 35 200 1
17 89 200 1
18 27 200 1
19 94 200 1
20 64 200 1
21 86 200 1
22 51 200 1
23 52 200 1
24 97 200 1
25 61 200 1
26 86 200 1
27 48 200 1
28 45 200 1
29 38 200 1
30 76 200 1
31 31 200 1
32 53 200 1
33 36 200 1
34 60 200 1
35 32 200 1
36 95 200 1
37 31 200 1
38 46 200 1
39 21 200 1
40 64 200 1
41 72 200 1
42 59 200 1
43 77 200 1
44 27 200 1
45 22 200 1
46 31 200 1
47 22 200 1
48 52 200 1
49 70 200 1
50 92 200 1
51 22 200 1
52 77 200 1
53 40 200 1
54 53 200 1
55 24 200 1
56 24 200 1
57 83 200 1
58 22 200 1
59 99 200 1
60 69 200 1
61 66 200 1
62 29 200 1
63 37 200 1
64 71 200 1
65 81 200 1
66 71 200 1
67 100 200 1
68 81 200 1
69 99 200 1
70 34 200 1
71 82 200 1
72 33 200 1
73 82 200 1
74 34 200 1
75 23 200 1
76 75 200 1
77 98 200 1
78 69 200 1
79 45 200 1
80 40 200 1
81 62 200 1
82 83 200 1
83 98 200 1
84 65 200 1
85 26 200 1
86 62 200 1
87 41 200 1
88 74 200 1
89 58 200 1
90 45 200 1
91 49 200 1
92 38 200 1
93 92 200 1
94 97 200 1
95 92 200 1
96 92 200 1
97 63 200 1
98 22 200 1
99 70 200 1
100 29 200 1
101 61 200 1
102 74 200 1
103 75 200 1
104 47 200 1
105 30 200 1
106 48 200 1
107 56 200 1
108 22 200 1
109 24 200 1
110 78 200 1
111 93 200 1
112 71 200 1
113 61 200 1
114 54 200 1
115 85 200 1
116 81 200 1
117 98 200 1
118 100 200 1
119 83 200 1
120 78 200 1
121 76 200 1
122 64 200 1
123 31 200 1
124 76 200 1
125 55 200 1
126 66 200 1
127 95 200 1
128 85 200 1
129 64 200 1
130 55 200 1
131 99 200 1
132 31 200 1
133 35 200 1
134 96 200 1
135 34 200 1
136 33 200 1
137 47 200 1
138 57 200 1
139 22 200 1
140 67 200 1
141 83 200 1
142 33 200 1
143 77 200 1
144 92 200 1
145 71 200 1
146 75 200 1
147 57 200 1
148 96 200 1
149 40 200 1
150 88 200 1
151 79 200 1
152 64 200 1
153 73 200 1
154 82 200 1
155 84 200 1
156 63 200 1
157 98 200 1
158 21 200 1
159 50 200 1
160 57 200 1
161 92 200 1
162 90 200 1
163 93 200 1
164 95 200 1
165 28 200 1
166 88 200 1
167 100 200 1
168 39 200 1
169 35 200 1
170 35 200 1
171 72 200 1
172 89 200 1
173 43 200 1
174 48 200 1
175 95 200 1
176 91 200 1
177 25 200 1
178 73 200 1
179 73 200 1
180 78 200 1
181 83 200 1
182 82 200 1
183 63 200 1
184 96 200 1
185 73 200 1
186 43 200 1
187 72 200 1
188 36 200 1
189 94 200 1
190 23 200 1
191 69 200 1
192 53 200 1
193 83 200 1
194 62 200 1
195 26 200 1
196 71 200 1
197 95 200 1
198 98 200 1
199 43 200 1
200 68 200 1
201 60 200 1
202 53 200 1
203 28 200 1
204 46 200 1
205 40 200 1
206 53 200 1
207 34 200 1
208 91 200 1
209 23 200 1
210 73 200 1
211 99 200 1
212 72 200 1
213 25 200 1
214 38 200 1
215 98 200 1
216 38 200 1
217 28 200 1
218 66 200 1
219 91 200 1
220 30 200 1
221 43 200 1
222 33 200 1
223 51 200 1
224 76 200 1
225 60 200 1
226 87 200 1
227 99 200 1
228 41 200 1
229 97 200 1
230 69 200 1
231 58 200 1
232 84 200 1
233 39 200 1
234 40 200 1
235 95 200 1
236 51 200 1
237 98 200 1
238 37 200 1
239 47 200 1
240 72 200 1
241 92 200 1
242 39 200 1
243 89 200 1
244 43 200 1
245 30 200 1
246 49 200 1
247 35 200 1
248 31 200 1
249 56 200 1
250 47 200 1
251 62 200 1
252 78 200 1
253 72 200 1
254 66 200 1
255 85 200 1
256 85 200 1
257 53 200 1
258 55 200 1
259 98 200 1
260 87 200 1
261 24 200 1
262 81 200 1
263 51 200 1
264 83 200 1
265 53 200 1
266 100 200 1
267 71 200 1
268 55 200 1
269 48 200 1
270 44 200 1
271 76 200 1
272 54 200 1
273 25 200 1
274 31 200 1
275 67 200 1
276 31 200 1
277 73 200 1
278 23 200 1
279 72 200 1
280 92 200 1
281 44 200 1
282 62 200 1
283 52 200 1
284 50 200 1
285 37 200 1
286 38 200 1
287 45 200 1
288 78 200 1
289 22 200 1
290 35 200 1
291 41 200 1
292 50 200 1
293 73 200 1
294 35 200 1
295 33 200 1
296 24 200 1
297 33 200 1
298 38 200 1
299 56 200 1
300 87 200 1
301 88 200 1
302 98 200 1
303 87 200 1
304 92 200 1
305 25 200 1
306 47 200 1
307 41 200 1
308 73 200 1
309 94 200 1
310 90 200 1
311 34 200 1
312 37 200 1
313 46 200 1
314 43 200 1
315 40 200 1
316 55 200 1
317 80 200 1
318 80 200 1
319 73 200 1
320 89 200 1
321 92 200 1
322 35 200 1
323 90 200 1
324 87 200 1
325 87 200 1
326 46 200 1
327 43 200 1
328 61 200 1
329 77 200 1
330 74 200 1
331 62 200 1
332 95 200 1
333 66 200 1
334 40 200 1
335 79 200 1
336 39 200 1
337 63 200 1
338 22 200 1
339 88 200 1
340 47 200 1
341 80 200 1
342 33 200 1
343 94 200 1
344 38 200 1
345 43 200 1
346 99 200 1
347 68 200 1
348 36 200 1
349 70 200 1
350 61 200 1
351 99 200 1
352 32 200 1
353 76 200 1
354 77 200 1
355 77 200 1
356 31 200 1
357 39 200 1
358 47 200 1
359 68 200 1
360 65 200 1
361 50 200 1
362 48 200 1
363 85 200 1
364 100 200 1
365 33 200 1
366 87 200 1
367 73 200 1
368 28 200 1
369 34 200 1
370 68 200 1
371 33 200 1
372 64 200 1
373 67 200 1
374 95 200 1
375 52 200 1
376 67 200 1
377 24 200 1
378 38 200 1
379 88 200 1
380 96 200 1
381 85 200 1
382 69 200 1
383 80 200 1
384 95 200 1
385 35 200 1
386 45 200 1
387 58 200 1
388 35 200 1
389 28 200 1
390 30 200 1
391 41 200 1
392 25 200 1
393 64 200 1
394 53 200 1
395 31 200 1
396 46 200 1
397 92 200 1
398 36 200 1
399 42 200 1
400 67 200 1
401 84 200 1
402 76 200 1
403 87 200 1
404 77 200 1
405 59 200 1
406 97 200 1
407 56 200 1
408 50 200 1
409 66 200 1
410 85 200 1
411 38 200 1
412 97 200 1
413 90 200 1
414 87 200 1
415 81 200 1
416 25 200 1
417 38 200 1
418 76 200 1
419 80 200 1
420 88 200 1
421 40 200 1
422 45 200 1
423 85 200 1
424 49 200 1
425 80 200 1
426 46 200 1
427 32 200 1
428 30 200 1
429 71 200 1
430 59 200 1
431 63 200 1
432 41 200 1
433 44 200 1
434 34 200 1
435 50 200 1
436 33 200 1
437 25 200 1
438 75 200 1
439 41 200 1
440 35 200 1
441 93 200 1
442 81 200 1
443 86 200 1
444 54 200 1
445 97 200 1
446 78 200 1
447 34 200 1
448 89 200 1
449 80 200 1
450 87 200 1
451 96 200 1
452 97 200 1
453 30 200 1
454 36 200 1
455 28 200 1
456 40 200 1
457 66 200 1
458 75 200 1
459 49 200 1
460 70 200 1
461 87 200 1
462 68 200 1
463 83 200 1
464 35 200 1
465 74 200 1
466 27 200 1
467 30 200 1
468 37 200 1
469 64 200 1
470 45 200 1
471 51 200 1
472 23 200 1
473 37 200 1
474 45 200 1
475 64 200 1
476 64 200 1
477 87 200 1
478 61 200 1
479 59 200 1
480 28 200 1
481 86 200 1
482 93 200 1
483 47 200 1
484 48 200 1
485 79 200 1
486 88 200 1
487 48 200 1
488 100 200 1
489 76 200 1
490 50 200 1
491 29 200 1
492 99 200 1
493 62 200 1
494 29 200 1
495 75 200 1
496 89 200 1
497 22 200 1
498 78 200 1
499 39 200 1
