NAME GBP_INSTANCES\prob_2_B_4_5_2.txt
COMMENT
BINTYPES 5
ITEMS 500
BINS_SECTIONS
0 60 60 0 518 
1 80 80 0 389 
2 100 100 0 311 
3 120 120 0 259 
4 150 150 0 207 
ITEMS_SECTIONS
0 35 40 1
1 54 48 1
2 59 98 1
3 42 116 1
4 57 205 1
5 93 222 1
6 95 232 1
7 87 132 1
8 46 97 1
9 41 149 1
10 35 56 1
11 58 88 1
12 100 307 1
13 76 277 1
14 77 239 1
15 78 43 1
16 44 95 1
17 78 137 1
18 79 202 1
19 61 79 1
20 93 264 1
21 95 202 1
22 27 48 1
23 85 208 1
24 66 233 1
25 39 154 1
26 66 35 1
27 52 82 1
28 63 61 1
29 88 249 1
30 66 47 1
31 57 190 1
32 84 326 1
33 95 128 1
34 71 244 1
35 91 90 1
36 63 249 1
37 31 117 1
38 62 102 1
39 40 67 1
40 41 95 1
41 98 342 1
42 95 161 1
43 99 242 1
44 38 101 1
45 48 161 1
46 21 45 1
47 28 20 1
48 38 91 1
49 28 37 1
50 92 209 1
51 80 214 1
52 90 207 1
53 81 220 1
54 76 280 1
55 91 173 1
56 25 79 1
57 75 230 1
58 77 202 1
59 68 147 1
60 85 148 1
61 63 217 1
62 69 261 1
63 40 51 1
64 48 157 1
65 34 54 1
66 52 139 1
67 88 129 1
68 53 140 1
69 46 31 1
70 71 282 1
71 99 194 1
72 83 287 1
73 78 252 1
74 93 253 1
75 78 63 1
76 96 206 1
77 35 92 1
78 24 13 1
79 73 147 1
80 99 125 1
81 56 210 1
82 99 150 1
83 77 61 1
84 53 98 1
85 98 301 1
86 86 186 1
87 75 200 1
88 39 155 1
89 90 156 1
90 97 178 1
91 44 105 1
92 22 75 1
93 95 156 1
94 90 254 1
95 76 302 1
96 95 270 1
97 89 176 1
98 52 62 1
99 24 54 1
100 85 222 1
101 92 237 1
102 28 73 1
103 50 184 1
104 32 87 1
105 87 142 1
106 69 216 1
107 29 36 1
108 99 65 1
109 70 90 1
110 53 73 1
111 69 154 1
112 84 225 1
113 55 45 1
114 27 66 1
115 26 36 1
116 29 100 1
117 74 130 1
118 60 182 1
119 25 78 1
120 98 199 1
121 63 173 1
122 82 196 1
123 35 35 1
124 44 112 1
125 71 245 0
126 72 54 0
127 23 45 0
128 91 93 0
129 68 171 0
130 34 87 0
131 96 342 0
132 35 46 0
133 73 279 0
134 35 83 0
135 83 253 0
136 88 52 0
137 60 148 0
138 56 139 0
139 31 19 0
140 83 189 0
141 51 162 0
142 28 17 0
143 39 28 0
144 27 102 0
145 67 85 0
146 40 45 0
147 29 24 0
148 41 94 0
149 47 174 0
150 41 80 0
151 96 134 0
152 51 97 0
153 41 81 0
154 65 221 0
155 65 106 0
156 60 45 0
157 65 70 0
158 76 262 0
159 68 92 0
160 78 175 0
161 85 190 0
162 44 69 0
163 71 177 0
164 75 184 0
165 78 141 0
166 73 216 0
167 78 143 0
168 69 39 0
169 77 100 0
170 88 240 0
171 52 36 0
172 68 260 0
173 66 90 0
174 70 66 0
175 94 279 0
176 58 131 0
177 39 65 0
178 61 234 0
179 74 229 0
180 91 277 0
181 80 54 0
182 26 25 0
183 52 181 0
184 84 280 0
185 60 79 0
186 78 191 0
187 45 40 0
188 36 33 0
189 96 248 0
190 41 107 0
191 87 314 0
192 36 106 0
193 82 295 0
194 40 139 0
195 81 120 0
196 35 63 0
197 67 185 0
198 81 232 0
199 81 222 0
200 49 98 0
201 48 127 0
202 35 100 0
203 26 84 0
204 46 124 0
205 71 271 0
206 97 172 0
207 32 113 0
208 88 213 0
209 68 227 0
210 89 284 0
211 38 39 0
212 77 108 0
213 25 55 0
214 54 169 0
215 61 222 0
216 80 214 0
217 62 165 0
218 71 203 0
219 93 314 0
220 75 270 0
221 55 35 0
222 23 51 0
223 41 41 0
224 44 99 0
225 68 77 0
226 63 162 0
227 66 107 0
228 42 51 0
229 23 42 0
230 32 70 0
231 66 53 0
232 41 72 0
233 29 76 0
234 84 121 0
235 95 147 0
236 70 171 0
237 47 115 0
238 63 65 0
239 60 163 0
240 42 85 0
241 76 230 0
242 40 44 0
243 87 232 0
244 37 77 0
245 81 219 0
246 38 120 0
247 62 68 0
248 100 213 0
249 57 139 0
250 68 62 0
251 57 207 0
252 97 188 0
253 96 136 0
254 36 66 0
255 60 99 0
256 36 44 0
257 41 68 0
258 67 171 0
259 96 319 0
260 42 55 0
261 41 76 0
262 21 23 0
263 95 160 0
264 74 41 0
265 63 63 0
266 21 49 0
267 51 176 0
268 89 291 0
269 84 223 0
270 41 67 0
271 70 51 0
272 25 17 0
273 55 214 0
274 70 43 0
275 31 74 0
276 62 114 0
277 75 205 0
278 90 292 0
279 80 249 0
280 62 149 0
281 43 31 0
282 95 322 0
283 69 247 0
284 80 158 0
285 83 240 0
286 50 114 0
287 41 163 0
288 45 57 0
289 64 202 0
290 86 194 0
291 45 48 0
292 36 38 0
293 80 284 0
294 98 330 0
295 75 140 0
296 35 57 0
297 22 73 0
298 28 84 0
299 50 64 0
300 30 96 0
301 59 132 0
302 59 165 0
303 43 165 0
304 78 170 0
305 61 93 0
306 90 221 0
307 50 75 0
308 65 244 0
309 21 48 0
310 38 64 0
311 68 92 0
312 63 97 0
313 85 139 0
314 92 190 0
315 70 45 0
316 60 152 0
317 67 189 0
318 75 164 0
319 49 184 0
320 42 32 0
321 30 104 0
322 70 133 0
323 76 281 0
324 85 105 0
325 48 115 0
326 30 16 0
327 85 287 0
328 69 266 0
329 85 273 0
330 45 100 0
331 56 186 0
332 37 65 0
333 37 79 0
334 26 60 0
335 48 171 0
336 21 25 0
337 62 87 0
338 91 249 0
339 51 143 0
340 95 379 0
341 40 33 0
342 71 187 0
343 66 149 0
344 56 129 0
345 76 277 0
346 79 298 0
347 50 118 0
348 50 59 0
349 47 104 0
350 76 302 0
351 75 162 0
352 95 347 0
353 59 71 0
354 48 55 0
355 80 268 0
356 67 246 0
357 41 44 0
358 24 46 0
359 48 101 0
360 98 250 0
361 98 242 0
362 90 240 0
363 83 105 0
364 73 207 0
365 31 20 0
366 47 38 0
367 81 64 0
368 89 112 0
369 89 115 0
370 58 171 0
371 68 195 0
372 97 184 0
373 42 132 0
374 91 143 0
375 41 88 0
376 91 254 0
377 55 158 0
378 71 223 0
379 45 164 0
380 40 76 0
381 49 65 0
382 57 108 0
383 40 133 0
384 48 61 0
385 96 77 0
386 46 103 0
387 75 241 0
388 75 299 0
389 21 15 0
390 82 188 0
391 55 30 0
392 62 42 0
393 55 196 0
394 98 129 0
395 31 29 0
396 76 283 0
397 79 255 0
398 23 60 0
399 64 129 0
400 58 156 0
401 85 319 0
402 57 60 0
403 23 59 0
404 76 162 0
405 43 93 0
406 42 111 0
407 49 33 0
408 78 176 0
409 50 119 0
410 83 184 0
411 57 121 0
412 80 197 0
413 46 145 0
414 59 211 0
415 30 77 0
416 84 211 0
417 77 178 0
418 86 211 0
419 46 120 0
420 24 90 0
421 59 129 0
422 84 247 0
423 45 113 0
424 77 172 0
425 97 141 0
426 83 262 0
427 86 177 0
428 43 77 0
429 90 236 0
430 55 199 0
431 89 242 0
432 38 53 0
433 56 224 0
434 69 203 0
435 44 61 0
436 92 220 0
437 88 243 0
438 61 139 0
439 73 156 0
440 21 28 0
441 76 298 0
442 47 52 0
443 59 136 0
444 34 54 0
445 39 98 0
446 80 260 0
447 60 35 0
448 85 214 0
449 83 215 0
450 30 100 0
451 27 15 0
452 42 118 0
453 93 103 0
454 29 39 0
455 45 28 0
456 40 64 0
457 33 122 0
458 52 45 0
459 84 266 0
460 29 65 0
461 78 76 0
462 40 149 0
463 94 60 0
464 78 145 0
465 80 316 0
466 75 235 0
467 70 244 0
468 24 61 0
469 88 233 0
470 86 295 0
471 23 48 0
472 25 20 0
473 56 156 0
474 50 163 0
475 69 98 0
476 65 34 0
477 57 185 0
478 77 220 0
479 71 284 0
480 27 51 0
481 24 57 0
482 56 131 0
483 98 330 0
484 78 145 0
485 88 348 0
486 32 103 0
487 89 106 0
488 21 84 0
489 59 232 0
490 96 146 0
491 67 213 0
492 66 60 0
493 85 328 0
494 73 247 0
495 25 29 0
496 85 237 0
497 58 77 0
498 50 70 0
499 83 254 0
