NAME GBP_INSTANCES\prob_2_A_4_5_1.txt
COMMENT
BINTYPES 3
ITEMS 500
BINS_SECTIONS
0 100 100 0 303 
1 120 120 0 253 
2 150 150 0 202 
ITEMS_SECTIONS
0 42 91 1
1 91 90 1
2 34 64 1
3 34 38 1
4 61 179 1
5 81 68 1
6 50 41 1
7 41 102 1
8 53 62 1
9 67 55 1
10 43 100 1
11 79 92 1
12 61 161 1
13 45 77 1
14 47 41 1
15 23 19 1
16 33 50 1
17 47 56 1
18 45 41 1
19 40 45 1
20 73 216 1
21 88 185 1
22 75 158 1
23 29 72 1
24 55 147 1
25 23 59 1
26 85 114 1
27 78 86 1
28 69 41 1
29 26 20 1
30 31 27 1
31 72 117 1
32 31 35 1
33 71 200 1
34 24 22 1
35 22 65 1
36 73 39 1
37 100 149 1
38 87 142 1
39 29 51 1
40 55 41 1
41 42 88 1
42 32 34 1
43 27 70 1
44 55 57 1
45 92 159 1
46 54 98 1
47 68 194 1
48 91 225 1
49 96 207 1
50 21 43 1
51 60 137 1
52 59 144 1
53 62 168 1
54 94 249 1
55 75 76 1
56 59 85 1
57 56 91 1
58 44 110 1
59 50 133 1
60 85 184 1
61 88 197 1
62 65 103 1
63 60 167 1
64 66 38 1
65 79 117 1
66 27 63 1
67 84 71 1
68 27 31 1
69 26 61 1
70 60 40 1
71 41 26 1
72 67 163 1
73 73 166 1
74 62 122 1
75 53 64 1
76 99 86 1
77 25 20 1
78 47 119 1
79 33 66 1
80 80 153 1
81 28 30 1
82 47 56 1
83 67 81 1
84 38 103 1
85 28 52 1
86 64 117 1
87 69 158 1
88 65 194 1
89 50 103 1
90 35 42 1
91 82 208 1
92 60 145 1
93 28 58 1
94 88 63 1
95 94 151 1
96 37 48 1
97 34 96 1
98 92 129 1
99 53 51 1
100 52 150 1
101 31 31 1
102 44 69 1
103 42 64 1
104 92 62 1
105 81 163 1
106 70 149 1
107 27 46 1
108 23 18 1
109 49 90 1
110 55 37 1
111 28 78 1
112 91 248 1
113 64 168 1
114 84 119 1
115 29 47 1
116 76 190 1
117 42 69 1
118 30 38 1
119 91 78 1
120 73 115 1
121 29 69 1
122 23 44 1
123 58 48 1
124 44 123 1
125 55 44 1
126 58 39 1
127 41 36 1
128 76 128 1
129 64 47 1
130 89 180 1
131 32 29 1
132 75 48 1
133 56 64 1
134 53 31 1
135 66 100 1
136 47 34 1
137 34 42 1
138 48 60 1
139 88 62 1
140 93 248 1
141 57 78 1
142 46 48 1
143 75 151 1
144 53 144 1
145 75 165 1
146 68 158 1
147 22 22 1
148 40 64 1
149 90 61 1
150 55 145 1
151 46 136 1
152 80 44 1
153 66 46 1
154 29 27 1
155 50 124 1
156 40 43 1
157 64 189 1
158 32 30 1
159 74 195 1
160 68 180 1
161 21 52 1
162 25 69 1
163 70 103 1
164 61 38 1
165 49 100 1
166 38 67 1
167 51 138 1
168 91 51 1
169 29 32 1
170 48 69 1
171 82 198 1
172 51 151 1
173 28 50 1
174 86 230 1
175 99 142 1
176 52 78 1
177 59 89 1
178 75 128 1
179 69 168 1
180 73 174 1
181 81 203 1
182 57 164 1
183 69 62 1
184 83 130 1
185 40 57 1
186 54 101 1
187 78 48 1
188 92 60 1
189 39 34 1
190 84 221 1
191 33 89 1
192 58 72 1
193 49 60 1
194 42 27 1
195 84 44 1
196 90 211 1
197 44 53 1
198 47 90 1
199 86 118 1
200 55 135 1
201 50 66 1
202 97 142 1
203 42 85 1
204 80 107 1
205 30 76 1
206 97 198 1
207 95 154 1
208 89 101 1
209 63 154 1
210 78 224 1
211 60 106 1
212 34 29 1
213 96 221 1
214 54 79 1
215 40 25 1
216 73 209 1
217 40 107 1
218 73 113 1
219 30 50 1
220 38 59 1
221 50 96 1
222 65 82 1
223 67 84 1
224 88 170 1
225 96 217 1
226 22 27 1
227 96 143 1
228 42 92 1
229 85 228 1
230 65 181 1
231 86 203 1
232 93 117 1
233 47 129 1
234 40 110 1
235 29 76 1
236 78 94 1
237 56 116 1
238 100 232 1
239 46 49 1
240 88 54 1
241 98 219 1
242 25 44 1
243 72 66 1
244 62 78 1
245 61 84 1
246 80 74 1
247 69 126 1
248 40 109 1
249 39 23 1
250 42 32 1
251 60 50 1
252 76 131 1
253 97 175 1
254 84 165 1
255 71 64 1
256 39 64 1
257 79 195 1
258 64 104 1
259 80 49 1
260 74 179 1
261 62 32 1
262 98 271 1
263 34 72 1
264 32 93 1
265 100 155 1
266 22 22 1
267 52 81 1
268 60 135 1
269 29 39 1
270 53 145 1
271 79 121 1
272 44 88 1
273 65 49 1
274 86 245 1
275 52 119 1
276 92 71 1
277 69 192 1
278 28 19 1
279 92 159 1
280 53 121 1
281 61 63 1
282 52 112 1
283 30 33 1
284 41 61 1
285 24 51 1
286 29 50 1
287 89 191 1
288 26 45 1
289 43 121 1
290 83 247 1
291 34 45 1
292 61 126 1
293 31 80 1
294 84 134 1
295 58 167 1
296 100 151 1
297 94 238 1
298 82 59 1
299 67 198 1
300 81 177 1
301 38 56 1
302 91 176 1
303 73 66 1
304 35 69 1
305 73 79 1
306 83 228 1
307 52 122 1
308 97 88 1
309 61 145 1
310 48 60 1
311 33 66 1
312 96 185 1
313 96 204 1
314 92 125 1
315 70 127 1
316 45 119 1
317 85 161 1
318 43 50 1
319 71 110 1
320 84 44 1
321 79 194 1
322 55 78 1
323 65 114 1
324 73 55 1
325 60 128 1
326 64 189 1
327 38 26 1
328 39 111 1
329 43 27 1
330 78 101 1
331 57 107 1
332 71 147 1
333 21 21 1
334 46 94 1
335 52 33 1
336 54 88 1
337 37 101 1
338 62 64 1
339 72 187 1
340 88 47 1
341 68 113 1
342 66 173 1
343 42 81 1
344 72 122 1
345 100 114 1
346 49 51 1
347 98 281 1
348 79 224 1
349 61 167 1
350 47 56 1
351 35 40 1
352 85 197 1
353 86 132 1
354 90 242 1
355 67 48 1
356 59 118 1
357 60 100 1
358 92 112 1
359 77 119 1
360 72 128 1
361 88 250 1
362 87 110 1
363 33 84 1
364 80 190 1
365 82 129 1
366 89 249 1
367 28 22 1
368 90 213 1
369 80 173 1
370 40 54 1
371 61 64 1
372 32 65 1
373 46 69 1
374 28 51 1
375 100 112 0
376 41 46 0
377 78 52 0
378 28 55 0
379 58 89 0
380 89 150 0
381 60 51 0
382 61 145 0
383 67 98 0
384 60 47 0
385 92 53 0
386 36 86 0
387 41 23 0
388 88 152 0
389 31 64 0
390 82 147 0
391 29 22 0
392 97 263 0
393 98 95 0
394 82 165 0
395 34 26 0
396 32 29 0
397 94 237 0
398 88 168 0
399 80 140 0
400 54 60 0
401 52 112 0
402 96 271 0
403 73 157 0
404 96 232 0
405 38 61 0
406 55 68 0
407 91 187 0
408 61 109 0
409 84 126 0
410 30 58 0
411 82 190 0
412 60 114 0
413 38 28 0
414 41 40 0
415 80 227 0
416 34 29 0
417 90 115 0
418 40 117 0
419 97 65 0
420 22 62 0
421 61 80 0
422 45 104 0
423 53 93 0
424 91 125 0
425 69 70 0
426 92 257 0
427 46 122 0
428 52 106 0
429 95 227 0
430 88 229 0
431 35 61 0
432 90 115 0
433 91 151 0
434 44 91 0
435 32 54 0
436 81 174 0
437 95 164 0
438 46 28 0
439 51 95 0
440 27 46 0
441 57 46 0
442 35 43 0
443 90 230 0
444 94 122 0
445 39 55 0
446 42 125 0
447 56 106 0
448 32 81 0
449 43 91 0
450 66 111 0
451 51 47 0
452 84 133 0
453 86 213 0
454 90 64 0
455 58 31 0
456 27 67 0
457 45 45 0
458 46 88 0
459 82 223 0
460 61 127 0
461 53 139 0
462 72 170 0
463 28 24 0
464 21 44 0
465 64 169 0
466 77 204 0
467 48 107 0
468 69 174 0
469 38 40 0
470 81 214 0
471 79 170 0
472 72 71 0
473 63 130 0
474 80 150 0
475 29 54 0
476 92 234 0
477 33 32 0
478 54 73 0
479 41 51 0
480 77 48 0
481 39 86 0
482 54 77 0
483 68 85 0
484 52 73 0
485 48 41 0
486 22 21 0
487 98 189 0
488 37 90 0
489 37 100 0
490 90 125 0
491 23 16 0
492 98 268 0
493 23 43 0
494 39 117 0
495 100 203 0
496 69 188 0
497 43 74 0
498 46 47 0
499 98 177 0
