NAME GBP_INSTANCES\prob_3_B_4_0_2.txt
COMMENT
BINTYPES 5
ITEMS 500
BINS_SECTIONS
0 60 60 0 632 
1 80 80 0 474 
2 100 100 0 379 
3 120 120 0 316 
4 150 150 0 253 
ITEMS_SECTIONS
0 71 195 0 
1 79 246 0 
2 58 71 0 
3 80 160 0 
4 59 38 0 
5 99 220 0 
6 54 106 0 
7 55 117 0 
8 83 156 0 
9 64 138 0 
10 75 285 0 
11 58 81 0 
12 68 127 0 
13 64 117 0 
14 75 144 0 
15 62 116 0 
16 91 239 0 
17 54 166 0 
18 65 86 0 
19 64 66 0 
20 92 78 0 
21 78 179 0 
22 52 146 0 
23 85 148 0 
24 100 343 0 
25 88 62 0 
26 74 122 0 
27 75 77 0 
28 71 144 0 
29 89 229 0 
30 60 229 0 
31 63 247 0 
32 57 132 0 
33 82 56 0 
34 96 60 0 
35 54 108 0 
36 77 211 0 
37 90 302 0 
38 100 365 0 
39 96 273 0 
40 55 155 0 
41 100 135 0 
42 74 178 0 
43 83 204 0 
44 71 217 0 
45 93 260 0 
46 77 73 0 
47 62 43 0 
48 74 72 0 
49 95 313 0 
50 59 201 0 
51 60 100 0 
52 96 292 0 
53 80 85 0 
54 76 75 0 
55 51 106 0 
56 80 183 0 
57 59 136 0 
58 100 364 0 
59 70 191 0 
60 60 187 0 
61 66 251 0 
62 74 238 0 
63 64 95 0 
64 99 392 0 
65 53 70 0 
66 85 206 0 
67 67 176 0 
68 71 147 0 
69 86 123 0 
70 55 203 0 
71 90 222 0 
72 54 93 0 
73 53 171 0 
74 73 278 0 
75 83 45 0 
76 61 170 0 
77 97 76 0 
78 63 221 0 
79 89 108 0 
80 81 254 0 
81 59 102 0 
82 69 255 0 
83 100 327 0 
84 54 62 0 
85 54 166 0 
86 99 96 0 
87 53 205 0 
88 98 144 0 
89 77 64 0 
90 99 107 0 
91 95 183 0 
92 76 178 0 
93 96 335 0 
94 67 124 0 
95 85 206 0 
96 60 217 0 
97 75 269 0 
98 67 171 0 
99 98 347 0 
100 68 252 0 
101 60 145 0 
102 54 185 0 
103 94 110 0 
104 66 91 0 
105 96 144 0 
106 68 261 0 
107 76 88 0 
108 78 58 0 
109 60 136 0 
110 65 182 0 
111 55 97 0 
112 55 218 0 
113 98 255 0 
114 86 213 0 
115 78 131 0 
116 59 221 0 
117 79 184 0 
118 91 169 0 
119 51 98 0 
120 93 134 0 
121 63 40 0 
122 93 296 0 
123 58 31 0 
124 54 144 0 
125 94 357 0 
126 82 55 0 
127 67 261 0 
128 63 166 0 
129 71 258 0 
130 82 148 0 
131 57 98 0 
132 79 102 0 
133 52 69 0 
134 53 68 0 
135 67 260 0 
136 86 302 0 
137 93 85 0 
138 56 78 0 
139 59 120 0 
140 99 72 0 
141 81 80 0 
142 89 244 0 
143 79 206 0 
144 100 114 0 
145 57 47 0 
146 100 400 0 
147 68 116 0 
148 91 97 0 
149 55 137 0 
150 95 211 0 
151 56 112 0 
152 68 196 0 
153 77 100 0 
154 52 29 0 
155 96 153 0 
156 61 154 0 
157 95 293 0 
158 89 143 0 
159 54 169 0 
160 94 121 0 
161 56 158 0 
162 68 68 0 
163 81 236 0 
164 52 115 0 
165 69 129 0 
166 82 64 0 
167 75 251 0 
168 72 186 0 
169 53 93 0 
170 81 310 0 
171 59 58 0 
172 86 59 0 
173 77 275 0 
174 66 247 0 
175 83 126 0 
176 82 45 0 
177 73 179 0 
178 96 113 0 
179 71 180 0 
180 65 50 0 
181 97 175 0 
182 79 298 0 
183 88 292 0 
184 84 336 0 
185 74 248 0 
186 94 137 0 
187 76 171 0 
188 55 190 0 
189 99 189 0 
190 78 154 0 
191 97 384 0 
192 99 70 0 
193 89 216 0 
194 63 189 0 
195 88 210 0 
196 68 259 0 
197 84 55 0 
198 96 340 0 
199 88 283 0 
200 89 235 0 
201 75 83 0 
202 85 77 0 
203 83 178 0 
204 87 205 0 
205 85 239 0 
206 99 391 0 
207 94 216 0 
208 77 248 0 
209 75 252 0 
210 63 90 0 
211 72 176 0 
212 82 252 0 
213 87 128 0 
214 82 85 0 
215 67 175 0 
216 63 50 0 
217 98 204 0 
218 86 313 0 
219 93 282 0 
220 76 241 0 
221 76 276 0 
222 64 176 0 
223 51 94 0 
224 84 238 0 
225 68 265 0 
226 100 124 0 
227 75 148 0 
228 99 354 0 
229 90 156 0 
230 71 108 0 
231 82 113 0 
232 66 80 0 
233 51 91 0 
234 60 229 0 
235 66 259 0 
236 87 111 0 
237 54 201 0 
238 65 192 0 
239 96 146 0 
240 72 120 0 
241 84 156 0 
242 83 283 0 
243 81 268 0 
244 79 294 0 
245 75 65 0 
246 70 167 0 
247 72 66 0 
248 89 286 0 
249 87 244 0 
250 94 272 0 
251 74 159 0 
252 51 96 0 
253 59 60 0 
254 87 308 0 
255 76 66 0 
256 67 157 0 
257 88 215 0 
258 65 115 0 
259 71 249 0 
260 97 148 0 
261 93 283 0 
262 58 64 0 
263 84 288 0 
264 94 346 0 
265 65 76 0 
266 95 228 0 
267 75 162 0 
268 56 200 0 
269 55 126 0 
270 64 167 0 
271 75 253 0 
272 66 237 0 
273 63 111 0 
274 91 207 0 
275 93 221 0 
276 80 73 0 
277 79 274 0 
278 78 174 0 
279 84 171 0 
280 58 204 0 
281 72 281 0 
282 82 116 0 
283 76 189 0 
284 94 100 0 
285 52 68 0 
286 59 177 0 
287 85 196 0 
288 77 104 0 
289 81 42 0 
290 89 313 0 
291 82 159 0 
292 55 96 0 
293 71 99 0 
294 81 159 0 
295 81 190 0 
296 71 279 0 
297 93 83 0 
298 79 140 0 
299 55 171 0 
300 51 171 0 
301 73 246 0 
302 69 189 0 
303 72 277 0 
304 68 223 0 
305 68 116 0 
306 66 205 0 
307 77 243 0 
308 93 51 0 
309 82 228 0 
310 69 109 0 
311 90 107 0 
312 74 118 0 
313 76 238 0 
314 61 223 0 
315 82 328 0 
316 54 61 0 
317 74 74 0 
318 64 83 0 
319 97 149 0 
320 54 209 0 
321 75 297 0 
322 52 178 0 
323 94 288 0 
324 100 348 0 
325 65 190 0 
326 88 212 0 
327 59 92 0 
328 59 93 0 
329 54 72 0 
330 96 176 0 
331 82 236 0 
332 64 208 0 
333 62 52 0 
334 79 274 0 
335 84 195 0 
336 98 93 0 
337 96 87 0 
338 90 199 0 
339 87 266 0 
340 64 40 0 
341 86 229 0 
342 76 163 0 
343 81 119 0 
344 55 74 0 
345 62 36 0 
346 92 167 0 
347 59 172 0 
348 67 83 0 
349 63 115 0 
350 62 191 0 
351 87 147 0 
352 98 235 0 
353 88 309 0 
354 84 251 0 
355 74 77 0 
356 94 158 0 
357 87 83 0 
358 100 107 0 
359 64 242 0 
360 80 248 0 
361 57 181 0 
362 83 232 0 
363 61 228 0 
364 72 153 0 
365 93 58 0 
366 64 52 0 
367 61 227 0 
368 87 255 0 
369 87 204 0 
370 90 93 0 
371 53 52 0 
372 72 55 0 
373 59 38 0 
374 57 124 0 
375 52 143 0 
376 78 114 0 
377 87 343 0 
378 84 128 0 
379 51 35 0 
380 52 64 0 
381 73 284 0 
382 85 225 0 
383 82 279 0 
384 70 224 0 
385 81 69 0 
386 62 100 0 
387 68 84 0 
388 87 134 0 
389 62 159 0 
390 61 211 0 
391 92 93 0 
392 67 239 0 
393 57 38 0 
394 73 291 0 
395 76 107 0 
396 90 155 0 
397 52 158 0 
398 67 109 0 
399 60 83 0 
400 76 301 0 
401 74 237 0 
402 93 190 0 
403 85 106 0 
404 85 220 0 
405 88 67 0 
406 93 336 0 
407 54 69 0 
408 81 143 0 
409 100 171 0 
410 95 141 0 
411 84 217 0 
412 68 66 0 
413 74 218 0 
414 88 208 0 
415 65 138 0 
416 94 198 0 
417 58 168 0 
418 62 49 0 
419 52 29 0 
420 62 167 0 
421 85 231 0 
422 89 191 0 
423 97 130 0 
424 64 42 0 
425 97 90 0 
426 98 163 0 
427 92 144 0 
428 67 232 0 
429 96 228 0 
430 56 210 0 
431 90 210 0 
432 70 261 0 
433 81 162 0 
434 74 57 0 
435 75 73 0 
436 56 163 0 
437 75 103 0 
438 89 254 0 
439 92 262 0 
440 64 127 0 
441 93 372 0 
442 81 65 0 
443 60 152 0 
444 57 126 0 
445 56 60 0 
446 51 172 0 
447 73 177 0 
448 52 35 0 
449 64 155 0 
450 58 90 0 
451 81 200 0 
452 91 129 0 
453 69 236 0 
454 76 41 0 
455 87 196 0 
456 76 179 0 
457 65 102 0 
458 87 54 0 
459 53 161 0 
460 91 113 0 
461 95 266 0 
462 72 108 0 
463 66 35 0 
464 81 137 0 
465 73 202 0 
466 57 159 0 
467 93 369 0 
468 73 289 0 
469 90 240 0 
470 73 252 0 
471 77 270 0 
472 86 227 0 
473 97 84 0 
474 95 225 0 
475 64 248 0 
476 98 190 0 
477 74 190 0 
478 77 308 0 
479 100 273 0 
480 89 79 0 
481 86 319 0 
482 74 194 0 
483 91 63 0 
484 80 228 0 
485 91 231 0 
486 86 172 0 
487 74 138 0 
488 68 200 0 
489 91 237 0 
490 69 192 0 
491 82 281 0 
492 81 235 0 
493 90 124 0 
494 80 139 0 
495 58 187 0 
496 85 338 0 
497 60 194 0 
498 63 95 0 
499 88 231 0 
