NAME GBP_INSTANCES\prob_2_A_4_7_2.txt
COMMENT
BINTYPES 3
ITEMS 500
BINS_SECTIONS
0 100 100 0 305 
1 120 120 0 254 
2 150 150 0 203 
ITEMS_SECTIONS
0 95 225 0 
1 67 75 0 
2 33 22 0 
3 82 120 0 
4 27 46 0 
5 76 152 0 
6 71 57 0 
7 74 173 0 
8 72 190 0 
9 64 38 0 
10 44 72 0 
11 93 109 0 
12 33 37 0 
13 40 117 0 
14 47 94 0 
15 42 54 0 
16 56 206 0 
17 81 45 0 
18 94 268 0 
19 49 100 0 
20 34 68 0 
21 24 90 0 
22 92 131 0 
23 25 59 0 
24 98 176 0 
25 89 303 0 
26 62 136 0 
27 94 260 0 
28 91 325 0 
29 54 164 0 
30 42 165 0 
31 67 190 0 
32 81 255 0 
33 61 198 0 
34 76 127 0 
35 53 124 0 
36 48 123 0 
37 21 37 0 
38 51 131 0 
39 41 98 0 
40 93 285 0 
41 66 73 0 
42 73 128 0 
43 77 214 0 
44 91 171 0 
45 63 187 0 
46 68 257 0 
47 70 238 0 
48 65 50 0 
49 62 223 0 
50 65 251 0 
51 41 41 0 
52 33 106 0 
53 100 76 0 
54 100 78 0 
55 22 15 0 
56 50 114 0 
57 46 178 0 
58 83 132 0 
59 89 222 0 
60 93 179 0 
61 39 75 0 
62 69 185 0 
63 65 161 0 
64 79 158 0 
65 75 118 0 
66 23 61 0 
67 89 183 0 
68 83 241 0 
69 82 190 0 
70 52 156 0 
71 64 157 0 
72 96 248 0 
73 71 113 0 
74 49 111 0 
75 80 246 0 
76 85 154 0 
77 36 37 0 
78 41 90 0 
79 37 116 0 
80 38 34 0 
81 62 157 0 
82 21 20 0 
83 28 49 0 
84 97 194 0 
85 81 324 0 
86 84 187 0 
87 89 305 0 
88 72 139 0 
89 48 163 0 
90 35 22 0 
91 90 333 0 
92 52 66 0 
93 58 180 0 
94 21 54 0 
95 50 107 0 
96 92 108 0 
97 61 148 0 
98 71 74 0 
99 35 86 0 
100 83 193 0 
101 57 67 0 
102 89 206 0 
103 29 98 0 
104 94 171 0 
105 95 272 0 
106 35 29 0 
107 42 81 0 
108 46 104 0 
109 88 238 0 
110 75 64 0 
111 35 24 0 
112 57 100 0 
113 60 179 0 
114 30 37 0 
115 25 18 0 
116 75 80 0 
117 87 174 0 
118 65 110 0 
119 25 49 0 
120 56 160 0 
121 94 199 0 
122 50 154 0 
123 91 230 0 
124 96 305 0 
125 43 149 0 
126 54 86 0 
127 66 200 0 
128 42 34 0 
129 22 38 0 
130 75 70 0 
131 80 236 0 
132 37 86 0 
133 71 60 0 
134 30 50 0 
135 48 36 0 
136 100 274 0 
137 40 46 0 
138 71 58 0 
139 92 113 0 
140 40 148 0 
141 36 93 0 
142 55 209 0 
143 62 246 0 
144 43 156 0 
145 80 110 0 
146 54 121 0 
147 78 267 0 
148 96 292 0 
149 86 105 0 
150 84 230 0 
151 95 84 0 
152 50 70 0 
153 71 274 0 
154 75 150 0 
155 33 72 0 
156 73 153 0 
157 95 160 0 
158 100 370 0 
159 65 148 0 
160 88 265 0 
161 84 227 0 
162 30 26 0 
163 45 154 0 
164 51 155 0 
165 95 62 0 
166 84 82 0 
167 58 92 0 
168 40 29 0 
169 97 53 0 
170 93 185 0 
171 64 124 0 
172 95 205 0 
173 24 49 0 
174 42 136 0 
175 25 48 0 
176 72 52 0 
177 34 66 0 
178 36 36 0 
179 100 288 0 
180 84 288 0 
181 55 29 0 
182 35 49 0 
183 73 154 0 
184 22 58 0 
185 73 57 0 
186 39 152 0 
187 46 62 0 
188 26 22 0 
189 81 241 0 
190 32 37 0 
191 69 150 0 
192 65 71 0 
193 26 55 0 
194 65 173 0 
195 93 221 0 
196 29 92 0 
197 29 28 0 
198 76 150 0 
199 69 238 0 
200 81 82 0 
201 25 46 0 
202 98 135 0 
203 61 84 0 
204 32 92 0 
205 42 134 0 
206 36 91 0 
207 57 92 0 
208 61 86 0 
209 43 47 0 
210 56 156 0 
211 30 33 0 
212 82 100 0 
213 56 108 0 
214 74 196 0 
215 39 25 0 
216 97 182 0 
217 82 274 0 
218 83 53 0 
219 46 75 0 
220 37 53 0 
221 37 50 0 
222 58 33 0 
223 84 275 0 
224 48 81 0 
225 70 194 0 
226 48 119 0 
227 21 69 0 
228 71 205 0 
229 100 75 0 
230 89 296 0 
231 73 248 0 
232 65 181 0 
233 28 67 0 
234 58 134 0 
235 55 132 0 
236 33 73 0 
237 91 170 0 
238 54 156 0 
239 39 62 0 
240 81 67 0 
241 35 119 0 
242 89 222 0 
243 75 107 0 
244 88 93 0 
245 80 143 0 
246 51 104 0 
247 62 54 0 
248 77 223 0 
249 48 134 0 
250 90 156 0 
251 57 169 0 
252 66 45 0 
253 85 117 0 
254 83 152 0 
255 26 70 0 
256 28 83 0 
257 87 159 0 
258 66 43 0 
259 47 179 0 
260 76 53 0 
261 62 81 0 
262 63 153 0 
263 53 171 0 
264 75 263 0 
265 40 29 0 
266 82 327 0 
267 42 136 0 
268 74 78 0 
269 96 325 0 
270 51 39 0 
271 81 124 0 
272 43 129 0 
273 63 240 0 
274 92 113 0 
275 69 267 0 
276 61 108 0 
277 46 72 0 
278 76 291 0 
279 37 39 0 
280 81 104 0 
281 46 120 0 
282 78 253 0 
283 51 185 0 
284 29 76 0 
285 35 86 0 
286 30 92 0 
287 37 46 0 
288 75 227 0 
289 76 156 0 
290 21 82 0 
291 21 53 0 
292 61 198 0 
293 79 230 0 
294 36 37 0 
295 59 75 0 
296 27 17 0 
297 41 70 0 
298 98 361 0 
299 48 95 0 
300 92 244 0 
301 72 106 0 
302 80 156 0 
303 39 24 0 
304 95 232 0 
305 70 222 0 
306 74 220 0 
307 36 36 0 
308 75 102 0 
309 40 159 0 
310 36 62 0 
311 87 257 0 
312 66 215 0 
313 42 22 0 
314 43 138 0 
315 28 103 0 
316 41 140 0 
317 26 68 0 
318 82 298 0 
319 88 164 0 
320 94 204 0 
321 84 295 0 
322 34 108 0 
323 58 98 0 
324 78 146 0 
325 78 221 0 
326 63 242 0 
327 46 81 0 
328 78 264 0 
329 59 48 0 
330 91 239 0 
331 46 156 0 
332 60 195 0 
333 39 95 0 
334 49 103 0 
335 76 175 0 
336 62 221 0 
337 47 142 0 
338 27 19 0 
339 25 19 0 
340 83 193 0 
341 75 225 0 
342 74 213 0 
343 84 47 0 
344 66 134 0 
345 47 163 0 
346 40 152 0 
347 93 288 0 
348 93 96 0 
349 42 38 0 
350 35 92 0 
351 55 96 0 
352 69 119 0 
353 44 95 0 
354 42 79 0 
355 63 54 0 
356 59 92 0 
357 78 252 0 
358 58 146 0 
359 41 105 0 
360 61 174 0 
361 91 245 0 
362 23 70 0 
363 37 120 0 
364 68 158 0 
365 27 43 0 
366 46 57 0 
367 24 60 0 
368 86 174 0 
369 30 60 0 
370 76 99 0 
371 34 103 0 
372 75 71 0 
373 92 258 0 
374 32 17 0 
375 44 25 0 
376 34 74 0 
377 40 58 0 
378 99 214 0 
379 60 213 0 
380 53 56 0 
381 77 106 0 
382 27 74 0 
383 43 67 0 
384 62 68 0 
385 96 336 0 
386 43 119 0 
387 46 92 0 
388 53 205 0 
389 24 77 0 
390 29 44 0 
391 54 206 0 
392 47 186 0 
393 98 212 0 
394 76 299 0 
395 47 178 0 
396 84 79 0 
397 73 155 0 
398 96 134 0 
399 22 47 0 
400 68 116 0 
401 24 16 0 
402 86 129 0 
403 86 264 0 
404 77 271 0 
405 38 96 0 
406 89 129 0 
407 55 77 0 
408 80 163 0 
409 48 164 0 
410 68 60 0 
411 93 235 0 
412 70 273 0 
413 50 149 0 
414 50 47 0 
415 67 191 0 
416 52 50 0 
417 31 31 0 
418 88 51 0 
419 45 28 0 
420 65 167 0 
421 26 56 0 
422 86 339 0 
423 85 172 0 
424 23 16 0 
425 91 230 0 
426 85 286 0 
427 53 156 0 
428 33 111 0 
429 60 40 0 
430 80 307 0 
431 35 89 0 
432 65 45 0 
433 83 63 0 
434 59 232 0 
435 74 119 0 
436 75 225 0 
437 31 35 0 
438 41 99 0 
439 28 79 0 
440 69 115 0 
441 66 147 0 
442 96 272 0 
443 58 107 0 
444 87 118 0 
445 48 126 0 
446 36 92 0 
447 44 48 0 
448 94 217 0 
449 83 290 0 
450 49 125 0 
451 48 137 0 
452 59 33 0 
453 45 134 0 
454 33 24 0 
455 42 166 0 
456 57 72 0 
457 48 44 0 
458 26 53 0 
459 58 101 0 
460 38 50 0 
461 40 102 0 
462 59 211 0 
463 99 106 0 
464 52 78 0 
465 65 63 0 
466 55 67 0 
467 78 205 0 
468 90 197 0 
469 33 57 0 
470 24 56 0 
471 26 24 0 
472 27 92 0 
473 55 211 0 
474 64 170 0 
475 94 74 0 
476 86 57 0 
477 89 129 0 
478 92 187 0 
479 44 73 0 
480 84 67 0 
481 57 145 0 
482 93 267 0 
483 66 139 0 
484 36 77 0 
485 48 97 0 
486 93 180 0 
487 57 30 0 
488 50 34 0 
489 76 252 0 
490 91 61 0 
491 91 351 0 
492 100 256 0 
493 71 117 0 
494 30 97 0 
495 73 228 0 
496 82 280 0 
497 38 145 0 
498 29 107 0 
499 46 156 0 
