NAME GBP_INSTANCES\prob_1_A_4_4_1.txt
COMMENT
BINTYPES 3
ITEMS 500
BINS_SECTIONS
0 100 100 0 250 
1 120 120 0 208 
2 150 150 0 167 
ITEMS_SECTIONS
0 91 256 1
1 77 136 1
2 3 3 1
3 21 23 1
4 72 44 1
5 22 44 1
6 7 19 1
7 22 38 1
8 98 172 1
9 31 36 1
10 80 218 1
11 39 44 1
12 90 121 1
13 89 245 1
14 19 40 1
15 90 174 1
16 53 138 1
17 84 209 1
18 30 38 1
19 67 177 1
20 18 38 1
21 5 11 1
22 60 90 1
23 44 37 1
24 36 92 1
25 46 124 1
26 43 85 1
27 53 34 1
28 97 168 1
29 5 4 1
30 32 26 1
31 35 51 1
32 37 40 1
33 34 83 1
34 48 143 1
35 69 193 1
36 9 18 1
37 76 91 1
38 6 15 1
39 97 195 1
40 5 15 1
41 17 18 1
42 50 128 1
43 56 143 1
44 65 162 1
45 75 161 1
46 56 104 1
47 8 20 1
48 91 232 1
49 5 8 1
50 52 48 1
51 8 14 1
52 92 257 1
53 81 45 1
54 76 205 1
55 87 52 1
56 75 72 1
57 73 204 1
58 68 49 1
59 89 234 1
60 8 18 1
61 82 85 1
62 83 65 1
63 40 70 1
64 79 108 1
65 18 39 1
66 27 41 1
67 93 88 1
68 72 117 1
69 15 32 1
70 16 18 1
71 29 51 1
72 73 105 1
73 59 100 1
74 51 60 1
75 39 40 1
76 42 98 1
77 22 63 1
78 10 6 1
79 90 208 1
80 63 146 1
81 71 121 1
82 39 116 1
83 99 222 1
84 98 149 1
85 61 71 1
86 70 146 1
87 86 165 1
88 69 54 1
89 63 112 1
90 24 38 1
91 75 143 1
92 74 194 1
93 48 66 1
94 27 15 1
95 88 93 1
96 91 64 1
97 80 201 1
98 22 48 1
99 100 64 1
100 57 40 1
101 31 91 1
102 76 90 1
103 11 15 1
104 63 127 1
105 61 116 1
106 73 119 1
107 89 78 1
108 90 265 1
109 10 9 1
110 11 7 1
111 67 121 1
112 89 104 1
113 15 12 1
114 63 40 1
115 15 16 1
116 54 31 1
117 93 196 1
118 43 127 1
119 77 173 1
120 75 41 1
121 49 103 1
122 35 101 1
123 31 90 1
124 39 93 1
125 88 226 1
126 7 7 1
127 3 4 1
128 43 44 1
129 32 84 1
130 91 69 1
131 32 53 1
132 5 6 1
133 25 61 1
134 48 73 1
135 24 25 1
136 32 92 1
137 85 177 1
138 79 163 1
139 45 133 1
140 25 57 1
141 32 61 1
142 16 11 1
143 52 148 1
144 89 67 1
145 23 26 1
146 65 114 1
147 62 132 1
148 22 56 1
149 35 88 1
150 18 39 1
151 83 210 1
152 50 93 1
153 24 52 1
154 99 260 1
155 11 14 1
156 90 160 1
157 98 93 1
158 86 204 1
159 87 131 1
160 2 5 1
161 42 119 1
162 61 54 1
163 63 143 1
164 3 9 1
165 10 25 1
166 18 18 1
167 31 55 1
168 32 17 1
169 54 144 1
170 100 232 1
171 78 210 1
172 8 18 1
173 88 234 1
174 100 84 1
175 41 91 1
176 77 100 1
177 47 123 1
178 60 125 1
179 85 203 1
180 15 35 1
181 49 60 1
182 39 29 1
183 11 29 1
184 45 109 1
185 38 103 1
186 86 211 1
187 5 5 1
188 64 71 1
189 85 61 1
190 57 88 1
191 33 78 1
192 29 36 1
193 38 22 1
194 34 66 1
195 4 7 1
196 85 186 1
197 5 10 1
198 89 165 1
199 81 193 1
200 14 29 1
201 48 39 1
202 45 51 1
203 93 132 1
204 48 55 1
205 90 106 1
206 64 121 1
207 18 50 1
208 66 113 1
209 93 268 1
210 34 30 1
211 60 159 1
212 90 138 1
213 13 25 1
214 74 160 1
215 49 29 1
216 8 22 1
217 3 5 1
218 39 66 1
219 34 39 1
220 42 49 1
221 64 100 1
222 26 17 1
223 14 38 1
224 86 196 1
225 9 16 1
226 79 151 1
227 97 223 1
228 37 92 1
229 40 82 1
230 90 266 1
231 8 6 1
232 25 42 1
233 7 15 1
234 89 236 1
235 33 82 1
236 4 6 1
237 58 48 1
238 28 84 1
239 47 95 1
240 63 170 1
241 32 36 1
242 43 60 1
243 99 233 1
244 54 117 1
245 11 15 1
246 11 15 1
247 73 49 1
248 84 95 1
249 87 156 1
250 68 186 1
251 57 39 1
252 55 105 1
253 58 108 1
254 26 33 1
255 87 193 1
256 31 59 1
257 3 6 1
258 42 32 1
259 24 25 1
260 83 123 1
261 55 97 1
262 71 65 1
263 27 34 1
264 9 19 1
265 32 56 1
266 81 116 1
267 69 76 1
268 74 66 1
269 20 40 1
270 34 54 1
271 82 221 1
272 75 179 1
273 88 72 1
274 19 32 1
275 47 90 1
276 59 127 1
277 37 24 1
278 60 110 1
279 45 126 1
280 17 11 1
281 23 23 1
282 60 69 1
283 66 113 1
284 79 114 1
285 3 5 1
286 11 28 1
287 97 176 1
288 17 50 1
289 26 15 1
290 37 105 1
291 95 102 1
292 2 5 1
293 98 82 1
294 4 5 1
295 41 86 1
296 7 6 1
297 80 126 1
298 44 75 1
299 14 37 1
300 13 19 1
301 14 29 1
302 46 77 1
303 56 149 1
304 4 8 1
305 51 56 1
306 62 58 1
307 85 169 1
308 3 4 1
309 94 128 1
310 54 129 1
311 6 16 1
312 45 46 1
313 97 152 1
314 71 50 1
315 86 195 1
316 37 86 1
317 40 95 1
318 54 47 1
319 72 92 1
320 95 112 1
321 44 112 1
322 52 138 1
323 59 127 1
324 14 42 1
325 29 41 1
326 79 121 1
327 37 73 1
328 55 106 1
329 73 47 1
330 68 122 1
331 8 23 1
332 14 42 1
333 88 97 1
334 52 92 1
335 90 164 1
336 49 120 1
337 63 67 1
338 46 137 1
339 27 55 1
340 32 34 1
341 95 104 1
342 48 110 1
343 84 187 1
344 5 11 1
345 59 46 1
346 32 22 1
347 80 76 1
348 98 100 1
349 23 19 1
350 55 48 1
351 23 31 1
352 13 38 1
353 83 211 1
354 47 110 1
355 97 256 1
356 89 248 1
357 14 8 1
358 16 13 1
359 83 230 1
360 89 108 1
361 87 199 1
362 21 11 1
363 30 19 1
364 22 63 1
365 2 6 1
366 59 53 1
367 87 60 1
368 8 19 1
369 33 54 1
370 16 13 1
371 22 17 1
372 39 51 1
373 63 70 1
374 17 10 1
375 94 273 0
376 28 55 0
377 16 11 0
378 42 100 0
379 41 58 0
380 81 131 0
381 14 35 0
382 32 87 0
383 45 128 0
384 16 30 0
385 30 25 0
386 53 130 0
387 27 17 0
388 44 39 0
389 29 15 0
390 48 58 0
391 37 55 0
392 41 41 0
393 60 102 0
394 37 65 0
395 92 82 0
396 27 29 0
397 19 51 0
398 96 138 0
399 36 31 0
400 71 208 0
401 23 63 0
402 89 68 0
403 53 68 0
404 64 66 0
405 29 79 0
406 59 111 0
407 31 79 0
408 46 71 0
409 35 59 0
410 73 66 0
411 97 110 0
412 49 93 0
413 83 177 0
414 25 62 0
415 20 59 0
416 45 75 0
417 27 53 0
418 72 153 0
419 95 126 0
420 42 92 0
421 61 48 0
422 37 29 0
423 35 57 0
424 39 89 0
425 88 69 0
426 27 79 0
427 42 39 0
428 66 178 0
429 18 32 0
430 18 40 0
431 10 6 0
432 31 35 0
433 59 69 0
434 55 56 0
435 38 109 0
436 93 237 0
437 34 77 0
438 94 191 0
439 77 204 0
440 85 217 0
441 43 66 0
442 71 111 0
443 16 27 0
444 13 18 0
445 13 24 0
446 98 75 0
447 12 13 0
448 38 80 0
449 78 160 0
450 81 173 0
451 90 257 0
452 92 144 0
453 7 7 0
454 61 182 0
455 2 4 0
456 7 7 0
457 29 52 0
458 69 36 0
459 59 91 0
460 25 26 0
461 81 168 0
462 96 274 0
463 64 76 0
464 73 99 0
465 23 69 0
466 74 210 0
467 29 35 0
468 60 115 0
469 27 49 0
470 65 137 0
471 98 215 0
472 69 80 0
473 25 18 0
474 52 85 0
475 92 196 0
476 29 59 0
477 92 71 0
478 37 40 0
479 71 63 0
480 32 79 0
481 47 130 0
482 25 61 0
483 31 82 0
484 52 125 0
485 69 96 0
486 25 52 0
487 45 114 0
488 67 130 0
489 95 181 0
490 17 41 0
491 59 47 0
492 32 41 0
493 8 14 0
494 27 28 0
495 42 80 0
496 82 51 0
497 59 104 0
498 79 123 0
499 13 8 0
