NAME GBP_INSTANCES\prob_3_B_4_0_2.txt
COMMENT
BINTYPES 5
ITEMS 500
BINS_SECTIONS
0 60 60 0 632 
1 80 80 0 474 
2 100 100 0 379 
3 120 120 0 316 
4 150 150 0 253 
ITEMS_SECTIONS
0 71 195 1
1 79 246 1
2 58 71 1
3 80 160 1
4 59 38 1
5 99 220 1
6 54 106 1
7 55 117 1
8 83 156 1
9 64 138 1
10 75 285 1
11 58 81 1
12 68 127 1
13 64 117 1
14 75 144 1
15 62 116 1
16 91 239 1
17 54 166 1
18 65 86 1
19 64 66 1
20 92 78 1
21 78 179 1
22 52 146 1
23 85 148 1
24 100 343 1
25 88 62 1
26 74 122 1
27 75 77 1
28 71 144 1
29 89 229 1
30 60 229 1
31 63 247 1
32 57 132 1
33 82 56 1
34 96 60 1
35 54 108 1
36 77 211 1
37 90 302 1
38 100 365 1
39 96 273 1
40 55 155 1
41 100 135 1
42 74 178 1
43 83 204 1
44 71 217 1
45 93 260 1
46 77 73 1
47 62 43 1
48 74 72 1
49 95 313 1
50 59 201 1
51 60 100 1
52 96 292 1
53 80 85 1
54 76 75 1
55 51 106 1
56 80 183 1
57 59 136 1
58 100 364 1
59 70 191 1
60 60 187 1
61 66 251 1
62 74 238 1
63 64 95 1
64 99 392 1
65 53 70 1
66 85 206 1
67 67 176 1
68 71 147 1
69 86 123 1
70 55 203 1
71 90 222 1
72 54 93 1
73 53 171 1
74 73 278 1
75 83 45 1
76 61 170 1
77 97 76 1
78 63 221 1
79 89 108 1
80 81 254 1
81 59 102 1
82 69 255 1
83 100 327 1
84 54 62 1
85 54 166 1
86 99 96 1
87 53 205 1
88 98 144 1
89 77 64 1
90 99 107 1
91 95 183 1
92 76 178 1
93 96 335 1
94 67 124 1
95 85 206 1
96 60 217 1
97 75 269 1
98 67 171 1
99 98 347 1
100 68 252 1
101 60 145 1
102 54 185 1
103 94 110 1
104 66 91 1
105 96 144 1
106 68 261 1
107 76 88 1
108 78 58 1
109 60 136 1
110 65 182 1
111 55 97 1
112 55 218 1
113 98 255 1
114 86 213 1
115 78 131 1
116 59 221 1
117 79 184 1
118 91 169 1
119 51 98 1
120 93 134 1
121 63 40 1
122 93 296 1
123 58 31 1
124 54 144 1
125 94 357 1
126 82 55 1
127 67 261 1
128 63 166 1
129 71 258 1
130 82 148 1
131 57 98 1
132 79 102 1
133 52 69 1
134 53 68 1
135 67 260 1
136 86 302 1
137 93 85 1
138 56 78 1
139 59 120 1
140 99 72 1
141 81 80 1
142 89 244 1
143 79 206 1
144 100 114 1
145 57 47 1
146 100 400 1
147 68 116 1
148 91 97 1
149 55 137 1
150 95 211 1
151 56 112 1
152 68 196 1
153 77 100 1
154 52 29 1
155 96 153 1
156 61 154 1
157 95 293 1
158 89 143 1
159 54 169 1
160 94 121 1
161 56 158 1
162 68 68 1
163 81 236 1
164 52 115 1
165 69 129 1
166 82 64 1
167 75 251 1
168 72 186 1
169 53 93 1
170 81 310 1
171 59 58 1
172 86 59 1
173 77 275 1
174 66 247 1
175 83 126 1
176 82 45 1
177 73 179 1
178 96 113 1
179 71 180 1
180 65 50 1
181 97 175 1
182 79 298 1
183 88 292 1
184 84 336 1
185 74 248 1
186 94 137 1
187 76 171 1
188 55 190 1
189 99 189 1
190 78 154 1
191 97 384 1
192 99 70 1
193 89 216 1
194 63 189 1
195 88 210 1
196 68 259 1
197 84 55 1
198 96 340 1
199 88 283 1
200 89 235 1
201 75 83 1
202 85 77 1
203 83 178 1
204 87 205 1
205 85 239 1
206 99 391 1
207 94 216 1
208 77 248 1
209 75 252 1
210 63 90 1
211 72 176 1
212 82 252 1
213 87 128 1
214 82 85 1
215 67 175 1
216 63 50 1
217 98 204 1
218 86 313 1
219 93 282 1
220 76 241 1
221 76 276 1
222 64 176 1
223 51 94 1
224 84 238 1
225 68 265 1
226 100 124 1
227 75 148 1
228 99 354 1
229 90 156 1
230 71 108 1
231 82 113 1
232 66 80 1
233 51 91 1
234 60 229 1
235 66 259 1
236 87 111 1
237 54 201 1
238 65 192 1
239 96 146 1
240 72 120 1
241 84 156 1
242 83 283 1
243 81 268 1
244 79 294 1
245 75 65 1
246 70 167 1
247 72 66 1
248 89 286 1
249 87 244 1
250 94 272 1
251 74 159 1
252 51 96 1
253 59 60 1
254 87 308 1
255 76 66 1
256 67 157 1
257 88 215 1
258 65 115 1
259 71 249 1
260 97 148 1
261 93 283 1
262 58 64 1
263 84 288 1
264 94 346 1
265 65 76 1
266 95 228 1
267 75 162 1
268 56 200 1
269 55 126 1
270 64 167 1
271 75 253 1
272 66 237 1
273 63 111 1
274 91 207 1
275 93 221 1
276 80 73 1
277 79 274 1
278 78 174 1
279 84 171 1
280 58 204 1
281 72 281 1
282 82 116 1
283 76 189 1
284 94 100 1
285 52 68 1
286 59 177 1
287 85 196 1
288 77 104 1
289 81 42 1
290 89 313 1
291 82 159 1
292 55 96 1
293 71 99 1
294 81 159 1
295 81 190 1
296 71 279 1
297 93 83 1
298 79 140 1
299 55 171 1
300 51 171 1
301 73 246 1
302 69 189 1
303 72 277 1
304 68 223 1
305 68 116 1
306 66 205 1
307 77 243 1
308 93 51 1
309 82 228 1
310 69 109 1
311 90 107 1
312 74 118 1
313 76 238 1
314 61 223 1
315 82 328 1
316 54 61 1
317 74 74 1
318 64 83 1
319 97 149 1
320 54 209 1
321 75 297 1
322 52 178 1
323 94 288 1
324 100 348 1
325 65 190 1
326 88 212 1
327 59 92 1
328 59 93 1
329 54 72 1
330 96 176 1
331 82 236 1
332 64 208 1
333 62 52 1
334 79 274 1
335 84 195 1
336 98 93 1
337 96 87 1
338 90 199 1
339 87 266 1
340 64 40 1
341 86 229 1
342 76 163 1
343 81 119 1
344 55 74 1
345 62 36 1
346 92 167 1
347 59 172 1
348 67 83 1
349 63 115 1
350 62 191 1
351 87 147 1
352 98 235 1
353 88 309 1
354 84 251 1
355 74 77 1
356 94 158 1
357 87 83 1
358 100 107 1
359 64 242 1
360 80 248 1
361 57 181 1
362 83 232 1
363 61 228 1
364 72 153 1
365 93 58 1
366 64 52 1
367 61 227 1
368 87 255 1
369 87 204 1
370 90 93 1
371 53 52 1
372 72 55 1
373 59 38 1
374 57 124 1
375 52 143 0
376 78 114 0
377 87 343 0
378 84 128 0
379 51 35 0
380 52 64 0
381 73 284 0
382 85 225 0
383 82 279 0
384 70 224 0
385 81 69 0
386 62 100 0
387 68 84 0
388 87 134 0
389 62 159 0
390 61 211 0
391 92 93 0
392 67 239 0
393 57 38 0
394 73 291 0
395 76 107 0
396 90 155 0
397 52 158 0
398 67 109 0
399 60 83 0
400 76 301 0
401 74 237 0
402 93 190 0
403 85 106 0
404 85 220 0
405 88 67 0
406 93 336 0
407 54 69 0
408 81 143 0
409 100 171 0
410 95 141 0
411 84 217 0
412 68 66 0
413 74 218 0
414 88 208 0
415 65 138 0
416 94 198 0
417 58 168 0
418 62 49 0
419 52 29 0
420 62 167 0
421 85 231 0
422 89 191 0
423 97 130 0
424 64 42 0
425 97 90 0
426 98 163 0
427 92 144 0
428 67 232 0
429 96 228 0
430 56 210 0
431 90 210 0
432 70 261 0
433 81 162 0
434 74 57 0
435 75 73 0
436 56 163 0
437 75 103 0
438 89 254 0
439 92 262 0
440 64 127 0
441 93 372 0
442 81 65 0
443 60 152 0
444 57 126 0
445 56 60 0
446 51 172 0
447 73 177 0
448 52 35 0
449 64 155 0
450 58 90 0
451 81 200 0
452 91 129 0
453 69 236 0
454 76 41 0
455 87 196 0
456 76 179 0
457 65 102 0
458 87 54 0
459 53 161 0
460 91 113 0
461 95 266 0
462 72 108 0
463 66 35 0
464 81 137 0
465 73 202 0
466 57 159 0
467 93 369 0
468 73 289 0
469 90 240 0
470 73 252 0
471 77 270 0
472 86 227 0
473 97 84 0
474 95 225 0
475 64 248 0
476 98 190 0
477 74 190 0
478 77 308 0
479 100 273 0
480 89 79 0
481 86 319 0
482 74 194 0
483 91 63 0
484 80 228 0
485 91 231 0
486 86 172 0
487 74 138 0
488 68 200 0
489 91 237 0
490 69 192 0
491 82 281 0
492 81 235 0
493 90 124 0
494 80 139 0
495 58 187 0
496 85 338 0
497 60 194 0
498 63 95 0
499 88 231 0
