NAME GBP_INSTANCES\prob_2_B_4_5_2.txt
COMMENT
BINTYPES 5
ITEMS 500
BINS_SECTIONS
0 60 60 0 518 
1 80 80 0 389 
2 100 100 0 311 
3 120 120 0 259 
4 150 150 0 207 
ITEMS_SECTIONS
0 35 40 1
1 54 48 1
2 59 98 1
3 42 116 1
4 57 205 1
5 93 222 1
6 95 232 1
7 87 132 1
8 46 97 1
9 41 149 1
10 35 56 1
11 58 88 1
12 100 307 1
13 76 277 1
14 77 239 1
15 78 43 1
16 44 95 1
17 78 137 1
18 79 202 1
19 61 79 1
20 93 264 1
21 95 202 1
22 27 48 1
23 85 208 1
24 66 233 1
25 39 154 1
26 66 35 1
27 52 82 1
28 63 61 1
29 88 249 1
30 66 47 1
31 57 190 1
32 84 326 1
33 95 128 1
34 71 244 1
35 91 90 1
36 63 249 1
37 31 117 1
38 62 102 1
39 40 67 1
40 41 95 1
41 98 342 1
42 95 161 1
43 99 242 1
44 38 101 1
45 48 161 1
46 21 45 1
47 28 20 1
48 38 91 1
49 28 37 1
50 92 209 1
51 80 214 1
52 90 207 1
53 81 220 1
54 76 280 1
55 91 173 1
56 25 79 1
57 75 230 1
58 77 202 1
59 68 147 1
60 85 148 1
61 63 217 1
62 69 261 1
63 40 51 1
64 48 157 1
65 34 54 1
66 52 139 1
67 88 129 1
68 53 140 1
69 46 31 1
70 71 282 1
71 99 194 1
72 83 287 1
73 78 252 1
74 93 253 1
75 78 63 1
76 96 206 1
77 35 92 1
78 24 13 1
79 73 147 1
80 99 125 1
81 56 210 1
82 99 150 1
83 77 61 1
84 53 98 1
85 98 301 1
86 86 186 1
87 75 200 1
88 39 155 1
89 90 156 1
90 97 178 1
91 44 105 1
92 22 75 1
93 95 156 1
94 90 254 1
95 76 302 1
96 95 270 1
97 89 176 1
98 52 62 1
99 24 54 1
100 85 222 1
101 92 237 1
102 28 73 1
103 50 184 1
104 32 87 1
105 87 142 1
106 69 216 1
107 29 36 1
108 99 65 1
109 70 90 1
110 53 73 1
111 69 154 1
112 84 225 1
113 55 45 1
114 27 66 1
115 26 36 1
116 29 100 1
117 74 130 1
118 60 182 1
119 25 78 1
120 98 199 1
121 63 173 1
122 82 196 1
123 35 35 1
124 44 112 1
125 71 245 1
126 72 54 1
127 23 45 1
128 91 93 1
129 68 171 1
130 34 87 1
131 96 342 1
132 35 46 1
133 73 279 1
134 35 83 1
135 83 253 1
136 88 52 1
137 60 148 1
138 56 139 1
139 31 19 1
140 83 189 1
141 51 162 1
142 28 17 1
143 39 28 1
144 27 102 1
145 67 85 1
146 40 45 1
147 29 24 1
148 41 94 1
149 47 174 1
150 41 80 1
151 96 134 1
152 51 97 1
153 41 81 1
154 65 221 1
155 65 106 1
156 60 45 1
157 65 70 1
158 76 262 1
159 68 92 1
160 78 175 1
161 85 190 1
162 44 69 1
163 71 177 1
164 75 184 1
165 78 141 1
166 73 216 1
167 78 143 1
168 69 39 1
169 77 100 1
170 88 240 1
171 52 36 1
172 68 260 1
173 66 90 1
174 70 66 1
175 94 279 1
176 58 131 1
177 39 65 1
178 61 234 1
179 74 229 1
180 91 277 1
181 80 54 1
182 26 25 1
183 52 181 1
184 84 280 1
185 60 79 1
186 78 191 1
187 45 40 1
188 36 33 1
189 96 248 1
190 41 107 1
191 87 314 1
192 36 106 1
193 82 295 1
194 40 139 1
195 81 120 1
196 35 63 1
197 67 185 1
198 81 232 1
199 81 222 1
200 49 98 1
201 48 127 1
202 35 100 1
203 26 84 1
204 46 124 1
205 71 271 1
206 97 172 1
207 32 113 1
208 88 213 1
209 68 227 1
210 89 284 1
211 38 39 1
212 77 108 1
213 25 55 1
214 54 169 1
215 61 222 1
216 80 214 1
217 62 165 1
218 71 203 1
219 93 314 1
220 75 270 1
221 55 35 1
222 23 51 1
223 41 41 1
224 44 99 1
225 68 77 1
226 63 162 1
227 66 107 1
228 42 51 1
229 23 42 1
230 32 70 1
231 66 53 1
232 41 72 1
233 29 76 1
234 84 121 1
235 95 147 1
236 70 171 1
237 47 115 1
238 63 65 1
239 60 163 1
240 42 85 1
241 76 230 1
242 40 44 1
243 87 232 1
244 37 77 1
245 81 219 1
246 38 120 1
247 62 68 1
248 100 213 1
249 57 139 1
250 68 62 1
251 57 207 1
252 97 188 1
253 96 136 1
254 36 66 1
255 60 99 1
256 36 44 1
257 41 68 1
258 67 171 1
259 96 319 1
260 42 55 1
261 41 76 1
262 21 23 1
263 95 160 1
264 74 41 1
265 63 63 1
266 21 49 1
267 51 176 1
268 89 291 1
269 84 223 1
270 41 67 1
271 70 51 1
272 25 17 1
273 55 214 1
274 70 43 1
275 31 74 1
276 62 114 1
277 75 205 1
278 90 292 1
279 80 249 1
280 62 149 1
281 43 31 1
282 95 322 1
283 69 247 1
284 80 158 1
285 83 240 1
286 50 114 1
287 41 163 1
288 45 57 1
289 64 202 1
290 86 194 1
291 45 48 1
292 36 38 1
293 80 284 1
294 98 330 1
295 75 140 1
296 35 57 1
297 22 73 1
298 28 84 1
299 50 64 1
300 30 96 1
301 59 132 1
302 59 165 1
303 43 165 1
304 78 170 1
305 61 93 1
306 90 221 1
307 50 75 1
308 65 244 1
309 21 48 1
310 38 64 1
311 68 92 1
312 63 97 1
313 85 139 1
314 92 190 1
315 70 45 1
316 60 152 1
317 67 189 1
318 75 164 1
319 49 184 1
320 42 32 1
321 30 104 1
322 70 133 1
323 76 281 1
324 85 105 1
325 48 115 1
326 30 16 1
327 85 287 1
328 69 266 1
329 85 273 1
330 45 100 1
331 56 186 1
332 37 65 1
333 37 79 1
334 26 60 1
335 48 171 1
336 21 25 1
337 62 87 1
338 91 249 1
339 51 143 1
340 95 379 1
341 40 33 1
342 71 187 1
343 66 149 1
344 56 129 1
345 76 277 1
346 79 298 1
347 50 118 1
348 50 59 1
349 47 104 1
350 76 302 1
351 75 162 1
352 95 347 1
353 59 71 1
354 48 55 1
355 80 268 1
356 67 246 1
357 41 44 1
358 24 46 1
359 48 101 1
360 98 250 1
361 98 242 1
362 90 240 1
363 83 105 1
364 73 207 1
365 31 20 1
366 47 38 1
367 81 64 1
368 89 112 1
369 89 115 1
370 58 171 1
371 68 195 1
372 97 184 1
373 42 132 1
374 91 143 1
375 41 88 0
376 91 254 0
377 55 158 0
378 71 223 0
379 45 164 0
380 40 76 0
381 49 65 0
382 57 108 0
383 40 133 0
384 48 61 0
385 96 77 0
386 46 103 0
387 75 241 0
388 75 299 0
389 21 15 0
390 82 188 0
391 55 30 0
392 62 42 0
393 55 196 0
394 98 129 0
395 31 29 0
396 76 283 0
397 79 255 0
398 23 60 0
399 64 129 0
400 58 156 0
401 85 319 0
402 57 60 0
403 23 59 0
404 76 162 0
405 43 93 0
406 42 111 0
407 49 33 0
408 78 176 0
409 50 119 0
410 83 184 0
411 57 121 0
412 80 197 0
413 46 145 0
414 59 211 0
415 30 77 0
416 84 211 0
417 77 178 0
418 86 211 0
419 46 120 0
420 24 90 0
421 59 129 0
422 84 247 0
423 45 113 0
424 77 172 0
425 97 141 0
426 83 262 0
427 86 177 0
428 43 77 0
429 90 236 0
430 55 199 0
431 89 242 0
432 38 53 0
433 56 224 0
434 69 203 0
435 44 61 0
436 92 220 0
437 88 243 0
438 61 139 0
439 73 156 0
440 21 28 0
441 76 298 0
442 47 52 0
443 59 136 0
444 34 54 0
445 39 98 0
446 80 260 0
447 60 35 0
448 85 214 0
449 83 215 0
450 30 100 0
451 27 15 0
452 42 118 0
453 93 103 0
454 29 39 0
455 45 28 0
456 40 64 0
457 33 122 0
458 52 45 0
459 84 266 0
460 29 65 0
461 78 76 0
462 40 149 0
463 94 60 0
464 78 145 0
465 80 316 0
466 75 235 0
467 70 244 0
468 24 61 0
469 88 233 0
470 86 295 0
471 23 48 0
472 25 20 0
473 56 156 0
474 50 163 0
475 69 98 0
476 65 34 0
477 57 185 0
478 77 220 0
479 71 284 0
480 27 51 0
481 24 57 0
482 56 131 0
483 98 330 0
484 78 145 0
485 88 348 0
486 32 103 0
487 89 106 0
488 21 84 0
489 59 232 0
490 96 146 0
491 67 213 0
492 66 60 0
493 85 328 0
494 73 247 0
495 25 29 0
496 85 237 0
497 58 77 0
498 50 70 0
499 83 254 0
