NAME GBP_INSTANCES\prob_1_B_4_1_1.txt
COMMENT
BINTYPES 5
ITEMS 500
BINS_SECTIONS
0 60 60 0 435 
1 80 80 0 327 
2 100 100 0 261 
3 120 120 0 218 
4 150 150 0 174 
ITEMS_SECTIONS
0 72 55 1
1 16 48 1
2 93 119 1
3 96 121 1
4 42 119 1
5 63 121 1
6 88 217 1
7 80 119 1
8 91 69 1
9 34 64 1
10 51 146 1
11 78 203 1
12 35 92 1
13 41 46 1
14 99 80 1
15 45 75 1
16 27 46 1
17 11 6 1
18 69 45 1
19 28 20 1
20 27 28 1
21 14 26 1
22 51 99 1
23 15 31 1
24 42 62 1
25 54 81 1
26 79 124 1
27 53 127 1
28 66 176 1
29 15 35 1
30 62 71 1
31 34 83 1
32 100 275 1
33 82 243 1
34 2 2 1
35 19 41 1
36 63 148 1
37 36 84 1
38 3 5 1
39 93 60 1
40 71 93 1
41 46 128 1
42 16 37 1
43 40 44 1
44 5 13 1
45 56 94 1
46 9 15 1
47 93 63 1
48 35 67 1
49 83 136 1
50 19 11 1
51 6 8 1
52 39 79 1
53 28 74 1
54 82 233 1
55 39 54 1
56 63 122 1
57 18 18 1
58 76 44 1
59 51 38 1
60 65 91 1
61 83 66 1
62 87 149 1
63 76 186 1
64 2 6 1
65 85 183 1
66 48 50 1
67 60 102 1
68 93 63 1
69 88 117 1
70 22 36 1
71 67 99 1
72 25 47 1
73 11 26 1
74 17 34 1
75 7 21 1
76 8 24 1
77 33 98 1
78 86 130 1
79 98 279 1
80 89 47 1
81 10 18 1
82 95 148 1
83 33 26 1
84 5 7 1
85 53 152 1
86 34 75 1
87 31 42 1
88 71 112 1
89 37 30 1
90 23 47 1
91 69 72 1
92 26 68 1
93 97 272 1
94 15 17 1
95 82 108 1
96 89 161 1
97 68 103 1
98 45 105 1
99 85 249 1
100 77 211 1
101 29 69 1
102 99 129 1
103 54 61 1
104 20 52 1
105 18 48 1
106 91 95 1
107 84 172 1
108 33 73 1
109 62 132 1
110 97 169 1
111 88 190 1
112 89 212 1
113 98 108 1
114 34 50 1
115 31 62 1
116 29 76 1
117 38 30 1
118 56 153 1
119 70 200 1
120 70 147 1
121 18 33 1
122 28 54 1
123 17 47 1
124 48 58 1
125 41 26 1
126 56 87 1
127 59 102 1
128 51 60 1
129 7 10 1
130 50 118 1
131 70 114 1
132 81 213 1
133 48 50 1
134 84 130 1
135 63 84 1
136 98 90 1
137 89 108 1
138 23 28 1
139 89 194 1
140 88 61 1
141 17 23 1
142 2 5 1
143 50 52 1
144 8 24 1
145 95 285 1
146 15 30 1
147 30 31 1
148 41 60 1
149 15 25 1
150 95 223 1
151 97 153 1
152 39 107 1
153 2 4 1
154 47 125 1
155 16 34 1
156 52 151 1
157 79 98 1
158 20 20 1
159 74 55 1
160 43 74 1
161 13 10 1
162 70 162 1
163 98 113 1
164 94 118 1
165 19 18 1
166 21 55 1
167 65 95 1
168 74 161 1
169 83 177 1
170 38 103 1
171 45 56 1
172 7 8 1
173 57 129 1
174 56 126 1
175 33 66 1
176 87 70 1
177 78 85 1
178 68 109 1
179 68 125 1
180 89 69 1
181 2 6 1
182 95 224 1
183 14 27 1
184 25 48 1
185 61 149 1
186 84 233 1
187 93 240 1
188 80 201 1
189 63 60 1
190 11 26 1
191 56 134 1
192 96 125 1
193 32 88 1
194 56 144 1
195 65 63 1
196 27 27 1
197 4 7 1
198 51 30 1
199 90 161 1
200 33 76 1
201 92 272 1
202 16 41 1
203 86 169 1
204 42 97 1
205 25 50 1
206 16 20 1
207 42 82 1
208 44 124 1
209 60 93 1
210 68 200 1
211 95 169 1
212 46 66 1
213 99 200 1
214 97 117 1
215 77 40 1
216 51 139 1
217 8 16 1
218 89 166 1
219 89 137 1
220 96 58 1
221 28 81 1
222 32 60 1
223 90 83 1
224 11 7 1
225 44 116 1
226 8 13 1
227 74 219 1
228 12 25 1
229 43 77 1
230 16 16 1
231 28 71 1
232 31 46 1
233 43 103 1
234 78 132 1
235 55 78 1
236 68 115 1
237 49 69 1
238 30 38 1
239 44 56 1
240 66 197 1
241 89 157 1
242 38 106 1
243 69 126 1
244 4 11 1
245 95 161 1
246 40 69 1
247 7 11 1
248 9 14 1
249 82 199 1
250 58 130 1
251 52 72 1
252 88 247 1
253 94 204 1
254 82 211 1
255 24 64 1
256 61 138 1
257 65 38 1
258 70 187 1
259 37 59 1
260 3 5 1
261 68 146 1
262 50 99 1
263 25 53 1
264 96 78 1
265 93 128 1
266 94 81 1
267 6 17 1
268 84 231 1
269 40 107 1
270 48 140 1
271 65 99 1
272 12 25 1
273 46 112 1
274 47 87 1
275 58 45 1
276 78 168 1
277 59 66 1
278 55 82 1
279 79 93 1
280 64 124 1
281 64 56 1
282 34 81 1
283 37 72 1
284 64 188 1
285 65 58 1
286 60 84 1
287 61 106 1
288 91 122 1
289 43 79 1
290 36 97 1
291 76 215 1
292 76 147 1
293 89 214 1
294 86 193 1
295 89 217 1
296 31 86 1
297 41 47 1
298 83 186 1
299 98 283 1
300 8 23 1
301 93 276 1
302 14 40 1
303 90 165 1
304 13 18 1
305 46 32 1
306 12 29 1
307 38 54 1
308 7 18 1
309 45 121 1
310 77 168 1
311 34 83 1
312 52 52 1
313 66 106 1
314 8 13 1
315 12 35 1
316 52 75 1
317 29 57 1
318 56 104 1
319 66 126 1
320 20 18 1
321 60 163 1
322 46 126 1
323 24 47 1
324 30 80 1
325 6 16 1
326 56 69 1
327 89 169 1
328 7 10 1
329 15 31 1
330 9 18 1
331 6 9 1
332 80 213 1
333 91 171 1
334 69 168 1
335 65 183 1
336 72 183 1
337 42 100 1
338 94 263 1
339 94 89 1
340 47 96 1
341 91 74 1
342 32 35 1
343 67 103 1
344 83 81 1
345 33 92 1
346 17 51 1
347 52 123 1
348 6 12 1
349 59 97 1
350 61 158 1
351 65 171 1
352 36 64 1
353 36 26 1
354 85 182 1
355 20 37 1
356 84 222 1
357 96 251 1
358 84 144 1
359 50 42 1
360 69 205 1
361 77 198 1
362 79 191 1
363 8 7 1
364 64 125 1
365 98 110 1
366 53 75 1
367 90 261 1
368 65 75 1
369 17 16 1
370 6 11 1
371 24 61 1
372 81 86 1
373 25 15 1
374 46 28 1
375 34 62 0
376 37 32 0
377 47 34 0
378 45 61 0
379 44 32 0
380 98 147 0
381 12 16 0
382 63 32 0
383 41 29 0
384 98 253 0
385 22 44 0
386 88 145 0
387 16 47 0
388 80 178 0
389 29 29 0
390 95 212 0
391 58 92 0
392 34 79 0
393 28 24 0
394 54 101 0
395 94 279 0
396 46 55 0
397 64 41 0
398 99 56 0
399 32 71 0
400 39 87 0
401 90 98 0
402 2 2 0
403 31 30 0
404 12 12 0
405 50 122 0
406 41 114 0
407 51 101 0
408 65 39 0
409 23 23 0
410 24 29 0
411 82 109 0
412 26 77 0
413 29 38 0
414 44 101 0
415 35 46 0
416 43 76 0
417 4 11 0
418 35 20 0
419 69 51 0
420 82 139 0
421 52 66 0
422 11 25 0
423 59 177 0
424 88 167 0
425 97 208 0
426 38 82 0
427 66 101 0
428 30 86 0
429 21 50 0
430 42 116 0
431 11 30 0
432 11 20 0
433 17 22 0
434 86 108 0
435 31 32 0
436 63 130 0
437 61 151 0
438 37 76 0
439 92 222 0
440 93 224 0
441 11 10 0
442 31 78 0
443 71 49 0
444 6 8 0
445 36 39 0
446 85 95 0
447 51 81 0
448 72 46 0
449 3 3 0
450 52 79 0
451 51 51 0
452 76 193 0
453 100 294 0
454 46 126 0
455 56 135 0
456 94 275 0
457 55 161 0
458 81 181 0
459 31 37 0
460 46 39 0
461 87 145 0
462 9 12 0
463 10 17 0
464 72 130 0
465 83 168 0
466 11 29 0
467 46 138 0
468 81 142 0
469 34 18 0
470 47 131 0
471 92 256 0
472 17 51 0
473 94 129 0
474 91 192 0
475 24 20 0
476 76 217 0
477 44 62 0
478 65 59 0
479 49 100 0
480 63 128 0
481 73 138 0
482 14 28 0
483 40 102 0
484 68 96 0
485 94 252 0
486 17 29 0
487 15 26 0
488 83 221 0
489 100 218 0
490 82 136 0
491 8 19 0
492 44 58 0
493 66 86 0
494 26 14 0
495 70 207 0
496 86 168 0
497 13 35 0
498 72 205 0
499 10 24 0
