NAME GBP_INSTANCES\prob_2_A_4_7_0.txt
COMMENT
BINTYPES 3
ITEMS 500
BINS_SECTIONS
0 100 100 0 305 
1 120 120 0 254 
2 150 150 0 203 
ITEMS_SECTIONS
0 95 200 1
1 67 200 1
2 33 200 1
3 82 200 1
4 27 200 1
5 76 200 1
6 71 200 1
7 74 200 1
8 72 200 1
9 64 200 1
10 44 200 1
11 93 200 1
12 33 200 1
13 40 200 1
14 47 200 1
15 42 200 1
16 56 200 1
17 81 200 1
18 94 200 1
19 49 200 1
20 34 200 1
21 24 200 1
22 92 200 1
23 25 200 1
24 98 200 1
25 89 200 1
26 62 200 1
27 94 200 1
28 91 200 1
29 54 200 1
30 42 200 1
31 67 200 1
32 81 200 1
33 61 200 1
34 76 200 1
35 53 200 1
36 48 200 1
37 21 200 1
38 51 200 1
39 41 200 1
40 93 200 1
41 66 200 1
42 73 200 1
43 77 200 1
44 91 200 1
45 63 200 1
46 68 200 1
47 70 200 1
48 65 200 1
49 62 200 1
50 65 200 1
51 41 200 1
52 33 200 1
53 100 200 1
54 100 200 1
55 22 200 1
56 50 200 1
57 46 200 1
58 83 200 1
59 89 200 1
60 93 200 1
61 39 200 1
62 69 200 1
63 65 200 1
64 79 200 1
65 75 200 1
66 23 200 1
67 89 200 1
68 83 200 1
69 82 200 1
70 52 200 1
71 64 200 1
72 96 200 1
73 71 200 1
74 49 200 1
75 80 200 1
76 85 200 1
77 36 200 1
78 41 200 1
79 37 200 1
80 38 200 1
81 62 200 1
82 21 200 1
83 28 200 1
84 97 200 1
85 81 200 1
86 84 200 1
87 89 200 1
88 72 200 1
89 48 200 1
90 35 200 1
91 90 200 1
92 52 200 1
93 58 200 1
94 21 200 1
95 50 200 1
96 92 200 1
97 61 200 1
98 71 200 1
99 35 200 1
100 83 200 1
101 57 200 1
102 89 200 1
103 29 200 1
104 94 200 1
105 95 200 1
106 35 200 1
107 42 200 1
108 46 200 1
109 88 200 1
110 75 200 1
111 35 200 1
112 57 200 1
113 60 200 1
114 30 200 1
115 25 200 1
116 75 200 1
117 87 200 1
118 65 200 1
119 25 200 1
120 56 200 1
121 94 200 1
122 50 200 1
123 91 200 1
124 96 200 1
125 43 200 1
126 54 200 1
127 66 200 1
128 42 200 1
129 22 200 1
130 75 200 1
131 80 200 1
132 37 200 1
133 71 200 1
134 30 200 1
135 48 200 1
136 100 200 1
137 40 200 1
138 71 200 1
139 92 200 1
140 40 200 1
141 36 200 1
142 55 200 1
143 62 200 1
144 43 200 1
145 80 200 1
146 54 200 1
147 78 200 1
148 96 200 1
149 86 200 1
150 84 200 1
151 95 200 1
152 50 200 1
153 71 200 1
154 75 200 1
155 33 200 1
156 73 200 1
157 95 200 1
158 100 200 1
159 65 200 1
160 88 200 1
161 84 200 1
162 30 200 1
163 45 200 1
164 51 200 1
165 95 200 1
166 84 200 1
167 58 200 1
168 40 200 1
169 97 200 1
170 93 200 1
171 64 200 1
172 95 200 1
173 24 200 1
174 42 200 1
175 25 200 1
176 72 200 1
177 34 200 1
178 36 200 1
179 100 200 1
180 84 200 1
181 55 200 1
182 35 200 1
183 73 200 1
184 22 200 1
185 73 200 1
186 39 200 1
187 46 200 1
188 26 200 1
189 81 200 1
190 32 200 1
191 69 200 1
192 65 200 1
193 26 200 1
194 65 200 1
195 93 200 1
196 29 200 1
197 29 200 1
198 76 200 1
199 69 200 1
200 81 200 1
201 25 200 1
202 98 200 1
203 61 200 1
204 32 200 1
205 42 200 1
206 36 200 1
207 57 200 1
208 61 200 1
209 43 200 1
210 56 200 1
211 30 200 1
212 82 200 1
213 56 200 1
214 74 200 1
215 39 200 1
216 97 200 1
217 82 200 1
218 83 200 1
219 46 200 1
220 37 200 1
221 37 200 1
222 58 200 1
223 84 200 1
224 48 200 1
225 70 200 1
226 48 200 1
227 21 200 1
228 71 200 1
229 100 200 1
230 89 200 1
231 73 200 1
232 65 200 1
233 28 200 1
234 58 200 1
235 55 200 1
236 33 200 1
237 91 200 1
238 54 200 1
239 39 200 1
240 81 200 1
241 35 200 1
242 89 200 1
243 75 200 1
244 88 200 1
245 80 200 1
246 51 200 1
247 62 200 1
248 77 200 1
249 48 200 1
250 90 200 1
251 57 200 1
252 66 200 1
253 85 200 1
254 83 200 1
255 26 200 1
256 28 200 1
257 87 200 1
258 66 200 1
259 47 200 1
260 76 200 1
261 62 200 1
262 63 200 1
263 53 200 1
264 75 200 1
265 40 200 1
266 82 200 1
267 42 200 1
268 74 200 1
269 96 200 1
270 51 200 1
271 81 200 1
272 43 200 1
273 63 200 1
274 92 200 1
275 69 200 1
276 61 200 1
277 46 200 1
278 76 200 1
279 37 200 1
280 81 200 1
281 46 200 1
282 78 200 1
283 51 200 1
284 29 200 1
285 35 200 1
286 30 200 1
287 37 200 1
288 75 200 1
289 76 200 1
290 21 200 1
291 21 200 1
292 61 200 1
293 79 200 1
294 36 200 1
295 59 200 1
296 27 200 1
297 41 200 1
298 98 200 1
299 48 200 1
300 92 200 1
301 72 200 1
302 80 200 1
303 39 200 1
304 95 200 1
305 70 200 1
306 74 200 1
307 36 200 1
308 75 200 1
309 40 200 1
310 36 200 1
311 87 200 1
312 66 200 1
313 42 200 1
314 43 200 1
315 28 200 1
316 41 200 1
317 26 200 1
318 82 200 1
319 88 200 1
320 94 200 1
321 84 200 1
322 34 200 1
323 58 200 1
324 78 200 1
325 78 200 1
326 63 200 1
327 46 200 1
328 78 200 1
329 59 200 1
330 91 200 1
331 46 200 1
332 60 200 1
333 39 200 1
334 49 200 1
335 76 200 1
336 62 200 1
337 47 200 1
338 27 200 1
339 25 200 1
340 83 200 1
341 75 200 1
342 74 200 1
343 84 200 1
344 66 200 1
345 47 200 1
346 40 200 1
347 93 200 1
348 93 200 1
349 42 200 1
350 35 200 1
351 55 200 1
352 69 200 1
353 44 200 1
354 42 200 1
355 63 200 1
356 59 200 1
357 78 200 1
358 58 200 1
359 41 200 1
360 61 200 1
361 91 200 1
362 23 200 1
363 37 200 1
364 68 200 1
365 27 200 1
366 46 200 1
367 24 200 1
368 86 200 1
369 30 200 1
370 76 200 1
371 34 200 1
372 75 200 1
373 92 200 1
374 32 200 1
375 44 200 1
376 34 200 1
377 40 200 1
378 99 200 1
379 60 200 1
380 53 200 1
381 77 200 1
382 27 200 1
383 43 200 1
384 62 200 1
385 96 200 1
386 43 200 1
387 46 200 1
388 53 200 1
389 24 200 1
390 29 200 1
391 54 200 1
392 47 200 1
393 98 200 1
394 76 200 1
395 47 200 1
396 84 200 1
397 73 200 1
398 96 200 1
399 22 200 1
400 68 200 1
401 24 200 1
402 86 200 1
403 86 200 1
404 77 200 1
405 38 200 1
406 89 200 1
407 55 200 1
408 80 200 1
409 48 200 1
410 68 200 1
411 93 200 1
412 70 200 1
413 50 200 1
414 50 200 1
415 67 200 1
416 52 200 1
417 31 200 1
418 88 200 1
419 45 200 1
420 65 200 1
421 26 200 1
422 86 200 1
423 85 200 1
424 23 200 1
425 91 200 1
426 85 200 1
427 53 200 1
428 33 200 1
429 60 200 1
430 80 200 1
431 35 200 1
432 65 200 1
433 83 200 1
434 59 200 1
435 74 200 1
436 75 200 1
437 31 200 1
438 41 200 1
439 28 200 1
440 69 200 1
441 66 200 1
442 96 200 1
443 58 200 1
444 87 200 1
445 48 200 1
446 36 200 1
447 44 200 1
448 94 200 1
449 83 200 1
450 49 200 1
451 48 200 1
452 59 200 1
453 45 200 1
454 33 200 1
455 42 200 1
456 57 200 1
457 48 200 1
458 26 200 1
459 58 200 1
460 38 200 1
461 40 200 1
462 59 200 1
463 99 200 1
464 52 200 1
465 65 200 1
466 55 200 1
467 78 200 1
468 90 200 1
469 33 200 1
470 24 200 1
471 26 200 1
472 27 200 1
473 55 200 1
474 64 200 1
475 94 200 1
476 86 200 1
477 89 200 1
478 92 200 1
479 44 200 1
480 84 200 1
481 57 200 1
482 93 200 1
483 66 200 1
484 36 200 1
485 48 200 1
486 93 200 1
487 57 200 1
488 50 200 1
489 76 200 1
490 91 200 1
491 91 200 1
492 100 200 1
493 71 200 1
494 30 200 1
495 73 200 1
496 82 200 1
497 38 200 1
498 29 200 1
499 46 200 1
