NAME GBP_INSTANCES\prob_2_A_4_7_2.txt
COMMENT
BINTYPES 3
ITEMS 500
BINS_SECTIONS
0 100 100 0 305 
1 120 120 0 254 
2 150 150 0 203 
ITEMS_SECTIONS
0 95 225 1
1 67 75 1
2 33 22 1
3 82 120 1
4 27 46 1
5 76 152 1
6 71 57 1
7 74 173 1
8 72 190 1
9 64 38 1
10 44 72 1
11 93 109 1
12 33 37 1
13 40 117 1
14 47 94 1
15 42 54 1
16 56 206 1
17 81 45 1
18 94 268 1
19 49 100 1
20 34 68 1
21 24 90 1
22 92 131 1
23 25 59 1
24 98 176 1
25 89 303 1
26 62 136 1
27 94 260 1
28 91 325 1
29 54 164 1
30 42 165 1
31 67 190 1
32 81 255 1
33 61 198 1
34 76 127 1
35 53 124 1
36 48 123 1
37 21 37 1
38 51 131 1
39 41 98 1
40 93 285 1
41 66 73 1
42 73 128 1
43 77 214 1
44 91 171 1
45 63 187 1
46 68 257 1
47 70 238 1
48 65 50 1
49 62 223 1
50 65 251 1
51 41 41 1
52 33 106 1
53 100 76 1
54 100 78 1
55 22 15 1
56 50 114 1
57 46 178 1
58 83 132 1
59 89 222 1
60 93 179 1
61 39 75 1
62 69 185 1
63 65 161 1
64 79 158 1
65 75 118 1
66 23 61 1
67 89 183 1
68 83 241 1
69 82 190 1
70 52 156 1
71 64 157 1
72 96 248 1
73 71 113 1
74 49 111 1
75 80 246 1
76 85 154 1
77 36 37 1
78 41 90 1
79 37 116 1
80 38 34 1
81 62 157 1
82 21 20 1
83 28 49 1
84 97 194 1
85 81 324 1
86 84 187 1
87 89 305 1
88 72 139 1
89 48 163 1
90 35 22 1
91 90 333 1
92 52 66 1
93 58 180 1
94 21 54 1
95 50 107 1
96 92 108 1
97 61 148 1
98 71 74 1
99 35 86 1
100 83 193 1
101 57 67 1
102 89 206 1
103 29 98 1
104 94 171 1
105 95 272 1
106 35 29 1
107 42 81 1
108 46 104 1
109 88 238 1
110 75 64 1
111 35 24 1
112 57 100 1
113 60 179 1
114 30 37 1
115 25 18 1
116 75 80 1
117 87 174 1
118 65 110 1
119 25 49 1
120 56 160 1
121 94 199 1
122 50 154 1
123 91 230 1
124 96 305 1
125 43 149 1
126 54 86 1
127 66 200 1
128 42 34 1
129 22 38 1
130 75 70 1
131 80 236 1
132 37 86 1
133 71 60 1
134 30 50 1
135 48 36 1
136 100 274 1
137 40 46 1
138 71 58 1
139 92 113 1
140 40 148 1
141 36 93 1
142 55 209 1
143 62 246 1
144 43 156 1
145 80 110 1
146 54 121 1
147 78 267 1
148 96 292 1
149 86 105 1
150 84 230 1
151 95 84 1
152 50 70 1
153 71 274 1
154 75 150 1
155 33 72 1
156 73 153 1
157 95 160 1
158 100 370 1
159 65 148 1
160 88 265 1
161 84 227 1
162 30 26 1
163 45 154 1
164 51 155 1
165 95 62 1
166 84 82 1
167 58 92 1
168 40 29 1
169 97 53 1
170 93 185 1
171 64 124 1
172 95 205 1
173 24 49 1
174 42 136 1
175 25 48 1
176 72 52 1
177 34 66 1
178 36 36 1
179 100 288 1
180 84 288 1
181 55 29 1
182 35 49 1
183 73 154 1
184 22 58 1
185 73 57 1
186 39 152 1
187 46 62 1
188 26 22 1
189 81 241 1
190 32 37 1
191 69 150 1
192 65 71 1
193 26 55 1
194 65 173 1
195 93 221 1
196 29 92 1
197 29 28 1
198 76 150 1
199 69 238 1
200 81 82 1
201 25 46 1
202 98 135 1
203 61 84 1
204 32 92 1
205 42 134 1
206 36 91 1
207 57 92 1
208 61 86 1
209 43 47 1
210 56 156 1
211 30 33 1
212 82 100 1
213 56 108 1
214 74 196 1
215 39 25 1
216 97 182 1
217 82 274 1
218 83 53 1
219 46 75 1
220 37 53 1
221 37 50 1
222 58 33 1
223 84 275 1
224 48 81 1
225 70 194 1
226 48 119 1
227 21 69 1
228 71 205 1
229 100 75 1
230 89 296 1
231 73 248 1
232 65 181 1
233 28 67 1
234 58 134 1
235 55 132 1
236 33 73 1
237 91 170 1
238 54 156 1
239 39 62 1
240 81 67 1
241 35 119 1
242 89 222 1
243 75 107 1
244 88 93 1
245 80 143 1
246 51 104 1
247 62 54 1
248 77 223 1
249 48 134 1
250 90 156 1
251 57 169 1
252 66 45 1
253 85 117 1
254 83 152 1
255 26 70 1
256 28 83 1
257 87 159 1
258 66 43 1
259 47 179 1
260 76 53 1
261 62 81 1
262 63 153 1
263 53 171 1
264 75 263 1
265 40 29 1
266 82 327 1
267 42 136 1
268 74 78 1
269 96 325 1
270 51 39 1
271 81 124 1
272 43 129 1
273 63 240 1
274 92 113 1
275 69 267 1
276 61 108 1
277 46 72 1
278 76 291 1
279 37 39 1
280 81 104 1
281 46 120 1
282 78 253 1
283 51 185 1
284 29 76 1
285 35 86 1
286 30 92 1
287 37 46 1
288 75 227 1
289 76 156 1
290 21 82 1
291 21 53 1
292 61 198 1
293 79 230 1
294 36 37 1
295 59 75 1
296 27 17 1
297 41 70 1
298 98 361 1
299 48 95 1
300 92 244 1
301 72 106 1
302 80 156 1
303 39 24 1
304 95 232 1
305 70 222 1
306 74 220 1
307 36 36 1
308 75 102 1
309 40 159 1
310 36 62 1
311 87 257 1
312 66 215 1
313 42 22 1
314 43 138 1
315 28 103 1
316 41 140 1
317 26 68 1
318 82 298 1
319 88 164 1
320 94 204 1
321 84 295 1
322 34 108 1
323 58 98 1
324 78 146 1
325 78 221 1
326 63 242 1
327 46 81 1
328 78 264 1
329 59 48 1
330 91 239 1
331 46 156 1
332 60 195 1
333 39 95 1
334 49 103 1
335 76 175 1
336 62 221 1
337 47 142 1
338 27 19 1
339 25 19 1
340 83 193 1
341 75 225 1
342 74 213 1
343 84 47 1
344 66 134 1
345 47 163 1
346 40 152 1
347 93 288 1
348 93 96 1
349 42 38 1
350 35 92 1
351 55 96 1
352 69 119 1
353 44 95 1
354 42 79 1
355 63 54 1
356 59 92 1
357 78 252 1
358 58 146 1
359 41 105 1
360 61 174 1
361 91 245 1
362 23 70 1
363 37 120 1
364 68 158 1
365 27 43 1
366 46 57 1
367 24 60 1
368 86 174 1
369 30 60 1
370 76 99 1
371 34 103 1
372 75 71 1
373 92 258 1
374 32 17 1
375 44 25 0
376 34 74 0
377 40 58 0
378 99 214 0
379 60 213 0
380 53 56 0
381 77 106 0
382 27 74 0
383 43 67 0
384 62 68 0
385 96 336 0
386 43 119 0
387 46 92 0
388 53 205 0
389 24 77 0
390 29 44 0
391 54 206 0
392 47 186 0
393 98 212 0
394 76 299 0
395 47 178 0
396 84 79 0
397 73 155 0
398 96 134 0
399 22 47 0
400 68 116 0
401 24 16 0
402 86 129 0
403 86 264 0
404 77 271 0
405 38 96 0
406 89 129 0
407 55 77 0
408 80 163 0
409 48 164 0
410 68 60 0
411 93 235 0
412 70 273 0
413 50 149 0
414 50 47 0
415 67 191 0
416 52 50 0
417 31 31 0
418 88 51 0
419 45 28 0
420 65 167 0
421 26 56 0
422 86 339 0
423 85 172 0
424 23 16 0
425 91 230 0
426 85 286 0
427 53 156 0
428 33 111 0
429 60 40 0
430 80 307 0
431 35 89 0
432 65 45 0
433 83 63 0
434 59 232 0
435 74 119 0
436 75 225 0
437 31 35 0
438 41 99 0
439 28 79 0
440 69 115 0
441 66 147 0
442 96 272 0
443 58 107 0
444 87 118 0
445 48 126 0
446 36 92 0
447 44 48 0
448 94 217 0
449 83 290 0
450 49 125 0
451 48 137 0
452 59 33 0
453 45 134 0
454 33 24 0
455 42 166 0
456 57 72 0
457 48 44 0
458 26 53 0
459 58 101 0
460 38 50 0
461 40 102 0
462 59 211 0
463 99 106 0
464 52 78 0
465 65 63 0
466 55 67 0
467 78 205 0
468 90 197 0
469 33 57 0
470 24 56 0
471 26 24 0
472 27 92 0
473 55 211 0
474 64 170 0
475 94 74 0
476 86 57 0
477 89 129 0
478 92 187 0
479 44 73 0
480 84 67 0
481 57 145 0
482 93 267 0
483 66 139 0
484 36 77 0
485 48 97 0
486 93 180 0
487 57 30 0
488 50 34 0
489 76 252 0
490 91 61 0
491 91 351 0
492 100 256 0
493 71 117 0
494 30 97 0
495 73 228 0
496 82 280 0
497 38 145 0
498 29 107 0
499 46 156 0
