NAME GBP_INSTANCES\prob_1_B_4_0_1.txt
COMMENT
BINTYPES 5
ITEMS 500
BINS_SECTIONS
0 60 60 0 414 
1 80 80 0 310 
2 100 100 0 248 
3 120 120 0 207 
4 150 150 0 166 
ITEMS_SECTIONS
0 72 100 1
1 15 14 1
2 12 25 1
3 67 87 1
4 72 212 1
5 35 28 1
6 27 42 1
7 50 113 1
8 37 45 1
9 41 32 1
10 2 6 1
11 12 33 1
12 70 180 1
13 29 52 1
14 67 67 1
15 37 85 1
16 18 11 1
17 92 91 1
18 41 35 1
19 83 196 1
20 7 19 1
21 72 94 1
22 75 70 1
23 38 106 1
24 84 211 1
25 76 188 1
26 87 116 1
27 93 71 1
28 22 53 1
29 95 94 1
30 30 45 1
31 50 53 1
32 6 13 1
33 15 25 1
34 88 92 1
35 91 219 1
36 89 120 1
37 40 103 1
38 57 161 1
39 75 215 1
40 36 62 1
41 26 63 1
42 87 184 1
43 54 128 1
44 3 3 1
45 56 154 1
46 68 148 1
47 82 184 1
48 8 18 1
49 33 81 1
50 10 18 1
51 27 62 1
52 49 39 1
53 36 83 1
54 3 4 1
55 18 33 1
56 87 247 1
57 19 49 1
58 41 25 1
59 92 169 1
60 73 69 1
61 82 196 1
62 44 83 1
63 37 64 1
64 40 30 1
65 14 30 1
66 95 253 1
67 86 232 1
68 29 28 1
69 16 32 1
70 29 37 1
71 95 54 1
72 71 142 1
73 21 14 1
74 66 184 1
75 41 45 1
76 9 14 1
77 19 40 1
78 47 51 1
79 57 130 1
80 53 135 1
81 80 146 1
82 64 129 1
83 72 96 1
84 78 227 1
85 21 34 1
86 22 64 1
87 52 131 1
88 50 54 1
89 72 115 1
90 50 142 1
91 5 7 1
92 80 79 1
93 16 43 1
94 84 225 1
95 69 160 1
96 16 15 1
97 50 33 1
98 45 53 1
99 29 80 1
100 39 60 1
101 22 28 1
102 29 49 1
103 81 165 1
104 96 257 1
105 24 42 1
106 36 61 1
107 2 3 1
108 45 71 1
109 73 58 1
110 63 153 1
111 19 52 1
112 5 9 1
113 68 82 1
114 67 161 1
115 78 145 1
116 31 38 1
117 54 59 1
118 42 63 1
119 67 92 1
120 89 82 1
121 77 132 1
122 13 35 1
123 92 262 1
124 34 75 1
125 70 157 1
126 84 184 1
127 11 10 1
128 92 155 1
129 49 85 1
130 47 60 1
131 59 175 1
132 42 60 1
133 54 107 1
134 87 48 1
135 15 40 1
136 91 273 1
137 19 35 1
138 96 268 1
139 27 72 1
140 38 48 1
141 10 14 1
142 23 22 1
143 40 51 1
144 32 46 1
145 13 28 1
146 76 63 1
147 63 48 1
148 15 28 1
149 97 192 1
150 16 10 1
151 96 273 1
152 45 120 1
153 59 143 1
154 24 61 1
155 75 83 1
156 96 242 1
157 52 54 1
158 23 63 1
159 37 82 1
160 50 94 1
161 20 37 1
162 10 14 1
163 74 143 1
164 33 53 1
165 40 84 1
166 84 193 1
167 83 51 1
168 54 158 1
169 71 206 1
170 39 43 1
171 68 148 1
172 86 129 1
173 53 58 1
174 78 62 1
175 98 157 1
176 28 20 1
177 15 37 1
178 49 42 1
179 4 9 1
180 10 21 1
181 47 96 1
182 47 116 1
183 85 160 1
184 76 209 1
185 28 57 1
186 78 116 1
187 33 59 1
188 6 4 1
189 4 6 1
190 26 69 1
191 31 18 1
192 93 150 1
193 55 114 1
194 36 49 1
195 30 74 1
196 76 120 1
197 42 94 1
198 44 38 1
199 86 90 1
200 7 9 1
201 35 63 1
202 57 143 1
203 34 65 1
204 63 180 1
205 63 179 1
206 29 68 1
207 83 193 1
208 7 17 1
209 58 116 1
210 37 77 1
211 36 100 1
212 67 186 1
213 33 43 1
214 85 138 1
215 86 102 1
216 66 46 1
217 75 55 1
218 62 51 1
219 5 3 1
220 66 196 1
221 100 92 1
222 67 72 1
223 86 187 1
224 48 36 1
225 32 92 1
226 28 74 1
227 44 38 1
228 10 29 1
229 58 148 1
230 40 94 1
231 32 89 1
232 92 171 1
233 44 85 1
234 36 25 1
235 91 194 1
236 9 14 1
237 32 66 1
238 23 69 1
239 92 94 1
240 5 15 1
241 15 33 1
242 88 204 1
243 56 144 1
244 11 11 1
245 19 25 1
246 25 55 1
247 62 68 1
248 20 19 1
249 82 44 1
250 64 133 1
251 88 256 1
252 58 150 1
253 54 133 1
254 67 92 1
255 7 19 1
256 60 46 1
257 13 35 1
258 83 168 1
259 91 72 1
260 43 40 1
261 20 22 1
262 91 160 1
263 38 56 1
264 76 158 1
265 20 22 1
266 62 184 1
267 71 201 1
268 40 72 1
269 88 191 1
270 52 60 1
271 32 89 1
272 79 208 1
273 37 77 1
274 51 40 1
275 20 18 1
276 35 51 1
277 5 5 1
278 10 20 1
279 85 234 1
280 62 140 1
281 10 14 1
282 65 160 1
283 41 79 1
284 31 23 1
285 10 11 1
286 93 161 1
287 3 3 1
288 99 64 1
289 42 92 1
290 95 222 1
291 7 14 1
292 56 114 1
293 93 253 1
294 63 81 1
295 30 24 1
296 45 29 1
297 67 94 1
298 16 35 1
299 58 51 1
300 43 40 1
301 93 247 1
302 58 172 1
303 21 32 1
304 13 12 1
305 63 157 1
306 68 74 1
307 42 123 1
308 7 9 1
309 23 56 1
310 29 60 1
311 37 84 1
312 42 116 1
313 6 17 1
314 46 31 1
315 81 95 1
316 9 25 1
317 46 30 1
318 58 98 1
319 95 280 1
320 57 132 1
321 53 38 1
322 57 140 1
323 85 180 1
324 4 5 1
325 79 180 1
326 70 185 1
327 45 96 1
328 9 23 1
329 75 211 1
330 74 72 1
331 2 4 1
332 75 211 1
333 45 70 1
334 29 48 1
335 82 183 1
336 5 14 1
337 18 36 1
338 78 54 1
339 96 137 1
340 66 165 1
341 42 79 1
342 20 25 1
343 9 23 1
344 28 74 1
345 100 242 1
346 84 125 1
347 84 87 1
348 85 87 1
349 76 110 1
350 23 67 1
351 18 38 1
352 45 25 1
353 58 127 1
354 57 143 1
355 80 114 1
356 10 8 1
357 13 39 1
358 71 79 1
359 29 60 1
360 96 271 1
361 17 16 1
362 16 12 1
363 6 16 1
364 69 63 1
365 72 168 1
366 96 140 1
367 55 93 1
368 79 201 1
369 6 12 1
370 20 32 1
371 18 19 1
372 25 73 1
373 63 114 1
374 64 149 1
375 99 117 0
376 13 26 0
377 10 12 0
378 52 87 0
379 86 155 0
380 28 70 0
381 49 50 0
382 94 212 0
383 7 16 0
384 99 255 0
385 58 115 0
386 80 167 0
387 6 8 0
388 71 191 0
389 62 138 0
390 73 100 0
391 37 56 0
392 63 186 0
393 50 61 0
394 10 10 0
395 36 55 0
396 25 36 0
397 43 128 0
398 43 80 0
399 80 120 0
400 83 119 0
401 20 32 0
402 26 77 0
403 96 218 0
404 63 77 0
405 23 61 0
406 93 216 0
407 20 39 0
408 11 19 0
409 34 36 0
410 21 49 0
411 83 219 0
412 73 161 0
413 48 103 0
414 29 26 0
415 15 33 0
416 76 94 0
417 36 34 0
418 9 18 0
419 33 48 0
420 57 92 0
421 32 84 0
422 30 75 0
423 32 64 0
424 82 55 0
425 18 52 0
426 26 61 0
427 19 53 0
428 19 41 0
429 55 151 0
430 95 165 0
431 16 24 0
432 83 84 0
433 35 102 0
434 27 73 0
435 86 115 0
436 38 47 0
437 92 261 0
438 84 248 0
439 89 203 0
440 56 57 0
441 58 126 0
442 58 57 0
443 29 31 0
444 33 39 0
445 88 74 0
446 27 20 0
447 98 291 0
448 54 39 0
449 60 66 0
450 21 59 0
451 94 124 0
452 8 8 0
453 59 171 0
454 42 120 0
455 88 226 0
456 50 97 0
457 46 29 0
458 30 55 0
459 36 33 0
460 95 284 0
461 43 26 0
462 31 56 0
463 22 50 0
464 69 63 0
465 13 24 0
466 51 130 0
467 98 277 0
468 74 38 0
469 76 217 0
470 60 96 0
471 36 67 0
472 7 5 0
473 50 56 0
474 27 58 0
475 37 59 0
476 87 212 0
477 22 38 0
478 35 23 0
479 28 69 0
480 33 75 0
481 83 142 0
482 93 230 0
483 81 42 0
484 37 78 0
485 17 51 0
486 57 157 0
487 89 206 0
488 84 189 0
489 46 32 0
490 85 253 0
491 34 35 0
492 73 125 0
493 74 119 0
494 69 126 0
495 74 152 0
496 53 93 0
497 95 163 0
498 22 46 0
499 5 9 0
