NAME GBP_INSTANCES\prob_3_A_4_0_2.txt
COMMENT
BINTYPES 3
ITEMS 500
BINS_SECTIONS
0 100 100 0 380 
1 120 120 0 316 
2 150 150 0 253 
ITEMS_SECTIONS
0 52 160 1
1 58 134 1
2 81 129 1
3 99 196 1
4 85 125 1
5 75 140 1
6 81 244 1
7 83 100 1
8 81 111 1
9 87 210 1
10 60 45 1
11 91 212 1
12 89 258 1
13 70 196 1
14 52 81 1
15 78 46 1
16 83 92 1
17 53 100 1
18 73 118 1
19 94 85 1
20 86 58 1
21 70 188 1
22 75 48 1
23 69 229 1
24 52 123 1
25 94 143 1
26 84 237 1
27 91 54 1
28 89 64 1
29 78 169 1
30 75 244 1
31 100 187 1
32 68 241 1
33 64 239 1
34 78 48 1
35 92 337 1
36 92 80 1
37 79 108 1
38 71 54 1
39 92 243 1
40 83 147 1
41 94 337 1
42 95 202 1
43 99 238 1
44 85 334 1
45 91 136 1
46 60 60 1
47 64 70 1
48 66 199 1
49 83 266 1
50 63 82 1
51 92 114 1
52 63 36 1
53 84 321 1
54 98 210 1
55 84 58 1
56 84 288 1
57 53 166 1
58 73 65 1
59 79 307 1
60 86 70 1
61 77 85 1
62 69 197 1
63 77 227 1
64 77 75 1
65 70 139 1
66 98 111 1
67 76 237 1
68 71 74 1
69 88 231 1
70 51 116 1
71 58 153 1
72 80 273 1
73 91 352 1
74 52 157 1
75 90 129 1
76 88 340 1
77 65 251 1
78 78 121 1
79 83 97 1
80 84 81 1
81 71 37 1
82 51 171 1
83 83 300 1
84 95 368 1
85 83 265 1
86 87 156 1
87 70 212 1
88 99 54 1
89 97 319 1
90 60 68 1
91 52 206 1
92 67 198 1
93 57 53 1
94 72 111 1
95 82 238 1
96 100 217 1
97 86 265 1
98 86 100 1
99 73 68 1
100 68 153 1
101 74 83 1
102 66 210 1
103 92 339 1
104 73 142 1
105 51 181 1
106 66 194 1
107 69 186 1
108 71 206 1
109 99 313 1
110 83 86 1
111 99 53 1
112 56 65 1
113 89 278 1
114 51 66 1
115 98 227 1
116 66 164 1
117 92 191 1
118 93 217 1
119 80 245 1
120 72 179 1
121 89 252 1
122 74 52 1
123 98 342 1
124 67 200 1
125 51 128 0
126 92 93 0
127 100 186 0
128 53 64 0
129 99 339 0
130 75 265 0
131 71 260 0
132 56 57 0
133 67 50 0
134 68 203 0
135 94 366 0
136 59 228 0
137 76 249 0
138 61 200 0
139 63 84 0
140 81 94 0
141 53 38 0
142 64 240 0
143 67 102 0
144 98 126 0
145 93 252 0
146 62 50 0
147 84 286 0
148 86 113 0
149 92 321 0
150 74 90 0
151 64 246 0
152 75 59 0
153 72 49 0
154 80 151 0
155 78 152 0
156 94 269 0
157 98 237 0
158 98 255 0
159 59 72 0
160 52 129 0
161 80 220 0
162 84 325 0
163 77 242 0
164 80 70 0
165 99 327 0
166 74 186 0
167 60 38 0
168 87 155 0
169 100 261 0
170 96 161 0
171 63 99 0
172 87 209 0
173 94 294 0
174 68 78 0
175 87 199 0
176 74 247 0
177 66 210 0
178 73 86 0
179 56 65 0
180 85 240 0
181 70 246 0
182 52 197 0
183 62 91 0
184 79 74 0
185 67 63 0
186 81 304 0
187 65 229 0
188 81 219 0
189 91 157 0
190 69 142 0
191 78 289 0
192 62 159 0
193 75 102 0
194 67 203 0
195 63 112 0
196 59 96 0
197 60 209 0
198 59 139 0
199 76 150 0
200 99 324 0
201 83 245 0
202 64 86 0
203 77 105 0
204 83 75 0
205 92 207 0
206 57 117 0
207 98 153 0
208 98 350 0
209 70 262 0
210 54 132 0
211 95 156 0
212 70 56 0
213 65 132 0
214 56 208 0
215 56 121 0
216 52 74 0
217 78 143 0
218 64 223 0
219 53 203 0
220 81 78 0
221 78 307 0
222 96 153 0
223 69 147 0
224 94 296 0
225 64 189 0
226 64 230 0
227 71 183 0
228 85 132 0
229 91 325 0
230 59 166 0
231 70 146 0
232 91 89 0
233 69 97 0
234 96 146 0
235 81 287 0
236 85 53 0
237 72 109 0
238 51 179 0
239 85 173 0
240 82 124 0
241 99 180 0
242 63 231 0
243 52 47 0
244 69 163 0
245 72 88 0
246 81 44 0
247 71 142 0
248 63 173 0
249 84 148 0
250 53 203 0
251 100 144 0
252 73 106 0
253 61 179 0
254 81 88 0
255 85 48 0
256 60 128 0
257 55 64 0
258 51 143 0
259 59 164 0
260 73 108 0
261 90 334 0
262 74 280 0
263 63 238 0
264 53 106 0
265 78 125 0
266 58 167 0
267 69 79 0
268 83 306 0
269 63 142 0
270 82 319 0
271 71 201 0
272 86 282 0
273 75 220 0
274 96 193 0
275 92 341 0
276 84 199 0
277 91 140 0
278 78 92 0
279 74 235 0
280 77 119 0
281 99 333 0
282 56 34 0
283 85 169 0
284 59 178 0
285 98 208 0
286 84 314 0
287 74 168 0
288 70 114 0
289 83 190 0
290 90 204 0
291 100 211 0
292 63 50 0
293 59 174 0
294 61 155 0
295 68 200 0
296 76 292 0
297 61 157 0
298 54 74 0
299 51 195 0
300 91 52 0
301 51 77 0
302 92 91 0
303 75 145 0
304 69 209 0
305 51 96 0
306 83 136 0
307 98 378 0
308 91 340 0
309 77 84 0
310 63 200 0
311 73 77 0
312 60 143 0
313 62 243 0
314 69 128 0
315 100 283 0
316 64 96 0
317 100 376 0
318 80 267 0
319 73 180 0
320 81 66 0
321 67 190 0
322 80 191 0
323 87 200 0
324 66 255 0
325 54 136 0
326 90 149 0
327 91 204 0
328 100 94 0
329 99 289 0
330 70 150 0
331 55 84 0
332 97 333 0
333 75 39 0
334 86 253 0
335 54 169 0
336 87 318 0
337 58 115 0
338 88 54 0
339 71 38 0
340 90 175 0
341 89 262 0
342 60 32 0
343 70 54 0
344 74 150 0
345 94 353 0
346 73 54 0
347 56 192 0
348 88 67 0
349 84 177 0
350 53 155 0
351 62 67 0
352 99 227 0
353 54 178 0
354 54 36 0
355 79 80 0
356 68 189 0
357 89 355 0
358 93 51 0
359 77 97 0
360 60 52 0
361 53 94 0
362 82 162 0
363 75 163 0
364 59 130 0
365 78 293 0
366 78 272 0
367 62 178 0
368 97 195 0
369 59 147 0
370 64 152 0
371 80 174 0
372 52 69 0
373 90 120 0
374 56 221 0
375 59 168 0
376 80 125 0
377 95 304 0
378 86 259 0
379 83 265 0
380 51 72 0
381 71 219 0
382 98 292 0
383 65 163 0
384 80 83 0
385 70 217 0
386 83 284 0
387 53 204 0
388 79 109 0
389 77 121 0
390 60 154 0
391 67 154 0
392 93 88 0
393 63 164 0
394 100 364 0
395 74 198 0
396 63 148 0
397 59 106 0
398 93 364 0
399 92 129 0
400 53 86 0
401 94 110 0
402 99 305 0
403 58 31 0
404 73 50 0
405 100 128 0
406 98 137 0
407 74 258 0
408 88 347 0
409 97 252 0
410 60 189 0
411 76 117 0
412 51 98 0
413 87 100 0
414 71 46 0
415 96 360 0
416 76 50 0
417 70 87 0
418 71 282 0
419 52 48 0
420 82 315 0
421 91 322 0
422 94 240 0
423 93 370 0
424 82 97 0
425 99 51 0
426 69 160 0
427 80 259 0
428 66 83 0
429 71 157 0
430 68 200 0
431 80 199 0
432 56 113 0
433 85 143 0
434 67 162 0
435 58 132 0
436 74 179 0
437 90 261 0
438 93 297 0
439 95 113 0
440 58 88 0
441 57 76 0
442 85 115 0
443 98 273 0
444 55 121 0
445 63 132 0
446 89 96 0
447 63 153 0
448 89 151 0
449 92 309 0
450 62 220 0
451 87 93 0
452 82 155 0
453 56 165 0
454 58 65 0
455 78 189 0
456 61 87 0
457 60 34 0
458 71 175 0
459 89 199 0
460 98 117 0
461 72 263 0
462 51 109 0
463 53 45 0
464 58 63 0
465 82 240 0
466 78 233 0
467 100 342 0
468 97 133 0
469 90 351 0
470 61 86 0
471 89 79 0
472 95 217 0
473 66 172 0
474 86 68 0
475 77 143 0
476 56 165 0
477 83 285 0
478 79 104 0
479 64 214 0
480 70 159 0
481 100 273 0
482 82 239 0
483 86 122 0
484 59 202 0
485 52 144 0
486 78 312 0
487 89 239 0
488 60 160 0
489 75 157 0
490 76 57 0
491 66 89 0
492 63 68 0
493 75 75 0
494 99 189 0
495 83 175 0
496 58 75 0
497 66 118 0
498 77 279 0
499 70 72 0
