NAME GBP_INSTANCES\prob_1_B_4_5_1.txt
COMMENT
BINTYPES 5
ITEMS 500
BINS_SECTIONS
0 60 60 0 428 
1 80 80 0 321 
2 100 100 0 257 
3 120 120 0 214 
4 150 150 0 172 
ITEMS_SECTIONS
0 70 183 1
1 70 106 1
2 12 14 1
3 55 149 1
4 40 78 1
5 12 20 1
6 63 152 1
7 62 63 1
8 26 67 1
9 92 109 1
10 33 30 1
11 18 44 1
12 52 107 1
13 34 99 1
14 87 81 1
15 7 10 1
16 14 37 1
17 33 74 1
18 99 97 1
19 95 234 1
20 95 170 1
21 99 179 1
22 82 181 1
23 55 41 1
24 97 213 1
25 37 85 1
26 14 37 1
27 46 80 1
28 13 37 1
29 67 50 1
30 33 74 1
31 47 34 1
32 3 8 1
33 26 48 1
34 73 108 1
35 21 40 1
36 15 18 1
37 7 10 1
38 18 22 1
39 93 223 1
40 100 108 1
41 99 281 1
42 21 27 1
43 32 65 1
44 61 35 1
45 7 20 1
46 5 8 1
47 13 30 1
48 89 200 1
49 60 128 1
50 72 169 1
51 54 145 1
52 32 59 1
53 35 72 1
54 26 60 1
55 4 9 1
56 49 73 1
57 88 119 1
58 47 116 1
59 68 95 1
60 78 97 1
61 18 26 1
62 41 79 1
63 56 130 1
64 94 166 1
65 49 70 1
66 68 99 1
67 41 119 1
68 70 161 1
69 73 65 1
70 93 220 1
71 98 123 1
72 15 33 1
73 33 80 1
74 66 135 1
75 41 62 1
76 25 16 1
77 70 113 1
78 51 68 1
79 84 206 1
80 93 274 1
81 45 105 1
82 56 84 1
83 91 87 1
84 28 82 1
85 34 41 1
86 30 65 1
87 14 31 1
88 23 58 1
89 20 15 1
90 15 20 1
91 67 151 1
92 35 93 1
93 79 183 1
94 12 15 1
95 94 269 1
96 4 6 1
97 79 59 1
98 38 37 1
99 17 21 1
100 68 47 1
101 91 55 1
102 47 137 1
103 42 75 1
104 31 22 1
105 31 62 1
106 84 164 1
107 35 99 1
108 97 233 1
109 37 88 1
110 46 115 1
111 13 36 1
112 69 182 1
113 96 237 1
114 14 10 1
115 65 125 1
116 6 16 1
117 19 35 1
118 52 100 1
119 76 167 1
120 19 56 1
121 83 171 1
122 6 9 1
123 39 27 1
124 48 44 1
125 57 128 1
126 14 16 1
127 31 85 1
128 56 76 1
129 93 252 1
130 69 136 1
131 60 157 1
132 93 278 1
133 25 20 1
134 32 62 1
135 44 77 1
136 80 201 1
137 64 131 1
138 38 62 1
139 17 13 1
140 55 163 1
141 6 7 1
142 3 3 1
143 45 75 1
144 31 26 1
145 57 162 1
146 58 111 1
147 40 46 1
148 11 31 1
149 94 251 1
150 43 41 1
151 44 56 1
152 6 10 1
153 69 106 1
154 56 130 1
155 89 67 1
156 6 13 1
157 42 41 1
158 10 14 1
159 93 86 1
160 54 28 1
161 100 154 1
162 97 259 1
163 91 221 1
164 51 40 1
165 23 46 1
166 97 246 1
167 85 56 1
168 70 160 1
169 40 79 1
170 37 36 1
171 96 220 1
172 97 263 1
173 57 102 1
174 33 79 1
175 90 212 1
176 64 136 1
177 3 9 1
178 48 43 1
179 90 57 1
180 10 6 1
181 54 67 1
182 51 52 1
183 27 45 1
184 25 70 1
185 99 82 1
186 48 112 1
187 34 62 1
188 19 42 1
189 8 17 1
190 59 170 1
191 70 61 1
192 68 36 1
193 44 127 1
194 6 13 1
195 40 41 1
196 69 113 1
197 19 36 1
198 91 151 1
199 8 19 1
200 77 178 1
201 96 61 1
202 36 78 1
203 93 86 1
204 45 109 1
205 58 121 1
206 47 108 1
207 18 38 1
208 27 14 1
209 46 84 1
210 87 238 1
211 4 5 1
212 90 260 1
213 71 142 1
214 23 51 1
215 94 275 1
216 88 224 1
217 33 53 1
218 12 13 1
219 96 208 1
220 18 13 1
221 14 32 1
222 21 47 1
223 10 22 1
224 42 35 1
225 4 7 1
226 21 55 1
227 46 116 1
228 97 226 1
229 28 29 1
230 57 77 1
231 11 12 1
232 52 64 1
233 10 22 1
234 38 26 1
235 37 104 1
236 40 29 1
237 60 155 1
238 50 42 1
239 53 94 1
240 47 72 1
241 32 58 1
242 29 53 1
243 71 196 1
244 65 74 1
245 6 14 1
246 99 132 1
247 77 112 1
248 84 195 1
249 59 106 1
250 22 40 0
251 12 34 0
252 57 166 0
253 2 5 0
254 47 39 0
255 19 56 0
256 91 111 0
257 92 136 0
258 20 30 0
259 58 39 0
260 8 20 0
261 54 58 0
262 35 71 0
263 52 124 0
264 14 36 0
265 87 149 0
266 94 143 0
267 65 159 0
268 47 27 0
269 97 216 0
270 44 58 0
271 83 78 0
272 29 54 0
273 41 24 0
274 71 40 0
275 98 193 0
276 65 61 0
277 100 133 0
278 20 59 0
279 64 171 0
280 67 123 0
281 7 17 0
282 3 8 0
283 23 65 0
284 11 13 0
285 99 120 0
286 89 228 0
287 63 62 0
288 5 6 0
289 57 146 0
290 24 38 0
291 34 66 0
292 91 181 0
293 81 97 0
294 64 56 0
295 53 127 0
296 56 79 0
297 75 43 0
298 99 262 0
299 27 50 0
300 53 48 0
301 90 140 0
302 29 34 0
303 54 84 0
304 44 85 0
305 87 226 0
306 61 66 0
307 96 207 0
308 44 77 0
309 84 108 0
310 22 15 0
311 4 7 0
312 66 42 0
313 35 57 0
314 25 21 0
315 81 232 0
316 77 172 0
317 20 14 0
318 96 195 0
319 68 87 0
320 40 88 0
321 80 102 0
322 4 7 0
323 42 121 0
324 66 159 0
325 81 201 0
326 78 183 0
327 89 70 0
328 44 48 0
329 50 44 0
330 98 254 0
331 79 176 0
332 66 133 0
333 43 63 0
334 2 6 0
335 71 105 0
336 39 106 0
337 21 38 0
338 90 100 0
339 88 235 0
340 79 142 0
341 70 124 0
342 38 37 0
343 4 4 0
344 83 229 0
345 40 82 0
346 6 8 0
347 49 110 0
348 74 75 0
349 58 154 0
350 13 11 0
351 20 13 0
352 29 26 0
353 76 120 0
354 74 167 0
355 57 76 0
356 68 42 0
357 9 11 0
358 9 21 0
359 99 247 0
360 14 39 0
361 23 19 0
362 81 140 0
363 88 87 0
364 15 30 0
365 44 125 0
366 53 127 0
367 99 211 0
368 30 34 0
369 25 23 0
370 99 151 0
371 6 7 0
372 69 126 0
373 55 37 0
374 96 158 0
375 30 17 0
376 89 188 0
377 50 100 0
378 7 21 0
379 99 85 0
380 45 116 0
381 95 176 0
382 79 99 0
383 62 179 0
384 75 58 0
385 97 134 0
386 98 277 0
387 67 91 0
388 56 136 0
389 3 7 0
390 84 94 0
391 80 102 0
392 74 182 0
393 42 30 0
394 85 246 0
395 31 83 0
396 53 119 0
397 64 78 0
398 75 46 0
399 63 184 0
400 6 7 0
401 16 30 0
402 74 95 0
403 88 143 0
404 32 48 0
405 20 21 0
406 26 37 0
407 10 16 0
408 31 48 0
409 29 62 0
410 41 32 0
411 12 17 0
412 50 84 0
413 95 172 0
414 35 59 0
415 98 259 0
416 53 72 0
417 27 30 0
418 88 139 0
419 67 46 0
420 12 25 0
421 86 143 0
422 30 78 0
423 87 162 0
424 7 10 0
425 86 145 0
426 95 195 0
427 91 108 0
428 53 105 0
429 63 108 0
430 54 121 0
431 45 127 0
432 28 43 0
433 46 99 0
434 48 37 0
435 88 62 0
436 11 24 0
437 30 37 0
438 49 41 0
439 29 43 0
440 23 28 0
441 75 136 0
442 64 97 0
443 76 89 0
444 75 187 0
445 9 21 0
446 15 11 0
447 92 244 0
448 10 6 0
449 85 50 0
450 98 227 0
451 62 145 0
452 36 63 0
453 67 121 0
454 66 124 0
455 36 98 0
456 61 36 0
457 73 199 0
458 41 71 0
459 65 145 0
460 12 32 0
461 81 138 0
462 73 169 0
463 87 194 0
464 30 41 0
465 2 6 0
466 2 4 0
467 64 143 0
468 68 177 0
469 37 108 0
470 85 180 0
471 32 38 0
472 53 151 0
473 21 18 0
474 82 226 0
475 91 107 0
476 28 45 0
477 69 91 0
478 51 148 0
479 67 178 0
480 63 159 0
481 26 51 0
482 33 97 0
483 67 118 0
484 55 132 0
485 38 107 0
486 15 41 0
487 2 6 0
488 64 151 0
489 52 129 0
490 100 192 0
491 57 35 0
492 46 112 0
493 44 79 0
494 15 9 0
495 94 95 0
496 15 16 0
497 5 9 0
498 62 120 0
499 84 75 0
