NAME GBP_INSTANCES\prob_2_A_4_8_2.txt
COMMENT
BINTYPES 3
ITEMS 500
BINS_SECTIONS
0 100 100 0 304 
1 120 120 0 253 
2 150 150 0 203 
ITEMS_SECTIONS
0 24 68 1
1 95 330 1
2 27 18 1
3 95 93 1
4 56 142 1
5 24 18 1
6 74 202 1
7 45 172 1
8 86 265 1
9 33 132 1
10 26 77 1
11 41 114 1
12 72 104 1
13 44 113 1
14 46 132 1
15 61 123 1
16 35 23 1
17 89 150 1
18 27 52 1
19 94 327 1
20 64 104 1
21 86 62 1
22 51 70 1
23 52 66 1
24 97 264 1
25 61 170 1
26 86 194 1
27 48 163 1
28 45 149 1
29 38 64 1
30 76 172 1
31 31 66 1
32 53 212 1
33 36 127 1
34 60 85 1
35 32 119 1
36 95 85 1
37 31 105 1
38 46 77 1
39 21 43 1
40 64 53 1
41 72 259 1
42 59 66 1
43 77 95 1
44 27 28 1
45 22 25 1
46 31 22 1
47 22 67 1
48 52 202 1
49 70 41 1
50 92 291 1
51 22 66 1
52 77 171 1
53 40 49 1
54 53 136 1
55 24 36 1
56 24 48 1
57 83 236 1
58 22 22 1
59 99 81 1
60 69 162 1
61 66 59 1
62 29 99 1
63 37 97 1
64 71 232 1
65 81 60 1
66 71 58 1
67 100 153 1
68 81 103 1
69 99 53 1
70 34 89 1
71 82 123 1
72 33 121 1
73 82 322 1
74 34 112 1
75 23 43 1
76 75 66 1
77 98 330 1
78 69 241 1
79 45 134 1
80 40 118 1
81 62 86 1
82 83 252 1
83 98 149 1
84 65 226 1
85 26 67 1
86 62 164 1
87 41 111 1
88 74 236 1
89 58 196 1
90 45 172 1
91 49 56 1
92 38 146 1
93 92 113 1
94 97 359 1
95 92 327 1
96 92 75 1
97 63 51 1
98 22 73 1
99 70 231 1
100 29 41 1
101 61 68 1
102 74 225 1
103 75 197 1
104 47 182 1
105 30 94 1
106 48 114 1
107 56 111 1
108 22 30 1
109 24 69 1
110 78 72 1
111 93 128 1
112 71 50 1
113 61 198 1
114 54 185 1
115 85 80 1
116 81 135 1
117 98 250 1
118 100 134 1
119 83 226 1
120 78 259 1
121 76 219 1
122 64 100 1
123 31 36 1
124 76 64 1
125 55 107 1
126 66 217 1
127 95 322 1
128 85 210 1
129 64 183 1
130 55 220 1
131 99 90 1
132 31 115 1
133 35 117 1
134 96 139 1
135 34 91 1
136 33 94 1
137 47 153 1
138 57 34 1
139 22 36 1
140 67 219 1
141 83 193 1
142 33 45 1
143 77 179 1
144 92 194 1
145 71 64 1
146 75 63 1
147 57 137 1
148 96 112 1
149 40 70 1
150 88 89 1
151 79 136 1
152 64 104 1
153 73 82 1
154 82 261 1
155 84 114 1
156 63 220 1
157 98 152 1
158 21 71 1
159 50 193 1
160 57 190 1
161 92 128 1
162 90 64 1
163 93 327 1
164 95 75 1
165 28 79 1
166 88 48 1
167 100 177 1
168 39 147 1
169 35 90 1
170 35 68 1
171 72 72 1
172 89 210 1
173 43 148 1
174 48 95 1
175 95 213 1
176 91 288 1
177 25 43 1
178 73 67 1
179 73 167 1
180 78 108 1
181 83 239 1
182 82 207 1
183 63 248 1
184 96 352 1
185 73 194 1
186 43 81 1
187 72 127 1
188 36 24 1
189 94 154 1
190 23 72 1
191 69 245 1
192 53 150 1
193 83 169 1
194 62 236 1
195 26 91 1
196 71 184 1
197 95 85 1
198 98 329 1
199 43 109 1
200 68 158 1
201 60 128 1
202 53 147 1
203 28 90 1
204 46 38 1
205 40 159 1
206 53 115 1
207 34 128 1
208 91 315 1
209 23 51 1
210 73 178 1
211 99 358 1
212 72 191 1
213 25 63 1
214 38 97 1
215 98 190 1
216 38 125 1
217 28 107 1
218 66 176 1
219 91 342 1
220 30 49 1
221 43 128 1
222 33 102 1
223 51 119 1
224 76 191 1
225 60 196 1
226 87 98 1
227 99 291 1
228 41 110 1
229 97 385 1
230 69 274 1
231 58 131 1
232 84 107 1
233 39 83 1
234 40 29 1
235 95 352 1
236 51 163 1
237 98 140 1
238 37 24 1
239 47 161 1
240 72 194 1
241 92 59 1
242 39 106 1
243 89 256 1
244 43 59 1
245 30 61 1
246 49 55 1
247 35 40 1
248 31 122 1
249 56 203 1
250 47 139 1
251 62 116 1
252 78 285 1
253 72 182 1
254 66 134 1
255 85 174 1
256 85 213 1
257 53 33 1
258 55 119 1
259 98 176 1
260 87 45 1
261 24 89 1
262 81 102 1
263 51 146 1
264 83 70 1
265 53 44 1
266 100 104 1
267 71 153 1
268 55 176 1
269 48 61 1
270 44 114 1
271 76 166 1
272 54 41 1
273 25 83 1
274 31 21 1
275 67 77 1
276 31 34 1
277 73 253 1
278 23 90 1
279 72 149 1
280 92 122 1
281 44 171 1
282 62 35 1
283 52 185 1
284 50 96 1
285 37 39 1
286 38 131 1
287 45 96 1
288 78 139 1
289 22 20 1
290 35 72 1
291 41 142 1
292 50 178 1
293 73 162 1
294 35 108 1
295 33 45 1
296 24 23 1
297 33 50 1
298 38 50 1
299 56 76 1
300 87 54 1
301 88 350 1
302 98 117 1
303 87 332 1
304 92 99 1
305 25 28 1
306 47 61 1
307 41 99 1
308 73 244 1
309 94 129 1
310 90 327 1
311 34 133 1
312 37 41 1
313 46 125 1
314 43 128 1
315 40 145 1
316 55 69 1
317 80 181 1
318 80 296 1
319 73 198 1
320 89 54 1
321 92 242 1
322 35 72 1
323 90 48 1
324 87 172 1
325 87 345 1
326 46 58 1
327 43 158 1
328 61 74 1
329 77 221 1
330 74 94 1
331 62 86 1
332 95 203 1
333 66 38 1
334 40 52 1
335 79 65 1
336 39 97 1
337 63 207 1
338 22 87 1
339 88 152 1
340 47 45 1
341 80 53 1
342 33 107 1
343 94 55 1
344 38 79 1
345 43 58 1
346 99 161 1
347 68 106 1
348 36 140 1
349 70 178 1
350 61 177 1
351 99 175 1
352 32 67 1
353 76 255 1
354 77 226 1
355 77 162 1
356 31 93 1
357 39 122 1
358 47 92 1
359 68 263 1
360 65 120 1
361 50 74 1
362 48 109 1
363 85 58 1
364 100 267 1
365 33 56 1
366 87 303 1
367 73 109 1
368 28 104 1
369 34 90 1
370 68 163 1
371 33 48 1
372 64 147 1
373 67 140 1
374 95 272 1
375 52 160 0
376 67 116 0
377 24 50 0
378 38 138 0
379 88 331 0
380 96 212 0
381 85 57 0
382 69 259 0
383 80 66 0
384 95 317 0
385 35 87 0
386 45 35 0
387 58 93 0
388 35 109 0
389 28 20 0
390 30 18 0
391 41 125 0
392 25 38 0
393 64 180 0
394 53 111 0
395 31 68 0
396 46 153 0
397 92 309 0
398 36 116 0
399 42 145 0
400 67 63 0
401 84 290 0
402 76 169 0
403 87 199 0
404 77 61 0
405 59 139 0
406 97 284 0
407 56 41 0
408 50 91 0
409 66 175 0
410 85 195 0
411 38 81 0
412 97 196 0
413 90 360 0
414 87 158 0
415 81 64 0
416 25 58 0
417 38 110 0
418 76 58 0
419 80 187 0
420 88 277 0
421 40 93 0
422 45 160 0
423 85 141 0
424 49 107 0
425 80 191 0
426 46 182 0
427 32 82 0
428 30 17 0
429 71 94 0
430 59 56 0
431 63 110 0
432 41 68 0
433 44 53 0
434 34 42 0
435 50 154 0
436 33 43 0
437 25 28 0
438 75 167 0
439 41 157 0
440 35 132 0
441 93 211 0
442 81 281 0
443 86 287 0
444 54 187 0
445 97 218 0
446 78 223 0
447 34 119 0
448 89 247 0
449 80 120 0
450 87 132 0
451 96 249 0
452 97 379 0
453 30 115 0
454 36 64 0
455 28 93 0
456 40 132 0
457 66 151 0
458 75 93 0
459 49 41 0
460 70 158 0
461 87 290 0
462 68 246 0
463 83 134 0
464 35 80 0
465 74 81 0
466 27 106 0
467 30 81 0
468 37 40 0
469 64 141 0
470 45 30 0
471 51 63 0
472 23 76 0
473 37 143 0
474 45 93 0
475 64 48 0
476 64 58 0
477 87 242 0
478 61 117 0
479 59 37 0
480 28 15 0
481 86 98 0
482 93 163 0
483 47 177 0
484 48 75 0
485 79 44 0
486 88 78 0
487 48 93 0
488 100 74 0
489 76 72 0
490 50 67 0
491 29 111 0
492 99 314 0
493 62 120 0
494 29 52 0
495 75 253 0
496 89 346 0
497 22 60 0
498 78 254 0
499 39 61 0
