NAME GBP_INSTANCES\prob_1_B_4_0_0.txt
COMMENT
BINTYPES 5
ITEMS 500
BINS_SECTIONS
0 60 60 0 414 
1 80 80 0 310 
2 100 100 0 248 
3 120 120 0 207 
4 150 150 0 166 
ITEMS_SECTIONS
0 72 200 1
1 15 200 1
2 12 200 1
3 67 200 1
4 72 200 1
5 35 200 1
6 27 200 1
7 50 200 1
8 37 200 1
9 41 200 1
10 2 200 1
11 12 200 1
12 70 200 1
13 29 200 1
14 67 200 1
15 37 200 1
16 18 200 1
17 92 200 1
18 41 200 1
19 83 200 1
20 7 200 1
21 72 200 1
22 75 200 1
23 38 200 1
24 84 200 1
25 76 200 1
26 87 200 1
27 93 200 1
28 22 200 1
29 95 200 1
30 30 200 1
31 50 200 1
32 6 200 1
33 15 200 1
34 88 200 1
35 91 200 1
36 89 200 1
37 40 200 1
38 57 200 1
39 75 200 1
40 36 200 1
41 26 200 1
42 87 200 1
43 54 200 1
44 3 200 1
45 56 200 1
46 68 200 1
47 82 200 1
48 8 200 1
49 33 200 1
50 10 200 1
51 27 200 1
52 49 200 1
53 36 200 1
54 3 200 1
55 18 200 1
56 87 200 1
57 19 200 1
58 41 200 1
59 92 200 1
60 73 200 1
61 82 200 1
62 44 200 1
63 37 200 1
64 40 200 1
65 14 200 1
66 95 200 1
67 86 200 1
68 29 200 1
69 16 200 1
70 29 200 1
71 95 200 1
72 71 200 1
73 21 200 1
74 66 200 1
75 41 200 1
76 9 200 1
77 19 200 1
78 47 200 1
79 57 200 1
80 53 200 1
81 80 200 1
82 64 200 1
83 72 200 1
84 78 200 1
85 21 200 1
86 22 200 1
87 52 200 1
88 50 200 1
89 72 200 1
90 50 200 1
91 5 200 1
92 80 200 1
93 16 200 1
94 84 200 1
95 69 200 1
96 16 200 1
97 50 200 1
98 45 200 1
99 29 200 1
100 39 200 1
101 22 200 1
102 29 200 1
103 81 200 1
104 96 200 1
105 24 200 1
106 36 200 1
107 2 200 1
108 45 200 1
109 73 200 1
110 63 200 1
111 19 200 1
112 5 200 1
113 68 200 1
114 67 200 1
115 78 200 1
116 31 200 1
117 54 200 1
118 42 200 1
119 67 200 1
120 89 200 1
121 77 200 1
122 13 200 1
123 92 200 1
124 34 200 1
125 70 200 1
126 84 200 1
127 11 200 1
128 92 200 1
129 49 200 1
130 47 200 1
131 59 200 1
132 42 200 1
133 54 200 1
134 87 200 1
135 15 200 1
136 91 200 1
137 19 200 1
138 96 200 1
139 27 200 1
140 38 200 1
141 10 200 1
142 23 200 1
143 40 200 1
144 32 200 1
145 13 200 1
146 76 200 1
147 63 200 1
148 15 200 1
149 97 200 1
150 16 200 1
151 96 200 1
152 45 200 1
153 59 200 1
154 24 200 1
155 75 200 1
156 96 200 1
157 52 200 1
158 23 200 1
159 37 200 1
160 50 200 1
161 20 200 1
162 10 200 1
163 74 200 1
164 33 200 1
165 40 200 1
166 84 200 1
167 83 200 1
168 54 200 1
169 71 200 1
170 39 200 1
171 68 200 1
172 86 200 1
173 53 200 1
174 78 200 1
175 98 200 1
176 28 200 1
177 15 200 1
178 49 200 1
179 4 200 1
180 10 200 1
181 47 200 1
182 47 200 1
183 85 200 1
184 76 200 1
185 28 200 1
186 78 200 1
187 33 200 1
188 6 200 1
189 4 200 1
190 26 200 1
191 31 200 1
192 93 200 1
193 55 200 1
194 36 200 1
195 30 200 1
196 76 200 1
197 42 200 1
198 44 200 1
199 86 200 1
200 7 200 1
201 35 200 1
202 57 200 1
203 34 200 1
204 63 200 1
205 63 200 1
206 29 200 1
207 83 200 1
208 7 200 1
209 58 200 1
210 37 200 1
211 36 200 1
212 67 200 1
213 33 200 1
214 85 200 1
215 86 200 1
216 66 200 1
217 75 200 1
218 62 200 1
219 5 200 1
220 66 200 1
221 100 200 1
222 67 200 1
223 86 200 1
224 48 200 1
225 32 200 1
226 28 200 1
227 44 200 1
228 10 200 1
229 58 200 1
230 40 200 1
231 32 200 1
232 92 200 1
233 44 200 1
234 36 200 1
235 91 200 1
236 9 200 1
237 32 200 1
238 23 200 1
239 92 200 1
240 5 200 1
241 15 200 1
242 88 200 1
243 56 200 1
244 11 200 1
245 19 200 1
246 25 200 1
247 62 200 1
248 20 200 1
249 82 200 1
250 64 200 1
251 88 200 1
252 58 200 1
253 54 200 1
254 67 200 1
255 7 200 1
256 60 200 1
257 13 200 1
258 83 200 1
259 91 200 1
260 43 200 1
261 20 200 1
262 91 200 1
263 38 200 1
264 76 200 1
265 20 200 1
266 62 200 1
267 71 200 1
268 40 200 1
269 88 200 1
270 52 200 1
271 32 200 1
272 79 200 1
273 37 200 1
274 51 200 1
275 20 200 1
276 35 200 1
277 5 200 1
278 10 200 1
279 85 200 1
280 62 200 1
281 10 200 1
282 65 200 1
283 41 200 1
284 31 200 1
285 10 200 1
286 93 200 1
287 3 200 1
288 99 200 1
289 42 200 1
290 95 200 1
291 7 200 1
292 56 200 1
293 93 200 1
294 63 200 1
295 30 200 1
296 45 200 1
297 67 200 1
298 16 200 1
299 58 200 1
300 43 200 1
301 93 200 1
302 58 200 1
303 21 200 1
304 13 200 1
305 63 200 1
306 68 200 1
307 42 200 1
308 7 200 1
309 23 200 1
310 29 200 1
311 37 200 1
312 42 200 1
313 6 200 1
314 46 200 1
315 81 200 1
316 9 200 1
317 46 200 1
318 58 200 1
319 95 200 1
320 57 200 1
321 53 200 1
322 57 200 1
323 85 200 1
324 4 200 1
325 79 200 1
326 70 200 1
327 45 200 1
328 9 200 1
329 75 200 1
330 74 200 1
331 2 200 1
332 75 200 1
333 45 200 1
334 29 200 1
335 82 200 1
336 5 200 1
337 18 200 1
338 78 200 1
339 96 200 1
340 66 200 1
341 42 200 1
342 20 200 1
343 9 200 1
344 28 200 1
345 100 200 1
346 84 200 1
347 84 200 1
348 85 200 1
349 76 200 1
350 23 200 1
351 18 200 1
352 45 200 1
353 58 200 1
354 57 200 1
355 80 200 1
356 10 200 1
357 13 200 1
358 71 200 1
359 29 200 1
360 96 200 1
361 17 200 1
362 16 200 1
363 6 200 1
364 69 200 1
365 72 200 1
366 96 200 1
367 55 200 1
368 79 200 1
369 6 200 1
370 20 200 1
371 18 200 1
372 25 200 1
373 63 200 1
374 64 200 1
375 99 200 1
376 13 200 1
377 10 200 1
378 52 200 1
379 86 200 1
380 28 200 1
381 49 200 1
382 94 200 1
383 7 200 1
384 99 200 1
385 58 200 1
386 80 200 1
387 6 200 1
388 71 200 1
389 62 200 1
390 73 200 1
391 37 200 1
392 63 200 1
393 50 200 1
394 10 200 1
395 36 200 1
396 25 200 1
397 43 200 1
398 43 200 1
399 80 200 1
400 83 200 1
401 20 200 1
402 26 200 1
403 96 200 1
404 63 200 1
405 23 200 1
406 93 200 1
407 20 200 1
408 11 200 1
409 34 200 1
410 21 200 1
411 83 200 1
412 73 200 1
413 48 200 1
414 29 200 1
415 15 200 1
416 76 200 1
417 36 200 1
418 9 200 1
419 33 200 1
420 57 200 1
421 32 200 1
422 30 200 1
423 32 200 1
424 82 200 1
425 18 200 1
426 26 200 1
427 19 200 1
428 19 200 1
429 55 200 1
430 95 200 1
431 16 200 1
432 83 200 1
433 35 200 1
434 27 200 1
435 86 200 1
436 38 200 1
437 92 200 1
438 84 200 1
439 89 200 1
440 56 200 1
441 58 200 1
442 58 200 1
443 29 200 1
444 33 200 1
445 88 200 1
446 27 200 1
447 98 200 1
448 54 200 1
449 60 200 1
450 21 200 1
451 94 200 1
452 8 200 1
453 59 200 1
454 42 200 1
455 88 200 1
456 50 200 1
457 46 200 1
458 30 200 1
459 36 200 1
460 95 200 1
461 43 200 1
462 31 200 1
463 22 200 1
464 69 200 1
465 13 200 1
466 51 200 1
467 98 200 1
468 74 200 1
469 76 200 1
470 60 200 1
471 36 200 1
472 7 200 1
473 50 200 1
474 27 200 1
475 37 200 1
476 87 200 1
477 22 200 1
478 35 200 1
479 28 200 1
480 33 200 1
481 83 200 1
482 93 200 1
483 81 200 1
484 37 200 1
485 17 200 1
486 57 200 1
487 89 200 1
488 84 200 1
489 46 200 1
490 85 200 1
491 34 200 1
492 73 200 1
493 74 200 1
494 69 200 1
495 74 200 1
496 53 200 1
497 95 200 1
498 22 200 1
499 5 200 1
