NAME GBP_INSTANCES\prob_1_B_4_8_1.txt
COMMENT
BINTYPES 5
ITEMS 500
BINS_SECTIONS
0 60 60 0 424 
1 80 80 0 318 
2 100 100 0 255 
3 120 120 0 212 
4 150 150 0 170 
ITEMS_SECTIONS
0 36 93 1
1 68 81 1
2 90 246 1
3 30 64 1
4 32 69 1
5 82 161 1
6 37 86 1
7 59 117 1
8 2 5 1
9 80 90 1
10 5 14 1
11 45 51 1
12 83 209 1
13 3 5 1
14 81 174 1
15 77 81 1
16 7 16 1
17 78 183 1
18 46 41 1
19 58 57 1
20 10 25 1
21 64 154 1
22 79 91 1
23 81 73 1
24 31 64 1
25 19 57 1
26 42 97 1
27 4 7 1
28 43 104 1
29 59 42 1
30 57 43 1
31 21 38 1
32 51 32 1
33 83 164 1
34 3 4 1
35 97 159 1
36 27 43 1
37 77 177 1
38 53 157 1
39 70 118 1
40 93 265 1
41 13 37 1
42 74 198 1
43 82 243 1
44 54 32 1
45 54 121 1
46 13 33 1
47 47 124 1
48 58 136 1
49 64 191 1
50 78 73 1
51 19 49 1
52 94 115 1
53 49 57 1
54 72 143 1
55 65 144 1
56 39 111 1
57 13 24 1
58 41 42 1
59 6 13 1
60 4 9 1
61 70 77 1
62 31 16 1
63 28 20 1
64 34 98 1
65 93 113 1
66 6 14 1
67 39 99 1
68 21 45 1
69 30 62 1
70 10 19 1
71 56 93 1
72 32 54 1
73 75 174 1
74 38 83 1
75 11 27 1
76 61 173 1
77 39 109 1
78 96 254 1
79 55 157 1
80 96 286 1
81 76 64 1
82 15 35 1
83 48 55 1
84 87 54 1
85 39 54 1
86 84 221 1
87 20 51 1
88 36 74 1
89 12 16 1
90 4 7 1
91 80 60 1
92 73 97 1
93 74 85 1
94 86 116 1
95 75 60 1
96 56 72 1
97 84 119 1
98 25 50 1
99 55 36 1
100 48 110 1
101 96 282 1
102 51 106 1
103 59 56 1
104 6 5 1
105 14 12 1
106 7 11 1
107 82 53 1
108 44 120 1
109 11 28 1
110 53 112 1
111 33 42 1
112 7 7 1
113 94 74 1
114 27 35 1
115 24 18 1
116 9 21 1
117 60 61 1
118 83 125 1
119 40 80 1
120 72 53 1
121 3 6 1
122 36 80 1
123 10 14 1
124 28 18 1
125 42 46 1
126 17 25 1
127 99 209 1
128 12 34 1
129 28 29 1
130 77 75 1
131 7 6 1
132 17 17 1
133 67 193 1
134 68 186 1
135 31 55 1
136 28 31 1
137 57 151 1
138 85 67 1
139 12 26 1
140 14 30 1
141 56 62 1
142 47 66 1
143 22 53 1
144 93 172 1
145 83 137 1
146 81 197 1
147 86 119 1
148 50 51 1
149 69 165 1
150 85 172 1
151 35 21 1
152 20 39 1
153 57 56 1
154 44 96 1
155 36 62 1
156 15 43 1
157 76 103 1
158 59 151 1
159 48 99 1
160 17 43 1
161 78 99 1
162 81 147 1
163 13 34 1
164 4 5 1
165 68 168 1
166 99 140 1
167 33 93 1
168 32 77 1
169 19 54 1
170 79 135 1
171 67 129 1
172 55 32 1
173 96 120 1
174 91 181 1
175 73 132 1
176 82 242 1
177 88 200 1
178 44 65 1
179 37 108 1
180 76 194 1
181 59 121 1
182 50 66 1
183 19 44 1
184 75 175 1
185 33 34 1
186 29 22 1
187 61 93 1
188 55 153 1
189 19 40 1
190 99 242 1
191 74 95 1
192 10 19 1
193 77 72 1
194 50 72 1
195 52 141 1
196 58 63 1
197 60 97 1
198 31 79 1
199 36 104 1
200 74 201 1
201 99 179 1
202 86 139 1
203 83 142 1
204 22 28 1
205 88 140 1
206 44 63 1
207 48 52 1
208 25 24 1
209 43 118 1
210 77 102 1
211 31 29 1
212 22 55 1
213 57 34 1
214 86 71 1
215 17 20 1
216 55 39 1
217 69 190 1
218 89 229 1
219 46 111 1
220 38 63 1
221 40 66 1
222 72 198 1
223 46 59 1
224 50 53 1
225 48 27 1
226 92 55 1
227 62 172 1
228 4 6 1
229 37 22 1
230 92 203 1
231 19 26 1
232 32 37 1
233 80 117 1
234 6 8 1
235 48 71 1
236 43 35 1
237 23 32 1
238 12 20 1
239 16 12 1
240 89 59 1
241 63 121 1
242 39 98 1
243 88 258 1
244 96 109 1
245 25 50 1
246 50 105 1
247 64 106 1
248 96 54 1
249 92 264 1
250 22 43 1
251 10 19 1
252 28 37 1
253 48 141 1
254 55 75 1
255 36 81 1
256 19 21 1
257 99 149 1
258 18 34 1
259 42 48 1
260 33 42 1
261 26 15 1
262 64 145 1
263 72 146 1
264 5 13 1
265 29 26 1
266 30 88 1
267 13 8 1
268 18 24 1
269 22 13 1
270 48 30 1
271 55 114 1
272 69 141 1
273 50 77 1
274 84 59 1
275 85 221 1
276 77 101 1
277 58 40 1
278 42 106 1
279 5 12 1
280 61 131 1
281 11 17 1
282 17 30 1
283 34 37 1
284 60 70 1
285 85 144 1
286 75 45 1
287 28 82 1
288 20 41 1
289 25 55 1
290 30 53 1
291 47 88 1
292 12 21 1
293 91 256 1
294 71 213 1
295 94 66 1
296 14 18 1
297 96 207 1
298 50 30 1
299 85 246 1
300 16 45 1
301 47 50 1
302 51 48 1
303 55 123 1
304 79 194 1
305 88 207 1
306 68 93 1
307 59 108 1
308 19 28 1
309 86 49 1
310 13 13 1
311 91 95 1
312 32 57 1
313 19 18 1
314 65 186 1
315 55 33 1
316 41 74 1
317 28 44 1
318 5 7 1
319 17 27 1
320 78 69 1
321 100 163 1
322 28 37 1
323 94 242 1
324 77 154 1
325 30 57 1
326 86 196 1
327 94 269 1
328 3 8 1
329 21 46 1
330 54 85 1
331 36 81 1
332 80 96 1
333 91 224 1
334 69 195 1
335 14 33 1
336 55 100 1
337 49 30 1
338 38 32 1
339 6 14 1
340 43 121 1
341 75 173 1
342 57 95 1
343 88 141 1
344 13 20 1
345 94 278 1
346 52 51 1
347 73 134 1
348 50 41 1
349 85 146 1
350 65 145 1
351 3 3 1
352 42 119 1
353 90 236 1
354 12 15 1
355 60 34 1
356 39 79 1
357 74 205 1
358 28 65 1
359 87 96 1
360 37 107 1
361 20 19 1
362 26 62 1
363 92 57 1
364 28 15 1
365 81 155 1
366 94 178 1
367 37 74 1
368 55 158 1
369 85 198 1
370 40 55 1
371 80 133 1
372 44 111 1
373 22 66 1
374 19 30 1
375 67 111 0
376 29 37 0
377 100 297 0
378 61 103 0
379 45 24 0
380 38 57 0
381 5 7 0
382 23 61 0
383 100 224 0
384 79 55 0
385 38 72 0
386 74 62 0
387 78 176 0
388 78 162 0
389 89 102 0
390 62 33 0
391 3 8 0
392 4 9 0
393 100 234 0
394 48 137 0
395 41 86 0
396 43 85 0
397 80 114 0
398 69 92 0
399 44 34 0
400 59 33 0
401 35 69 0
402 18 33 0
403 96 253 0
404 91 265 0
405 61 76 0
406 86 89 0
407 8 14 0
408 29 59 0
409 83 136 0
410 71 83 0
411 88 157 0
412 27 62 0
413 64 185 0
414 91 89 0
415 29 49 0
416 82 162 0
417 76 156 0
418 9 22 0
419 44 113 0
420 49 66 0
421 76 111 0
422 4 8 0
423 74 95 0
424 12 20 0
425 51 131 0
426 97 224 0
427 29 63 0
428 85 183 0
429 84 226 0
430 78 223 0
431 59 46 0
432 69 168 0
433 21 22 0
434 12 33 0
435 31 60 0
436 22 40 0
437 60 84 0
438 96 249 0
439 4 9 0
440 83 142 0
441 75 73 0
442 60 142 0
443 79 160 0
444 12 17 0
445 77 68 0
446 32 19 0
447 21 20 0
448 62 171 0
449 19 14 0
450 3 9 0
451 10 9 0
452 74 87 0
453 69 102 0
454 11 17 0
455 49 38 0
456 91 122 0
457 44 62 0
458 50 99 0
459 63 50 0
460 85 236 0
461 25 50 0
462 58 132 0
463 18 50 0
464 10 14 0
465 51 106 0
466 58 147 0
467 14 21 0
468 48 139 0
469 22 41 0
470 34 65 0
471 53 64 0
472 83 59 0
473 91 256 0
474 2 5 0
475 53 112 0
476 58 154 0
477 92 171 0
478 52 79 0
479 15 21 0
480 55 86 0
481 65 56 0
482 41 35 0
483 90 117 0
484 53 142 0
485 38 95 0
486 90 246 0
487 81 126 0
488 95 178 0
489 39 109 0
490 78 204 0
491 8 23 0
492 45 120 0
493 67 119 0
494 87 225 0
495 66 181 0
496 26 73 0
497 16 34 0
498 91 181 0
499 41 121 0
