NAME GBP_INSTANCES\prob_1_B_4_1_0.txt
COMMENT
BINTYPES 5
ITEMS 500
BINS_SECTIONS
0 60 60 0 435 
1 80 80 0 327 
2 100 100 0 261 
3 120 120 0 218 
4 150 150 0 174 
ITEMS_SECTIONS
0 72 200 1
1 16 200 1
2 93 200 1
3 96 200 1
4 42 200 1
5 63 200 1
6 88 200 1
7 80 200 1
8 91 200 1
9 34 200 1
10 51 200 1
11 78 200 1
12 35 200 1
13 41 200 1
14 99 200 1
15 45 200 1
16 27 200 1
17 11 200 1
18 69 200 1
19 28 200 1
20 27 200 1
21 14 200 1
22 51 200 1
23 15 200 1
24 42 200 1
25 54 200 1
26 79 200 1
27 53 200 1
28 66 200 1
29 15 200 1
30 62 200 1
31 34 200 1
32 100 200 1
33 82 200 1
34 2 200 1
35 19 200 1
36 63 200 1
37 36 200 1
38 3 200 1
39 93 200 1
40 71 200 1
41 46 200 1
42 16 200 1
43 40 200 1
44 5 200 1
45 56 200 1
46 9 200 1
47 93 200 1
48 35 200 1
49 83 200 1
50 19 200 1
51 6 200 1
52 39 200 1
53 28 200 1
54 82 200 1
55 39 200 1
56 63 200 1
57 18 200 1
58 76 200 1
59 51 200 1
60 65 200 1
61 83 200 1
62 87 200 1
63 76 200 1
64 2 200 1
65 85 200 1
66 48 200 1
67 60 200 1
68 93 200 1
69 88 200 1
70 22 200 1
71 67 200 1
72 25 200 1
73 11 200 1
74 17 200 1
75 7 200 1
76 8 200 1
77 33 200 1
78 86 200 1
79 98 200 1
80 89 200 1
81 10 200 1
82 95 200 1
83 33 200 1
84 5 200 1
85 53 200 1
86 34 200 1
87 31 200 1
88 71 200 1
89 37 200 1
90 23 200 1
91 69 200 1
92 26 200 1
93 97 200 1
94 15 200 1
95 82 200 1
96 89 200 1
97 68 200 1
98 45 200 1
99 85 200 1
100 77 200 1
101 29 200 1
102 99 200 1
103 54 200 1
104 20 200 1
105 18 200 1
106 91 200 1
107 84 200 1
108 33 200 1
109 62 200 1
110 97 200 1
111 88 200 1
112 89 200 1
113 98 200 1
114 34 200 1
115 31 200 1
116 29 200 1
117 38 200 1
118 56 200 1
119 70 200 1
120 70 200 1
121 18 200 1
122 28 200 1
123 17 200 1
124 48 200 1
125 41 200 1
126 56 200 1
127 59 200 1
128 51 200 1
129 7 200 1
130 50 200 1
131 70 200 1
132 81 200 1
133 48 200 1
134 84 200 1
135 63 200 1
136 98 200 1
137 89 200 1
138 23 200 1
139 89 200 1
140 88 200 1
141 17 200 1
142 2 200 1
143 50 200 1
144 8 200 1
145 95 200 1
146 15 200 1
147 30 200 1
148 41 200 1
149 15 200 1
150 95 200 1
151 97 200 1
152 39 200 1
153 2 200 1
154 47 200 1
155 16 200 1
156 52 200 1
157 79 200 1
158 20 200 1
159 74 200 1
160 43 200 1
161 13 200 1
162 70 200 1
163 98 200 1
164 94 200 1
165 19 200 1
166 21 200 1
167 65 200 1
168 74 200 1
169 83 200 1
170 38 200 1
171 45 200 1
172 7 200 1
173 57 200 1
174 56 200 1
175 33 200 1
176 87 200 1
177 78 200 1
178 68 200 1
179 68 200 1
180 89 200 1
181 2 200 1
182 95 200 1
183 14 200 1
184 25 200 1
185 61 200 1
186 84 200 1
187 93 200 1
188 80 200 1
189 63 200 1
190 11 200 1
191 56 200 1
192 96 200 1
193 32 200 1
194 56 200 1
195 65 200 1
196 27 200 1
197 4 200 1
198 51 200 1
199 90 200 1
200 33 200 1
201 92 200 1
202 16 200 1
203 86 200 1
204 42 200 1
205 25 200 1
206 16 200 1
207 42 200 1
208 44 200 1
209 60 200 1
210 68 200 1
211 95 200 1
212 46 200 1
213 99 200 1
214 97 200 1
215 77 200 1
216 51 200 1
217 8 200 1
218 89 200 1
219 89 200 1
220 96 200 1
221 28 200 1
222 32 200 1
223 90 200 1
224 11 200 1
225 44 200 1
226 8 200 1
227 74 200 1
228 12 200 1
229 43 200 1
230 16 200 1
231 28 200 1
232 31 200 1
233 43 200 1
234 78 200 1
235 55 200 1
236 68 200 1
237 49 200 1
238 30 200 1
239 44 200 1
240 66 200 1
241 89 200 1
242 38 200 1
243 69 200 1
244 4 200 1
245 95 200 1
246 40 200 1
247 7 200 1
248 9 200 1
249 82 200 1
250 58 200 1
251 52 200 1
252 88 200 1
253 94 200 1
254 82 200 1
255 24 200 1
256 61 200 1
257 65 200 1
258 70 200 1
259 37 200 1
260 3 200 1
261 68 200 1
262 50 200 1
263 25 200 1
264 96 200 1
265 93 200 1
266 94 200 1
267 6 200 1
268 84 200 1
269 40 200 1
270 48 200 1
271 65 200 1
272 12 200 1
273 46 200 1
274 47 200 1
275 58 200 1
276 78 200 1
277 59 200 1
278 55 200 1
279 79 200 1
280 64 200 1
281 64 200 1
282 34 200 1
283 37 200 1
284 64 200 1
285 65 200 1
286 60 200 1
287 61 200 1
288 91 200 1
289 43 200 1
290 36 200 1
291 76 200 1
292 76 200 1
293 89 200 1
294 86 200 1
295 89 200 1
296 31 200 1
297 41 200 1
298 83 200 1
299 98 200 1
300 8 200 1
301 93 200 1
302 14 200 1
303 90 200 1
304 13 200 1
305 46 200 1
306 12 200 1
307 38 200 1
308 7 200 1
309 45 200 1
310 77 200 1
311 34 200 1
312 52 200 1
313 66 200 1
314 8 200 1
315 12 200 1
316 52 200 1
317 29 200 1
318 56 200 1
319 66 200 1
320 20 200 1
321 60 200 1
322 46 200 1
323 24 200 1
324 30 200 1
325 6 200 1
326 56 200 1
327 89 200 1
328 7 200 1
329 15 200 1
330 9 200 1
331 6 200 1
332 80 200 1
333 91 200 1
334 69 200 1
335 65 200 1
336 72 200 1
337 42 200 1
338 94 200 1
339 94 200 1
340 47 200 1
341 91 200 1
342 32 200 1
343 67 200 1
344 83 200 1
345 33 200 1
346 17 200 1
347 52 200 1
348 6 200 1
349 59 200 1
350 61 200 1
351 65 200 1
352 36 200 1
353 36 200 1
354 85 200 1
355 20 200 1
356 84 200 1
357 96 200 1
358 84 200 1
359 50 200 1
360 69 200 1
361 77 200 1
362 79 200 1
363 8 200 1
364 64 200 1
365 98 200 1
366 53 200 1
367 90 200 1
368 65 200 1
369 17 200 1
370 6 200 1
371 24 200 1
372 81 200 1
373 25 200 1
374 46 200 1
375 34 200 1
376 37 200 1
377 47 200 1
378 45 200 1
379 44 200 1
380 98 200 1
381 12 200 1
382 63 200 1
383 41 200 1
384 98 200 1
385 22 200 1
386 88 200 1
387 16 200 1
388 80 200 1
389 29 200 1
390 95 200 1
391 58 200 1
392 34 200 1
393 28 200 1
394 54 200 1
395 94 200 1
396 46 200 1
397 64 200 1
398 99 200 1
399 32 200 1
400 39 200 1
401 90 200 1
402 2 200 1
403 31 200 1
404 12 200 1
405 50 200 1
406 41 200 1
407 51 200 1
408 65 200 1
409 23 200 1
410 24 200 1
411 82 200 1
412 26 200 1
413 29 200 1
414 44 200 1
415 35 200 1
416 43 200 1
417 4 200 1
418 35 200 1
419 69 200 1
420 82 200 1
421 52 200 1
422 11 200 1
423 59 200 1
424 88 200 1
425 97 200 1
426 38 200 1
427 66 200 1
428 30 200 1
429 21 200 1
430 42 200 1
431 11 200 1
432 11 200 1
433 17 200 1
434 86 200 1
435 31 200 1
436 63 200 1
437 61 200 1
438 37 200 1
439 92 200 1
440 93 200 1
441 11 200 1
442 31 200 1
443 71 200 1
444 6 200 1
445 36 200 1
446 85 200 1
447 51 200 1
448 72 200 1
449 3 200 1
450 52 200 1
451 51 200 1
452 76 200 1
453 100 200 1
454 46 200 1
455 56 200 1
456 94 200 1
457 55 200 1
458 81 200 1
459 31 200 1
460 46 200 1
461 87 200 1
462 9 200 1
463 10 200 1
464 72 200 1
465 83 200 1
466 11 200 1
467 46 200 1
468 81 200 1
469 34 200 1
470 47 200 1
471 92 200 1
472 17 200 1
473 94 200 1
474 91 200 1
475 24 200 1
476 76 200 1
477 44 200 1
478 65 200 1
479 49 200 1
480 63 200 1
481 73 200 1
482 14 200 1
483 40 200 1
484 68 200 1
485 94 200 1
486 17 200 1
487 15 200 1
488 83 200 1
489 100 200 1
490 82 200 1
491 8 200 1
492 44 200 1
493 66 200 1
494 26 200 1
495 70 200 1
496 86 200 1
497 13 200 1
498 72 200 1
499 10 200 1
