NAME GBP_INSTANCES\prob_3_A_4_3_2.txt
COMMENT
BINTYPES 3
ITEMS 500
BINS_SECTIONS
0 100 100 0 381 
1 120 120 0 317 
2 150 150 0 254 
ITEMS_SECTIONS
0 63 157 0 
1 76 140 0 
2 72 55 0 
3 88 283 0 
4 83 259 0 
5 99 187 0 
6 93 87 0 
7 73 257 0 
8 100 175 0 
9 84 54 0 
10 74 178 0 
11 54 110 0 
12 54 44 0 
13 62 58 0 
14 61 147 0 
15 81 301 0 
16 98 151 0 
17 77 243 0 
18 63 61 0 
19 56 78 0 
20 70 168 0 
21 96 68 0 
22 63 106 0 
23 98 221 0 
24 96 175 0 
25 98 252 0 
26 92 52 0 
27 74 149 0 
28 61 221 0 
29 71 151 0 
30 89 57 0 
31 84 301 0 
32 97 218 0 
33 57 48 0 
34 63 121 0 
35 82 106 0 
36 55 60 0 
37 100 355 0 
38 53 72 0 
39 61 92 0 
40 65 118 0 
41 83 268 0 
42 83 268 0 
43 77 156 0 
44 53 54 0 
45 81 130 0 
46 51 85 0 
47 53 203 0 
48 67 229 0 
49 57 122 0 
50 76 156 0 
51 78 190 0 
52 87 149 0 
53 55 119 0 
54 66 177 0 
55 97 192 0 
56 59 52 0 
57 58 201 0 
58 89 279 0 
59 100 384 0 
60 86 131 0 
61 91 104 0 
62 70 250 0 
63 71 149 0 
64 67 111 0 
65 71 204 0 
66 84 104 0 
67 87 159 0 
68 69 111 0 
69 81 262 0 
70 69 227 0 
71 91 346 0 
72 58 150 0 
73 79 164 0 
74 83 165 0 
75 72 223 0 
76 94 218 0 
77 63 158 0 
78 85 274 0 
79 78 210 0 
80 57 66 0 
81 59 33 0 
82 98 344 0 
83 51 28 0 
84 99 214 0 
85 99 101 0 
86 94 58 0 
87 94 92 0 
88 60 229 0 
89 55 176 0 
90 61 193 0 
91 78 198 0 
92 79 100 0 
93 92 313 0 
94 93 365 0 
95 92 271 0 
96 86 164 0 
97 69 247 0 
98 96 227 0 
99 79 50 0 
100 68 241 0 
101 97 248 0 
102 75 253 0 
103 92 138 0 
104 79 275 0 
105 67 148 0 
106 84 203 0 
107 83 184 0 
108 55 93 0 
109 75 204 0 
110 91 357 0 
111 72 249 0 
112 93 256 0 
113 57 194 0 
114 70 164 0 
115 70 102 0 
116 100 327 0 
117 98 272 0 
118 99 314 0 
119 76 247 0 
120 85 285 0 
121 86 212 0 
122 72 208 0 
123 96 380 0 
124 91 68 0 
125 81 96 0 
126 74 272 0 
127 95 111 0 
128 91 356 0 
129 54 210 0 
130 70 268 0 
131 76 191 0 
132 97 72 0 
133 81 177 0 
134 93 248 0 
135 60 155 0 
136 51 133 0 
137 95 317 0 
138 52 111 0 
139 94 253 0 
140 59 44 0 
141 66 246 0 
142 78 163 0 
143 66 217 0 
144 72 157 0 
145 84 87 0 
146 95 108 0 
147 75 181 0 
148 83 57 0 
149 100 194 0 
150 72 39 0 
151 100 212 0 
152 94 129 0 
153 53 202 0 
154 95 61 0 
155 85 253 0 
156 71 144 0 
157 97 157 0 
158 70 44 0 
159 96 242 0 
160 91 326 0 
161 85 74 0 
162 89 314 0 
163 88 277 0 
164 97 315 0 
165 98 341 0 
166 81 97 0 
167 60 186 0 
168 71 195 0 
169 67 185 0 
170 67 76 0 
171 82 90 0 
172 79 103 0 
173 64 110 0 
174 95 267 0 
175 61 181 0 
176 66 121 0 
177 75 57 0 
178 84 243 0 
179 97 51 0 
180 90 209 0 
181 84 54 0 
182 88 267 0 
183 87 291 0 
184 71 168 0 
185 61 236 0 
186 65 89 0 
187 68 245 0 
188 66 185 0 
189 56 219 0 
190 71 282 0 
191 78 305 0 
192 69 189 0 
193 75 299 0 
194 96 270 0 
195 67 136 0 
196 61 55 0 
197 92 147 0 
198 81 81 0 
199 73 279 0 
200 60 217 0 
201 93 260 0 
202 69 244 0 
203 66 84 0 
204 88 217 0 
205 76 80 0 
206 76 94 0 
207 72 90 0 
208 71 107 0 
209 72 66 0 
210 63 93 0 
211 60 224 0 
212 60 56 0 
213 58 152 0 
214 59 107 0 
215 77 121 0 
216 73 120 0 
217 72 123 0 
218 77 98 0 
219 60 56 0 
220 72 232 0 
221 57 168 0 
222 53 197 0 
223 92 74 0 
224 82 217 0 
225 93 136 0 
226 96 190 0 
227 58 69 0 
228 77 170 0 
229 85 152 0 
230 74 71 0 
231 96 263 0 
232 60 158 0 
233 83 119 0 
234 58 186 0 
235 59 180 0 
236 56 151 0 
237 88 269 0 
238 91 247 0 
239 84 68 0 
240 53 86 0 
241 70 100 0 
242 66 134 0 
243 79 78 0 
244 83 285 0 
245 61 226 0 
246 80 164 0 
247 78 234 0 
248 80 174 0 
249 100 55 0 
250 88 104 0 
251 69 183 0 
252 83 274 0 
253 76 299 0 
254 78 185 0 
255 55 176 0 
256 60 167 0 
257 61 36 0 
258 54 82 0 
259 97 245 0 
260 81 210 0 
261 81 103 0 
262 73 101 0 
263 96 67 0 
264 90 204 0 
265 57 152 0 
266 98 167 0 
267 62 203 0 
268 100 167 0 
269 69 52 0 
270 93 236 0 
271 97 156 0 
272 55 138 0 
273 68 261 0 
274 90 207 0 
275 62 246 0 
276 95 250 0 
277 62 181 0 
278 86 143 0 
279 63 111 0 
280 95 220 0 
281 66 108 0 
282 65 105 0 
283 94 117 0 
284 92 124 0 
285 70 195 0 
286 96 133 0 
287 52 205 0 
288 56 51 0 
289 57 65 0 
290 97 346 0 
291 65 202 0 
292 62 90 0 
293 63 48 0 
294 82 227 0 
295 54 67 0 
296 89 91 0 
297 87 139 0 
298 60 196 0 
299 72 176 0 
300 87 225 0 
301 63 35 0 
302 76 133 0 
303 80 44 0 
304 92 326 0 
305 72 188 0 
306 90 58 0 
307 59 81 0 
308 81 157 0 
309 56 192 0 
310 96 285 0 
311 73 163 0 
312 97 388 0 
313 94 298 0 
314 87 130 0 
315 77 47 0 
316 90 141 0 
317 75 260 0 
318 91 230 0 
319 84 115 0 
320 97 309 0 
321 62 173 0 
322 62 53 0 
323 80 90 0 
324 52 89 0 
325 93 47 0 
326 85 292 0 
327 71 80 0 
328 71 98 0 
329 99 233 0 
330 79 83 0 
331 78 231 0 
332 84 216 0 
333 97 347 0 
334 66 260 0 
335 69 109 0 
336 52 85 0 
337 92 232 0 
338 84 226 0 
339 62 95 0 
340 74 75 0 
341 73 281 0 
342 65 76 0 
343 67 201 0 
344 85 288 0 
345 64 190 0 
346 92 299 0 
347 53 188 0 
348 67 175 0 
349 56 57 0 
350 83 291 0 
351 70 280 0 
352 83 179 0 
353 65 179 0 
354 97 103 0 
355 58 139 0 
356 85 105 0 
357 63 95 0 
358 57 129 0 
359 64 120 0 
360 75 209 0 
361 76 136 0 
362 98 138 0 
363 58 151 0 
364 53 167 0 
365 78 249 0 
366 76 194 0 
367 65 235 0 
368 98 180 0 
369 91 117 0 
370 53 174 0 
371 57 107 0 
372 58 101 0 
373 68 151 0 
374 83 166 0 
375 71 36 0 
376 84 243 0 
377 60 71 0 
378 80 227 0 
379 97 217 0 
380 60 57 0 
381 60 142 0 
382 77 262 0 
383 96 103 0 
384 88 103 0 
385 56 159 0 
386 61 71 0 
387 53 111 0 
388 93 133 0 
389 95 258 0 
390 57 86 0 
391 68 240 0 
392 60 73 0 
393 54 78 0 
394 75 227 0 
395 86 84 0 
396 57 65 0 
397 90 188 0 
398 56 111 0 
399 89 250 0 
400 65 76 0 
401 88 146 0 
402 84 141 0 
403 68 181 0 
404 62 243 0 
405 78 130 0 
406 78 221 0 
407 77 119 0 
408 92 95 0 
409 71 206 0 
410 64 243 0 
411 78 177 0 
412 56 76 0 
413 62 37 0 
414 67 136 0 
415 67 225 0 
416 59 75 0 
417 81 297 0 
418 75 199 0 
419 64 184 0 
420 54 87 0 
421 91 352 0 
422 79 67 0 
423 82 160 0 
424 61 193 0 
425 74 268 0 
426 74 90 0 
427 76 272 0 
428 57 215 0 
429 99 145 0 
430 92 149 0 
431 77 93 0 
432 61 140 0 
433 58 221 0 
434 78 309 0 
435 66 222 0 
436 66 176 0 
437 70 110 0 
438 63 241 0 
439 95 139 0 
440 79 309 0 
441 90 201 0 
442 65 60 0 
443 56 33 0 
444 90 146 0 
445 67 53 0 
446 81 85 0 
447 52 45 0 
448 67 101 0 
449 92 307 0 
450 69 192 0 
451 79 139 0 
452 98 220 0 
453 81 292 0 
454 54 163 0 
455 77 59 0 
456 86 121 0 
457 82 215 0 
458 75 153 0 
459 84 213 0 
460 61 139 0 
461 99 234 0 
462 53 79 0 
463 84 253 0 
464 70 265 0 
465 77 144 0 
466 98 196 0 
467 60 157 0 
468 96 277 0 
469 89 63 0 
470 87 120 0 
471 53 46 0 
472 90 345 0 
473 65 128 0 
474 66 209 0 
475 85 174 0 
476 95 230 0 
477 59 207 0 
478 82 208 0 
479 89 326 0 
480 56 216 0 
481 94 352 0 
482 86 276 0 
483 82 171 0 
484 100 154 0 
485 77 147 0 
486 100 376 0 
487 87 233 0 
488 65 135 0 
489 79 127 0 
490 65 260 0 
491 60 110 0 
492 77 223 0 
493 65 206 0 
494 97 164 0 
495 80 293 0 
496 96 77 0 
497 80 238 0 
498 65 218 0 
499 55 169 0 
