NAME GBP_INSTANCES\prob_2_B_4_5_0.txt
COMMENT
BINTYPES 5
ITEMS 500
BINS_SECTIONS
0 60 60 0 518 
1 80 80 0 389 
2 100 100 0 311 
3 120 120 0 259 
4 150 150 0 207 
ITEMS_SECTIONS
0 35 200 1
1 54 200 1
2 59 200 1
3 42 200 1
4 57 200 1
5 93 200 1
6 95 200 1
7 87 200 1
8 46 200 1
9 41 200 1
10 35 200 1
11 58 200 1
12 100 200 1
13 76 200 1
14 77 200 1
15 78 200 1
16 44 200 1
17 78 200 1
18 79 200 1
19 61 200 1
20 93 200 1
21 95 200 1
22 27 200 1
23 85 200 1
24 66 200 1
25 39 200 1
26 66 200 1
27 52 200 1
28 63 200 1
29 88 200 1
30 66 200 1
31 57 200 1
32 84 200 1
33 95 200 1
34 71 200 1
35 91 200 1
36 63 200 1
37 31 200 1
38 62 200 1
39 40 200 1
40 41 200 1
41 98 200 1
42 95 200 1
43 99 200 1
44 38 200 1
45 48 200 1
46 21 200 1
47 28 200 1
48 38 200 1
49 28 200 1
50 92 200 1
51 80 200 1
52 90 200 1
53 81 200 1
54 76 200 1
55 91 200 1
56 25 200 1
57 75 200 1
58 77 200 1
59 68 200 1
60 85 200 1
61 63 200 1
62 69 200 1
63 40 200 1
64 48 200 1
65 34 200 1
66 52 200 1
67 88 200 1
68 53 200 1
69 46 200 1
70 71 200 1
71 99 200 1
72 83 200 1
73 78 200 1
74 93 200 1
75 78 200 1
76 96 200 1
77 35 200 1
78 24 200 1
79 73 200 1
80 99 200 1
81 56 200 1
82 99 200 1
83 77 200 1
84 53 200 1
85 98 200 1
86 86 200 1
87 75 200 1
88 39 200 1
89 90 200 1
90 97 200 1
91 44 200 1
92 22 200 1
93 95 200 1
94 90 200 1
95 76 200 1
96 95 200 1
97 89 200 1
98 52 200 1
99 24 200 1
100 85 200 1
101 92 200 1
102 28 200 1
103 50 200 1
104 32 200 1
105 87 200 1
106 69 200 1
107 29 200 1
108 99 200 1
109 70 200 1
110 53 200 1
111 69 200 1
112 84 200 1
113 55 200 1
114 27 200 1
115 26 200 1
116 29 200 1
117 74 200 1
118 60 200 1
119 25 200 1
120 98 200 1
121 63 200 1
122 82 200 1
123 35 200 1
124 44 200 1
125 71 200 1
126 72 200 1
127 23 200 1
128 91 200 1
129 68 200 1
130 34 200 1
131 96 200 1
132 35 200 1
133 73 200 1
134 35 200 1
135 83 200 1
136 88 200 1
137 60 200 1
138 56 200 1
139 31 200 1
140 83 200 1
141 51 200 1
142 28 200 1
143 39 200 1
144 27 200 1
145 67 200 1
146 40 200 1
147 29 200 1
148 41 200 1
149 47 200 1
150 41 200 1
151 96 200 1
152 51 200 1
153 41 200 1
154 65 200 1
155 65 200 1
156 60 200 1
157 65 200 1
158 76 200 1
159 68 200 1
160 78 200 1
161 85 200 1
162 44 200 1
163 71 200 1
164 75 200 1
165 78 200 1
166 73 200 1
167 78 200 1
168 69 200 1
169 77 200 1
170 88 200 1
171 52 200 1
172 68 200 1
173 66 200 1
174 70 200 1
175 94 200 1
176 58 200 1
177 39 200 1
178 61 200 1
179 74 200 1
180 91 200 1
181 80 200 1
182 26 200 1
183 52 200 1
184 84 200 1
185 60 200 1
186 78 200 1
187 45 200 1
188 36 200 1
189 96 200 1
190 41 200 1
191 87 200 1
192 36 200 1
193 82 200 1
194 40 200 1
195 81 200 1
196 35 200 1
197 67 200 1
198 81 200 1
199 81 200 1
200 49 200 1
201 48 200 1
202 35 200 1
203 26 200 1
204 46 200 1
205 71 200 1
206 97 200 1
207 32 200 1
208 88 200 1
209 68 200 1
210 89 200 1
211 38 200 1
212 77 200 1
213 25 200 1
214 54 200 1
215 61 200 1
216 80 200 1
217 62 200 1
218 71 200 1
219 93 200 1
220 75 200 1
221 55 200 1
222 23 200 1
223 41 200 1
224 44 200 1
225 68 200 1
226 63 200 1
227 66 200 1
228 42 200 1
229 23 200 1
230 32 200 1
231 66 200 1
232 41 200 1
233 29 200 1
234 84 200 1
235 95 200 1
236 70 200 1
237 47 200 1
238 63 200 1
239 60 200 1
240 42 200 1
241 76 200 1
242 40 200 1
243 87 200 1
244 37 200 1
245 81 200 1
246 38 200 1
247 62 200 1
248 100 200 1
249 57 200 1
250 68 200 1
251 57 200 1
252 97 200 1
253 96 200 1
254 36 200 1
255 60 200 1
256 36 200 1
257 41 200 1
258 67 200 1
259 96 200 1
260 42 200 1
261 41 200 1
262 21 200 1
263 95 200 1
264 74 200 1
265 63 200 1
266 21 200 1
267 51 200 1
268 89 200 1
269 84 200 1
270 41 200 1
271 70 200 1
272 25 200 1
273 55 200 1
274 70 200 1
275 31 200 1
276 62 200 1
277 75 200 1
278 90 200 1
279 80 200 1
280 62 200 1
281 43 200 1
282 95 200 1
283 69 200 1
284 80 200 1
285 83 200 1
286 50 200 1
287 41 200 1
288 45 200 1
289 64 200 1
290 86 200 1
291 45 200 1
292 36 200 1
293 80 200 1
294 98 200 1
295 75 200 1
296 35 200 1
297 22 200 1
298 28 200 1
299 50 200 1
300 30 200 1
301 59 200 1
302 59 200 1
303 43 200 1
304 78 200 1
305 61 200 1
306 90 200 1
307 50 200 1
308 65 200 1
309 21 200 1
310 38 200 1
311 68 200 1
312 63 200 1
313 85 200 1
314 92 200 1
315 70 200 1
316 60 200 1
317 67 200 1
318 75 200 1
319 49 200 1
320 42 200 1
321 30 200 1
322 70 200 1
323 76 200 1
324 85 200 1
325 48 200 1
326 30 200 1
327 85 200 1
328 69 200 1
329 85 200 1
330 45 200 1
331 56 200 1
332 37 200 1
333 37 200 1
334 26 200 1
335 48 200 1
336 21 200 1
337 62 200 1
338 91 200 1
339 51 200 1
340 95 200 1
341 40 200 1
342 71 200 1
343 66 200 1
344 56 200 1
345 76 200 1
346 79 200 1
347 50 200 1
348 50 200 1
349 47 200 1
350 76 200 1
351 75 200 1
352 95 200 1
353 59 200 1
354 48 200 1
355 80 200 1
356 67 200 1
357 41 200 1
358 24 200 1
359 48 200 1
360 98 200 1
361 98 200 1
362 90 200 1
363 83 200 1
364 73 200 1
365 31 200 1
366 47 200 1
367 81 200 1
368 89 200 1
369 89 200 1
370 58 200 1
371 68 200 1
372 97 200 1
373 42 200 1
374 91 200 1
375 41 200 1
376 91 200 1
377 55 200 1
378 71 200 1
379 45 200 1
380 40 200 1
381 49 200 1
382 57 200 1
383 40 200 1
384 48 200 1
385 96 200 1
386 46 200 1
387 75 200 1
388 75 200 1
389 21 200 1
390 82 200 1
391 55 200 1
392 62 200 1
393 55 200 1
394 98 200 1
395 31 200 1
396 76 200 1
397 79 200 1
398 23 200 1
399 64 200 1
400 58 200 1
401 85 200 1
402 57 200 1
403 23 200 1
404 76 200 1
405 43 200 1
406 42 200 1
407 49 200 1
408 78 200 1
409 50 200 1
410 83 200 1
411 57 200 1
412 80 200 1
413 46 200 1
414 59 200 1
415 30 200 1
416 84 200 1
417 77 200 1
418 86 200 1
419 46 200 1
420 24 200 1
421 59 200 1
422 84 200 1
423 45 200 1
424 77 200 1
425 97 200 1
426 83 200 1
427 86 200 1
428 43 200 1
429 90 200 1
430 55 200 1
431 89 200 1
432 38 200 1
433 56 200 1
434 69 200 1
435 44 200 1
436 92 200 1
437 88 200 1
438 61 200 1
439 73 200 1
440 21 200 1
441 76 200 1
442 47 200 1
443 59 200 1
444 34 200 1
445 39 200 1
446 80 200 1
447 60 200 1
448 85 200 1
449 83 200 1
450 30 200 1
451 27 200 1
452 42 200 1
453 93 200 1
454 29 200 1
455 45 200 1
456 40 200 1
457 33 200 1
458 52 200 1
459 84 200 1
460 29 200 1
461 78 200 1
462 40 200 1
463 94 200 1
464 78 200 1
465 80 200 1
466 75 200 1
467 70 200 1
468 24 200 1
469 88 200 1
470 86 200 1
471 23 200 1
472 25 200 1
473 56 200 1
474 50 200 1
475 69 200 1
476 65 200 1
477 57 200 1
478 77 200 1
479 71 200 1
480 27 200 1
481 24 200 1
482 56 200 1
483 98 200 1
484 78 200 1
485 88 200 1
486 32 200 1
487 89 200 1
488 21 200 1
489 59 200 1
490 96 200 1
491 67 200 1
492 66 200 1
493 85 200 1
494 73 200 1
495 25 200 1
496 85 200 1
497 58 200 1
498 50 200 1
499 83 200 1
