NAME GBP_INSTANCES\prob_3_A_4_3_2.txt
COMMENT
BINTYPES 3
ITEMS 500
BINS_SECTIONS
0 100 100 0 381 
1 120 120 0 317 
2 150 150 0 254 
ITEMS_SECTIONS
0 63 157 1
1 76 140 1
2 72 55 1
3 88 283 1
4 83 259 1
5 99 187 1
6 93 87 1
7 73 257 1
8 100 175 1
9 84 54 1
10 74 178 1
11 54 110 1
12 54 44 1
13 62 58 1
14 61 147 1
15 81 301 1
16 98 151 1
17 77 243 1
18 63 61 1
19 56 78 1
20 70 168 1
21 96 68 1
22 63 106 1
23 98 221 1
24 96 175 1
25 98 252 1
26 92 52 1
27 74 149 1
28 61 221 1
29 71 151 1
30 89 57 1
31 84 301 1
32 97 218 1
33 57 48 1
34 63 121 1
35 82 106 1
36 55 60 1
37 100 355 1
38 53 72 1
39 61 92 1
40 65 118 1
41 83 268 1
42 83 268 1
43 77 156 1
44 53 54 1
45 81 130 1
46 51 85 1
47 53 203 1
48 67 229 1
49 57 122 1
50 76 156 1
51 78 190 1
52 87 149 1
53 55 119 1
54 66 177 1
55 97 192 1
56 59 52 1
57 58 201 1
58 89 279 1
59 100 384 1
60 86 131 1
61 91 104 1
62 70 250 1
63 71 149 1
64 67 111 1
65 71 204 1
66 84 104 1
67 87 159 1
68 69 111 1
69 81 262 1
70 69 227 1
71 91 346 1
72 58 150 1
73 79 164 1
74 83 165 1
75 72 223 1
76 94 218 1
77 63 158 1
78 85 274 1
79 78 210 1
80 57 66 1
81 59 33 1
82 98 344 1
83 51 28 1
84 99 214 1
85 99 101 1
86 94 58 1
87 94 92 1
88 60 229 1
89 55 176 1
90 61 193 1
91 78 198 1
92 79 100 1
93 92 313 1
94 93 365 1
95 92 271 1
96 86 164 1
97 69 247 1
98 96 227 1
99 79 50 1
100 68 241 1
101 97 248 1
102 75 253 1
103 92 138 1
104 79 275 1
105 67 148 1
106 84 203 1
107 83 184 1
108 55 93 1
109 75 204 1
110 91 357 1
111 72 249 1
112 93 256 1
113 57 194 1
114 70 164 1
115 70 102 1
116 100 327 1
117 98 272 1
118 99 314 1
119 76 247 1
120 85 285 1
121 86 212 1
122 72 208 1
123 96 380 1
124 91 68 1
125 81 96 1
126 74 272 1
127 95 111 1
128 91 356 1
129 54 210 1
130 70 268 1
131 76 191 1
132 97 72 1
133 81 177 1
134 93 248 1
135 60 155 1
136 51 133 1
137 95 317 1
138 52 111 1
139 94 253 1
140 59 44 1
141 66 246 1
142 78 163 1
143 66 217 1
144 72 157 1
145 84 87 1
146 95 108 1
147 75 181 1
148 83 57 1
149 100 194 1
150 72 39 1
151 100 212 1
152 94 129 1
153 53 202 1
154 95 61 1
155 85 253 1
156 71 144 1
157 97 157 1
158 70 44 1
159 96 242 1
160 91 326 1
161 85 74 1
162 89 314 1
163 88 277 1
164 97 315 1
165 98 341 1
166 81 97 1
167 60 186 1
168 71 195 1
169 67 185 1
170 67 76 1
171 82 90 1
172 79 103 1
173 64 110 1
174 95 267 1
175 61 181 1
176 66 121 1
177 75 57 1
178 84 243 1
179 97 51 1
180 90 209 1
181 84 54 1
182 88 267 1
183 87 291 1
184 71 168 1
185 61 236 1
186 65 89 1
187 68 245 1
188 66 185 1
189 56 219 1
190 71 282 1
191 78 305 1
192 69 189 1
193 75 299 1
194 96 270 1
195 67 136 1
196 61 55 1
197 92 147 1
198 81 81 1
199 73 279 1
200 60 217 1
201 93 260 1
202 69 244 1
203 66 84 1
204 88 217 1
205 76 80 1
206 76 94 1
207 72 90 1
208 71 107 1
209 72 66 1
210 63 93 1
211 60 224 1
212 60 56 1
213 58 152 1
214 59 107 1
215 77 121 1
216 73 120 1
217 72 123 1
218 77 98 1
219 60 56 1
220 72 232 1
221 57 168 1
222 53 197 1
223 92 74 1
224 82 217 1
225 93 136 1
226 96 190 1
227 58 69 1
228 77 170 1
229 85 152 1
230 74 71 1
231 96 263 1
232 60 158 1
233 83 119 1
234 58 186 1
235 59 180 1
236 56 151 1
237 88 269 1
238 91 247 1
239 84 68 1
240 53 86 1
241 70 100 1
242 66 134 1
243 79 78 1
244 83 285 1
245 61 226 1
246 80 164 1
247 78 234 1
248 80 174 1
249 100 55 1
250 88 104 0
251 69 183 0
252 83 274 0
253 76 299 0
254 78 185 0
255 55 176 0
256 60 167 0
257 61 36 0
258 54 82 0
259 97 245 0
260 81 210 0
261 81 103 0
262 73 101 0
263 96 67 0
264 90 204 0
265 57 152 0
266 98 167 0
267 62 203 0
268 100 167 0
269 69 52 0
270 93 236 0
271 97 156 0
272 55 138 0
273 68 261 0
274 90 207 0
275 62 246 0
276 95 250 0
277 62 181 0
278 86 143 0
279 63 111 0
280 95 220 0
281 66 108 0
282 65 105 0
283 94 117 0
284 92 124 0
285 70 195 0
286 96 133 0
287 52 205 0
288 56 51 0
289 57 65 0
290 97 346 0
291 65 202 0
292 62 90 0
293 63 48 0
294 82 227 0
295 54 67 0
296 89 91 0
297 87 139 0
298 60 196 0
299 72 176 0
300 87 225 0
301 63 35 0
302 76 133 0
303 80 44 0
304 92 326 0
305 72 188 0
306 90 58 0
307 59 81 0
308 81 157 0
309 56 192 0
310 96 285 0
311 73 163 0
312 97 388 0
313 94 298 0
314 87 130 0
315 77 47 0
316 90 141 0
317 75 260 0
318 91 230 0
319 84 115 0
320 97 309 0
321 62 173 0
322 62 53 0
323 80 90 0
324 52 89 0
325 93 47 0
326 85 292 0
327 71 80 0
328 71 98 0
329 99 233 0
330 79 83 0
331 78 231 0
332 84 216 0
333 97 347 0
334 66 260 0
335 69 109 0
336 52 85 0
337 92 232 0
338 84 226 0
339 62 95 0
340 74 75 0
341 73 281 0
342 65 76 0
343 67 201 0
344 85 288 0
345 64 190 0
346 92 299 0
347 53 188 0
348 67 175 0
349 56 57 0
350 83 291 0
351 70 280 0
352 83 179 0
353 65 179 0
354 97 103 0
355 58 139 0
356 85 105 0
357 63 95 0
358 57 129 0
359 64 120 0
360 75 209 0
361 76 136 0
362 98 138 0
363 58 151 0
364 53 167 0
365 78 249 0
366 76 194 0
367 65 235 0
368 98 180 0
369 91 117 0
370 53 174 0
371 57 107 0
372 58 101 0
373 68 151 0
374 83 166 0
375 71 36 0
376 84 243 0
377 60 71 0
378 80 227 0
379 97 217 0
380 60 57 0
381 60 142 0
382 77 262 0
383 96 103 0
384 88 103 0
385 56 159 0
386 61 71 0
387 53 111 0
388 93 133 0
389 95 258 0
390 57 86 0
391 68 240 0
392 60 73 0
393 54 78 0
394 75 227 0
395 86 84 0
396 57 65 0
397 90 188 0
398 56 111 0
399 89 250 0
400 65 76 0
401 88 146 0
402 84 141 0
403 68 181 0
404 62 243 0
405 78 130 0
406 78 221 0
407 77 119 0
408 92 95 0
409 71 206 0
410 64 243 0
411 78 177 0
412 56 76 0
413 62 37 0
414 67 136 0
415 67 225 0
416 59 75 0
417 81 297 0
418 75 199 0
419 64 184 0
420 54 87 0
421 91 352 0
422 79 67 0
423 82 160 0
424 61 193 0
425 74 268 0
426 74 90 0
427 76 272 0
428 57 215 0
429 99 145 0
430 92 149 0
431 77 93 0
432 61 140 0
433 58 221 0
434 78 309 0
435 66 222 0
436 66 176 0
437 70 110 0
438 63 241 0
439 95 139 0
440 79 309 0
441 90 201 0
442 65 60 0
443 56 33 0
444 90 146 0
445 67 53 0
446 81 85 0
447 52 45 0
448 67 101 0
449 92 307 0
450 69 192 0
451 79 139 0
452 98 220 0
453 81 292 0
454 54 163 0
455 77 59 0
456 86 121 0
457 82 215 0
458 75 153 0
459 84 213 0
460 61 139 0
461 99 234 0
462 53 79 0
463 84 253 0
464 70 265 0
465 77 144 0
466 98 196 0
467 60 157 0
468 96 277 0
469 89 63 0
470 87 120 0
471 53 46 0
472 90 345 0
473 65 128 0
474 66 209 0
475 85 174 0
476 95 230 0
477 59 207 0
478 82 208 0
479 89 326 0
480 56 216 0
481 94 352 0
482 86 276 0
483 82 171 0
484 100 154 0
485 77 147 0
486 100 376 0
487 87 233 0
488 65 135 0
489 79 127 0
490 65 260 0
491 60 110 0
492 77 223 0
493 65 206 0
494 97 164 0
495 80 293 0
496 96 77 0
497 80 238 0
498 65 218 0
499 55 169 0
