NAME GBP_INSTANCES\prob_3_A_4_0_2.txt
COMMENT
BINTYPES 3
ITEMS 500
BINS_SECTIONS
0 100 100 0 380 
1 120 120 0 316 
2 150 150 0 253 
ITEMS_SECTIONS
0 52 160 1
1 58 134 1
2 81 129 1
3 99 196 1
4 85 125 1
5 75 140 1
6 81 244 1
7 83 100 1
8 81 111 1
9 87 210 1
10 60 45 1
11 91 212 1
12 89 258 1
13 70 196 1
14 52 81 1
15 78 46 1
16 83 92 1
17 53 100 1
18 73 118 1
19 94 85 1
20 86 58 1
21 70 188 1
22 75 48 1
23 69 229 1
24 52 123 1
25 94 143 1
26 84 237 1
27 91 54 1
28 89 64 1
29 78 169 1
30 75 244 1
31 100 187 1
32 68 241 1
33 64 239 1
34 78 48 1
35 92 337 1
36 92 80 1
37 79 108 1
38 71 54 1
39 92 243 1
40 83 147 1
41 94 337 1
42 95 202 1
43 99 238 1
44 85 334 1
45 91 136 1
46 60 60 1
47 64 70 1
48 66 199 1
49 83 266 1
50 63 82 1
51 92 114 1
52 63 36 1
53 84 321 1
54 98 210 1
55 84 58 1
56 84 288 1
57 53 166 1
58 73 65 1
59 79 307 1
60 86 70 1
61 77 85 1
62 69 197 1
63 77 227 1
64 77 75 1
65 70 139 1
66 98 111 1
67 76 237 1
68 71 74 1
69 88 231 1
70 51 116 1
71 58 153 1
72 80 273 1
73 91 352 1
74 52 157 1
75 90 129 1
76 88 340 1
77 65 251 1
78 78 121 1
79 83 97 1
80 84 81 1
81 71 37 1
82 51 171 1
83 83 300 1
84 95 368 1
85 83 265 1
86 87 156 1
87 70 212 1
88 99 54 1
89 97 319 1
90 60 68 1
91 52 206 1
92 67 198 1
93 57 53 1
94 72 111 1
95 82 238 1
96 100 217 1
97 86 265 1
98 86 100 1
99 73 68 1
100 68 153 1
101 74 83 1
102 66 210 1
103 92 339 1
104 73 142 1
105 51 181 1
106 66 194 1
107 69 186 1
108 71 206 1
109 99 313 1
110 83 86 1
111 99 53 1
112 56 65 1
113 89 278 1
114 51 66 1
115 98 227 1
116 66 164 1
117 92 191 1
118 93 217 1
119 80 245 1
120 72 179 1
121 89 252 1
122 74 52 1
123 98 342 1
124 67 200 1
125 51 128 1
126 92 93 1
127 100 186 1
128 53 64 1
129 99 339 1
130 75 265 1
131 71 260 1
132 56 57 1
133 67 50 1
134 68 203 1
135 94 366 1
136 59 228 1
137 76 249 1
138 61 200 1
139 63 84 1
140 81 94 1
141 53 38 1
142 64 240 1
143 67 102 1
144 98 126 1
145 93 252 1
146 62 50 1
147 84 286 1
148 86 113 1
149 92 321 1
150 74 90 1
151 64 246 1
152 75 59 1
153 72 49 1
154 80 151 1
155 78 152 1
156 94 269 1
157 98 237 1
158 98 255 1
159 59 72 1
160 52 129 1
161 80 220 1
162 84 325 1
163 77 242 1
164 80 70 1
165 99 327 1
166 74 186 1
167 60 38 1
168 87 155 1
169 100 261 1
170 96 161 1
171 63 99 1
172 87 209 1
173 94 294 1
174 68 78 1
175 87 199 1
176 74 247 1
177 66 210 1
178 73 86 1
179 56 65 1
180 85 240 1
181 70 246 1
182 52 197 1
183 62 91 1
184 79 74 1
185 67 63 1
186 81 304 1
187 65 229 1
188 81 219 1
189 91 157 1
190 69 142 1
191 78 289 1
192 62 159 1
193 75 102 1
194 67 203 1
195 63 112 1
196 59 96 1
197 60 209 1
198 59 139 1
199 76 150 1
200 99 324 1
201 83 245 1
202 64 86 1
203 77 105 1
204 83 75 1
205 92 207 1
206 57 117 1
207 98 153 1
208 98 350 1
209 70 262 1
210 54 132 1
211 95 156 1
212 70 56 1
213 65 132 1
214 56 208 1
215 56 121 1
216 52 74 1
217 78 143 1
218 64 223 1
219 53 203 1
220 81 78 1
221 78 307 1
222 96 153 1
223 69 147 1
224 94 296 1
225 64 189 1
226 64 230 1
227 71 183 1
228 85 132 1
229 91 325 1
230 59 166 1
231 70 146 1
232 91 89 1
233 69 97 1
234 96 146 1
235 81 287 1
236 85 53 1
237 72 109 1
238 51 179 1
239 85 173 1
240 82 124 1
241 99 180 1
242 63 231 1
243 52 47 1
244 69 163 1
245 72 88 1
246 81 44 1
247 71 142 1
248 63 173 1
249 84 148 1
250 53 203 1
251 100 144 1
252 73 106 1
253 61 179 1
254 81 88 1
255 85 48 1
256 60 128 1
257 55 64 1
258 51 143 1
259 59 164 1
260 73 108 1
261 90 334 1
262 74 280 1
263 63 238 1
264 53 106 1
265 78 125 1
266 58 167 1
267 69 79 1
268 83 306 1
269 63 142 1
270 82 319 1
271 71 201 1
272 86 282 1
273 75 220 1
274 96 193 1
275 92 341 1
276 84 199 1
277 91 140 1
278 78 92 1
279 74 235 1
280 77 119 1
281 99 333 1
282 56 34 1
283 85 169 1
284 59 178 1
285 98 208 1
286 84 314 1
287 74 168 1
288 70 114 1
289 83 190 1
290 90 204 1
291 100 211 1
292 63 50 1
293 59 174 1
294 61 155 1
295 68 200 1
296 76 292 1
297 61 157 1
298 54 74 1
299 51 195 1
300 91 52 1
301 51 77 1
302 92 91 1
303 75 145 1
304 69 209 1
305 51 96 1
306 83 136 1
307 98 378 1
308 91 340 1
309 77 84 1
310 63 200 1
311 73 77 1
312 60 143 1
313 62 243 1
314 69 128 1
315 100 283 1
316 64 96 1
317 100 376 1
318 80 267 1
319 73 180 1
320 81 66 1
321 67 190 1
322 80 191 1
323 87 200 1
324 66 255 1
325 54 136 1
326 90 149 1
327 91 204 1
328 100 94 1
329 99 289 1
330 70 150 1
331 55 84 1
332 97 333 1
333 75 39 1
334 86 253 1
335 54 169 1
336 87 318 1
337 58 115 1
338 88 54 1
339 71 38 1
340 90 175 1
341 89 262 1
342 60 32 1
343 70 54 1
344 74 150 1
345 94 353 1
346 73 54 1
347 56 192 1
348 88 67 1
349 84 177 1
350 53 155 1
351 62 67 1
352 99 227 1
353 54 178 1
354 54 36 1
355 79 80 1
356 68 189 1
357 89 355 1
358 93 51 1
359 77 97 1
360 60 52 1
361 53 94 1
362 82 162 1
363 75 163 1
364 59 130 1
365 78 293 1
366 78 272 1
367 62 178 1
368 97 195 1
369 59 147 1
370 64 152 1
371 80 174 1
372 52 69 1
373 90 120 1
374 56 221 1
375 59 168 0
376 80 125 0
377 95 304 0
378 86 259 0
379 83 265 0
380 51 72 0
381 71 219 0
382 98 292 0
383 65 163 0
384 80 83 0
385 70 217 0
386 83 284 0
387 53 204 0
388 79 109 0
389 77 121 0
390 60 154 0
391 67 154 0
392 93 88 0
393 63 164 0
394 100 364 0
395 74 198 0
396 63 148 0
397 59 106 0
398 93 364 0
399 92 129 0
400 53 86 0
401 94 110 0
402 99 305 0
403 58 31 0
404 73 50 0
405 100 128 0
406 98 137 0
407 74 258 0
408 88 347 0
409 97 252 0
410 60 189 0
411 76 117 0
412 51 98 0
413 87 100 0
414 71 46 0
415 96 360 0
416 76 50 0
417 70 87 0
418 71 282 0
419 52 48 0
420 82 315 0
421 91 322 0
422 94 240 0
423 93 370 0
424 82 97 0
425 99 51 0
426 69 160 0
427 80 259 0
428 66 83 0
429 71 157 0
430 68 200 0
431 80 199 0
432 56 113 0
433 85 143 0
434 67 162 0
435 58 132 0
436 74 179 0
437 90 261 0
438 93 297 0
439 95 113 0
440 58 88 0
441 57 76 0
442 85 115 0
443 98 273 0
444 55 121 0
445 63 132 0
446 89 96 0
447 63 153 0
448 89 151 0
449 92 309 0
450 62 220 0
451 87 93 0
452 82 155 0
453 56 165 0
454 58 65 0
455 78 189 0
456 61 87 0
457 60 34 0
458 71 175 0
459 89 199 0
460 98 117 0
461 72 263 0
462 51 109 0
463 53 45 0
464 58 63 0
465 82 240 0
466 78 233 0
467 100 342 0
468 97 133 0
469 90 351 0
470 61 86 0
471 89 79 0
472 95 217 0
473 66 172 0
474 86 68 0
475 77 143 0
476 56 165 0
477 83 285 0
478 79 104 0
479 64 214 0
480 70 159 0
481 100 273 0
482 82 239 0
483 86 122 0
484 59 202 0
485 52 144 0
486 78 312 0
487 89 239 0
488 60 160 0
489 75 157 0
490 76 57 0
491 66 89 0
492 63 68 0
493 75 75 0
494 99 189 0
495 83 175 0
496 58 75 0
497 66 118 0
498 77 279 0
499 70 72 0
