NAME GBP_INSTANCES\prob_2_A_4_8_1.txt
COMMENT
BINTYPES 3
ITEMS 500
BINS_SECTIONS
0 100 100 0 304 
1 120 120 0 253 
2 150 150 0 203 
ITEMS_SECTIONS
0 24 68 0 
1 95 166 0 
2 27 63 0 
3 95 284 0 
4 56 147 0 
5 24 66 0 
6 74 100 0 
7 45 70 0 
8 86 88 0 
9 33 31 0 
10 26 51 0 
11 41 115 0 
12 72 133 0 
13 44 93 0 
14 46 118 0 
15 61 86 0 
16 35 36 0 
17 89 170 0 
18 27 33 0 
19 94 177 0 
20 64 48 0 
21 86 127 0 
22 51 146 0 
23 52 28 0 
24 97 223 0 
25 61 132 0 
26 86 83 0 
27 48 111 0 
28 45 49 0 
29 38 20 0 
30 76 227 0 
31 31 91 0 
32 53 142 0 
33 36 51 0 
34 60 80 0 
35 32 63 0 
36 95 169 0 
37 31 75 0 
38 46 70 0 
39 21 11 0 
40 64 68 0 
41 72 99 0 
42 59 176 0 
43 77 100 0 
44 27 73 0 
45 22 43 0 
46 31 82 0 
47 22 31 0 
48 52 100 0 
49 70 204 0 
50 92 78 0 
51 22 17 0 
52 77 210 0 
53 40 29 0 
54 53 49 0 
55 24 17 0 
56 24 50 0 
57 83 178 0 
58 22 54 0 
59 99 235 0 
60 69 145 0 
61 66 74 0 
62 29 25 0 
63 37 45 0 
64 71 129 0 
65 81 114 0 
66 71 154 0 
67 100 180 0 
68 81 90 0 
69 99 57 0 
70 34 85 0 
71 82 135 0 
72 33 61 0 
73 82 235 0 
74 34 41 0 
75 23 69 0 
76 75 121 0 
77 98 67 0 
78 69 159 0 
79 45 71 0 
80 40 95 0 
81 62 166 0 
82 83 144 0 
83 98 264 0 
84 65 120 0 
85 26 28 0 
86 62 92 0 
87 41 92 0 
88 74 107 0 
89 58 56 0 
90 45 45 0 
91 49 70 0 
92 38 67 0 
93 92 159 0 
94 97 241 0 
95 92 269 0 
96 92 47 0 
97 63 106 0 
98 22 48 0 
99 70 67 0 
100 29 65 0 
101 61 96 0 
102 74 199 0 
103 75 173 0 
104 47 102 0 
105 30 48 0 
106 48 72 0 
107 56 88 0 
108 22 53 0 
109 24 21 0 
110 78 129 0 
111 93 127 0 
112 71 213 0 
113 61 116 0 
114 54 134 0 
115 85 199 0 
116 81 119 0 
117 98 231 0 
118 100 230 0 
119 83 152 0 
120 78 54 0 
121 76 99 0 
122 64 123 0 
123 31 88 0 
124 76 221 0 
125 55 63 0 
126 66 93 0 
127 95 214 0 
128 85 198 0 
129 64 100 0 
130 55 124 0 
131 99 134 0 
132 31 48 0 
133 35 99 0 
134 96 281 0 
135 34 79 0 
136 33 50 0 
137 47 93 0 
138 57 33 0 
139 22 21 0 
140 67 81 0 
141 83 177 0 
142 33 59 0 
143 77 153 0 
144 92 235 0 
145 71 193 0 
146 75 194 0 
147 57 74 0 
148 96 201 0 
149 40 62 0 
150 88 254 0 
151 79 190 0 
152 64 49 0 
153 73 206 0 
154 82 141 0 
155 84 230 0 
156 63 93 0 
157 98 253 0 
158 21 32 0 
159 50 143 0 
160 57 154 0 
161 92 80 0 
162 90 73 0 
163 93 224 0 
164 95 72 0 
165 28 66 0 
166 88 131 0 
167 100 62 0 
168 39 39 0 
169 35 28 0 
170 35 63 0 
171 72 72 0 
172 89 136 0 
173 43 126 0 
174 48 31 0 
175 95 126 0 
176 91 213 0 
177 25 54 0 
178 73 173 0 
179 73 128 0 
180 78 123 0 
181 83 181 0 
182 82 189 0 
183 63 123 0 
184 96 54 0 
185 73 90 0 
186 43 97 0 
187 72 81 0 
188 36 61 0 
189 94 106 0 
190 23 25 0 
191 69 55 0 
192 53 34 0 
193 83 72 0 
194 62 180 0 
195 26 54 0 
196 71 174 0 
197 95 138 0 
198 98 121 0 
199 43 42 0 
200 68 135 0 
201 60 96 0 
202 53 67 0 
203 28 72 0 
204 46 70 0 
205 40 36 0 
206 53 29 0 
207 34 63 0 
208 91 181 0 
209 23 56 0 
210 73 112 0 
211 99 54 0 
212 72 166 0 
213 25 39 0 
214 38 93 0 
215 98 171 0 
216 38 54 0 
217 28 33 0 
218 66 68 0 
219 91 269 0 
220 30 23 0 
221 43 69 0 
222 33 27 0 
223 51 111 0 
224 76 56 0 
225 60 70 0 
226 87 170 0 
227 99 287 0 
228 41 37 0 
229 97 187 0 
230 69 69 0 
231 58 162 0 
232 84 241 0 
233 39 109 0 
234 40 52 0 
235 95 206 0 
236 51 73 0 
237 98 292 0 
238 37 30 0 
239 47 119 0 
240 72 182 0 
241 92 184 0 
242 39 34 0 
243 89 261 0 
244 43 65 0 
245 30 19 0 
246 49 126 0 
247 35 84 0 
248 31 61 0 
249 56 156 0 
250 47 44 0 
251 62 59 0 
252 78 189 0 
253 72 117 0 
254 66 152 0 
255 85 136 0 
256 85 237 0 
257 53 124 0 
258 55 101 0 
259 98 119 0 
260 87 142 0 
261 24 41 0 
262 81 188 0 
263 51 129 0 
264 83 170 0 
265 53 117 0 
266 100 245 0 
267 71 76 0 
268 55 85 0 
269 48 83 0 
270 44 82 0 
271 76 196 0 
272 54 158 0 
273 25 29 0 
274 31 87 0 
275 67 125 0 
276 31 81 0 
277 73 149 0 
278 23 63 0 
279 72 137 0 
280 92 118 0 
281 44 105 0 
282 62 156 0 
283 52 151 0 
284 50 137 0 
285 37 51 0 
286 38 38 0 
287 45 79 0 
288 78 123 0 
289 22 28 0 
290 35 22 0 
291 41 92 0 
292 50 27 0 
293 73 106 0 
294 35 58 0 
295 33 39 0 
296 24 13 0 
297 33 86 0 
298 38 33 0 
299 56 49 0 
300 87 173 0 
301 88 65 0 
302 98 55 0 
303 87 126 0 
304 92 249 0 
305 25 41 0 
306 47 53 0 
307 41 107 0 
308 73 199 0 
309 94 234 0 
310 90 192 0 
311 34 46 0 
312 37 107 0 
313 46 96 0 
314 43 113 0 
315 40 68 0 
316 55 44 0 
317 80 82 0 
318 80 152 0 
319 73 55 0 
320 89 90 0 
321 92 48 0 
322 35 78 0 
323 90 186 0 
324 87 59 0 
325 87 179 0 
326 46 105 0 
327 43 86 0 
328 61 63 0 
329 77 70 0 
330 74 69 0 
331 62 154 0 
332 95 115 0 
333 66 138 0 
334 40 96 0 
335 79 131 0 
336 39 22 0 
337 63 153 0 
338 22 65 0 
339 88 258 0 
340 47 104 0 
341 80 170 0 
342 33 22 0 
343 94 200 0 
344 38 60 0 
345 43 29 0 
346 99 170 0 
347 68 39 0 
348 36 57 0 
349 70 88 0 
350 61 144 0 
351 99 132 0 
352 32 58 0 
353 76 81 0 
354 77 184 0 
355 77 88 0 
356 31 42 0 
357 39 104 0 
358 47 101 0 
359 68 141 0 
360 65 158 0 
361 50 70 0 
362 48 144 0 
363 85 119 0 
364 100 258 0 
365 33 56 0 
366 87 72 0 
367 73 136 0 
368 28 52 0 
369 34 75 0 
370 68 81 0 
371 33 23 0 
372 64 39 0 
373 67 120 0 
374 95 276 0 
375 52 39 0 
376 67 62 0 
377 24 69 0 
378 38 26 0 
379 88 198 0 
380 96 94 0 
381 85 138 0 
382 69 158 0 
383 80 178 0 
384 95 171 0 
385 35 45 0 
386 45 100 0 
387 58 157 0 
388 35 27 0 
389 28 26 0 
390 30 45 0 
391 41 62 0 
392 25 24 0 
393 64 54 0 
394 53 159 0 
395 31 41 0 
396 46 51 0 
397 92 168 0 
398 36 57 0 
399 42 88 0 
400 67 150 0 
401 84 157 0 
402 76 178 0 
403 87 226 0 
404 77 138 0 
405 59 138 0 
406 97 76 0 
407 56 97 0 
408 50 55 0 
409 66 87 0 
410 85 229 0 
411 38 33 0 
412 97 109 0 
413 90 141 0 
414 87 189 0 
415 81 142 0 
416 25 68 0 
417 38 20 0 
418 76 144 0 
419 80 59 0 
420 88 148 0 
421 40 117 0 
422 45 107 0 
423 85 195 0 
424 49 65 0 
425 80 113 0 
426 46 122 0 
427 32 63 0 
428 30 42 0 
429 71 145 0 
430 59 38 0 
431 63 70 0 
432 41 86 0 
433 44 31 0 
434 34 46 0 
435 50 127 0 
436 33 37 0 
437 25 67 0 
438 75 46 0 
439 41 123 0 
440 35 61 0 
441 93 255 0 
442 81 228 0 
443 86 109 0 
444 54 106 0 
445 97 84 0 
446 78 45 0 
447 34 61 0 
448 89 242 0 
449 80 79 0 
450 87 88 0 
451 96 286 0 
452 97 121 0 
453 30 25 0 
454 36 95 0 
455 28 39 0 
456 40 107 0 
457 66 75 0 
458 75 98 0 
459 49 64 0 
460 70 66 0 
461 87 166 0 
462 68 132 0 
463 83 182 0 
464 35 100 0 
465 74 126 0 
466 27 66 0 
467 30 89 0 
468 37 86 0 
469 64 181 0 
470 45 120 0 
471 51 150 0 
472 23 23 0 
473 37 56 0 
474 45 86 0 
475 64 70 0 
476 64 77 0 
477 87 128 0 
478 61 108 0 
479 59 105 0 
480 28 77 0 
481 86 70 0 
482 93 134 0 
483 47 83 0 
484 48 142 0 
485 79 149 0 
486 88 256 0 
487 48 118 0 
488 100 288 0 
489 76 147 0 
490 50 102 0 
491 29 80 0 
492 99 153 0 
493 62 91 0 
494 29 66 0 
495 75 44 0 
496 89 243 0 
497 22 55 0 
498 78 170 0 
499 39 26 0 
