NAME GBP_INSTANCES\prob_3_B_3_4_1.txt
COMMENT
BINTYPES 5
ITEMS 200
BINS_SECTIONS
0 60 60 0 250 
1 80 80 0 188 
2 100 100 0 150 
3 120 120 0 125 
4 150 150 0 100 
ITEMS_SECTIONS
0 63 59 0 
1 54 44 0 
2 55 151 0 
3 75 99 0 
4 69 154 0 
5 71 97 0 
6 100 291 0 
7 82 49 0 
8 65 37 0 
9 87 205 0 
10 62 138 0 
11 72 168 0 
12 85 107 0 
13 76 180 0 
14 90 177 0 
15 100 71 0 
16 70 97 0 
17 75 142 0 
18 51 117 0 
19 86 124 0 
20 98 163 0 
21 67 55 0 
22 91 124 0 
23 99 284 0 
24 53 123 0 
25 63 121 0 
26 57 136 0 
27 67 121 0 
28 77 87 0 
29 86 241 0 
30 64 185 0 
31 96 209 0 
32 62 64 0 
33 68 187 0 
34 89 220 0 
35 58 44 0 
36 72 94 0 
37 55 122 0 
38 90 227 0 
39 65 55 0 
40 53 36 0 
41 86 54 0 
42 71 59 0 
43 56 124 0 
44 60 46 0 
45 91 104 0 
46 88 252 0 
47 93 167 0 
48 79 188 0 
49 67 199 0 
50 83 58 0 
51 58 50 0 
52 67 90 0 
53 91 270 0 
54 73 67 0 
55 99 95 0 
56 66 157 0 
57 60 124 0 
58 93 86 0 
59 57 158 0 
60 100 109 0 
61 86 145 0 
62 64 48 0 
63 75 193 0 
64 84 178 0 
65 75 70 0 
66 85 83 0 
67 72 68 0 
68 62 58 0 
69 65 184 0 
70 78 209 0 
71 92 61 0 
72 62 44 0 
73 65 48 0 
74 76 202 0 
75 89 266 0 
76 65 93 0 
77 62 124 0 
78 78 150 0 
79 81 234 0 
80 99 233 0 
81 79 65 0 
82 83 43 0 
83 72 99 0 
84 87 155 0 
85 71 212 0 
86 53 141 0 
87 76 199 0 
88 68 182 0 
89 78 85 0 
90 78 94 0 
91 94 88 0 
92 70 198 0 
93 72 130 0 
94 98 251 0 
95 78 203 0 
96 57 93 0 
97 75 205 0 
98 92 158 0 
99 85 145 0 
100 66 147 0 
101 77 150 0 
102 94 144 0 
103 92 83 0 
104 67 178 0 
105 90 47 0 
106 57 89 0 
107 51 126 0 
108 70 57 0 
109 52 32 0 
110 65 39 0 
111 76 175 0 
112 89 189 0 
113 80 223 0 
114 99 165 0 
115 60 106 0 
116 56 137 0 
117 93 185 0 
118 96 61 0 
119 61 131 0 
120 88 202 0 
121 78 200 0 
122 67 102 0 
123 97 121 0 
124 100 269 0 
125 89 114 0 
126 84 147 0 
127 96 69 0 
128 71 183 0 
129 59 55 0 
130 59 48 0 
131 90 244 0 
132 98 293 0 
133 89 113 0 
134 90 176 0 
135 51 150 0 
136 53 111 0 
137 70 123 0 
138 95 56 0 
139 99 237 0 
140 77 95 0 
141 92 259 0 
142 75 200 0 
143 95 197 0 
144 67 85 0 
145 84 204 0 
146 81 43 0 
147 80 180 0 
148 54 58 0 
149 62 74 0 
150 92 57 0 
151 94 182 0 
152 67 114 0 
153 65 176 0 
154 64 80 0 
155 66 69 0 
156 85 210 0 
157 54 40 0 
158 61 172 0 
159 75 67 0 
160 74 53 0 
161 61 47 0 
162 82 78 0 
163 64 152 0 
164 57 50 0 
165 61 62 0 
166 93 265 0 
167 58 83 0 
168 67 48 0 
169 54 150 0 
170 67 153 0 
171 74 188 0 
172 76 95 0 
173 80 223 0 
174 61 150 0 
175 60 61 0 
176 64 191 0 
177 94 250 0 
178 74 82 0 
179 74 76 0 
180 100 86 0 
181 98 105 0 
182 55 124 0 
183 64 182 0 
184 58 137 0 
185 86 173 0 
186 70 176 0 
187 79 216 0 
188 59 60 0 
189 97 150 0 
190 90 247 0 
191 62 34 0 
192 79 105 0 
193 57 54 0 
194 59 38 0 
195 60 58 0 
196 80 194 0 
197 73 151 0 
198 54 85 0 
199 57 163 0 
