NAME GBP_INSTANCES\prob_2_B_2_0_1.txt
COMMENT
BINTYPES 5
ITEMS 100
BINS_SECTIONS
0 60 60 0 98 
1 80 80 0 73 
2 100 100 0 59 
3 120 120 0 49 
4 150 150 0 39 
ITEMS_SECTIONS
0 52 57 0 
1 49 73 0 
2 81 81 0 
3 83 64 0 
4 75 204 0 
5 37 45 0 
6 98 141 0 
7 32 90 0 
8 32 41 0 
9 60 97 0 
10 56 99 0 
11 54 67 0 
12 39 56 0 
13 21 43 0 
14 43 111 0 
15 56 164 0 
16 44 72 0 
17 63 173 0 
18 32 56 0 
19 70 170 0 
20 51 50 0 
21 96 188 0 
22 85 193 0 
23 100 121 0 
24 54 104 0 
25 36 107 0 
26 97 99 0 
27 54 137 0 
28 28 81 0 
29 89 46 0 
30 94 148 0 
31 35 23 0 
32 26 52 0 
33 68 66 0 
34 100 153 0 
35 60 170 0 
36 76 170 0 
37 62 135 0 
38 40 52 0 
39 26 50 0 
40 35 41 0 
41 71 206 0 
42 43 75 0 
43 44 115 0 
44 29 79 0 
45 42 52 0 
46 21 55 0 
47 38 57 0 
48 45 53 0 
49 91 212 0 
50 74 208 0 
51 72 207 0 
52 28 54 0 
53 21 54 0 
54 51 114 0 
55 97 77 0 
56 80 80 0 
57 80 181 0 
58 58 89 0 
59 69 89 0 
60 44 126 0 
61 69 133 0 
62 66 85 0 
63 21 21 0 
64 63 46 0 
65 24 62 0 
66 29 65 0 
67 86 129 0 
68 35 95 0 
69 69 52 0 
70 92 123 0 
71 51 74 0 
72 44 25 0 
73 96 120 0 
74 66 164 0 
75 30 65 0 
76 85 176 0 
77 59 53 0 
78 72 118 0 
79 86 176 0 
80 25 27 0 
81 46 54 0 
82 79 163 0 
83 71 205 0 
84 66 142 0 
85 100 235 0 
86 92 262 0 
87 61 144 0 
88 82 169 0 
89 56 29 0 
90 66 170 0 
91 33 32 0 
92 78 166 0 
93 38 112 0 
94 30 88 0 
95 29 52 0 
96 90 196 0 
97 23 22 0 
98 44 72 0 
99 97 106 0 
