NAME GBP_INSTANCES\prob_3_A_3_6_1.txt
COMMENT
BINTYPES 3
ITEMS 200
BINS_SECTIONS
0 100 100 0 149 
1 120 120 0 124 
2 150 150 0 99 
ITEMS_SECTIONS
0 84 173 0 
1 63 121 0 
2 65 67 0 
3 82 211 0 
4 70 36 0 
5 68 86 0 
6 94 215 0 
7 74 174 0 
8 65 34 0 
9 97 239 0 
10 80 153 0 
11 51 133 0 
12 78 111 0 
13 85 121 0 
14 66 86 0 
15 56 121 0 
16 76 194 0 
17 77 160 0 
18 81 65 0 
19 70 41 0 
20 86 183 0 
21 100 264 0 
22 69 104 0 
23 61 124 0 
24 78 106 0 
25 83 183 0 
26 99 163 0 
27 61 109 0 
28 54 36 0 
29 94 276 0 
30 94 94 0 
31 62 175 0 
32 83 82 0 
33 64 140 0 
34 89 75 0 
35 86 107 0 
36 61 79 0 
37 52 121 0 
38 95 196 0 
39 86 91 0 
40 86 162 0 
41 87 259 0 
42 97 142 0 
43 89 147 0 
44 94 145 0 
45 90 238 0 
46 51 29 0 
47 65 130 0 
48 69 119 0 
49 97 74 0 
50 64 188 0 
51 60 107 0 
52 86 172 0 
53 52 121 0 
54 68 191 0 
55 57 50 0 
56 62 143 0 
57 92 149 0 
58 75 176 0 
59 61 101 0 
60 96 82 0 
61 73 102 0 
62 74 62 0 
63 79 42 0 
64 99 242 0 
65 80 60 0 
66 53 110 0 
67 73 144 0 
68 80 115 0 
69 64 155 0 
70 62 38 0 
71 71 43 0 
72 53 115 0 
73 92 171 0 
74 97 164 0 
75 64 54 0 
76 60 58 0 
77 62 140 0 
78 73 180 0 
79 66 148 0 
80 87 221 0 
81 67 173 0 
82 63 186 0 
83 71 86 0 
84 82 71 0 
85 54 120 0 
86 74 217 0 
87 86 233 0 
88 75 162 0 
89 64 52 0 
90 87 196 0 
91 59 108 0 
92 74 133 0 
93 63 93 0 
94 79 161 0 
95 55 64 0 
96 87 119 0 
97 79 64 0 
98 56 91 0 
99 86 158 0 
100 93 97 0 
101 61 179 0 
102 66 134 0 
103 84 68 0 
104 55 107 0 
105 90 256 0 
106 69 105 0 
107 53 145 0 
108 64 98 0 
109 90 239 0 
110 85 208 0 
111 66 51 0 
112 88 202 0 
113 72 48 0 
114 94 268 0 
115 54 69 0 
116 72 117 0 
117 65 187 0 
118 61 168 0 
119 98 79 0 
120 79 77 0 
121 70 124 0 
122 65 154 0 
123 66 96 0 
124 86 149 0 
125 81 157 0 
126 92 97 0 
127 71 112 0 
128 56 88 0 
129 57 115 0 
130 81 83 0 
131 85 106 0 
132 83 168 0 
133 55 70 0 
134 87 105 0 
135 73 189 0 
136 79 162 0 
137 94 122 0 
138 87 218 0 
139 51 153 0 
140 67 114 0 
141 69 109 0 
142 51 152 0 
143 69 169 0 
144 78 181 0 
145 71 110 0 
146 59 134 0 
147 78 233 0 
148 80 136 0 
149 98 244 0 
150 66 66 0 
151 89 115 0 
152 84 152 0 
153 60 48 0 
154 78 120 0 
155 61 52 0 
156 54 54 0 
157 98 259 0 
158 59 92 0 
159 99 256 0 
160 59 77 0 
161 91 207 0 
162 98 67 0 
163 95 189 0 
164 60 65 0 
165 61 183 0 
166 66 53 0 
167 78 200 0 
168 60 98 0 
169 94 106 0 
170 60 53 0 
171 69 108 0 
172 52 36 0 
173 96 60 0 
174 98 86 0 
175 67 151 0 
176 61 131 0 
177 57 64 0 
178 95 163 0 
179 76 125 0 
180 51 53 0 
181 73 132 0 
182 86 195 0 
183 93 277 0 
184 52 123 0 
185 64 126 0 
186 77 151 0 
187 89 90 0 
188 73 219 0 
189 89 117 0 
190 85 124 0 
191 55 129 0 
192 99 197 0 
193 88 210 0 
194 63 41 0 
195 60 72 0 
196 57 66 0 
197 51 129 0 
198 57 100 0 
199 79 52 0 
