NAME GBP_INSTANCES\prob_1_B_4_9_1.txt
COMMENT
BINTYPES 5
ITEMS 500
BINS_SECTIONS
0 60 60 0 408 
1 80 80 0 306 
2 100 100 0 245 
3 120 120 0 204 
4 150 150 0 164 
ITEMS_SECTIONS
0 52 128 0 
1 80 58 0 
2 27 76 0 
3 66 175 0 
4 42 29 0 
5 32 26 0 
6 65 120 0 
7 6 8 0 
8 6 7 0 
9 92 95 0 
10 6 7 0 
11 61 88 0 
12 18 32 0 
13 98 80 0 
14 8 24 0 
15 58 96 0 
16 52 105 0 
17 86 100 0 
18 97 82 0 
19 37 20 0 
20 99 209 0 
21 77 96 0 
22 50 55 0 
23 88 251 0 
24 39 97 0 
25 10 7 0 
26 96 241 0 
27 56 78 0 
28 85 145 0 
29 91 216 0 
30 41 60 0 
31 63 54 0 
32 88 207 0 
33 9 19 0 
34 53 89 0 
35 62 115 0 
36 95 137 0 
37 81 204 0 
38 19 46 0 
39 92 152 0 
40 63 55 0 
41 93 116 0 
42 94 209 0 
43 18 52 0 
44 28 44 0 
45 88 259 0 
46 79 103 0 
47 44 98 0 
48 14 31 0 
49 52 116 0 
50 31 22 0 
51 87 139 0 
52 98 51 0 
53 85 222 0 
54 33 34 0 
55 89 136 0 
56 13 14 0 
57 88 126 0 
58 59 94 0 
59 53 122 0 
60 77 181 0 
61 39 73 0 
62 36 27 0 
63 91 67 0 
64 84 113 0 
65 11 7 0 
66 38 26 0 
67 70 37 0 
68 2 5 0 
69 8 24 0 
70 26 31 0 
71 25 35 0 
72 14 29 0 
73 47 87 0 
74 66 172 0 
75 54 132 0 
76 86 183 0 
77 85 157 0 
78 34 69 0 
79 39 109 0 
80 49 97 0 
81 7 14 0 
82 40 64 0 
83 18 48 0 
84 13 37 0 
85 75 179 0 
86 87 58 0 
87 54 94 0 
88 84 161 0 
89 70 165 0 
90 96 195 0 
91 30 79 0 
92 14 27 0 
93 2 6 0 
94 99 294 0 
95 98 163 0 
96 37 57 0 
97 27 40 0 
98 51 48 0 
99 27 34 0 
100 40 34 0 
101 65 183 0 
102 49 134 0 
103 79 156 0 
104 11 10 0 
105 40 104 0 
106 18 47 0 
107 47 100 0 
108 15 38 0 
109 28 73 0 
110 43 41 0 
111 95 231 0 
112 43 28 0 
113 58 71 0 
114 18 26 0 
115 19 37 0 
116 80 168 0 
117 41 102 0 
118 74 132 0 
119 86 58 0 
120 44 61 0 
121 59 100 0 
122 77 229 0 
123 68 202 0 
124 27 66 0 
125 10 30 0 
126 53 45 0 
127 13 7 0 
128 18 34 0 
129 30 17 0 
130 10 9 0 
131 79 105 0 
132 10 8 0 
133 90 190 0 
134 45 72 0 
135 85 109 0 
136 79 45 0 
137 90 55 0 
138 88 85 0 
139 84 242 0 
140 57 120 0 
141 36 104 0 
142 77 128 0 
143 23 50 0 
144 52 40 0 
145 47 56 0 
146 6 7 0 
147 93 151 0 
148 65 116 0 
149 63 89 0 
150 49 116 0 
151 47 76 0 
152 53 112 0 
153 91 143 0 
154 17 19 0 
155 59 176 0 
156 72 119 0 
157 75 109 0 
158 16 30 0 
159 26 68 0 
160 68 201 0 
161 29 70 0 
162 79 174 0 
163 84 184 0 
164 35 43 0 
165 7 20 0 
166 69 36 0 
167 38 100 0 
168 19 26 0 
169 53 76 0 
170 69 180 0 
171 62 76 0 
172 81 110 0 
173 15 15 0 
174 3 4 0 
175 89 217 0 
176 5 9 0 
177 48 48 0 
178 91 58 0 
179 52 60 0 
180 49 143 0 
181 6 8 0 
182 66 135 0 
183 59 159 0 
184 45 111 0 
185 38 28 0 
186 78 64 0 
187 6 16 0 
188 27 68 0 
189 96 271 0 
190 2 4 0 
191 85 76 0 
192 3 9 0 
193 66 53 0 
194 72 115 0 
195 9 26 0 
196 62 135 0 
197 20 15 0 
198 72 39 0 
199 86 90 0 
200 96 240 0 
201 18 51 0 
202 94 271 0 
203 85 96 0 
204 72 122 0 
205 56 113 0 
206 83 174 0 
207 25 33 0 
208 99 96 0 
209 72 42 0 
210 11 19 0 
211 17 33 0 
212 40 61 0 
213 18 40 0 
214 75 183 0 
215 4 12 0 
216 26 65 0 
217 7 4 0 
218 70 207 0 
219 16 29 0 
220 89 182 0 
221 57 158 0 
222 22 35 0 
223 99 84 0 
224 8 22 0 
225 20 37 0 
226 45 38 0 
227 27 60 0 
228 55 69 0 
229 20 20 0 
230 5 5 0 
231 42 26 0 
232 56 47 0 
233 7 18 0 
234 48 104 0 
235 69 167 0 
236 42 87 0 
237 33 87 0 
238 78 76 0 
239 18 31 0 
240 9 8 0 
241 64 101 0 
242 45 110 0 
243 16 22 0 
244 65 142 0 
245 31 83 0 
246 24 61 0 
247 20 14 0 
248 72 207 0 
249 37 21 0 
250 49 65 0 
251 11 9 0 
252 80 145 0 
253 21 13 0 
254 87 218 0 
255 38 106 0 
256 40 91 0 
257 99 53 0 
258 4 6 0 
259 24 16 0 
260 5 7 0 
261 81 77 0 
262 11 14 0 
263 76 169 0 
264 9 5 0 
265 77 152 0 
266 58 31 0 
267 39 91 0 
268 22 26 0 
269 4 6 0 
270 46 46 0 
271 15 30 0 
272 77 195 0 
273 100 123 0 
274 23 57 0 
275 89 263 0 
276 73 131 0 
277 63 84 0 
278 54 149 0 
279 10 19 0 
280 34 63 0 
281 4 7 0 
282 17 45 0 
283 20 36 0 
284 43 96 0 
285 41 101 0 
286 2 5 0 
287 27 21 0 
288 29 77 0 
289 53 36 0 
290 100 203 0 
291 92 58 0 
292 21 58 0 
293 66 110 0 
294 34 44 0 
295 17 14 0 
296 41 49 0 
297 23 20 0 
298 2 6 0 
299 28 46 0 
300 64 179 0 
301 12 31 0 
302 40 28 0 
303 23 26 0 
304 20 55 0 
305 95 253 0 
306 20 39 0 
307 86 230 0 
308 37 109 0 
309 17 28 0 
310 10 23 0 
311 31 70 0 
312 32 75 0 
313 15 10 0 
314 23 19 0 
315 81 78 0 
316 41 93 0 
317 51 75 0 
318 69 78 0 
319 53 136 0 
320 77 224 0 
321 58 105 0 
322 35 30 0 
323 37 60 0 
324 36 37 0 
325 16 15 0 
326 12 8 0 
327 54 85 0 
328 9 27 0 
329 67 82 0 
330 3 6 0 
331 79 91 0 
332 46 108 0 
333 84 144 0 
334 11 26 0 
335 9 27 0 
336 24 48 0 
337 96 200 0 
338 59 123 0 
339 64 144 0 
340 48 52 0 
341 76 52 0 
342 26 59 0 
343 2 3 0 
344 58 94 0 
345 15 39 0 
346 66 79 0 
347 43 49 0 
348 60 167 0 
349 71 134 0 
350 87 250 0 
351 62 140 0 
352 58 147 0 
353 32 56 0 
354 52 84 0 
355 71 76 0 
356 5 9 0 
357 59 149 0 
358 81 101 0 
359 36 42 0 
360 42 64 0 
361 73 127 0 
362 30 20 0 
363 47 120 0 
364 62 176 0 
365 34 96 0 
366 8 9 0 
367 98 50 0 
368 49 121 0 
369 85 136 0 
370 9 7 0 
371 90 92 0 
372 23 56 0 
373 14 8 0 
374 38 57 0 
375 2 2 0 
376 79 210 0 
377 81 44 0 
378 88 173 0 
379 62 170 0 
380 11 30 0 
381 6 11 0 
382 54 147 0 
383 59 156 0 
384 17 10 0 
385 21 36 0 
386 45 69 0 
387 16 29 0 
388 2 5 0 
389 10 20 0 
390 75 59 0 
391 69 136 0 
392 40 43 0 
393 35 42 0 
394 100 104 0 
395 90 214 0 
396 34 31 0 
397 57 33 0 
398 73 181 0 
399 76 94 0 
400 26 77 0 
401 77 184 0 
402 85 154 0 
403 42 40 0 
404 98 92 0 
405 82 50 0 
406 77 77 0 
407 67 140 0 
408 31 67 0 
409 26 22 0 
410 80 194 0 
411 5 8 0 
412 21 56 0 
413 42 61 0 
414 62 104 0 
415 10 14 0 
416 69 166 0 
417 10 27 0 
418 52 64 0 
419 3 5 0 
420 27 37 0 
421 63 65 0 
422 24 51 0 
423 23 16 0 
424 77 125 0 
425 81 114 0 
426 79 118 0 
427 83 204 0 
428 2 5 0 
429 33 46 0 
430 51 76 0 
431 86 198 0 
432 58 47 0 
433 24 28 0 
434 52 111 0 
435 6 8 0 
436 34 43 0 
437 22 65 0 
438 73 141 0 
439 95 206 0 
440 21 47 0 
441 96 169 0 
442 79 174 0 
443 49 112 0 
444 43 102 0 
445 54 60 0 
446 100 251 0 
447 38 92 0 
448 7 9 0 
449 16 28 0 
450 62 35 0 
451 72 56 0 
452 98 238 0 
453 2 2 0 
454 53 136 0 
455 21 22 0 
456 97 108 0 
457 76 181 0 
458 76 80 0 
459 6 10 0 
460 28 23 0 
461 27 64 0 
462 78 214 0 
463 34 38 0 
464 21 28 0 
465 9 20 0 
466 20 31 0 
467 76 58 0 
468 10 22 0 
469 56 114 0 
470 49 77 0 
471 42 110 0 
472 31 23 0 
473 72 79 0 
474 69 170 0 
475 78 193 0 
476 51 71 0 
477 98 209 0 
478 57 162 0 
479 26 38 0 
480 87 121 0 
481 90 195 0 
482 8 17 0 
483 76 157 0 
484 59 60 0 
485 90 126 0 
486 88 226 0 
487 51 76 0 
488 17 17 0 
489 19 33 0 
490 48 139 0 
491 47 45 0 
492 97 76 0 
493 87 254 0 
494 91 152 0 
495 80 132 0 
496 60 91 0 
497 52 65 0 
498 44 30 0 
499 59 56 0 
