NAME GBP_INSTANCES\prob_1_B_0_5_1.txt
COMMENT
BINTYPES 5
ITEMS 25
BINS_SECTIONS
0 60 60 0 22 
1 80 80 0 16 
2 100 100 0 13 
3 120 120 0 11 
4 150 150 0 9 
ITEMS_SECTIONS
0 60 106 0 
1 84 156 0 
2 26 54 0 
3 74 177 0 
4 57 107 0 
5 82 102 0 
6 80 230 0 
7 2 3 0 
8 60 35 0 
9 51 50 0 
10 15 27 0 
11 99 126 0 
12 33 83 0 
13 46 84 0 
14 11 25 0 
15 70 59 0 
16 21 33 0 
17 29 69 0 
18 52 56 0 
19 30 79 0 
20 23 33 0 
21 84 53 0 
22 63 82 0 
23 39 101 0 
24 77 142 0 
