NAME GBP_INSTANCES\prob_3_B_1_7_1.txt
COMMENT
BINTYPES 5
ITEMS 50
BINS_SECTIONS
0 60 60 0 63 
1 80 80 0 47 
2 100 100 0 38 
3 120 120 0 32 
4 150 150 0 25 
ITEMS_SECTIONS
0 54 28 0 
1 72 123 0 
2 80 174 0 
3 53 147 0 
4 67 120 0 
5 86 83 0 
6 64 149 0 
7 70 137 0 
8 67 89 0 
9 82 212 0 
10 68 172 0 
11 68 149 0 
12 59 175 0 
13 52 60 0 
14 88 166 0 
15 93 171 0 
16 80 149 0 
17 79 110 0 
18 89 147 0 
19 80 42 0 
20 92 72 0 
21 79 80 0 
22 76 41 0 
23 77 195 0 
24 67 171 0 
25 92 72 0 
26 56 146 0 
27 86 86 0 
28 64 119 0 
29 84 157 0 
30 51 109 0 
31 79 210 0 
32 56 90 0 
33 92 113 0 
34 55 123 0 
35 90 162 0 
36 86 190 0 
37 58 130 0 
38 91 196 0 
39 80 84 0 
40 92 144 0 
41 88 77 0 
42 53 132 0 
43 52 110 0 
44 73 91 0 
45 91 58 0 
46 94 131 0 
47 86 122 0 
48 57 32 0 
49 79 100 0 
