NAME GBP_INSTANCES\prob_3_B_3_5_1.txt
COMMENT
BINTYPES 5
ITEMS 200
BINS_SECTIONS
0 60 60 0 251 
1 80 80 0 189 
2 100 100 0 151 
3 120 120 0 126 
4 150 150 0 101 
ITEMS_SECTIONS
0 65 64 0 
1 86 76 0 
2 99 151 0 
3 92 109 0 
4 94 97 0 
5 80 64 0 
6 97 156 0 
7 98 217 0 
8 72 91 0 
9 58 83 0 
10 73 82 0 
11 60 162 0 
12 96 235 0 
13 89 107 0 
14 71 142 0 
15 70 83 0 
16 72 152 0 
17 78 62 0 
18 87 57 0 
19 93 199 0 
20 90 206 0 
21 67 127 0 
22 59 170 0 
23 62 78 0 
24 55 61 0 
25 64 153 0 
26 81 215 0 
27 64 51 0 
28 87 99 0 
29 73 143 0 
30 94 136 0 
31 97 96 0 
32 67 86 0 
33 100 149 0 
34 66 141 0 
35 53 136 0 
36 92 113 0 
37 76 144 0 
38 80 202 0 
39 90 248 0 
40 92 105 0 
41 65 146 0 
42 70 156 0 
43 88 172 0 
44 82 51 0 
45 91 270 0 
46 51 57 0 
47 62 110 0 
48 84 182 0 
49 74 71 0 
50 63 122 0 
51 98 66 0 
52 82 96 0 
53 79 113 0 
54 77 203 0 
55 84 81 0 
56 87 65 0 
57 94 229 0 
58 92 199 0 
59 88 60 0 
60 87 60 0 
61 73 215 0 
62 61 107 0 
63 83 142 0 
64 100 51 0 
65 74 95 0 
66 92 202 0 
67 83 224 0 
68 68 116 0 
69 67 79 0 
70 82 97 0 
71 73 155 0 
72 87 241 0 
73 96 149 0 
74 57 107 0 
75 86 87 0 
76 83 178 0 
77 76 220 0 
78 77 64 0 
79 96 172 0 
80 77 41 0 
81 95 136 0 
82 96 57 0 
83 59 35 0 
84 77 56 0 
85 68 147 0 
86 77 105 0 
87 91 246 0 
88 67 152 0 
89 97 218 0 
90 81 64 0 
91 78 184 0 
92 72 207 0 
93 56 43 0 
94 76 193 0 
95 72 144 0 
96 56 43 0 
97 75 91 0 
98 97 272 0 
99 91 186 0 
100 55 62 0 
101 69 76 0 
102 97 203 0 
103 87 76 0 
104 81 115 0 
105 74 149 0 
106 75 61 0 
107 62 72 0 
108 62 153 0 
109 84 124 0 
110 57 116 0 
111 84 208 0 
112 98 79 0 
113 58 164 0 
114 81 156 0 
115 75 197 0 
116 51 133 0 
117 82 166 0 
118 66 86 0 
119 51 106 0 
120 51 130 0 
121 70 120 0 
122 90 152 0 
123 55 92 0 
124 71 117 0 
125 69 127 0 
126 81 230 0 
127 77 158 0 
128 85 183 0 
129 67 87 0 
130 51 109 0 
131 63 122 0 
132 72 55 0 
133 66 177 0 
134 95 115 0 
135 77 162 0 
136 60 117 0 
137 66 40 0 
138 61 57 0 
139 57 49 0 
140 64 178 0 
141 72 120 0 
142 70 180 0 
143 89 53 0 
144 53 93 0 
145 70 63 0 
146 63 170 0 
147 73 184 0 
148 67 79 0 
149 90 68 0 
150 73 152 0 
151 87 138 0 
152 52 99 0 
153 99 202 0 
154 54 101 0 
155 74 59 0 
156 51 122 0 
157 78 130 0 
158 95 247 0 
159 66 186 0 
160 98 171 0 
161 51 63 0 
162 74 110 0 
163 65 170 0 
164 76 76 0 
165 59 144 0 
166 66 61 0 
167 95 172 0 
168 69 204 0 
169 79 75 0 
170 53 157 0 
171 86 160 0 
172 74 46 0 
173 63 75 0 
174 71 102 0 
175 83 92 0 
176 59 124 0 
177 80 81 0 
178 84 66 0 
179 58 90 0 
180 72 105 0 
181 76 212 0 
182 53 75 0 
183 77 200 0 
184 99 93 0 
185 62 174 0 
186 59 62 0 
187 66 81 0 
188 61 49 0 
189 65 128 0 
190 56 140 0 
191 62 157 0 
192 69 148 0 
193 75 95 0 
194 82 97 0 
195 96 267 0 
196 57 52 0 
197 67 57 0 
198 76 147 0 
199 94 176 0 
