NAME GBP_INSTANCES\prob_3_A_2_8_1.txt
COMMENT
BINTYPES 3
ITEMS 100
BINS_SECTIONS
0 100 100 0 76 
1 120 120 0 63 
2 150 150 0 51 
ITEMS_SECTIONS
0 84 137 0 
1 53 116 0 
2 74 107 0 
3 91 115 0 
4 95 99 0 
5 53 60 0 
6 79 134 0 
7 93 218 0 
8 85 199 0 
9 77 50 0 
10 56 100 0 
11 69 96 0 
12 55 148 0 
13 53 147 0 
14 55 122 0 
15 98 146 0 
16 74 40 0 
17 72 74 0 
18 84 64 0 
19 76 136 0 
20 69 96 0 
21 90 267 0 
22 67 89 0 
23 51 60 0 
24 70 186 0 
25 78 204 0 
26 90 197 0 
27 100 60 0 
28 83 81 0 
29 58 161 0 
30 100 277 0 
31 68 100 0 
32 76 51 0 
33 69 118 0 
34 82 115 0 
35 60 70 0 
36 66 45 0 
37 57 161 0 
38 99 272 0 
39 64 192 0 
40 97 114 0 
41 72 110 0 
42 96 201 0 
43 68 160 0 
44 89 258 0 
45 84 48 0 
46 69 172 0 
47 80 156 0 
48 95 274 0 
49 88 215 0 
50 97 126 0 
51 53 35 0 
52 58 76 0 
53 52 54 0 
54 75 42 0 
55 63 144 0 
56 92 185 0 
57 100 214 0 
58 72 201 0 
59 60 144 0 
60 87 219 0 
61 69 157 0 
62 77 82 0 
63 77 60 0 
64 62 144 0 
65 85 237 0 
66 69 173 0 
67 69 206 0 
68 63 61 0 
69 94 80 0 
70 71 198 0 
71 78 103 0 
72 76 41 0 
73 52 112 0 
74 76 49 0 
75 77 62 0 
76 60 115 0 
77 54 61 0 
78 60 75 0 
79 57 76 0 
80 77 193 0 
81 100 69 0 
82 99 79 0 
83 52 27 0 
84 92 229 0 
85 88 239 0 
86 82 245 0 
87 57 167 0 
88 62 54 0 
89 86 76 0 
90 75 90 0 
91 57 152 0 
92 59 67 0 
93 52 107 0 
94 70 139 0 
95 99 63 0 
96 100 260 0 
97 74 128 0 
98 90 143 0 
99 88 172 0 
