NAME GBP_INSTANCES\prob_1_B_0_3_1.txt
COMMENT
BINTYPES 5
ITEMS 25
BINS_SECTIONS
0 60 60 0 23 
1 80 80 0 17 
2 100 100 0 14 
3 120 120 0 12 
4 150 150 0 9 
ITEMS_SECTIONS
0 62 77 0 
1 59 139 0 
2 85 134 0 
3 37 80 0 
4 92 89 0 
5 48 75 0 
6 57 100 0 
7 21 14 0 
8 84 96 0 
9 92 270 0 
10 34 42 0 
11 53 99 0 
12 13 8 0 
13 60 81 0 
14 19 53 0 
15 10 17 0 
16 61 37 0 
17 12 19 0 
18 76 118 0 
19 88 127 0 
20 69 192 0 
21 44 106 0 
22 74 43 0 
23 23 46 0 
24 67 47 0 
