NAME GBP_INSTANCES\prob_2_B_2_3_1.txt
COMMENT
BINTYPES 5
ITEMS 100
BINS_SECTIONS
0 60 60 0 102 
1 80 80 0 76 
2 100 100 0 61 
3 120 120 0 51 
4 150 150 0 41 
ITEMS_SECTIONS
0 59 144 0 
1 34 101 0 
2 61 140 0 
3 82 236 0 
4 92 51 0 
5 31 21 0 
6 34 45 0 
7 72 136 0 
8 23 60 0 
9 42 50 0 
10 53 47 0 
11 70 79 0 
12 81 152 0 
13 54 125 0 
14 54 154 0 
15 55 157 0 
16 57 76 0 
17 83 140 0 
18 72 212 0 
19 30 59 0 
20 90 154 0 
21 80 198 0 
22 27 25 0 
23 77 93 0 
24 37 60 0 
25 57 109 0 
26 87 182 0 
27 96 251 0 
28 45 30 0 
29 32 30 0 
30 50 138 0 
31 34 61 0 
32 34 52 0 
33 42 72 0 
34 57 98 0 
35 89 138 0 
36 46 97 0 
37 78 76 0 
38 43 111 0 
39 29 61 0 
40 57 169 0 
41 96 54 0 
42 72 131 0 
43 52 146 0 
44 23 45 0 
45 47 95 0 
46 85 237 0 
47 93 81 0 
48 93 157 0 
49 84 148 0 
50 86 107 0 
51 21 12 0 
52 94 221 0 
53 75 141 0 
54 100 156 0 
55 84 84 0 
56 62 101 0 
57 27 45 0 
58 39 87 0 
59 65 86 0 
60 34 74 0 
61 82 216 0 
62 97 251 0 
63 22 15 0 
64 84 115 0 
65 66 92 0 
66 49 65 0 
67 31 82 0 
68 95 225 0 
69 74 207 0 
70 73 153 0 
71 51 28 0 
72 91 91 0 
73 63 136 0 
74 34 25 0 
75 45 75 0 
76 57 45 0 
77 85 227 0 
78 76 185 0 
79 35 34 0 
80 74 47 0 
81 37 106 0 
82 45 66 0 
83 77 67 0 
84 23 27 0 
85 59 135 0 
86 85 147 0 
87 59 84 0 
88 74 97 0 
89 61 183 0 
90 26 17 0 
91 26 33 0 
92 97 139 0 
93 85 199 0 
94 55 96 0 
95 82 150 0 
96 94 248 0 
97 34 49 0 
98 52 109 0 
99 60 99 0 
