NAME GBP_INSTANCES\prob_1_B_2_6_1.txt
COMMENT
BINTYPES 5
ITEMS 100
BINS_SECTIONS
0 60 60 0 85 
1 80 80 0 64 
2 100 100 0 51 
3 120 120 0 43 
4 150 150 0 34 
ITEMS_SECTIONS
0 90 243 0 
1 98 78 0 
2 88 111 0 
3 93 89 0 
4 68 138 0 
5 49 109 0 
6 93 168 0 
7 23 50 0 
8 79 120 0 
9 28 79 0 
10 11 29 0 
11 11 18 0 
12 2 2 0 
13 88 168 0 
14 37 89 0 
15 66 65 0 
16 95 61 0 
17 74 136 0 
18 84 112 0 
19 19 19 0 
20 39 71 0 
21 21 42 0 
22 9 26 0 
23 60 71 0 
24 29 64 0 
25 97 264 0 
26 92 228 0 
27 83 143 0 
28 29 85 0 
29 23 43 0 
30 46 97 0 
31 16 36 0 
32 81 55 0 
33 49 119 0 
34 10 8 0 
35 15 17 0 
36 49 145 0 
37 33 65 0 
38 9 13 0 
39 35 103 0 
40 19 39 0 
41 97 201 0 
42 61 80 0 
43 18 49 0 
44 36 62 0 
45 97 104 0 
46 77 77 0 
47 26 18 0 
48 89 254 0 
49 93 186 0 
50 59 46 0 
51 71 151 0 
52 16 33 0 
53 52 46 0 
54 35 79 0 
55 53 79 0 
56 53 40 0 
57 68 153 0 
58 34 87 0 
59 57 34 0 
60 12 35 0 
61 39 100 0 
62 42 111 0 
63 35 40 0 
64 80 46 0 
65 72 215 0 
66 44 23 0 
67 18 43 0 
68 47 87 0 
69 70 207 0 
70 89 151 0 
71 69 89 0 
72 49 92 0 
73 57 171 0 
74 84 190 0 
75 53 84 0 
76 30 60 0 
77 17 48 0 
78 53 124 0 
79 100 284 0 
80 23 24 0 
81 81 216 0 
82 72 86 0 
83 60 165 0 
84 30 39 0 
85 46 26 0 
86 19 42 0 
87 26 36 0 
88 24 30 0 
89 66 116 0 
90 29 60 0 
91 4 8 0 
92 39 108 0 
93 86 108 0 
94 14 13 0 
95 35 42 0 
96 82 159 0 
97 82 122 0 
98 40 30 0 
99 25 43 0 
