NAME GBP_INSTANCES\prob_2_B_4_1_1.txt
COMMENT
BINTYPES 5
ITEMS 500
BINS_SECTIONS
0 60 60 0 514 
1 80 80 0 386 
2 100 100 0 309 
3 120 120 0 257 
4 150 150 0 206 
ITEMS_SECTIONS
0 83 249 0 
1 53 130 0 
2 23 49 0 
3 64 56 0 
4 90 90 0 
5 67 193 0 
6 71 93 0 
7 66 41 0 
8 76 65 0 
9 24 41 0 
10 53 99 0 
11 80 153 0 
12 59 68 0 
13 48 139 0 
14 33 57 0 
15 25 50 0 
16 77 43 0 
17 21 54 0 
18 63 32 0 
19 59 170 0 
20 54 142 0 
21 41 33 0 
22 46 75 0 
23 90 261 0 
24 83 143 0 
25 31 25 0 
26 91 214 0 
27 90 181 0 
28 79 65 0 
29 65 193 0 
30 52 107 0 
31 99 220 0 
32 88 229 0 
33 34 99 0 
34 78 206 0 
35 46 124 0 
36 35 40 0 
37 37 44 0 
38 53 39 0 
39 37 20 0 
40 54 140 0 
41 46 60 0 
42 94 265 0 
43 37 82 0 
44 84 248 0 
45 73 110 0 
46 45 61 0 
47 69 111 0 
48 39 33 0 
49 28 81 0 
50 66 80 0 
51 22 32 0 
52 50 133 0 
53 90 117 0 
54 21 37 0 
55 40 71 0 
56 67 50 0 
57 66 97 0 
58 62 88 0 
59 85 253 0 
60 90 122 0 
61 80 191 0 
62 57 88 0 
63 56 57 0 
64 78 217 0 
65 23 26 0 
66 85 178 0 
67 26 70 0 
68 75 138 0 
69 24 62 0 
70 52 114 0 
71 40 59 0 
72 99 111 0 
73 23 27 0 
74 91 266 0 
75 96 51 0 
76 76 197 0 
77 59 41 0 
78 29 55 0 
79 50 56 0 
80 90 145 0 
81 75 40 0 
82 83 169 0 
83 88 218 0 
84 44 41 0 
85 49 27 0 
86 98 85 0 
87 60 167 0 
88 99 109 0 
89 60 62 0 
90 37 40 0 
91 58 142 0 
92 45 113 0 
93 59 99 0 
94 100 244 0 
95 94 205 0 
96 86 111 0 
97 61 152 0 
98 49 66 0 
99 25 52 0 
100 73 218 0 
101 63 42 0 
102 28 35 0 
103 71 62 0 
104 58 153 0 
105 81 60 0 
106 77 192 0 
107 39 75 0 
108 22 37 0 
109 78 163 0 
110 46 59 0 
111 76 137 0 
112 34 66 0 
113 35 49 0 
114 79 141 0 
115 23 64 0 
116 50 82 0 
117 89 192 0 
118 98 145 0 
119 27 73 0 
120 78 176 0 
121 96 192 0 
122 48 66 0 
123 55 85 0 
124 40 120 0 
125 89 214 0 
126 62 158 0 
127 83 140 0 
128 86 183 0 
129 96 72 0 
130 51 32 0 
131 34 71 0 
132 29 80 0 
133 59 131 0 
134 61 119 0 
135 51 85 0 
136 39 90 0 
137 96 114 0 
138 85 127 0 
139 99 112 0 
140 50 121 0 
141 71 41 0 
142 36 22 0 
143 22 47 0 
144 90 81 0 
145 93 241 0 
146 93 106 0 
147 40 84 0 
148 57 39 0 
149 89 183 0 
150 37 107 0 
151 68 198 0 
152 76 83 0 
153 81 101 0 
154 45 65 0 
155 92 174 0 
156 71 185 0 
157 43 105 0 
158 99 131 0 
159 61 154 0 
160 64 37 0 
161 63 153 0 
162 92 223 0 
163 88 185 0 
164 83 150 0 
165 23 15 0 
166 26 48 0 
167 72 124 0 
168 84 86 0 
169 90 188 0 
170 63 161 0 
171 74 88 0 
172 22 51 0 
173 88 252 0 
174 54 79 0 
175 90 154 0 
176 97 247 0 
177 95 146 0 
178 84 59 0 
179 78 78 0 
180 32 44 0 
181 32 22 0 
182 53 62 0 
183 78 73 0 
184 28 69 0 
185 72 118 0 
186 56 53 0 
187 71 66 0 
188 29 60 0 
189 65 99 0 
190 86 112 0 
191 75 65 0 
192 28 73 0 
193 45 32 0 
194 87 204 0 
195 33 84 0 
196 31 60 0 
197 75 128 0 
198 80 235 0 
199 71 175 0 
200 94 92 0 
201 74 191 0 
202 38 95 0 
203 50 27 0 
204 98 57 0 
205 43 33 0 
206 34 91 0 
207 88 119 0 
208 70 126 0 
209 41 47 0 
210 88 214 0 
211 47 30 0 
212 82 154 0 
213 93 195 0 
214 77 77 0 
215 38 79 0 
216 42 91 0 
217 33 85 0 
218 25 27 0 
219 22 42 0 
220 23 17 0 
221 85 45 0 
222 97 233 0 
223 97 185 0 
224 83 239 0 
225 34 86 0 
226 33 19 0 
227 79 216 0 
228 47 125 0 
229 41 39 0 
230 92 134 0 
231 74 91 0 
232 69 98 0 
233 45 47 0 
234 32 96 0 
235 80 149 0 
236 96 148 0 
237 41 121 0 
238 27 44 0 
239 75 208 0 
240 42 51 0 
241 73 82 0 
242 58 116 0 
243 61 41 0 
244 47 58 0 
245 72 150 0 
246 80 224 0 
247 96 56 0 
248 85 47 0 
249 75 129 0 
250 56 83 0 
251 23 43 0 
252 60 77 0 
253 59 33 0 
254 79 120 0 
255 30 32 0 
256 29 23 0 
257 88 61 0 
258 80 79 0 
259 87 100 0 
260 42 45 0 
261 94 105 0 
262 53 58 0 
263 32 37 0 
264 22 29 0 
265 68 181 0 
266 69 114 0 
267 27 37 0 
268 53 78 0 
269 52 149 0 
270 41 73 0 
271 35 34 0 
272 62 56 0 
273 84 65 0 
274 25 59 0 
275 44 39 0 
276 68 96 0 
277 36 62 0 
278 70 134 0 
279 89 87 0 
280 63 146 0 
281 58 144 0 
282 89 160 0 
283 38 28 0 
284 45 90 0 
285 52 81 0 
286 22 60 0 
287 100 221 0 
288 85 151 0 
289 92 61 0 
290 58 56 0 
291 42 38 0 
292 64 85 0 
293 38 91 0 
294 68 114 0 
295 66 170 0 
296 69 51 0 
297 36 65 0 
298 87 230 0 
299 38 40 0 
300 61 146 0 
301 76 145 0 
302 43 72 0 
303 39 41 0 
304 39 66 0 
305 34 53 0 
306 96 144 0 
307 45 90 0 
308 23 17 0 
309 81 54 0 
310 92 128 0 
311 22 50 0 
312 56 133 0 
313 66 157 0 
314 60 84 0 
315 79 41 0 
316 99 135 0 
317 77 73 0 
318 29 72 0 
319 64 88 0 
320 89 222 0 
321 79 130 0 
322 35 68 0 
323 60 71 0 
324 60 79 0 
325 100 141 0 
326 43 88 0 
327 65 160 0 
328 100 217 0 
329 69 96 0 
330 21 49 0 
331 70 86 0 
332 31 74 0 
333 57 129 0 
334 36 49 0 
335 88 134 0 
336 57 42 0 
337 29 15 0 
338 59 173 0 
339 85 192 0 
340 86 194 0 
341 90 173 0 
342 70 50 0 
343 65 81 0 
344 86 256 0 
345 95 89 0 
346 66 198 0 
347 47 105 0 
348 82 95 0 
349 93 217 0 
350 83 224 0 
351 85 113 0 
352 53 30 0 
353 71 203 0 
354 74 135 0 
355 62 56 0 
356 34 73 0 
357 58 148 0 
358 79 126 0 
359 82 210 0 
360 23 37 0 
361 34 42 0 
362 47 112 0 
363 46 111 0 
364 91 189 0 
365 50 40 0 
366 62 38 0 
367 29 73 0 
368 61 48 0 
369 84 123 0 
370 95 137 0 
371 66 74 0 
372 91 236 0 
373 53 55 0 
374 44 31 0 
375 77 89 0 
376 29 46 0 
377 45 52 0 
378 39 83 0 
379 50 109 0 
380 70 147 0 
381 88 210 0 
382 44 124 0 
383 94 66 0 
384 91 213 0 
385 74 211 0 
386 78 57 0 
387 97 66 0 
388 47 116 0 
389 35 83 0 
390 75 66 0 
391 21 51 0 
392 85 191 0 
393 26 63 0 
394 95 148 0 
395 98 243 0 
396 27 36 0 
397 55 93 0 
398 38 110 0 
399 36 107 0 
400 90 157 0 
401 40 120 0 
402 67 55 0 
403 24 38 0 
404 86 198 0 
405 68 89 0 
406 91 155 0 
407 86 206 0 
408 100 86 0 
409 45 113 0 
410 69 198 0 
411 81 70 0 
412 39 78 0 
413 75 101 0 
414 50 92 0 
415 29 80 0 
416 90 101 0 
417 86 183 0 
418 26 71 0 
419 22 15 0 
420 57 164 0 
421 24 18 0 
422 48 129 0 
423 33 71 0 
424 68 186 0 
425 48 137 0 
426 94 161 0 
427 84 240 0 
428 81 109 0 
429 21 36 0 
430 81 98 0 
431 51 103 0 
432 41 105 0 
433 48 134 0 
434 71 97 0 
435 37 81 0 
436 100 100 0 
437 100 217 0 
438 88 209 0 
439 45 112 0 
440 51 64 0 
441 52 115 0 
442 84 215 0 
443 23 61 0 
444 99 282 0 
445 99 291 0 
446 34 62 0 
447 76 177 0 
448 38 98 0 
449 89 216 0 
450 56 65 0 
451 61 64 0 
452 81 144 0 
453 43 96 0 
454 52 44 0 
455 34 45 0 
456 94 118 0 
457 91 227 0 
458 51 95 0 
459 70 173 0 
460 75 153 0 
461 84 161 0 
462 24 71 0 
463 24 14 0 
464 71 205 0 
465 84 223 0 
466 45 126 0 
467 75 197 0 
468 57 167 0 
469 62 159 0 
470 27 36 0 
471 75 130 0 
472 52 48 0 
473 89 92 0 
474 89 233 0 
475 47 33 0 
476 21 49 0 
477 67 56 0 
478 49 60 0 
479 29 63 0 
480 97 265 0 
481 53 136 0 
482 61 111 0 
483 87 108 0 
484 32 42 0 
485 59 161 0 
486 98 200 0 
487 30 40 0 
488 61 53 0 
489 50 39 0 
490 49 99 0 
491 90 231 0 
492 46 120 0 
493 87 215 0 
494 59 67 0 
495 72 188 0 
496 31 63 0 
497 32 23 0 
498 80 98 0 
499 73 176 0 
