NAME GBP_INSTANCES\prob_3_A_4_6_1.txt
COMMENT
BINTYPES 3
ITEMS 500
BINS_SECTIONS
0 100 100 0 374 
1 120 120 0 312 
2 150 150 0 250 
ITEMS_SECTIONS
0 94 233 0 
1 64 152 0 
2 78 150 0 
3 77 72 0 
4 100 270 0 
5 59 91 0 
6 64 95 0 
7 73 48 0 
8 71 151 0 
9 63 99 0 
10 73 184 0 
11 59 44 0 
12 74 199 0 
13 85 205 0 
14 71 212 0 
15 57 165 0 
16 51 112 0 
17 99 253 0 
18 71 141 0 
19 66 137 0 
20 85 110 0 
21 99 82 0 
22 90 185 0 
23 91 59 0 
24 96 183 0 
25 89 195 0 
26 60 131 0 
27 95 124 0 
28 73 121 0 
29 68 115 0 
30 62 42 0 
31 71 138 0 
32 91 209 0 
33 70 195 0 
34 60 49 0 
35 94 165 0 
36 53 149 0 
37 90 243 0 
38 58 57 0 
39 59 117 0 
40 87 102 0 
41 99 293 0 
42 58 30 0 
43 56 153 0 
44 80 44 0 
45 77 104 0 
46 73 213 0 
47 87 121 0 
48 51 92 0 
49 72 193 0 
50 52 75 0 
51 87 165 0 
52 73 171 0 
53 58 61 0 
54 55 83 0 
55 86 189 0 
56 57 66 0 
57 58 88 0 
58 79 222 0 
59 91 178 0 
60 68 148 0 
61 98 184 0 
62 88 198 0 
63 73 143 0 
64 62 116 0 
65 58 99 0 
66 89 123 0 
67 73 125 0 
68 79 159 0 
69 91 242 0 
70 60 109 0 
71 74 142 0 
72 88 202 0 
73 75 58 0 
74 66 75 0 
75 61 34 0 
76 95 76 0 
77 64 128 0 
78 81 104 0 
79 98 128 0 
80 90 195 0 
81 59 117 0 
82 88 143 0 
83 99 228 0 
84 69 89 0 
85 59 111 0 
86 90 79 0 
87 89 253 0 
88 69 151 0 
89 69 149 0 
90 86 133 0 
91 56 134 0 
92 56 127 0 
93 74 49 0 
94 60 39 0 
95 51 37 0 
96 84 240 0 
97 51 148 0 
98 89 73 0 
99 53 29 0 
100 93 133 0 
101 82 50 0 
102 94 195 0 
103 77 220 0 
104 96 87 0 
105 90 224 0 
106 72 78 0 
107 63 109 0 
108 70 129 0 
109 61 90 0 
110 64 153 0 
111 64 151 0 
112 68 114 0 
113 75 124 0 
114 94 124 0 
115 76 161 0 
116 100 73 0 
117 100 64 0 
118 98 67 0 
119 82 49 0 
120 56 154 0 
121 87 169 0 
122 72 114 0 
123 86 167 0 
124 77 56 0 
125 63 166 0 
126 54 77 0 
127 75 88 0 
128 85 148 0 
129 53 152 0 
130 66 152 0 
131 90 130 0 
132 82 137 0 
133 88 249 0 
134 96 222 0 
135 69 74 0 
136 81 217 0 
137 74 160 0 
138 87 98 0 
139 65 67 0 
140 81 175 0 
141 88 167 0 
142 56 131 0 
143 53 64 0 
144 89 254 0 
145 62 107 0 
146 69 46 0 
147 57 131 0 
148 66 179 0 
149 81 80 0 
150 96 208 0 
151 86 119 0 
152 86 193 0 
153 55 117 0 
154 68 143 0 
155 94 191 0 
156 92 188 0 
157 86 221 0 
158 58 117 0 
159 60 116 0 
160 91 76 0 
161 97 182 0 
162 64 118 0 
163 58 89 0 
164 58 172 0 
165 88 93 0 
166 63 155 0 
167 91 63 0 
168 63 168 0 
169 87 113 0 
170 58 125 0 
171 89 158 0 
172 75 112 0 
173 68 202 0 
174 100 106 0 
175 76 196 0 
176 51 138 0 
177 94 197 0 
178 52 121 0 
179 51 105 0 
180 88 195 0 
181 60 41 0 
182 61 114 0 
183 65 190 0 
184 77 201 0 
185 100 154 0 
186 87 257 0 
187 60 165 0 
188 86 257 0 
189 70 70 0 
190 70 82 0 
191 62 164 0 
192 74 40 0 
193 96 110 0 
194 64 150 0 
195 98 221 0 
196 54 131 0 
197 65 56 0 
198 52 93 0 
199 81 85 0 
200 59 95 0 
201 67 51 0 
202 65 58 0 
203 75 121 0 
204 74 160 0 
205 80 194 0 
206 99 144 0 
207 84 173 0 
208 52 35 0 
209 74 220 0 
210 63 100 0 
211 80 140 0 
212 64 126 0 
213 98 79 0 
214 82 46 0 
215 75 214 0 
216 97 291 0 
217 73 178 0 
218 79 160 0 
219 83 45 0 
220 68 138 0 
221 96 86 0 
222 51 107 0 
223 78 62 0 
224 58 52 0 
225 92 198 0 
226 81 59 0 
227 68 96 0 
228 80 71 0 
229 58 108 0 
230 82 88 0 
231 65 117 0 
232 83 240 0 
233 83 208 0 
234 79 98 0 
235 79 171 0 
236 74 85 0 
237 57 123 0 
238 69 166 0 
239 71 131 0 
240 90 80 0 
241 83 234 0 
242 63 58 0 
243 87 103 0 
244 64 49 0 
245 60 76 0 
246 57 94 0 
247 65 163 0 
248 59 56 0 
249 59 80 0 
250 81 58 0 
251 76 84 0 
252 69 191 0 
253 100 215 0 
254 70 144 0 
255 98 253 0 
256 64 158 0 
257 58 39 0 
258 65 46 0 
259 93 215 0 
260 67 126 0 
261 60 48 0 
262 83 77 0 
263 62 161 0 
264 52 97 0 
265 83 182 0 
266 53 69 0 
267 73 67 0 
268 93 149 0 
269 87 248 0 
270 86 192 0 
271 74 167 0 
272 59 94 0 
273 84 226 0 
274 95 97 0 
275 81 158 0 
276 79 206 0 
277 67 61 0 
278 96 101 0 
279 76 145 0 
280 77 163 0 
281 71 99 0 
282 65 127 0 
283 72 40 0 
284 94 248 0 
285 71 60 0 
286 59 143 0 
287 56 32 0 
288 60 105 0 
289 95 225 0 
290 56 91 0 
291 65 35 0 
292 69 71 0 
293 68 68 0 
294 94 232 0 
295 85 222 0 
296 76 101 0 
297 95 50 0 
298 77 128 0 
299 98 236 0 
300 73 156 0 
301 63 89 0 
302 86 241 0 
303 71 41 0 
304 52 113 0 
305 68 156 0 
306 90 256 0 
307 88 196 0 
308 78 140 0 
309 93 64 0 
310 71 166 0 
311 90 79 0 
312 63 126 0 
313 52 95 0 
314 89 116 0 
315 69 204 0 
316 74 200 0 
317 54 45 0 
318 61 69 0 
319 76 133 0 
320 64 188 0 
321 85 167 0 
322 75 180 0 
323 95 274 0 
324 66 165 0 
325 86 47 0 
326 67 55 0 
327 87 99 0 
328 68 167 0 
329 78 165 0 
330 78 151 0 
331 62 114 0 
332 80 87 0 
333 82 158 0 
334 68 140 0 
335 83 243 0 
336 62 71 0 
337 57 60 0 
338 65 194 0 
339 51 63 0 
340 51 46 0 
341 70 109 0 
342 62 138 0 
343 82 114 0 
344 78 210 0 
345 74 52 0 
346 97 73 0 
347 84 191 0 
348 59 42 0 
349 51 125 0 
350 78 83 0 
351 75 181 0 
352 93 161 0 
353 90 88 0 
354 83 116 0 
355 59 158 0 
356 58 33 0 
357 70 201 0 
358 65 81 0 
359 64 151 0 
360 86 173 0 
361 69 202 0 
362 68 156 0 
363 90 200 0 
364 52 54 0 
365 98 86 0 
366 89 56 0 
367 73 133 0 
368 79 171 0 
369 52 96 0 
370 71 60 0 
371 80 206 0 
372 60 140 0 
373 80 144 0 
374 63 185 0 
375 70 135 0 
376 79 186 0 
377 90 46 0 
378 71 94 0 
379 51 123 0 
380 75 203 0 
381 64 62 0 
382 75 88 0 
383 61 47 0 
384 60 167 0 
385 99 154 0 
386 75 217 0 
387 51 39 0 
388 72 70 0 
389 82 57 0 
390 61 59 0 
391 55 151 0 
392 88 254 0 
393 84 200 0 
394 94 197 0 
395 74 82 0 
396 53 134 0 
397 65 60 0 
398 71 39 0 
399 97 185 0 
400 91 230 0 
401 84 82 0 
402 97 263 0 
403 53 67 0 
404 93 102 0 
405 64 107 0 
406 77 220 0 
407 63 52 0 
408 75 133 0 
409 82 185 0 
410 74 219 0 
411 69 65 0 
412 72 117 0 
413 54 97 0 
414 77 121 0 
415 86 161 0 
416 80 231 0 
417 84 124 0 
418 82 215 0 
419 82 217 0 
420 55 77 0 
421 90 152 0 
422 88 95 0 
423 91 163 0 
424 81 163 0 
425 71 117 0 
426 91 248 0 
427 72 159 0 
428 68 138 0 
429 96 210 0 
430 93 267 0 
431 100 168 0 
432 86 105 0 
433 64 129 0 
434 67 50 0 
435 64 101 0 
436 61 144 0 
437 66 147 0 
438 70 42 0 
439 62 51 0 
440 70 149 0 
441 61 57 0 
442 60 139 0 
443 58 161 0 
444 72 38 0 
445 83 185 0 
446 70 93 0 
447 94 211 0 
448 62 157 0 
449 96 67 0 
450 72 97 0 
451 80 110 0 
452 81 242 0 
453 63 83 0 
454 93 252 0 
455 93 111 0 
456 70 38 0 
457 56 32 0 
458 78 223 0 
459 62 88 0 
460 56 75 0 
461 57 95 0 
462 98 174 0 
463 74 130 0 
464 99 199 0 
465 81 73 0 
466 92 123 0 
467 77 43 0 
468 97 200 0 
469 83 84 0 
470 66 135 0 
471 62 145 0 
472 69 192 0 
473 69 77 0 
474 66 175 0 
475 100 192 0 
476 71 174 0 
477 71 144 0 
478 52 91 0 
479 69 172 0 
480 68 167 0 
481 64 149 0 
482 96 222 0 
483 91 260 0 
484 94 102 0 
485 78 82 0 
486 80 90 0 
487 78 93 0 
488 58 127 0 
489 95 131 0 
490 62 154 0 
491 87 198 0 
492 99 95 0 
493 68 171 0 
494 87 210 0 
495 99 179 0 
496 65 53 0 
497 55 115 0 
498 67 52 0 
499 69 141 0 
