NAME GBP_INSTANCES\prob_3_A_3_1_1.txt
COMMENT
BINTYPES 3
ITEMS 200
BINS_SECTIONS
0 100 100 0 154 
1 120 120 0 128 
2 150 150 0 103 
ITEMS_SECTIONS
0 100 289 0 
1 72 191 0 
2 55 41 0 
3 69 75 0 
4 91 54 0 
5 97 68 0 
6 53 115 0 
7 52 124 0 
8 86 95 0 
9 98 71 0 
10 84 177 0 
11 68 188 0 
12 76 109 0 
13 69 206 0 
14 59 84 0 
15 82 209 0 
16 71 74 0 
17 57 70 0 
18 90 143 0 
19 74 137 0 
20 54 121 0 
21 56 165 0 
22 60 172 0 
23 92 245 0 
24 75 204 0 
25 62 72 0 
26 83 144 0 
27 53 99 0 
28 60 135 0 
29 87 74 0 
30 95 85 0 
31 82 139 0 
32 93 60 0 
33 64 118 0 
34 92 61 0 
35 71 202 0 
36 78 89 0 
37 57 142 0 
38 97 58 0 
39 86 250 0 
40 95 252 0 
41 90 219 0 
42 61 172 0 
43 89 232 0 
44 64 162 0 
45 62 119 0 
46 94 147 0 
47 84 228 0 
48 69 180 0 
49 69 172 0 
50 82 72 0 
51 79 65 0 
52 66 87 0 
53 100 60 0 
54 81 138 0 
55 77 59 0 
56 66 163 0 
57 66 192 0 
58 82 69 0 
59 56 126 0 
60 82 207 0 
61 92 136 0 
62 59 69 0 
63 77 155 0 
64 73 58 0 
65 83 60 0 
66 90 254 0 
67 89 61 0 
68 65 83 0 
69 73 206 0 
70 98 55 0 
71 77 97 0 
72 98 179 0 
73 91 77 0 
74 64 179 0 
75 66 174 0 
76 72 80 0 
77 98 203 0 
78 59 161 0 
79 76 78 0 
80 87 254 0 
81 66 144 0 
82 97 131 0 
83 90 176 0 
84 57 124 0 
85 70 56 0 
86 99 211 0 
87 85 203 0 
88 87 139 0 
89 54 91 0 
90 75 120 0 
91 87 73 0 
92 52 148 0 
93 89 266 0 
94 74 80 0 
95 93 215 0 
96 54 78 0 
97 100 209 0 
98 80 57 0 
99 84 138 0 
100 52 115 0 
101 62 138 0 
102 89 250 0 
103 57 42 0 
104 54 55 0 
105 98 141 0 
106 77 98 0 
107 59 133 0 
108 88 248 0 
109 88 109 0 
110 86 128 0 
111 55 91 0 
112 62 51 0 
113 57 49 0 
114 57 42 0 
115 54 30 0 
116 87 125 0 
117 62 105 0 
118 77 160 0 
119 70 111 0 
120 94 137 0 
121 90 155 0 
122 66 160 0 
123 63 45 0 
124 93 147 0 
125 93 143 0 
126 76 220 0 
127 73 175 0 
128 97 157 0 
129 66 165 0 
130 79 83 0 
131 84 101 0 
132 62 111 0 
133 96 261 0 
134 65 185 0 
135 97 231 0 
136 67 45 0 
137 88 210 0 
138 70 110 0 
139 93 209 0 
140 68 99 0 
141 100 162 0 
142 65 104 0 
143 61 154 0 
144 79 108 0 
145 83 76 0 
146 74 48 0 
147 80 233 0 
148 91 92 0 
149 73 76 0 
150 93 256 0 
151 74 78 0 
152 92 126 0 
153 64 60 0 
154 92 260 0 
155 69 144 0 
156 100 268 0 
157 71 113 0 
158 62 110 0 
159 53 66 0 
160 61 101 0 
161 61 102 0 
162 91 100 0 
163 86 103 0 
164 90 93 0 
165 100 63 0 
166 82 92 0 
167 64 82 0 
168 90 153 0 
169 68 185 0 
170 100 284 0 
171 62 172 0 
172 98 174 0 
173 53 43 0 
174 100 101 0 
175 75 114 0 
176 72 147 0 
177 64 180 0 
178 93 192 0 
179 100 177 0 
180 75 129 0 
181 56 53 0 
182 81 227 0 
183 83 182 0 
184 81 237 0 
185 98 224 0 
186 76 117 0 
187 57 98 0 
188 93 262 0 
189 96 124 0 
190 89 66 0 
191 60 132 0 
192 57 166 0 
193 93 277 0 
194 54 85 0 
195 100 287 0 
196 54 107 0 
197 55 32 0 
198 58 172 0 
199 64 165 0 
