NAME GBP_INSTANCES\prob_2_B_3_4_1.txt
COMMENT
BINTYPES 5
ITEMS 200
BINS_SECTIONS
0 60 60 0 202 
1 80 80 0 152 
2 100 100 0 121 
3 120 120 0 101 
4 150 150 0 81 
ITEMS_SECTIONS
0 52 133 0 
1 64 147 0 
2 83 224 0 
3 57 152 0 
4 83 96 0 
5 43 68 0 
6 21 52 0 
7 82 78 0 
8 97 131 0 
9 89 150 0 
10 36 97 0 
11 47 32 0 
12 63 91 0 
13 65 67 0 
14 80 112 0 
15 77 73 0 
16 27 46 0 
17 50 149 0 
18 44 112 0 
19 100 277 0 
20 32 45 0 
21 38 101 0 
22 74 203 0 
23 28 47 0 
24 62 186 0 
25 23 26 0 
26 43 128 0 
27 82 178 0 
28 35 77 0 
29 79 215 0 
30 25 41 0 
31 95 179 0 
32 62 120 0 
33 42 25 0 
34 53 120 0 
35 50 148 0 
36 98 288 0 
37 79 230 0 
38 96 76 0 
39 51 93 0 
40 26 61 0 
41 79 56 0 
42 89 88 0 
43 62 169 0 
44 82 163 0 
45 23 57 0 
46 52 98 0 
47 99 297 0 
48 25 56 0 
49 67 53 0 
50 55 121 0 
51 84 241 0 
52 89 208 0 
53 25 68 0 
54 73 138 0 
55 42 68 0 
56 34 50 0 
57 99 77 0 
58 33 46 0 
59 99 174 0 
60 55 79 0 
61 64 166 0 
62 36 42 0 
63 79 117 0 
64 93 123 0 
65 30 45 0 
66 78 41 0 
67 75 203 0 
68 56 117 0 
69 79 210 0 
70 68 159 0 
71 35 31 0 
72 34 83 0 
73 57 126 0 
74 90 268 0 
75 55 71 0 
76 45 31 0 
77 88 176 0 
78 47 106 0 
79 61 163 0 
80 22 25 0 
81 61 105 0 
82 64 44 0 
83 22 15 0 
84 50 125 0 
85 99 105 0 
86 56 143 0 
87 78 40 0 
88 27 80 0 
89 89 265 0 
90 23 57 0 
91 52 108 0 
92 55 64 0 
93 51 120 0 
94 22 39 0 
95 61 157 0 
96 97 175 0 
97 69 179 0 
98 94 218 0 
99 79 218 0 
100 24 61 0 
101 26 71 0 
102 71 161 0 
103 21 35 0 
104 57 49 0 
105 42 65 0 
106 93 181 0 
107 24 23 0 
108 71 79 0 
109 89 146 0 
110 71 122 0 
111 30 23 0 
112 80 190 0 
113 89 231 0 
114 64 155 0 
115 25 41 0 
116 70 189 0 
117 77 205 0 
118 39 82 0 
119 25 70 0 
120 44 81 0 
121 65 174 0 
122 87 125 0 
123 63 54 0 
124 47 133 0 
125 65 136 0 
126 69 180 0 
127 50 89 0 
128 83 121 0 
129 70 154 0 
130 72 199 0 
131 95 124 0 
132 85 64 0 
133 52 75 0 
134 82 162 0 
135 38 106 0 
136 89 245 0 
137 79 186 0 
138 30 82 0 
139 54 104 0 
140 60 62 0 
141 83 136 0 
142 47 84 0 
143 39 56 0 
144 77 202 0 
145 73 106 0 
146 88 106 0 
147 49 90 0 
148 83 211 0 
149 84 240 0 
150 35 54 0 
151 59 130 0 
152 68 69 0 
153 48 83 0 
154 95 236 0 
155 21 49 0 
156 57 55 0 
157 37 23 0 
158 100 147 0 
159 24 60 0 
160 39 103 0 
161 50 88 0 
162 23 14 0 
163 83 53 0 
164 21 42 0 
165 33 50 0 
166 72 103 0 
167 88 57 0 
168 100 119 0 
169 84 49 0 
170 31 89 0 
171 78 153 0 
172 87 139 0 
173 37 43 0 
174 58 59 0 
175 89 229 0 
176 27 52 0 
177 45 70 0 
178 42 67 0 
179 58 60 0 
180 37 80 0 
181 72 55 0 
182 56 117 0 
183 81 117 0 
184 59 77 0 
185 85 243 0 
186 35 91 0 
187 62 109 0 
188 49 110 0 
189 45 23 0 
190 35 47 0 
191 88 182 0 
192 88 241 0 
193 54 63 0 
194 73 179 0 
195 92 183 0 
196 32 56 0 
197 77 76 0 
198 91 104 0 
199 55 107 0 
