NAME GBP_INSTANCES\prob_3_A_1_3_1.txt
COMMENT
BINTYPES 3
ITEMS 50
BINS_SECTIONS
0 100 100 0 38 
1 120 120 0 32 
2 150 150 0 26 
ITEMS_SECTIONS
0 81 205 0 
1 89 173 0 
2 54 56 0 
3 89 126 0 
4 93 90 0 
5 80 54 0 
6 57 29 0 
7 97 159 0 
8 59 137 0 
9 72 187 0 
10 66 63 0 
11 73 206 0 
12 79 200 0 
13 55 49 0 
14 86 66 0 
15 89 119 0 
16 76 44 0 
17 99 224 0 
18 53 96 0 
19 98 138 0 
20 77 85 0 
21 57 69 0 
22 78 48 0 
23 73 113 0 
24 89 133 0 
25 53 64 0 
26 70 175 0 
27 86 186 0 
28 73 95 0 
29 93 135 0 
30 82 107 0 
31 60 86 0 
32 55 139 0 
33 67 193 0 
34 95 72 0 
35 54 56 0 
36 86 176 0 
37 86 91 0 
38 52 154 0 
39 100 116 0 
40 86 254 0 
41 75 70 0 
42 62 165 0 
43 58 93 0 
44 78 128 0 
45 97 264 0 
46 54 82 0 
47 62 134 0 
48 56 75 0 
49 100 278 0 
