NAME GBP_INSTANCES\prob_3_B_4_8_1.txt
COMMENT
BINTYPES 5
ITEMS 500
BINS_SECTIONS
0 60 60 0 635 
1 80 80 0 477 
2 100 100 0 381 
3 120 120 0 318 
4 150 150 0 254 
ITEMS_SECTIONS
0 98 90 0 
1 81 229 0 
2 79 188 0 
3 72 216 0 
4 86 170 0 
5 78 172 0 
6 60 160 0 
7 92 207 0 
8 85 202 0 
9 92 94 0 
10 79 226 0 
11 81 225 0 
12 86 98 0 
13 84 238 0 
14 74 51 0 
15 82 55 0 
16 53 67 0 
17 64 78 0 
18 98 61 0 
19 79 199 0 
20 94 125 0 
21 84 244 0 
22 70 63 0 
23 88 216 0 
24 91 92 0 
25 62 91 0 
26 53 130 0 
27 84 217 0 
28 83 49 0 
29 70 95 0 
30 95 220 0 
31 67 179 0 
32 56 80 0 
33 59 154 0 
34 76 215 0 
35 52 147 0 
36 79 58 0 
37 99 172 0 
38 80 89 0 
39 77 191 0 
40 52 106 0 
41 81 102 0 
42 100 177 0 
43 78 75 0 
44 86 164 0 
45 86 102 0 
46 93 177 0 
47 63 52 0 
48 100 221 0 
49 71 89 0 
50 83 167 0 
51 78 107 0 
52 100 259 0 
53 86 139 0 
54 90 251 0 
55 70 89 0 
56 57 63 0 
57 70 161 0 
58 79 202 0 
59 72 78 0 
60 78 52 0 
61 82 105 0 
62 55 93 0 
63 66 87 0 
64 70 37 0 
65 69 120 0 
66 51 79 0 
67 54 59 0 
68 88 122 0 
69 90 118 0 
70 85 57 0 
71 93 191 0 
72 82 149 0 
73 75 156 0 
74 80 134 0 
75 69 101 0 
76 64 57 0 
77 97 255 0 
78 73 208 0 
79 75 109 0 
80 79 180 0 
81 51 65 0 
82 64 114 0 
83 60 122 0 
84 94 83 0 
85 100 167 0 
86 75 103 0 
87 58 93 0 
88 80 208 0 
89 77 198 0 
90 66 176 0 
91 88 261 0 
92 63 169 0 
93 78 220 0 
94 85 219 0 
95 58 87 0 
96 69 186 0 
97 67 183 0 
98 52 72 0 
99 70 137 0 
100 80 132 0 
101 73 44 0 
102 90 240 0 
103 81 148 0 
104 77 139 0 
105 70 80 0 
106 71 120 0 
107 81 46 0 
108 53 134 0 
109 98 278 0 
110 75 82 0 
111 68 176 0 
112 100 245 0 
113 82 74 0 
114 86 193 0 
115 80 114 0 
116 62 71 0 
117 53 155 0 
118 74 171 0 
119 98 220 0 
120 66 193 0 
121 74 113 0 
122 89 223 0 
123 51 84 0 
124 64 116 0 
125 74 179 0 
126 60 105 0 
127 68 133 0 
128 95 112 0 
129 99 285 0 
130 71 128 0 
131 69 171 0 
132 57 125 0 
133 87 50 0 
134 80 190 0 
135 88 101 0 
136 100 178 0 
137 56 46 0 
138 73 152 0 
139 73 212 0 
140 73 167 0 
141 88 164 0 
142 87 216 0 
143 95 59 0 
144 85 100 0 
145 79 107 0 
146 92 146 0 
147 72 164 0 
148 75 222 0 
149 93 229 0 
150 61 118 0 
151 89 236 0 
152 85 176 0 
153 97 79 0 
154 74 213 0 
155 59 93 0 
156 94 123 0 
157 53 135 0 
158 77 210 0 
159 80 189 0 
160 51 140 0 
161 56 91 0 
162 53 126 0 
163 99 283 0 
164 60 169 0 
165 85 182 0 
166 66 142 0 
167 66 147 0 
168 75 53 0 
169 63 69 0 
170 86 52 0 
171 82 191 0 
172 77 220 0 
173 83 101 0 
174 68 51 0 
175 66 136 0 
176 67 46 0 
177 55 117 0 
178 76 223 0 
179 51 99 0 
180 90 164 0 
181 84 74 0 
182 82 143 0 
183 83 109 0 
184 65 151 0 
185 73 165 0 
186 92 180 0 
187 90 228 0 
188 99 113 0 
189 63 76 0 
190 58 52 0 
191 79 213 0 
192 98 247 0 
193 67 68 0 
194 89 48 0 
195 90 97 0 
196 65 158 0 
197 91 143 0 
198 81 186 0 
199 70 88 0 
200 86 219 0 
201 65 40 0 
202 57 56 0 
203 77 192 0 
204 57 151 0 
205 66 188 0 
206 51 134 0 
207 93 122 0 
208 90 260 0 
209 61 149 0 
210 77 209 0 
211 59 133 0 
212 52 120 0 
213 57 65 0 
214 58 32 0 
215 90 226 0 
216 97 175 0 
217 70 78 0 
218 67 200 0 
219 51 62 0 
220 64 192 0 
221 72 207 0 
222 98 282 0 
223 55 49 0 
224 62 160 0 
225 56 124 0 
226 69 152 0 
227 100 70 0 
228 81 51 0 
229 95 225 0 
230 81 114 0 
231 60 145 0 
232 79 177 0 
233 76 67 0 
234 81 61 0 
235 53 100 0 
236 89 78 0 
237 87 228 0 
238 92 162 0 
239 95 107 0 
240 57 81 0 
241 91 102 0 
242 85 117 0 
243 71 133 0 
244 89 127 0 
245 59 175 0 
246 82 229 0 
247 72 83 0 
248 81 171 0 
249 100 117 0 
250 67 121 0 
251 78 176 0 
252 57 160 0 
253 63 150 0 
254 64 106 0 
255 54 152 0 
256 77 183 0 
257 90 76 0 
258 81 121 0 
259 68 180 0 
260 58 46 0 
261 53 136 0 
262 99 79 0 
263 54 98 0 
264 60 70 0 
265 55 43 0 
266 53 88 0 
267 89 69 0 
268 86 74 0 
269 64 54 0 
270 72 133 0 
271 95 230 0 
272 84 201 0 
273 83 212 0 
274 88 140 0 
275 90 64 0 
276 66 104 0 
277 57 106 0 
278 71 114 0 
279 97 171 0 
280 79 81 0 
281 67 117 0 
282 62 37 0 
283 89 97 0 
284 85 236 0 
285 87 223 0 
286 99 249 0 
287 76 175 0 
288 89 141 0 
289 76 151 0 
290 61 131 0 
291 61 60 0 
292 77 171 0 
293 90 244 0 
294 86 117 0 
295 69 40 0 
296 97 218 0 
297 100 114 0 
298 65 46 0 
299 90 253 0 
300 96 211 0 
301 81 178 0 
302 94 252 0 
303 69 135 0 
304 98 135 0 
305 66 183 0 
306 71 38 0 
307 97 226 0 
308 85 212 0 
309 83 44 0 
310 67 181 0 
311 87 99 0 
312 65 109 0 
313 67 38 0 
314 68 98 0 
315 80 137 0 
316 88 158 0 
317 63 55 0 
318 68 192 0 
319 77 184 0 
320 55 141 0 
321 63 178 0 
322 97 239 0 
323 77 180 0 
324 58 143 0 
325 96 240 0 
326 71 65 0 
327 82 101 0 
328 68 89 0 
329 54 97 0 
330 59 70 0 
331 93 58 0 
332 53 114 0 
333 90 72 0 
334 85 225 0 
335 51 125 0 
336 86 89 0 
337 60 133 0 
338 70 90 0 
339 56 104 0 
340 82 125 0 
341 87 73 0 
342 82 149 0 
343 70 137 0 
344 71 164 0 
345 86 122 0 
346 100 169 0 
347 78 107 0 
348 94 118 0 
349 75 93 0 
350 59 33 0 
351 65 77 0 
352 93 100 0 
353 95 269 0 
354 70 85 0 
355 93 79 0 
356 56 44 0 
357 80 111 0 
358 53 63 0 
359 71 162 0 
360 61 43 0 
361 100 143 0 
362 74 216 0 
363 64 89 0 
364 77 177 0 
365 60 144 0 
366 95 81 0 
367 77 145 0 
368 96 224 0 
369 79 117 0 
370 66 166 0 
371 59 85 0 
372 82 127 0 
373 85 251 0 
374 54 112 0 
375 78 46 0 
376 92 241 0 
377 57 154 0 
378 73 121 0 
379 87 214 0 
380 67 75 0 
381 77 121 0 
382 84 250 0 
383 54 154 0 
384 80 94 0 
385 56 46 0 
386 63 142 0 
387 66 130 0 
388 62 141 0 
389 67 92 0 
390 58 159 0 
391 71 165 0 
392 78 151 0 
393 65 92 0 
394 98 203 0 
395 99 282 0 
396 76 227 0 
397 77 72 0 
398 98 282 0 
399 89 77 0 
400 87 235 0 
401 78 168 0 
402 91 219 0 
403 77 189 0 
404 92 92 0 
405 63 69 0 
406 94 203 0 
407 96 99 0 
408 85 235 0 
409 100 71 0 
410 98 72 0 
411 94 149 0 
412 55 56 0 
413 88 216 0 
414 79 236 0 
415 65 57 0 
416 58 44 0 
417 72 171 0 
418 56 162 0 
419 83 154 0 
420 53 93 0 
421 52 66 0 
422 83 67 0 
423 71 126 0 
424 79 182 0 
425 68 203 0 
426 68 143 0 
427 73 184 0 
428 90 168 0 
429 94 240 0 
430 90 149 0 
431 82 116 0 
432 80 173 0 
433 56 157 0 
434 76 139 0 
435 63 57 0 
436 57 43 0 
437 72 151 0 
438 87 207 0 
439 66 65 0 
440 66 197 0 
441 80 128 0 
442 87 185 0 
443 64 149 0 
444 93 176 0 
445 96 66 0 
446 53 150 0 
447 69 149 0 
448 77 72 0 
449 61 58 0 
450 79 106 0 
451 60 31 0 
452 91 244 0 
453 92 228 0 
454 99 283 0 
455 64 67 0 
456 87 91 0 
457 68 101 0 
458 67 63 0 
459 90 46 0 
460 99 284 0 
461 83 67 0 
462 93 191 0 
463 58 118 0 
464 55 137 0 
465 51 69 0 
466 98 282 0 
467 96 138 0 
468 59 146 0 
469 80 223 0 
470 89 72 0 
471 83 51 0 
472 62 130 0 
473 54 133 0 
474 97 185 0 
475 91 160 0 
476 54 113 0 
477 53 81 0 
478 87 78 0 
479 96 67 0 
480 97 200 0 
481 86 208 0 
482 60 67 0 
483 93 53 0 
484 77 81 0 
485 67 119 0 
486 99 52 0 
487 97 134 0 
488 84 92 0 
489 69 47 0 
490 81 228 0 
491 86 249 0 
492 65 149 0 
493 80 51 0 
494 51 94 0 
495 72 87 0 
496 54 65 0 
497 97 189 0 
498 83 43 0 
499 89 238 0 
