NAME GBP_INSTANCES\prob_2_A_2_0_1.txt
COMMENT
BINTYPES 3
ITEMS 100
BINS_SECTIONS
0 100 100 0 62 
1 120 120 0 51 
2 150 150 0 41 
ITEMS_SECTIONS
0 84 239 0 
1 60 31 0 
2 48 101 0 
3 49 106 0 
4 91 215 0 
5 76 191 0 
6 68 103 0 
7 36 106 0 
8 60 121 0 
9 96 188 0 
10 61 82 0 
11 65 167 0 
12 69 145 0 
13 71 209 0 
14 67 80 0 
15 70 139 0 
16 86 100 0 
17 32 33 0 
18 61 133 0 
19 82 183 0 
20 82 242 0 
21 61 134 0 
22 92 236 0 
23 39 54 0 
24 91 217 0 
25 87 117 0 
26 41 69 0 
27 37 101 0 
28 69 96 0 
29 42 85 0 
30 66 132 0 
31 78 232 0 
32 69 37 0 
33 61 107 0 
34 85 227 0 
35 47 141 0 
36 80 228 0 
37 59 94 0 
38 36 25 0 
39 78 113 0 
40 57 63 0 
41 44 23 0 
42 47 88 0 
43 38 111 0 
44 55 77 0 
45 21 30 0 
46 90 175 0 
47 60 134 0 
48 23 34 0 
49 48 87 0 
50 29 32 0 
51 47 125 0 
52 63 157 0 
53 98 270 0 
54 26 27 0 
55 84 159 0 
56 61 177 0 
57 51 129 0 
58 48 46 0 
59 69 58 0 
60 55 161 0 
61 24 30 0 
62 55 132 0 
63 37 38 0 
64 99 222 0 
65 86 177 0 
66 84 121 0 
67 24 19 0 
68 86 176 0 
69 45 117 0 
70 46 64 0 
71 91 113 0 
72 76 190 0 
73 35 22 0 
74 52 92 0 
75 63 187 0 
76 47 135 0 
77 38 25 0 
78 51 79 0 
79 69 89 0 
80 31 40 0 
81 89 188 0 
82 71 183 0 
83 30 57 0 
84 28 41 0 
85 36 101 0 
86 89 63 0 
87 36 104 0 
88 97 143 0 
89 43 30 0 
90 92 154 0 
91 76 105 0 
92 28 54 0 
93 53 38 0 
94 90 116 0 
95 50 138 0 
96 92 146 0 
97 60 74 0 
98 72 145 0 
99 96 56 0 
