NAME GBP_INSTANCES\prob_1_A_1_0_1.txt
COMMENT
BINTYPES 3
ITEMS 50
BINS_SECTIONS
0 100 100 0 22 
1 120 120 0 19 
2 150 150 0 15 
ITEMS_SECTIONS
0 4 6 0 
1 64 126 0 
2 92 115 0 
3 39 39 0 
4 74 129 0 
5 41 77 0 
6 99 252 0 
7 61 144 0 
8 13 30 0 
9 23 14 0 
10 81 58 0 
11 88 113 0 
12 75 91 0 
13 3 5 0 
14 75 137 0 
15 43 49 0 
16 37 104 0 
17 22 38 0 
18 20 41 0 
19 9 27 0 
20 13 30 0 
21 17 18 0 
22 80 55 0 
23 5 4 0 
24 80 102 0 
25 61 154 0 
26 41 98 0 
27 24 42 0 
28 20 47 0 
29 62 171 0 
30 34 36 0 
31 61 98 0 
32 97 138 0 
33 39 102 0 
34 20 51 0 
35 31 68 0 
36 7 12 0 
37 16 10 0 
38 3 2 0 
39 89 150 0 
40 96 194 0 
41 63 80 0 
42 96 165 0 
43 64 72 0 
44 5 5 0 
45 36 99 0 
46 16 44 0 
47 12 15 0 
48 21 57 0 
49 10 24 0 
