NAME GBP_INSTANCES\prob_2_A_3_7_1.txt
COMMENT
BINTYPES 3
ITEMS 200
BINS_SECTIONS
0 100 100 0 124 
1 120 120 0 103 
2 150 150 0 83 
ITEMS_SECTIONS
0 57 123 0 
1 21 14 0 
2 57 63 0 
3 80 188 0 
4 95 93 0 
5 42 73 0 
6 59 120 0 
7 85 146 0 
8 77 128 0 
9 35 66 0 
10 30 57 0 
11 70 140 0 
12 30 19 0 
13 93 73 0 
14 71 166 0 
15 75 105 0 
16 31 87 0 
17 28 80 0 
18 97 176 0 
19 47 93 0 
20 35 38 0 
21 91 88 0 
22 32 89 0 
23 56 125 0 
24 67 175 0 
25 100 75 0 
26 26 57 0 
27 79 147 0 
28 86 217 0 
29 69 81 0 
30 27 53 0 
31 39 55 0 
32 90 256 0 
33 21 36 0 
34 96 218 0 
35 74 106 0 
36 73 161 0 
37 69 132 0 
38 68 162 0 
39 32 80 0 
40 30 70 0 
41 67 86 0 
42 29 19 0 
43 90 56 0 
44 87 48 0 
45 61 131 0 
46 57 72 0 
47 53 144 0 
48 77 211 0 
49 41 63 0 
50 57 140 0 
51 37 67 0 
52 66 74 0 
53 70 205 0 
54 51 135 0 
55 81 113 0 
56 49 72 0 
57 89 229 0 
58 74 56 0 
59 45 99 0 
60 67 188 0 
61 78 53 0 
62 46 35 0 
63 45 24 0 
64 91 247 0 
65 22 49 0 
66 44 24 0 
67 70 119 0 
68 45 80 0 
69 47 85 0 
70 64 123 0 
71 77 180 0 
72 99 216 0 
73 27 78 0 
74 92 67 0 
75 79 106 0 
76 30 24 0 
77 44 128 0 
78 72 196 0 
79 83 228 0 
80 81 72 0 
81 56 157 0 
82 93 117 0 
83 38 54 0 
84 44 75 0 
85 82 140 0 
86 57 124 0 
87 52 83 0 
88 38 97 0 
89 35 103 0 
90 60 82 0 
91 74 64 0 
92 100 178 0 
93 65 78 0 
94 79 134 0 
95 89 73 0 
96 71 56 0 
97 29 33 0 
98 39 105 0 
99 44 30 0 
100 95 189 0 
101 91 266 0 
102 82 205 0 
103 64 63 0 
104 76 40 0 
105 34 57 0 
106 72 123 0 
107 82 134 0 
108 31 30 0 
109 59 66 0 
110 100 62 0 
111 25 13 0 
112 74 108 0 
113 43 104 0 
114 72 172 0 
115 61 121 0 
116 51 72 0 
117 23 60 0 
118 38 38 0 
119 67 130 0 
120 45 94 0 
121 59 169 0 
122 87 256 0 
123 44 42 0 
124 76 66 0 
125 28 30 0 
126 96 72 0 
127 85 149 0 
128 79 121 0 
129 55 75 0 
130 78 224 0 
131 42 115 0 
132 64 124 0 
133 41 23 0 
134 61 44 0 
135 24 22 0 
136 30 77 0 
137 51 132 0 
138 80 153 0 
139 51 46 0 
140 21 53 0 
141 87 253 0 
142 100 121 0 
143 86 88 0 
144 44 64 0 
145 58 115 0 
146 38 52 0 
147 27 26 0 
148 87 175 0 
149 79 49 0 
150 37 55 0 
151 91 196 0 
152 37 33 0 
153 48 65 0 
154 33 73 0 
155 61 140 0 
156 47 115 0 
157 94 198 0 
158 48 53 0 
159 56 118 0 
160 42 31 0 
161 40 71 0 
162 93 201 0 
163 97 150 0 
164 31 49 0 
165 27 31 0 
166 71 159 0 
167 94 126 0 
168 66 143 0 
169 52 48 0 
170 83 141 0 
171 85 184 0 
172 88 146 0 
173 80 191 0 
174 89 88 0 
175 23 61 0 
176 96 196 0 
177 86 227 0 
178 55 156 0 
179 81 179 0 
180 69 207 0 
181 82 189 0 
182 76 191 0 
183 35 91 0 
184 98 89 0 
185 60 176 0 
186 34 64 0 
187 58 132 0 
188 58 123 0 
189 38 112 0 
190 99 98 0 
191 49 110 0 
192 84 87 0 
193 92 129 0 
194 36 59 0 
195 68 180 0 
196 72 205 0 
197 63 152 0 
198 85 93 0 
199 42 23 0 
