NAME GBP_INSTANCES\prob_3_A_2_9_1.txt
COMMENT
BINTYPES 3
ITEMS 100
BINS_SECTIONS
0 100 100 0 76 
1 120 120 0 63 
2 150 150 0 51 
ITEMS_SECTIONS
0 92 203 0 
1 97 232 0 
2 66 84 0 
3 87 160 0 
4 96 242 0 
5 94 96 0 
6 81 223 0 
7 90 127 0 
8 87 104 0 
9 67 53 0 
10 71 139 0 
11 75 204 0 
12 100 187 0 
13 71 117 0 
14 90 157 0 
15 79 184 0 
16 88 110 0 
17 59 139 0 
18 91 219 0 
19 58 54 0 
20 54 157 0 
21 75 136 0 
22 52 53 0 
23 92 197 0 
24 54 118 0 
25 61 67 0 
26 79 175 0 
27 75 158 0 
28 94 134 0 
29 91 110 0 
30 88 200 0 
31 56 108 0 
32 81 47 0 
33 54 159 0 
34 70 119 0 
35 86 160 0 
36 83 120 0 
37 52 123 0 
38 82 197 0 
39 69 120 0 
40 62 159 0 
41 78 116 0 
42 57 67 0 
43 70 143 0 
44 95 115 0 
45 96 194 0 
46 56 46 0 
47 55 135 0 
48 88 218 0 
49 78 41 0 
50 65 189 0 
51 82 220 0 
52 93 123 0 
53 89 255 0 
54 93 163 0 
55 87 54 0 
56 51 56 0 
57 57 135 0 
58 63 104 0 
59 87 130 0 
60 100 145 0 
61 71 82 0 
62 93 134 0 
63 78 163 0 
64 85 213 0 
65 57 96 0 
66 75 76 0 
67 65 158 0 
68 58 90 0 
69 62 163 0 
70 84 63 0 
71 92 164 0 
72 97 178 0 
73 52 38 0 
74 85 69 0 
75 72 162 0 
76 90 143 0 
77 99 217 0 
78 69 121 0 
79 70 148 0 
80 55 74 0 
81 66 74 0 
82 80 52 0 
83 87 191 0 
84 51 98 0 
85 77 231 0 
86 71 187 0 
87 78 89 0 
88 51 64 0 
89 54 31 0 
90 94 127 0 
91 62 43 0 
92 70 171 0 
93 76 59 0 
94 69 44 0 
95 78 126 0 
96 78 144 0 
97 52 59 0 
98 87 172 0 
99 51 100 0 
