NAME GBP_INSTANCES\prob_3_B_1_0_1.txt
COMMENT
BINTYPES 5
ITEMS 50
BINS_SECTIONS
0 60 60 0 63 
1 80 80 0 48 
2 100 100 0 38 
3 120 120 0 32 
4 150 150 0 26 
ITEMS_SECTIONS
0 94 84 0 
1 91 116 0 
2 76 192 0 
3 80 200 0 
4 51 28 0 
5 58 134 0 
6 55 49 0 
7 70 43 0 
8 100 68 0 
9 67 187 0 
10 86 226 0 
11 58 43 0 
12 60 129 0 
13 76 192 0 
14 79 45 0 
15 96 81 0 
16 93 57 0 
17 55 85 0 
18 98 186 0 
19 51 111 0 
20 85 243 0 
21 95 53 0 
22 90 165 0 
23 98 164 0 
24 52 75 0 
25 80 84 0 
26 56 126 0 
27 71 88 0 
28 89 166 0 
29 57 169 0 
30 57 137 0 
31 82 158 0 
32 98 263 0 
33 80 208 0 
34 80 139 0 
35 74 89 0 
36 51 120 0 
37 63 64 0 
38 71 37 0 
39 91 114 0 
40 81 136 0 
41 67 181 0 
42 85 229 0 
43 55 113 0 
44 53 118 0 
45 100 111 0 
46 86 210 0 
47 96 88 0 
48 60 81 0 
49 66 83 0 
