NAME GBP_INSTANCES\prob_2_B_0_0_1.txt
COMMENT
BINTYPES 5
ITEMS 25
BINS_SECTIONS
0 60 60 0 25 
1 80 80 0 19 
2 100 100 0 15 
3 120 120 0 13 
4 150 150 0 10 
ITEMS_SECTIONS
0 68 94 0 
1 54 118 0 
2 58 152 0 
3 62 154 0 
4 78 202 0 
5 40 69 0 
6 41 98 0 
7 69 60 0 
8 25 26 0 
9 60 106 0 
10 73 133 0 
11 53 64 0 
12 51 121 0 
13 33 45 0 
14 81 121 0 
15 89 245 0 
16 21 55 0 
17 97 54 0 
18 92 267 0 
19 49 28 0 
20 99 170 0 
21 94 49 0 
22 29 75 0 
23 32 66 0 
24 40 120 0 
