NAME GBP_INSTANCES\prob_1_B_1_4_1.txt
COMMENT
BINTYPES 5
ITEMS 50
BINS_SECTIONS
0 60 60 0 45 
1 80 80 0 34 
2 100 100 0 27 
3 120 120 0 23 
4 150 150 0 18 
ITEMS_SECTIONS
0 43 68 0 
1 32 41 0 
2 64 128 0 
3 65 150 0 
4 53 45 0 
5 65 94 0 
6 100 180 0 
7 15 45 0 
8 23 47 0 
9 99 53 0 
10 35 78 0 
11 92 158 0 
12 85 236 0 
13 41 101 0 
14 23 29 0 
15 10 9 0 
16 96 168 0 
17 90 213 0 
18 32 50 0 
19 77 194 0 
20 56 160 0 
21 50 140 0 
22 97 103 0 
23 33 70 0 
24 92 106 0 
25 96 282 0 
26 36 81 0 
27 5 8 0 
28 6 14 0 
29 82 78 0 
30 34 34 0 
31 65 63 0 
32 58 151 0 
33 32 28 0 
34 35 21 0 
35 86 121 0 
36 31 25 0 
37 86 252 0 
38 34 42 0 
39 52 127 0 
40 9 27 0 
41 45 29 0 
42 34 40 0 
43 42 106 0 
44 32 20 0 
45 96 145 0 
46 38 111 0 
47 47 81 0 
48 67 79 0 
49 55 159 0 
