NAME GBP_INSTANCES\prob_3_B_3_0_1.txt
COMMENT
BINTYPES 5
ITEMS 200
BINS_SECTIONS
0 60 60 0 254 
1 80 80 0 191 
2 100 100 0 153 
3 120 120 0 127 
4 150 150 0 102 
ITEMS_SECTIONS
0 95 129 0 
1 59 156 0 
2 95 255 0 
3 56 136 0 
4 98 82 0 
5 83 47 0 
6 52 101 0 
7 62 68 0 
8 59 170 0 
9 77 219 0 
10 97 76 0 
11 58 124 0 
12 91 140 0 
13 64 61 0 
14 97 214 0 
15 68 108 0 
16 87 127 0 
17 71 113 0 
18 91 217 0 
19 65 123 0 
20 56 36 0 
21 83 92 0 
22 81 110 0 
23 70 194 0 
24 63 83 0 
25 98 240 0 
26 62 39 0 
27 54 85 0 
28 63 115 0 
29 58 148 0 
30 97 50 0 
31 99 146 0 
32 89 106 0 
33 92 218 0 
34 94 60 0 
35 52 57 0 
36 77 123 0 
37 98 197 0 
38 51 50 0 
39 68 57 0 
40 96 266 0 
41 93 196 0 
42 86 251 0 
43 81 190 0 
44 63 146 0 
45 53 76 0 
46 96 272 0 
47 100 79 0 
48 54 106 0 
49 99 237 0 
50 71 193 0 
51 67 156 0 
52 99 151 0 
53 67 151 0 
54 71 195 0 
55 73 178 0 
56 76 111 0 
57 86 251 0 
58 70 142 0 
59 71 119 0 
60 74 187 0 
61 60 38 0 
62 83 167 0 
63 84 112 0 
64 63 41 0 
65 98 53 0 
66 94 105 0 
67 90 95 0 
68 79 46 0 
69 76 209 0 
70 76 93 0 
71 86 55 0 
72 99 170 0 
73 98 257 0 
74 90 255 0 
75 70 73 0 
76 97 150 0 
77 96 179 0 
78 99 158 0 
79 84 193 0 
80 77 40 0 
81 97 290 0 
82 79 139 0 
83 100 173 0 
84 83 219 0 
85 78 117 0 
86 69 75 0 
87 62 84 0 
88 85 240 0 
89 52 76 0 
90 90 93 0 
91 58 65 0 
92 89 99 0 
93 56 130 0 
94 74 62 0 
95 69 146 0 
96 72 79 0 
97 72 154 0 
98 84 216 0 
99 93 241 0 
100 83 155 0 
101 63 45 0 
102 70 40 0 
103 78 62 0 
104 69 148 0 
105 54 47 0 
106 78 131 0 
107 64 85 0 
108 61 157 0 
109 77 118 0 
110 75 132 0 
111 65 48 0 
112 91 61 0 
113 83 48 0 
114 52 126 0 
115 51 122 0 
116 53 89 0 
117 74 172 0 
118 55 159 0 
119 53 144 0 
120 97 89 0 
121 53 137 0 
122 66 160 0 
123 90 221 0 
124 71 44 0 
125 62 147 0 
126 100 85 0 
127 75 58 0 
128 81 153 0 
129 100 95 0 
130 53 52 0 
131 64 42 0 
132 56 93 0 
133 77 52 0 
134 51 43 0 
135 63 170 0 
136 68 72 0 
137 64 173 0 
138 68 124 0 
139 77 175 0 
140 63 164 0 
141 96 270 0 
142 66 188 0 
143 94 149 0 
144 92 139 0 
145 64 60 0 
146 78 146 0 
147 90 200 0 
148 93 204 0 
149 79 191 0 
150 81 219 0 
151 65 44 0 
152 79 78 0 
153 88 114 0 
154 91 217 0 
155 74 168 0 
156 68 68 0 
157 65 128 0 
158 63 44 0 
159 81 204 0 
160 67 141 0 
161 61 76 0 
162 86 165 0 
163 86 115 0 
164 97 234 0 
165 99 219 0 
166 58 131 0 
167 62 154 0 
168 69 114 0 
169 76 173 0 
170 79 132 0 
171 58 67 0 
172 93 264 0 
173 73 79 0 
174 87 68 0 
175 75 194 0 
176 87 88 0 
177 90 231 0 
178 92 192 0 
179 64 182 0 
180 73 51 0 
181 84 63 0 
182 76 122 0 
183 74 104 0 
184 60 180 0 
185 100 68 0 
186 57 72 0 
187 98 181 0 
188 65 195 0 
189 64 79 0 
190 91 180 0 
191 67 96 0 
192 66 78 0 
193 78 173 0 
194 67 91 0 
195 71 76 0 
196 95 252 0 
197 79 194 0 
198 57 87 0 
199 53 94 0 
