NAME GBP_INSTANCES\prob_1_B_0_4_1.txt
COMMENT
BINTYPES 5
ITEMS 25
BINS_SECTIONS
0 60 60 0 23 
1 80 80 0 17 
2 100 100 0 14 
3 120 120 0 12 
4 150 150 0 9 
ITEMS_SECTIONS
0 55 73 0 
1 38 58 0 
2 51 115 0 
3 67 173 0 
4 9 8 0 
5 54 95 0 
6 25 62 0 
7 51 96 0 
8 49 87 0 
9 48 80 0 
10 73 188 0 
11 41 24 0 
12 75 211 0 
13 92 202 0 
14 100 138 0 
15 81 218 0 
16 99 101 0 
17 50 26 0 
18 33 75 0 
19 20 39 0 
20 14 22 0 
21 15 18 0 
22 87 250 0 
23 27 35 0 
24 80 77 0 
