NAME GBP_INSTANCES\prob_3_B_4_4_1.txt
COMMENT
BINTYPES 5
ITEMS 500
BINS_SECTIONS
0 60 60 0 628 
1 80 80 0 471 
2 100 100 0 377 
3 120 120 0 314 
4 150 150 0 252 
ITEMS_SECTIONS
0 70 145 0 
1 55 160 0 
2 85 140 0 
3 77 77 0 
4 88 75 0 
5 80 123 0 
6 56 119 0 
7 77 50 0 
8 67 45 0 
9 51 150 0 
10 61 70 0 
11 64 175 0 
12 66 121 0 
13 90 46 0 
14 54 59 0 
15 69 53 0 
16 99 273 0 
17 98 159 0 
18 93 109 0 
19 63 178 0 
20 82 190 0 
21 75 176 0 
22 53 29 0 
23 82 53 0 
24 76 124 0 
25 86 146 0 
26 88 63 0 
27 63 49 0 
28 60 60 0 
29 78 97 0 
30 97 206 0 
31 61 73 0 
32 97 150 0 
33 62 74 0 
34 70 134 0 
35 53 29 0 
36 76 145 0 
37 54 52 0 
38 96 107 0 
39 71 176 0 
40 93 256 0 
41 87 121 0 
42 80 94 0 
43 91 82 0 
44 54 161 0 
45 91 165 0 
46 94 106 0 
47 98 276 0 
48 65 154 0 
49 58 131 0 
50 58 151 0 
51 87 94 0 
52 93 51 0 
53 87 261 0 
54 78 115 0 
55 71 112 0 
56 57 37 0 
57 59 162 0 
58 82 146 0 
59 62 151 0 
60 90 212 0 
61 63 189 0 
62 88 56 0 
63 99 84 0 
64 78 176 0 
65 66 95 0 
66 91 177 0 
67 71 147 0 
68 63 119 0 
69 79 130 0 
70 57 128 0 
71 82 213 0 
72 72 128 0 
73 85 162 0 
74 54 98 0 
75 94 189 0 
76 60 165 0 
77 76 66 0 
78 60 89 0 
79 87 150 0 
80 72 70 0 
81 51 143 0 
82 87 224 0 
83 98 266 0 
84 65 172 0 
85 89 193 0 
86 96 81 0 
87 95 101 0 
88 54 128 0 
89 95 121 0 
90 58 119 0 
91 71 64 0 
92 52 117 0 
93 73 66 0 
94 70 56 0 
95 63 96 0 
96 88 80 0 
97 85 160 0 
98 91 161 0 
99 66 118 0 
100 71 117 0 
101 100 152 0 
102 63 150 0 
103 60 38 0 
104 72 99 0 
105 82 90 0 
106 59 31 0 
107 70 52 0 
108 94 190 0 
109 79 78 0 
110 51 28 0 
111 69 88 0 
112 70 58 0 
113 65 47 0 
114 72 155 0 
115 95 68 0 
116 89 76 0 
117 87 82 0 
118 67 86 0 
119 56 38 0 
120 91 165 0 
121 75 44 0 
122 64 171 0 
123 76 123 0 
124 99 126 0 
125 72 183 0 
126 53 154 0 
127 61 92 0 
128 57 133 0 
129 80 185 0 
130 63 146 0 
131 100 174 0 
132 58 110 0 
133 82 241 0 
134 60 62 0 
135 58 61 0 
136 71 135 0 
137 54 151 0 
138 68 185 0 
139 98 137 0 
140 55 77 0 
141 99 102 0 
142 88 199 0 
143 78 45 0 
144 74 147 0 
145 81 86 0 
146 56 86 0 
147 56 33 0 
148 90 179 0 
149 52 101 0 
150 74 80 0 
151 59 145 0 
152 53 132 0 
153 72 114 0 
154 97 228 0 
155 94 149 0 
156 73 149 0 
157 95 202 0 
158 70 197 0 
159 58 168 0 
160 80 63 0 
161 52 88 0 
162 97 247 0 
163 68 62 0 
164 66 140 0 
165 56 139 0 
166 69 91 0 
167 85 231 0 
168 60 113 0 
169 71 176 0 
170 52 138 0 
171 85 219 0 
172 76 95 0 
173 53 59 0 
174 65 193 0 
175 57 137 0 
176 58 167 0 
177 74 104 0 
178 79 100 0 
179 91 258 0 
180 79 216 0 
181 75 191 0 
182 74 127 0 
183 66 179 0 
184 85 233 0 
185 51 54 0 
186 53 75 0 
187 74 167 0 
188 99 98 0 
189 91 164 0 
190 78 109 0 
191 71 162 0 
192 61 141 0 
193 97 100 0 
194 83 179 0 
195 94 222 0 
196 76 119 0 
197 71 82 0 
198 83 226 0 
199 54 38 0 
200 89 242 0 
201 93 51 0 
202 82 219 0 
203 68 121 0 
204 77 96 0 
205 74 58 0 
206 52 41 0 
207 100 107 0 
208 56 101 0 
209 58 155 0 
210 78 180 0 
211 86 59 0 
212 53 32 0 
213 62 129 0 
214 97 217 0 
215 92 66 0 
216 93 82 0 
217 71 123 0 
218 76 127 0 
219 92 181 0 
220 91 220 0 
221 78 121 0 
222 57 34 0 
223 72 119 0 
224 66 98 0 
225 51 86 0 
226 58 55 0 
227 80 233 0 
228 51 125 0 
229 90 65 0 
230 69 43 0 
231 82 149 0 
232 71 211 0 
233 75 163 0 
234 75 159 0 
235 63 74 0 
236 62 159 0 
237 63 45 0 
238 89 98 0 
239 58 82 0 
240 65 44 0 
241 93 70 0 
242 90 73 0 
243 61 183 0 
244 96 102 0 
245 88 227 0 
246 97 164 0 
247 56 79 0 
248 95 280 0 
249 79 79 0 
250 60 97 0 
251 55 164 0 
252 96 198 0 
253 90 57 0 
254 59 121 0 
255 91 167 0 
256 70 139 0 
257 93 172 0 
258 58 173 0 
259 59 50 0 
260 94 200 0 
261 98 251 0 
262 68 45 0 
263 92 257 0 
264 78 234 0 
265 61 167 0 
266 99 217 0 
267 67 180 0 
268 74 116 0 
269 89 87 0 
270 91 133 0 
271 85 172 0 
272 90 246 0 
273 76 62 0 
274 52 105 0 
275 63 110 0 
276 77 64 0 
277 94 93 0 
278 52 106 0 
279 84 84 0 
280 69 162 0 
281 69 185 0 
282 94 269 0 
283 98 70 0 
284 100 68 0 
285 79 236 0 
286 63 145 0 
287 58 132 0 
288 62 126 0 
289 95 236 0 
290 67 189 0 
291 93 175 0 
292 92 100 0 
293 94 167 0 
294 95 135 0 
295 61 59 0 
296 94 255 0 
297 91 188 0 
298 69 99 0 
299 57 141 0 
300 90 47 0 
301 87 200 0 
302 98 215 0 
303 92 209 0 
304 100 149 0 
305 52 142 0 
306 96 158 0 
307 69 206 0 
308 100 144 0 
309 88 162 0 
310 62 56 0 
311 55 67 0 
312 54 30 0 
313 74 167 0 
314 69 63 0 
315 88 198 0 
316 72 178 0 
317 65 107 0 
318 67 98 0 
319 60 106 0 
320 89 54 0 
321 69 201 0 
322 69 192 0 
323 75 95 0 
324 67 70 0 
325 96 55 0 
326 85 45 0 
327 71 199 0 
328 64 150 0 
329 94 114 0 
330 99 164 0 
331 87 105 0 
332 73 163 0 
333 59 100 0 
334 72 66 0 
335 91 128 0 
336 74 195 0 
337 54 50 0 
338 54 39 0 
339 86 120 0 
340 57 69 0 
341 95 257 0 
342 51 86 0 
343 54 144 0 
344 51 87 0 
345 71 114 0 
346 73 130 0 
347 70 200 0 
348 68 83 0 
349 82 88 0 
350 96 229 0 
351 89 107 0 
352 61 164 0 
353 71 116 0 
354 95 130 0 
355 77 67 0 
356 79 97 0 
357 86 166 0 
358 100 236 0 
359 58 37 0 
360 94 146 0 
361 92 214 0 
362 51 66 0 
363 94 241 0 
364 72 195 0 
365 76 125 0 
366 97 265 0 
367 52 80 0 
368 52 55 0 
369 59 67 0 
370 57 83 0 
371 100 105 0 
372 75 162 0 
373 60 129 0 
374 67 114 0 
375 68 90 0 
376 71 68 0 
377 77 151 0 
378 91 185 0 
379 71 178 0 
380 82 66 0 
381 85 167 0 
382 97 288 0 
383 92 138 0 
384 97 50 0 
385 99 74 0 
386 74 52 0 
387 99 286 0 
388 72 115 0 
389 67 152 0 
390 75 102 0 
391 63 85 0 
392 100 270 0 
393 100 260 0 
394 86 238 0 
395 92 148 0 
396 72 125 0 
397 74 152 0 
398 82 65 0 
399 99 136 0 
400 83 58 0 
401 85 49 0 
402 85 143 0 
403 79 99 0 
404 67 86 0 
405 91 198 0 
406 81 191 0 
407 91 176 0 
408 85 52 0 
409 54 60 0 
410 60 67 0 
411 94 154 0 
412 90 241 0 
413 95 192 0 
414 91 123 0 
415 68 124 0 
416 79 184 0 
417 92 60 0 
418 85 219 0 
419 74 220 0 
420 77 217 0 
421 58 96 0 
422 67 53 0 
423 83 237 0 
424 59 117 0 
425 75 60 0 
426 63 59 0 
427 77 190 0 
428 95 203 0 
429 58 59 0 
430 61 128 0 
431 60 71 0 
432 79 163 0 
433 94 199 0 
434 64 123 0 
435 68 117 0 
436 80 97 0 
437 65 50 0 
438 87 176 0 
439 72 127 0 
440 77 198 0 
441 54 109 0 
442 62 51 0 
443 74 77 0 
444 57 57 0 
445 98 109 0 
446 72 56 0 
447 75 100 0 
448 98 75 0 
449 83 173 0 
450 54 28 0 
451 61 90 0 
452 61 59 0 
453 94 134 0 
454 57 104 0 
455 67 197 0 
456 61 33 0 
457 65 179 0 
458 88 61 0 
459 72 63 0 
460 98 67 0 
461 98 108 0 
462 88 237 0 
463 68 128 0 
464 63 189 0 
465 89 88 0 
466 71 90 0 
467 92 165 0 
468 51 45 0 
469 78 66 0 
470 53 41 0 
471 64 116 0 
472 91 234 0 
473 73 106 0 
474 78 164 0 
475 77 94 0 
476 84 155 0 
477 51 89 0 
478 56 99 0 
479 71 73 0 
480 59 72 0 
481 96 240 0 
482 57 41 0 
483 53 123 0 
484 77 68 0 
485 77 114 0 
486 100 192 0 
487 71 157 0 
488 53 46 0 
489 61 107 0 
490 69 147 0 
491 83 141 0 
492 73 38 0 
493 83 84 0 
494 93 51 0 
495 60 179 0 
496 69 152 0 
497 65 106 0 
498 79 113 0 
499 58 57 0 
