NAME GBP_INSTANCES\prob_2_B_2_5_1.txt
COMMENT
BINTYPES 5
ITEMS 100
BINS_SECTIONS
0 60 60 0 107 
1 80 80 0 80 
2 100 100 0 64 
3 120 120 0 54 
4 150 150 0 43 
ITEMS_SECTIONS
0 57 45 0 
1 30 35 0 
2 64 176 0 
3 75 223 0 
4 91 81 0 
5 54 97 0 
6 25 74 0 
7 96 94 0 
8 48 72 0 
9 65 97 0 
10 100 256 0 
11 58 58 0 
12 68 119 0 
13 60 98 0 
14 77 55 0 
15 82 63 0 
16 78 175 0 
17 74 94 0 
18 95 50 0 
19 51 117 0 
20 80 198 0 
21 71 156 0 
22 75 200 0 
23 45 64 0 
24 21 61 0 
25 97 248 0 
26 49 69 0 
27 66 49 0 
28 96 120 0 
29 80 136 0 
30 58 88 0 
31 35 93 0 
32 76 206 0 
33 58 153 0 
34 25 67 0 
35 99 62 0 
36 24 14 0 
37 82 183 0 
38 33 38 0 
39 64 105 0 
40 97 183 0 
41 72 172 0 
42 44 113 0 
43 63 79 0 
44 73 175 0 
45 82 172 0 
46 68 56 0 
47 97 136 0 
48 23 49 0 
49 66 175 0 
50 44 29 0 
51 64 116 0 
52 63 175 0 
53 51 95 0 
54 45 120 0 
55 65 40 0 
56 61 76 0 
57 75 197 0 
58 74 194 0 
59 70 37 0 
60 82 243 0 
61 70 111 0 
62 51 136 0 
63 63 88 0 
64 69 36 0 
65 78 58 0 
66 75 81 0 
67 89 97 0 
68 99 133 0 
69 28 84 0 
70 30 35 0 
71 30 28 0 
72 31 87 0 
73 29 72 0 
74 55 149 0 
75 59 65 0 
76 40 115 0 
77 68 70 0 
78 76 142 0 
79 87 211 0 
80 59 85 0 
81 83 170 0 
82 86 87 0 
83 86 245 0 
84 22 30 0 
85 21 14 0 
86 68 143 0 
87 34 92 0 
88 53 42 0 
89 40 98 0 
90 64 172 0 
91 69 177 0 
92 88 101 0 
93 73 62 0 
94 94 237 0 
95 72 40 0 
96 78 128 0 
97 31 61 0 
98 82 193 0 
99 83 181 0 
