NAME GBP_INSTANCES\prob_3_B_0_3_1.txt
COMMENT
BINTYPES 5
ITEMS 25
BINS_SECTIONS
0 60 60 0 34 
1 80 80 0 26 
2 100 100 0 21 
3 120 120 0 17 
4 150 150 0 14 
ITEMS_SECTIONS
0 94 188 0 
1 75 106 0 
2 99 61 0 
3 99 238 0 
4 96 213 0 
5 79 48 0 
6 64 127 0 
7 55 126 0 
8 92 78 0 
9 79 141 0 
10 74 195 0 
11 95 64 0 
12 62 149 0 
13 64 163 0 
14 73 39 0 
15 96 222 0 
16 89 58 0 
17 54 155 0 
18 96 79 0 
19 98 201 0 
20 81 173 0 
21 72 215 0 
22 79 126 0 
23 72 169 0 
24 83 60 0 
