NAME GBP_INSTANCES\prob_2_A_4_1_1.txt
COMMENT
BINTYPES 3
ITEMS 500
BINS_SECTIONS
0 100 100 0 298 
1 120 120 0 248 
2 150 150 0 199 
ITEMS_SECTIONS
0 58 60 0 
1 43 68 0 
2 33 72 0 
3 21 59 0 
4 57 130 0 
5 72 131 0 
6 40 120 0 
7 75 59 0 
8 22 39 0 
9 26 20 0 
10 62 128 0 
11 62 40 0 
12 56 113 0 
13 65 83 0 
14 93 262 0 
15 52 96 0 
16 79 181 0 
17 47 45 0 
18 49 106 0 
19 83 82 0 
20 77 210 0 
21 92 75 0 
22 29 77 0 
23 38 45 0 
24 68 187 0 
25 88 99 0 
26 68 133 0 
27 68 70 0 
28 96 142 0 
29 93 191 0 
30 78 201 0 
31 99 94 0 
32 48 107 0 
33 49 35 0 
34 80 192 0 
35 58 46 0 
36 92 152 0 
37 45 76 0 
38 62 45 0 
39 82 204 0 
40 22 15 0 
41 31 61 0 
42 39 50 0 
43 23 13 0 
44 45 68 0 
45 54 53 0 
46 59 93 0 
47 64 111 0 
48 48 123 0 
49 81 50 0 
50 75 150 0 
51 90 204 0 
52 84 152 0 
53 77 135 0 
54 96 153 0 
55 30 57 0 
56 22 46 0 
57 51 103 0 
58 23 33 0 
59 79 67 0 
60 59 59 0 
61 79 173 0 
62 80 229 0 
63 70 101 0 
64 92 149 0 
65 47 91 0 
66 58 98 0 
67 26 42 0 
68 78 117 0 
69 53 53 0 
70 22 17 0 
71 33 89 0 
72 95 104 0 
73 29 56 0 
74 54 150 0 
75 24 13 0 
76 54 61 0 
77 76 73 0 
78 33 81 0 
79 24 68 0 
80 34 68 0 
81 75 171 0 
82 35 63 0 
83 84 81 0 
84 60 43 0 
85 69 169 0 
86 50 116 0 
87 41 112 0 
88 59 157 0 
89 45 133 0 
90 69 93 0 
91 33 75 0 
92 100 86 0 
93 76 40 0 
94 45 67 0 
95 48 72 0 
96 38 93 0 
97 66 103 0 
98 66 76 0 
99 82 72 0 
100 41 22 0 
101 81 110 0 
102 61 68 0 
103 74 195 0 
104 79 187 0 
105 90 209 0 
106 50 123 0 
107 58 41 0 
108 87 98 0 
109 26 43 0 
110 72 57 0 
111 27 30 0 
112 85 137 0 
113 44 24 0 
114 95 85 0 
115 32 78 0 
116 50 51 0 
117 95 147 0 
118 80 208 0 
119 90 69 0 
120 94 210 0 
121 88 139 0 
122 98 244 0 
123 96 175 0 
124 41 83 0 
125 61 173 0 
126 41 21 0 
127 40 76 0 
128 51 66 0 
129 25 25 0 
130 98 107 0 
131 87 226 0 
132 43 99 0 
133 38 29 0 
134 99 244 0 
135 99 74 0 
136 49 96 0 
137 95 128 0 
138 24 64 0 
139 63 77 0 
140 26 39 0 
141 49 57 0 
142 90 147 0 
143 72 93 0 
144 86 95 0 
145 49 92 0 
146 77 174 0 
147 92 148 0 
148 55 121 0 
149 29 86 0 
150 75 153 0 
151 26 63 0 
152 42 81 0 
153 82 153 0 
154 57 80 0 
155 62 49 0 
156 63 161 0 
157 23 41 0 
158 69 41 0 
159 40 46 0 
160 55 119 0 
161 48 140 0 
162 46 93 0 
163 92 194 0 
164 25 21 0 
165 85 172 0 
166 73 136 0 
167 68 164 0 
168 78 116 0 
169 51 98 0 
170 35 50 0 
171 89 94 0 
172 31 22 0 
173 54 79 0 
174 98 134 0 
175 67 175 0 
176 78 209 0 
177 39 72 0 
178 24 14 0 
179 47 77 0 
180 34 55 0 
181 76 76 0 
182 22 56 0 
183 82 83 0 
184 55 91 0 
185 60 53 0 
186 33 25 0 
187 71 123 0 
188 65 177 0 
189 36 80 0 
190 71 73 0 
191 30 16 0 
192 50 114 0 
193 70 94 0 
194 21 50 0 
195 96 269 0 
196 46 46 0 
197 68 138 0 
198 98 222 0 
199 91 71 0 
200 76 223 0 
201 94 216 0 
202 36 40 0 
203 49 81 0 
204 60 143 0 
205 41 99 0 
206 47 123 0 
207 70 65 0 
208 22 31 0 
209 92 201 0 
210 33 41 0 
211 30 33 0 
212 64 38 0 
213 44 35 0 
214 83 151 0 
215 81 239 0 
216 40 103 0 
217 98 167 0 
218 87 53 0 
219 52 80 0 
220 64 98 0 
221 23 65 0 
222 83 225 0 
223 61 63 0 
224 35 20 0 
225 70 66 0 
226 29 60 0 
227 43 36 0 
228 40 37 0 
229 81 103 0 
230 66 74 0 
231 25 50 0 
232 30 74 0 
233 85 105 0 
234 39 54 0 
235 45 87 0 
236 27 53 0 
237 94 177 0 
238 62 83 0 
239 42 88 0 
240 33 82 0 
241 92 218 0 
242 22 27 0 
243 40 85 0 
244 100 163 0 
245 71 50 0 
246 40 105 0 
247 74 69 0 
248 64 138 0 
249 85 202 0 
250 22 47 0 
251 41 59 0 
252 32 37 0 
253 72 94 0 
254 81 198 0 
255 88 57 0 
256 86 208 0 
257 77 160 0 
258 57 160 0 
259 66 47 0 
260 60 110 0 
261 65 171 0 
262 47 46 0 
263 32 31 0 
264 86 129 0 
265 95 55 0 
266 34 100 0 
267 48 91 0 
268 44 116 0 
269 68 106 0 
270 47 35 0 
271 95 156 0 
272 66 185 0 
273 50 148 0 
274 44 26 0 
275 22 34 0 
276 52 51 0 
277 64 38 0 
278 91 205 0 
279 99 209 0 
280 32 69 0 
281 33 23 0 
282 94 55 0 
283 22 24 0 
284 60 147 0 
285 40 101 0 
286 59 106 0 
287 55 40 0 
288 36 49 0 
289 86 151 0 
290 66 183 0 
291 86 121 0 
292 37 38 0 
293 49 60 0 
294 48 50 0 
295 25 67 0 
296 65 67 0 
297 81 112 0 
298 67 73 0 
299 55 98 0 
300 21 42 0 
301 63 168 0 
302 84 138 0 
303 86 211 0 
304 75 137 0 
305 26 52 0 
306 50 66 0 
307 32 69 0 
308 31 60 0 
309 94 238 0 
310 52 79 0 
311 99 139 0 
312 84 46 0 
313 83 106 0 
314 60 41 0 
315 85 218 0 
316 38 60 0 
317 34 36 0 
318 25 56 0 
319 56 134 0 
320 35 103 0 
321 60 99 0 
322 76 111 0 
323 51 140 0 
324 99 226 0 
325 70 113 0 
326 93 159 0 
327 61 70 0 
328 30 29 0 
329 48 86 0 
330 84 83 0 
331 89 112 0 
332 66 101 0 
333 27 73 0 
334 31 49 0 
335 21 15 0 
336 87 180 0 
337 46 116 0 
338 49 41 0 
339 70 62 0 
340 22 25 0 
341 82 57 0 
342 77 211 0 
343 89 235 0 
344 40 43 0 
345 24 20 0 
346 52 58 0 
347 29 24 0 
348 52 109 0 
349 83 197 0 
350 88 262 0 
351 90 133 0 
352 72 126 0 
353 90 122 0 
354 85 69 0 
355 96 228 0 
356 91 175 0 
357 92 233 0 
358 64 51 0 
359 28 20 0 
360 36 94 0 
361 48 70 0 
362 85 158 0 
363 45 117 0 
364 84 135 0 
365 77 218 0 
366 87 204 0 
367 54 152 0 
368 50 127 0 
369 25 25 0 
370 27 21 0 
371 86 256 0 
372 51 37 0 
373 35 39 0 
374 95 228 0 
375 67 72 0 
376 36 64 0 
377 93 220 0 
378 21 36 0 
379 81 97 0 
380 64 66 0 
381 69 162 0 
382 54 149 0 
383 63 101 0 
384 52 103 0 
385 74 157 0 
386 68 48 0 
387 63 115 0 
388 56 64 0 
389 86 238 0 
390 22 15 0 
391 39 55 0 
392 60 149 0 
393 21 54 0 
394 50 45 0 
395 80 111 0 
396 97 82 0 
397 95 214 0 
398 63 50 0 
399 86 163 0 
400 69 143 0 
401 85 116 0 
402 28 40 0 
403 57 81 0 
404 98 125 0 
405 49 29 0 
406 57 123 0 
407 21 16 0 
408 45 104 0 
409 92 229 0 
410 56 133 0 
411 92 163 0 
412 77 155 0 
413 38 72 0 
414 64 61 0 
415 29 64 0 
416 40 109 0 
417 37 111 0 
418 58 109 0 
419 63 110 0 
420 75 124 0 
421 31 56 0 
422 44 34 0 
423 36 69 0 
424 73 50 0 
425 35 64 0 
426 96 217 0 
427 63 166 0 
428 84 72 0 
429 53 151 0 
430 33 42 0 
431 83 240 0 
432 85 191 0 
433 74 184 0 
434 73 58 0 
435 67 177 0 
436 24 39 0 
437 67 69 0 
438 87 240 0 
439 87 242 0 
440 40 83 0 
441 34 82 0 
442 62 64 0 
443 26 75 0 
444 48 91 0 
445 44 76 0 
446 40 41 0 
447 31 42 0 
448 95 126 0 
449 52 93 0 
450 63 83 0 
451 75 47 0 
452 26 67 0 
453 73 101 0 
454 63 177 0 
455 27 58 0 
456 46 64 0 
457 44 40 0 
458 77 208 0 
459 49 70 0 
460 63 137 0 
461 89 141 0 
462 85 244 0 
463 83 132 0 
464 39 111 0 
465 50 103 0 
466 81 225 0 
467 67 139 0 
468 44 33 0 
469 38 47 0 
470 89 267 0 
471 67 171 0 
472 69 60 0 
473 56 105 0 
474 82 200 0 
475 29 62 0 
476 54 114 0 
477 71 198 0 
478 80 238 0 
479 99 195 0 
480 36 106 0 
481 80 189 0 
482 73 179 0 
483 23 31 0 
484 64 65 0 
485 47 71 0 
486 33 62 0 
487 88 261 0 
488 27 52 0 
489 51 145 0 
490 66 196 0 
491 39 21 0 
492 89 225 0 
493 28 22 0 
494 85 237 0 
495 27 24 0 
496 26 54 0 
497 37 55 0 
498 28 25 0 
499 36 68 0 
