NAME GBP_INSTANCES\prob_1_A_4_4_1.txt
COMMENT
BINTYPES 3
ITEMS 500
BINS_SECTIONS
0 100 100 0 250 
1 120 120 0 208 
2 150 150 0 167 
ITEMS_SECTIONS
0 91 256 0 
1 77 136 0 
2 3 3 0 
3 21 23 0 
4 72 44 0 
5 22 44 0 
6 7 19 0 
7 22 38 0 
8 98 172 0 
9 31 36 0 
10 80 218 0 
11 39 44 0 
12 90 121 0 
13 89 245 0 
14 19 40 0 
15 90 174 0 
16 53 138 0 
17 84 209 0 
18 30 38 0 
19 67 177 0 
20 18 38 0 
21 5 11 0 
22 60 90 0 
23 44 37 0 
24 36 92 0 
25 46 124 0 
26 43 85 0 
27 53 34 0 
28 97 168 0 
29 5 4 0 
30 32 26 0 
31 35 51 0 
32 37 40 0 
33 34 83 0 
34 48 143 0 
35 69 193 0 
36 9 18 0 
37 76 91 0 
38 6 15 0 
39 97 195 0 
40 5 15 0 
41 17 18 0 
42 50 128 0 
43 56 143 0 
44 65 162 0 
45 75 161 0 
46 56 104 0 
47 8 20 0 
48 91 232 0 
49 5 8 0 
50 52 48 0 
51 8 14 0 
52 92 257 0 
53 81 45 0 
54 76 205 0 
55 87 52 0 
56 75 72 0 
57 73 204 0 
58 68 49 0 
59 89 234 0 
60 8 18 0 
61 82 85 0 
62 83 65 0 
63 40 70 0 
64 79 108 0 
65 18 39 0 
66 27 41 0 
67 93 88 0 
68 72 117 0 
69 15 32 0 
70 16 18 0 
71 29 51 0 
72 73 105 0 
73 59 100 0 
74 51 60 0 
75 39 40 0 
76 42 98 0 
77 22 63 0 
78 10 6 0 
79 90 208 0 
80 63 146 0 
81 71 121 0 
82 39 116 0 
83 99 222 0 
84 98 149 0 
85 61 71 0 
86 70 146 0 
87 86 165 0 
88 69 54 0 
89 63 112 0 
90 24 38 0 
91 75 143 0 
92 74 194 0 
93 48 66 0 
94 27 15 0 
95 88 93 0 
96 91 64 0 
97 80 201 0 
98 22 48 0 
99 100 64 0 
100 57 40 0 
101 31 91 0 
102 76 90 0 
103 11 15 0 
104 63 127 0 
105 61 116 0 
106 73 119 0 
107 89 78 0 
108 90 265 0 
109 10 9 0 
110 11 7 0 
111 67 121 0 
112 89 104 0 
113 15 12 0 
114 63 40 0 
115 15 16 0 
116 54 31 0 
117 93 196 0 
118 43 127 0 
119 77 173 0 
120 75 41 0 
121 49 103 0 
122 35 101 0 
123 31 90 0 
124 39 93 0 
125 88 226 0 
126 7 7 0 
127 3 4 0 
128 43 44 0 
129 32 84 0 
130 91 69 0 
131 32 53 0 
132 5 6 0 
133 25 61 0 
134 48 73 0 
135 24 25 0 
136 32 92 0 
137 85 177 0 
138 79 163 0 
139 45 133 0 
140 25 57 0 
141 32 61 0 
142 16 11 0 
143 52 148 0 
144 89 67 0 
145 23 26 0 
146 65 114 0 
147 62 132 0 
148 22 56 0 
149 35 88 0 
150 18 39 0 
151 83 210 0 
152 50 93 0 
153 24 52 0 
154 99 260 0 
155 11 14 0 
156 90 160 0 
157 98 93 0 
158 86 204 0 
159 87 131 0 
160 2 5 0 
161 42 119 0 
162 61 54 0 
163 63 143 0 
164 3 9 0 
165 10 25 0 
166 18 18 0 
167 31 55 0 
168 32 17 0 
169 54 144 0 
170 100 232 0 
171 78 210 0 
172 8 18 0 
173 88 234 0 
174 100 84 0 
175 41 91 0 
176 77 100 0 
177 47 123 0 
178 60 125 0 
179 85 203 0 
180 15 35 0 
181 49 60 0 
182 39 29 0 
183 11 29 0 
184 45 109 0 
185 38 103 0 
186 86 211 0 
187 5 5 0 
188 64 71 0 
189 85 61 0 
190 57 88 0 
191 33 78 0 
192 29 36 0 
193 38 22 0 
194 34 66 0 
195 4 7 0 
196 85 186 0 
197 5 10 0 
198 89 165 0 
199 81 193 0 
200 14 29 0 
201 48 39 0 
202 45 51 0 
203 93 132 0 
204 48 55 0 
205 90 106 0 
206 64 121 0 
207 18 50 0 
208 66 113 0 
209 93 268 0 
210 34 30 0 
211 60 159 0 
212 90 138 0 
213 13 25 0 
214 74 160 0 
215 49 29 0 
216 8 22 0 
217 3 5 0 
218 39 66 0 
219 34 39 0 
220 42 49 0 
221 64 100 0 
222 26 17 0 
223 14 38 0 
224 86 196 0 
225 9 16 0 
226 79 151 0 
227 97 223 0 
228 37 92 0 
229 40 82 0 
230 90 266 0 
231 8 6 0 
232 25 42 0 
233 7 15 0 
234 89 236 0 
235 33 82 0 
236 4 6 0 
237 58 48 0 
238 28 84 0 
239 47 95 0 
240 63 170 0 
241 32 36 0 
242 43 60 0 
243 99 233 0 
244 54 117 0 
245 11 15 0 
246 11 15 0 
247 73 49 0 
248 84 95 0 
249 87 156 0 
250 68 186 0 
251 57 39 0 
252 55 105 0 
253 58 108 0 
254 26 33 0 
255 87 193 0 
256 31 59 0 
257 3 6 0 
258 42 32 0 
259 24 25 0 
260 83 123 0 
261 55 97 0 
262 71 65 0 
263 27 34 0 
264 9 19 0 
265 32 56 0 
266 81 116 0 
267 69 76 0 
268 74 66 0 
269 20 40 0 
270 34 54 0 
271 82 221 0 
272 75 179 0 
273 88 72 0 
274 19 32 0 
275 47 90 0 
276 59 127 0 
277 37 24 0 
278 60 110 0 
279 45 126 0 
280 17 11 0 
281 23 23 0 
282 60 69 0 
283 66 113 0 
284 79 114 0 
285 3 5 0 
286 11 28 0 
287 97 176 0 
288 17 50 0 
289 26 15 0 
290 37 105 0 
291 95 102 0 
292 2 5 0 
293 98 82 0 
294 4 5 0 
295 41 86 0 
296 7 6 0 
297 80 126 0 
298 44 75 0 
299 14 37 0 
300 13 19 0 
301 14 29 0 
302 46 77 0 
303 56 149 0 
304 4 8 0 
305 51 56 0 
306 62 58 0 
307 85 169 0 
308 3 4 0 
309 94 128 0 
310 54 129 0 
311 6 16 0 
312 45 46 0 
313 97 152 0 
314 71 50 0 
315 86 195 0 
316 37 86 0 
317 40 95 0 
318 54 47 0 
319 72 92 0 
320 95 112 0 
321 44 112 0 
322 52 138 0 
323 59 127 0 
324 14 42 0 
325 29 41 0 
326 79 121 0 
327 37 73 0 
328 55 106 0 
329 73 47 0 
330 68 122 0 
331 8 23 0 
332 14 42 0 
333 88 97 0 
334 52 92 0 
335 90 164 0 
336 49 120 0 
337 63 67 0 
338 46 137 0 
339 27 55 0 
340 32 34 0 
341 95 104 0 
342 48 110 0 
343 84 187 0 
344 5 11 0 
345 59 46 0 
346 32 22 0 
347 80 76 0 
348 98 100 0 
349 23 19 0 
350 55 48 0 
351 23 31 0 
352 13 38 0 
353 83 211 0 
354 47 110 0 
355 97 256 0 
356 89 248 0 
357 14 8 0 
358 16 13 0 
359 83 230 0 
360 89 108 0 
361 87 199 0 
362 21 11 0 
363 30 19 0 
364 22 63 0 
365 2 6 0 
366 59 53 0 
367 87 60 0 
368 8 19 0 
369 33 54 0 
370 16 13 0 
371 22 17 0 
372 39 51 0 
373 63 70 0 
374 17 10 0 
375 94 273 0 
376 28 55 0 
377 16 11 0 
378 42 100 0 
379 41 58 0 
380 81 131 0 
381 14 35 0 
382 32 87 0 
383 45 128 0 
384 16 30 0 
385 30 25 0 
386 53 130 0 
387 27 17 0 
388 44 39 0 
389 29 15 0 
390 48 58 0 
391 37 55 0 
392 41 41 0 
393 60 102 0 
394 37 65 0 
395 92 82 0 
396 27 29 0 
397 19 51 0 
398 96 138 0 
399 36 31 0 
400 71 208 0 
401 23 63 0 
402 89 68 0 
403 53 68 0 
404 64 66 0 
405 29 79 0 
406 59 111 0 
407 31 79 0 
408 46 71 0 
409 35 59 0 
410 73 66 0 
411 97 110 0 
412 49 93 0 
413 83 177 0 
414 25 62 0 
415 20 59 0 
416 45 75 0 
417 27 53 0 
418 72 153 0 
419 95 126 0 
420 42 92 0 
421 61 48 0 
422 37 29 0 
423 35 57 0 
424 39 89 0 
425 88 69 0 
426 27 79 0 
427 42 39 0 
428 66 178 0 
429 18 32 0 
430 18 40 0 
431 10 6 0 
432 31 35 0 
433 59 69 0 
434 55 56 0 
435 38 109 0 
436 93 237 0 
437 34 77 0 
438 94 191 0 
439 77 204 0 
440 85 217 0 
441 43 66 0 
442 71 111 0 
443 16 27 0 
444 13 18 0 
445 13 24 0 
446 98 75 0 
447 12 13 0 
448 38 80 0 
449 78 160 0 
450 81 173 0 
451 90 257 0 
452 92 144 0 
453 7 7 0 
454 61 182 0 
455 2 4 0 
456 7 7 0 
457 29 52 0 
458 69 36 0 
459 59 91 0 
460 25 26 0 
461 81 168 0 
462 96 274 0 
463 64 76 0 
464 73 99 0 
465 23 69 0 
466 74 210 0 
467 29 35 0 
468 60 115 0 
469 27 49 0 
470 65 137 0 
471 98 215 0 
472 69 80 0 
473 25 18 0 
474 52 85 0 
475 92 196 0 
476 29 59 0 
477 92 71 0 
478 37 40 0 
479 71 63 0 
480 32 79 0 
481 47 130 0 
482 25 61 0 
483 31 82 0 
484 52 125 0 
485 69 96 0 
486 25 52 0 
487 45 114 0 
488 67 130 0 
489 95 181 0 
490 17 41 0 
491 59 47 0 
492 32 41 0 
493 8 14 0 
494 27 28 0 
495 42 80 0 
496 82 51 0 
497 59 104 0 
498 79 123 0 
499 13 8 0 
