NAME GBP_INSTANCES\prob_1_B_2_7_1.txt
COMMENT
BINTYPES 5
ITEMS 100
BINS_SECTIONS
0 60 60 0 82 
1 80 80 0 61 
2 100 100 0 49 
3 120 120 0 41 
4 150 150 0 33 
ITEMS_SECTIONS
0 21 39 0 
1 40 69 0 
2 6 15 0 
3 91 172 0 
4 85 140 0 
5 78 114 0 
6 15 39 0 
7 93 63 0 
8 48 85 0 
9 23 22 0 
10 7 5 0 
11 47 66 0 
12 5 10 0 
13 42 109 0 
14 20 51 0 
15 89 203 0 
16 28 33 0 
17 52 121 0 
18 53 159 0 
19 98 131 0 
20 17 34 0 
21 4 3 0 
22 10 17 0 
23 30 51 0 
24 13 23 0 
25 61 108 0 
26 78 134 0 
27 77 226 0 
28 7 19 0 
29 72 182 0 
30 44 27 0 
31 24 29 0 
32 3 5 0 
33 60 75 0 
34 73 50 0 
35 79 232 0 
36 65 90 0 
37 14 42 0 
38 85 181 0 
39 77 228 0 
40 27 45 0 
41 30 45 0 
42 30 32 0 
43 34 75 0 
44 64 169 0 
45 64 133 0 
46 94 259 0 
47 25 16 0 
48 26 35 0 
49 54 102 0 
50 76 143 0 
51 4 10 0 
52 30 71 0 
53 78 203 0 
54 7 12 0 
55 2 4 0 
56 6 5 0 
57 91 74 0 
58 100 254 0 
59 33 50 0 
60 95 242 0 
61 25 13 0 
62 94 113 0 
63 57 91 0 
64 94 194 0 
65 79 181 0 
66 55 113 0 
67 19 25 0 
68 48 26 0 
69 5 9 0 
70 23 61 0 
71 2 5 0 
72 75 138 0 
73 82 152 0 
74 59 101 0 
75 35 82 0 
76 54 157 0 
77 20 20 0 
78 88 103 0 
79 89 101 0 
80 13 31 0 
81 69 111 0 
82 75 120 0 
83 82 176 0 
84 83 45 0 
85 72 116 0 
86 47 49 0 
87 47 35 0 
88 62 48 0 
89 43 54 0 
90 89 150 0 
91 82 86 0 
92 11 33 0 
93 4 8 0 
94 33 79 0 
95 30 57 0 
96 73 98 0 
97 84 60 0 
98 62 89 0 
99 5 15 0 
