NAME GBP_INSTANCES\prob_1_B_2_3_1.txt
COMMENT
BINTYPES 5
ITEMS 100
BINS_SECTIONS
0 60 60 0 92 
1 80 80 0 69 
2 100 100 0 55 
3 120 120 0 46 
4 150 150 0 37 
ITEMS_SECTIONS
0 74 198 0 
1 25 39 0 
2 97 140 0 
3 73 155 0 
4 8 7 0 
5 64 180 0 
6 18 48 0 
7 49 56 0 
8 32 43 0 
9 94 59 0 
10 47 128 0 
11 87 118 0 
12 39 27 0 
13 66 122 0 
14 96 273 0 
15 51 63 0 
16 96 176 0 
17 55 39 0 
18 88 228 0 
19 60 52 0 
20 55 143 0 
21 19 23 0 
22 5 10 0 
23 14 39 0 
24 56 96 0 
25 21 63 0 
26 72 160 0 
27 96 219 0 
28 27 71 0 
29 5 5 0 
30 8 15 0 
31 41 117 0 
32 52 86 0 
33 48 133 0 
34 41 58 0 
35 37 55 0 
36 47 68 0 
37 89 104 0 
38 28 79 0 
39 66 154 0 
40 88 154 0 
41 54 74 0 
42 4 6 0 
43 53 50 0 
44 39 115 0 
45 65 160 0 
46 58 167 0 
47 11 22 0 
48 35 86 0 
49 77 109 0 
50 95 136 0 
51 73 58 0 
52 48 135 0 
53 21 61 0 
54 66 138 0 
55 84 58 0 
56 12 20 0 
57 72 55 0 
58 22 57 0 
59 52 100 0 
60 20 39 0 
61 62 63 0 
62 85 125 0 
63 19 34 0 
64 67 103 0 
65 36 24 0 
66 92 75 0 
67 73 207 0 
68 73 175 0 
69 57 121 0 
70 89 80 0 
71 43 105 0 
72 36 90 0 
73 86 138 0 
74 45 44 0 
75 94 277 0 
76 55 97 0 
77 28 15 0 
78 63 103 0 
79 91 113 0 
80 90 180 0 
81 64 118 0 
82 54 127 0 
83 22 36 0 
84 79 227 0 
85 76 227 0 
86 50 147 0 
87 53 154 0 
88 78 226 0 
89 79 67 0 
90 24 33 0 
91 28 25 0 
92 64 76 0 
93 49 80 0 
94 93 167 0 
95 56 145 0 
96 48 75 0 
97 94 85 0 
98 75 54 0 
99 12 13 0 
