NAME GBP_INSTANCES\prob_3_B_1_3_1.txt
COMMENT
BINTYPES 5
ITEMS 50
BINS_SECTIONS
0 60 60 0 61 
1 80 80 0 46 
2 100 100 0 37 
3 120 120 0 31 
4 150 150 0 25 
ITEMS_SECTIONS
0 80 45 0 
1 59 91 0 
2 73 159 0 
3 61 145 0 
4 76 135 0 
5 92 170 0 
6 87 239 0 
7 63 135 0 
8 82 209 0 
9 90 69 0 
10 91 68 0 
11 83 245 0 
12 57 45 0 
13 69 125 0 
14 60 162 0 
15 62 182 0 
16 75 85 0 
17 66 192 0 
18 55 73 0 
19 79 141 0 
20 60 152 0 
21 51 85 0 
22 96 85 0 
23 66 194 0 
24 91 59 0 
25 91 96 0 
26 53 117 0 
27 63 179 0 
28 77 55 0 
29 62 147 0 
30 70 56 0 
31 99 134 0 
32 75 161 0 
33 87 109 0 
34 55 147 0 
35 75 105 0 
36 82 61 0 
37 66 62 0 
38 53 43 0 
39 87 238 0 
40 66 52 0 
41 64 70 0 
42 79 102 0 
43 52 112 0 
44 77 114 0 
45 72 181 0 
46 81 60 0 
47 90 100 0 
48 68 121 0 
49 64 152 0 
