NAME GBP_INSTANCES\prob_2_B_2_7_1.txt
COMMENT
BINTYPES 5
ITEMS 100
BINS_SECTIONS
0 60 60 0 101 
1 80 80 0 76 
2 100 100 0 61 
3 120 120 0 51 
4 150 150 0 41 
ITEMS_SECTIONS
0 31 45 0 
1 86 57 0 
2 39 110 0 
3 36 55 0 
4 73 194 0 
5 85 123 0 
6 33 41 0 
7 93 239 0 
8 35 93 0 
9 49 44 0 
10 99 98 0 
11 64 94 0 
12 89 231 0 
13 94 204 0 
14 21 13 0 
15 27 59 0 
16 86 46 0 
17 43 36 0 
18 57 137 0 
19 94 115 0 
20 54 131 0 
21 46 39 0 
22 93 128 0 
23 50 144 0 
24 76 225 0 
25 75 85 0 
26 89 132 0 
27 59 104 0 
28 77 111 0 
29 83 173 0 
30 86 74 0 
31 60 48 0 
32 24 52 0 
33 88 191 0 
34 21 28 0 
35 45 33 0 
36 38 86 0 
37 59 146 0 
38 28 80 0 
39 30 17 0 
40 26 36 0 
41 61 39 0 
42 91 63 0 
43 97 170 0 
44 21 43 0 
45 55 155 0 
46 59 145 0 
47 98 198 0 
48 42 122 0 
49 59 127 0 
50 97 203 0 
51 43 36 0 
52 91 83 0 
53 48 51 0 
54 90 199 0 
55 52 114 0 
56 70 174 0 
57 78 108 0 
58 67 54 0 
59 77 106 0 
60 66 163 0 
61 83 59 0 
62 27 59 0 
63 46 138 0 
64 72 206 0 
65 69 199 0 
66 21 46 0 
67 80 184 0 
68 73 154 0 
69 80 42 0 
70 56 64 0 
71 57 32 0 
72 45 100 0 
73 87 252 0 
74 63 152 0 
75 26 70 0 
76 64 189 0 
77 73 163 0 
78 40 84 0 
79 25 35 0 
80 91 199 0 
81 54 92 0 
82 47 75 0 
83 86 81 0 
84 28 84 0 
85 71 191 0 
86 24 14 0 
87 94 251 0 
88 68 109 0 
89 48 119 0 
90 42 119 0 
91 49 135 0 
92 47 82 0 
93 39 58 0 
94 97 146 0 
95 83 184 0 
96 36 83 0 
97 45 23 0 
98 62 127 0 
99 47 35 0 
