NAME GBP_INSTANCES\prob_3_A_2_4_1.txt
COMMENT
BINTYPES 3
ITEMS 100
BINS_SECTIONS
0 100 100 0 78 
1 120 120 0 65 
2 150 150 0 52 
ITEMS_SECTIONS
0 91 75 0 
1 77 151 0 
2 80 56 0 
3 63 121 0 
4 96 180 0 
5 54 94 0 
6 52 96 0 
7 51 27 0 
8 85 116 0 
9 81 188 0 
10 66 56 0 
11 85 50 0 
12 81 71 0 
13 61 175 0 
14 70 162 0 
15 56 47 0 
16 64 73 0 
17 96 120 0 
18 66 122 0 
19 87 127 0 
20 84 53 0 
21 81 144 0 
22 73 184 0 
23 86 154 0 
24 84 110 0 
25 67 77 0 
26 98 67 0 
27 59 35 0 
28 98 79 0 
29 98 205 0 
30 94 52 0 
31 88 82 0 
32 79 164 0 
33 55 42 0 
34 83 103 0 
35 75 98 0 
36 78 158 0 
37 59 130 0 
38 61 106 0 
39 52 144 0 
40 78 110 0 
41 63 48 0 
42 63 101 0 
43 75 58 0 
44 92 94 0 
45 87 58 0 
46 60 95 0 
47 90 230 0 
48 87 57 0 
49 79 94 0 
50 60 40 0 
51 97 189 0 
52 59 109 0 
53 53 97 0 
54 93 148 0 
55 88 219 0 
56 91 137 0 
57 86 60 0 
58 87 170 0 
59 94 113 0 
60 89 161 0 
61 75 205 0 
62 86 120 0 
63 74 210 0 
64 72 43 0 
65 92 118 0 
66 95 183 0 
67 60 95 0 
68 61 121 0 
69 81 204 0 
70 78 100 0 
71 60 42 0 
72 51 41 0 
73 82 215 0 
74 66 108 0 
75 77 57 0 
76 94 51 0 
77 93 133 0 
78 69 89 0 
79 93 269 0 
80 91 98 0 
81 82 165 0 
82 51 147 0 
83 81 159 0 
84 68 154 0 
85 78 173 0 
86 99 262 0 
87 85 194 0 
88 82 193 0 
89 97 57 0 
90 53 86 0 
91 98 65 0 
92 82 122 0 
93 73 203 0 
94 79 63 0 
95 57 114 0 
96 72 43 0 
97 68 178 0 
98 100 204 0 
99 99 129 0 
