NAME GBP_INSTANCES\prob_3_B_1_1_1.txt
COMMENT
BINTYPES 5
ITEMS 50
BINS_SECTIONS
0 60 60 0 64 
1 80 80 0 48 
2 100 100 0 39 
3 120 120 0 32 
4 150 150 0 26 
ITEMS_SECTIONS
0 87 259 0 
1 75 124 0 
2 53 147 0 
3 85 138 0 
4 51 29 0 
5 98 117 0 
6 80 220 0 
7 68 197 0 
8 64 92 0 
9 100 267 0 
10 63 134 0 
11 78 186 0 
12 85 99 0 
13 56 139 0 
14 87 137 0 
15 100 160 0 
16 97 85 0 
17 55 126 0 
18 60 134 0 
19 62 40 0 
20 98 65 0 
21 74 128 0 
22 93 176 0 
23 69 98 0 
24 68 185 0 
25 55 54 0 
26 96 106 0 
27 98 73 0 
28 55 125 0 
29 67 200 0 
30 84 176 0 
31 70 186 0 
32 94 275 0 
33 51 32 0 
34 52 32 0 
35 90 242 0 
36 83 120 0 
37 91 52 0 
38 63 39 0 
39 68 61 0 
40 55 44 0 
41 94 111 0 
42 85 43 0 
43 76 82 0 
44 75 120 0 
45 88 134 0 
46 100 266 0 
47 91 242 0 
48 67 81 0 
49 65 176 0 
