NAME GBP_INSTANCES\prob_2_B_1_3_1.txt
COMMENT
BINTYPES 5
ITEMS 50
BINS_SECTIONS
0 60 60 0 50 
1 80 80 0 38 
2 100 100 0 30 
3 120 120 0 25 
4 150 150 0 20 
ITEMS_SECTIONS
0 82 183 0 
1 53 115 0 
2 29 28 0 
3 42 119 0 
4 42 26 0 
5 56 78 0 
6 93 222 0 
7 89 248 0 
8 98 195 0 
9 98 107 0 
10 32 51 0 
11 22 51 0 
12 87 159 0 
13 25 15 0 
14 69 162 0 
15 52 65 0 
16 79 58 0 
17 76 67 0 
18 64 101 0 
19 95 218 0 
20 72 84 0 
21 66 151 0 
22 53 36 0 
23 94 142 0 
24 72 159 0 
25 62 110 0 
26 84 64 0 
27 33 26 0 
28 82 233 0 
29 45 87 0 
30 67 77 0 
31 23 25 0 
32 27 67 0 
33 93 205 0 
34 53 139 0 
35 23 47 0 
36 24 35 0 
37 87 70 0 
38 33 95 0 
39 33 64 0 
40 71 49 0 
41 59 138 0 
42 77 171 0 
43 33 51 0 
44 21 20 0 
45 49 108 0 
46 76 178 0 
47 83 241 0 
48 61 157 0 
49 23 50 0 
