NAME GBP_INSTANCES\prob_1_A_3_3_1.txt
COMMENT
BINTYPES 3
ITEMS 200
BINS_SECTIONS
0 100 100 0 103 
1 120 120 0 86 
2 150 150 0 69 
ITEMS_SECTIONS
0 19 32 0 
1 30 74 0 
2 89 258 0 
3 92 101 0 
4 44 29 0 
5 76 207 0 
6 59 82 0 
7 20 60 0 
8 13 34 0 
9 51 84 0 
10 47 119 0 
11 70 124 0 
12 35 86 0 
13 82 155 0 
14 93 108 0 
15 85 198 0 
16 3 4 0 
17 38 94 0 
18 72 67 0 
19 40 73 0 
20 85 228 0 
21 94 139 0 
22 57 133 0 
23 95 74 0 
24 96 61 0 
25 100 248 0 
26 86 129 0 
27 65 87 0 
28 66 113 0 
29 3 6 0 
30 40 38 0 
31 71 181 0 
32 37 77 0 
33 25 51 0 
34 18 17 0 
35 29 77 0 
36 12 16 0 
37 95 245 0 
38 25 75 0 
39 41 109 0 
40 62 86 0 
41 79 99 0 
42 47 93 0 
43 41 73 0 
44 36 89 0 
45 40 61 0 
46 31 44 0 
47 65 66 0 
48 65 58 0 
49 65 83 0 
50 44 90 0 
51 85 246 0 
52 24 61 0 
53 99 176 0 
54 42 46 0 
55 99 165 0 
56 27 45 0 
57 4 6 0 
58 95 120 0 
59 98 87 0 
60 18 22 0 
61 88 80 0 
62 30 90 0 
63 2 2 0 
64 49 53 0 
65 55 103 0 
66 15 17 0 
67 94 168 0 
68 88 173 0 
69 62 183 0 
70 56 32 0 
71 60 43 0 
72 67 171 0 
73 81 53 0 
74 42 54 0 
75 18 21 0 
76 94 220 0 
77 46 53 0 
78 68 71 0 
79 78 100 0 
80 56 79 0 
81 48 75 0 
82 30 25 0 
83 39 75 0 
84 28 38 0 
85 6 13 0 
86 77 84 0 
87 88 238 0 
88 15 27 0 
89 51 138 0 
90 24 31 0 
91 89 82 0 
92 47 119 0 
93 47 80 0 
94 28 61 0 
95 93 168 0 
96 48 49 0 
97 98 98 0 
98 15 18 0 
99 32 31 0 
100 2 5 0 
101 61 72 0 
102 56 164 0 
103 69 68 0 
104 33 87 0 
105 15 20 0 
106 96 136 0 
107 61 176 0 
108 38 103 0 
109 2 5 0 
110 29 75 0 
111 79 187 0 
112 67 129 0 
113 93 145 0 
114 2 5 0 
115 59 116 0 
116 98 126 0 
117 2 4 0 
118 78 146 0 
119 45 93 0 
120 13 20 0 
121 79 192 0 
122 21 21 0 
123 68 172 0 
124 3 6 0 
125 32 90 0 
126 18 27 0 
127 43 45 0 
128 24 52 0 
129 94 263 0 
130 24 55 0 
131 16 22 0 
132 23 39 0 
133 85 207 0 
134 49 130 0 
135 48 56 0 
136 58 137 0 
137 94 64 0 
138 49 31 0 
139 71 99 0 
140 37 64 0 
141 13 8 0 
142 55 108 0 
143 4 12 0 
144 84 248 0 
145 71 59 0 
146 99 247 0 
147 41 40 0 
148 81 193 0 
149 86 91 0 
150 81 209 0 
151 41 42 0 
152 71 45 0 
153 85 179 0 
154 13 11 0 
155 98 156 0 
156 81 173 0 
157 6 17 0 
158 3 8 0 
159 28 15 0 
160 61 67 0 
161 42 121 0 
162 22 36 0 
163 58 163 0 
164 72 74 0 
165 38 106 0 
166 82 44 0 
167 56 158 0 
168 42 83 0 
169 96 120 0 
170 10 6 0 
171 78 190 0 
172 12 17 0 
173 98 231 0 
174 13 36 0 
175 70 61 0 
176 94 176 0 
177 9 17 0 
178 42 27 0 
179 12 18 0 
180 71 96 0 
181 66 112 0 
182 44 82 0 
183 29 75 0 
184 35 39 0 
185 24 63 0 
186 93 53 0 
187 80 86 0 
188 25 67 0 
189 41 71 0 
190 11 16 0 
191 9 26 0 
192 44 56 0 
193 97 282 0 
194 60 59 0 
195 4 10 0 
196 18 10 0 
197 31 43 0 
198 27 67 0 
199 40 117 0 
