NAME GBP_INSTANCES\prob_2_A_3_3_1.txt
COMMENT
BINTYPES 3
ITEMS 200
BINS_SECTIONS
0 100 100 0 118 
1 120 120 0 99 
2 150 150 0 79 
ITEMS_SECTIONS
0 99 154 0 
1 26 60 0 
2 38 85 0 
3 92 134 0 
4 99 107 0 
5 77 53 0 
6 22 18 0 
7 78 167 0 
8 25 20 0 
9 89 166 0 
10 36 31 0 
11 92 89 0 
12 69 87 0 
13 56 120 0 
14 79 55 0 
15 22 18 0 
16 56 95 0 
17 47 48 0 
18 67 143 0 
19 23 25 0 
20 33 86 0 
21 65 42 0 
22 40 47 0 
23 25 51 0 
24 45 118 0 
25 90 130 0 
26 86 100 0 
27 55 121 0 
28 78 214 0 
29 44 91 0 
30 50 75 0 
31 95 155 0 
32 25 22 0 
33 78 101 0 
34 72 174 0 
35 44 130 0 
36 85 222 0 
37 34 43 0 
38 29 67 0 
39 29 60 0 
40 32 21 0 
41 89 145 0 
42 36 49 0 
43 42 94 0 
44 62 42 0 
45 64 41 0 
46 81 42 0 
47 97 99 0 
48 69 107 0 
49 48 65 0 
50 91 93 0 
51 40 115 0 
52 60 128 0 
53 70 194 0 
54 74 42 0 
55 75 80 0 
56 63 186 0 
57 97 140 0 
58 44 111 0 
59 55 113 0 
60 94 185 0 
61 87 130 0 
62 27 80 0 
63 77 89 0 
64 53 101 0 
65 37 26 0 
66 83 186 0 
67 96 200 0 
68 36 46 0 
69 59 165 0 
70 77 109 0 
71 49 78 0 
72 46 116 0 
73 89 258 0 
74 27 50 0 
75 69 165 0 
76 76 55 0 
77 97 253 0 
78 38 50 0 
79 91 89 0 
80 27 59 0 
81 66 189 0 
82 79 207 0 
83 44 95 0 
84 36 58 0 
85 31 73 0 
86 71 83 0 
87 97 256 0 
88 32 66 0 
89 36 87 0 
90 49 34 0 
91 62 50 0 
92 49 98 0 
93 42 54 0 
94 65 103 0 
95 62 128 0 
96 58 40 0 
97 43 57 0 
98 90 255 0 
99 58 154 0 
100 98 120 0 
101 38 79 0 
102 46 101 0 
103 92 106 0 
104 42 68 0 
105 97 242 0 
106 66 185 0 
107 48 133 0 
108 26 73 0 
109 23 50 0 
110 95 79 0 
111 58 61 0 
112 62 159 0 
113 41 49 0 
114 21 37 0 
115 38 46 0 
116 24 54 0 
117 97 206 0 
118 21 27 0 
119 63 186 0 
120 62 146 0 
121 83 66 0 
122 85 47 0 
123 26 59 0 
124 58 66 0 
125 82 219 0 
126 57 146 0 
127 76 222 0 
128 31 21 0 
129 80 121 0 
130 53 40 0 
131 47 34 0 
132 94 274 0 
133 64 127 0 
134 33 93 0 
135 64 130 0 
136 29 63 0 
137 51 107 0 
138 65 58 0 
139 85 138 0 
140 67 146 0 
141 77 193 0 
142 55 60 0 
143 77 106 0 
144 25 63 0 
145 82 108 0 
146 83 164 0 
147 94 103 0 
148 88 125 0 
149 64 37 0 
150 50 147 0 
151 48 51 0 
152 63 117 0 
153 97 245 0 
154 74 171 0 
155 44 123 0 
156 73 124 0 
157 27 77 0 
158 35 25 0 
159 93 255 0 
160 82 231 0 
161 60 70 0 
162 27 55 0 
163 88 148 0 
164 86 125 0 
165 39 27 0 
166 36 73 0 
167 54 96 0 
168 57 146 0 
169 57 136 0 
170 35 21 0 
171 32 33 0 
172 29 26 0 
173 63 162 0 
174 97 284 0 
175 98 51 0 
176 45 71 0 
177 67 64 0 
178 52 101 0 
179 30 56 0 
180 48 74 0 
181 99 198 0 
182 24 30 0 
183 78 103 0 
184 64 105 0 
185 26 57 0 
186 36 33 0 
187 43 31 0 
188 44 64 0 
189 61 183 0 
190 86 82 0 
191 36 22 0 
192 37 51 0 
193 65 148 0 
194 86 130 0 
195 35 78 0 
196 52 93 0 
197 72 45 0 
198 26 49 0 
199 21 12 0 
