NAME GBP_INSTANCES\prob_3_B_1_6_1.txt
COMMENT
BINTYPES 5
ITEMS 50
BINS_SECTIONS
0 60 60 0 64 
1 80 80 0 48 
2 100 100 0 39 
3 120 120 0 32 
4 150 150 0 26 
ITEMS_SECTIONS
0 61 73 0 
1 93 237 0 
2 57 122 0 
3 79 86 0 
4 90 126 0 
5 72 163 0 
6 63 68 0 
7 98 244 0 
8 75 148 0 
9 67 74 0 
10 84 79 0 
11 70 66 0 
12 77 99 0 
13 90 245 0 
14 77 230 0 
15 79 65 0 
16 59 55 0 
17 86 118 0 
18 56 61 0 
19 98 125 0 
20 59 91 0 
21 74 185 0 
22 86 112 0 
23 89 110 0 
24 57 100 0 
25 86 228 0 
26 68 45 0 
27 93 74 0 
28 87 45 0 
29 69 65 0 
30 52 129 0 
31 78 191 0 
32 83 224 0 
33 99 73 0 
34 62 117 0 
35 66 81 0 
36 78 111 0 
37 75 150 0 
38 67 42 0 
39 100 102 0 
40 72 140 0 
41 69 152 0 
42 89 261 0 
43 83 153 0 
44 62 152 0 
45 79 222 0 
46 79 49 0 
47 78 134 0 
48 78 97 0 
49 91 157 0 
