NAME GBP_INSTANCES\prob_2_B_0_2_1.txt
COMMENT
BINTYPES 5
ITEMS 25
BINS_SECTIONS
0 60 60 0 26 
1 80 80 0 20 
2 100 100 0 16 
3 120 120 0 13 
4 150 150 0 11 
ITEMS_SECTIONS
0 95 225 0 
1 32 79 0 
2 72 143 0 
3 77 122 0 
4 85 82 0 
5 57 163 0 
6 99 152 0 
7 21 42 0 
8 43 61 0 
9 49 50 0 
10 25 59 0 
11 42 55 0 
12 33 63 0 
13 67 196 0 
14 84 62 0 
15 89 89 0 
16 56 77 0 
17 90 129 0 
18 21 45 0 
19 32 76 0 
20 56 113 0 
21 85 157 0 
22 81 242 0 
23 53 114 0 
24 93 89 0 
