NAME GBP_INSTANCES\prob_1_B_3_9_1.txt
COMMENT
BINTYPES 5
ITEMS 200
BINS_SECTIONS
0 60 60 0 178 
1 80 80 0 134 
2 100 100 0 107 
3 120 120 0 89 
4 150 150 0 71 
ITEMS_SECTIONS
0 42 31 0 
1 90 91 0 
2 18 29 0 
3 64 79 0 
4 30 28 0 
5 82 236 0 
6 87 114 0 
7 91 205 0 
8 70 168 0 
9 78 131 0 
10 13 25 0 
11 64 145 0 
12 76 118 0 
13 78 162 0 
14 85 56 0 
15 44 85 0 
16 6 5 0 
17 52 48 0 
18 20 13 0 
19 11 28 0 
20 83 227 0 
21 21 39 0 
22 91 150 0 
23 53 76 0 
24 86 219 0 
25 50 80 0 
26 84 193 0 
27 71 130 0 
28 37 29 0 
29 67 88 0 
30 66 65 0 
31 78 197 0 
32 54 124 0 
33 8 13 0 
34 9 26 0 
35 78 177 0 
36 16 26 0 
37 99 176 0 
38 89 212 0 
39 2 4 0 
40 57 170 0 
41 100 78 0 
42 72 159 0 
43 96 200 0 
44 89 138 0 
45 88 244 0 
46 21 45 0 
47 51 83 0 
48 42 42 0 
49 22 24 0 
50 31 59 0 
51 21 55 0 
52 11 23 0 
53 82 55 0 
54 42 116 0 
55 73 162 0 
56 38 77 0 
57 92 267 0 
58 10 14 0 
59 5 8 0 
60 83 225 0 
61 43 71 0 
62 95 49 0 
63 35 93 0 
64 22 41 0 
65 13 37 0 
66 77 202 0 
67 43 23 0 
68 29 63 0 
69 15 27 0 
70 3 8 0 
71 62 90 0 
72 78 88 0 
73 54 89 0 
74 15 20 0 
75 74 116 0 
76 34 69 0 
77 33 85 0 
78 72 106 0 
79 27 35 0 
80 38 58 0 
81 82 242 0 
82 67 54 0 
83 34 52 0 
84 88 221 0 
85 65 119 0 
86 99 201 0 
87 56 45 0 
88 12 9 0 
89 22 56 0 
90 83 100 0 
91 38 102 0 
92 11 29 0 
93 99 240 0 
94 51 146 0 
95 90 242 0 
96 9 17 0 
97 57 139 0 
98 43 39 0 
99 5 5 0 
100 58 142 0 
101 60 177 0 
102 31 70 0 
103 74 102 0 
104 41 35 0 
105 72 90 0 
106 72 129 0 
107 19 56 0 
108 27 41 0 
109 64 44 0 
110 44 126 0 
111 86 116 0 
112 18 44 0 
113 25 36 0 
114 49 52 0 
115 26 29 0 
116 41 54 0 
117 20 33 0 
118 43 33 0 
119 6 10 0 
120 27 23 0 
121 64 43 0 
122 88 75 0 
123 70 123 0 
124 25 51 0 
125 59 124 0 
126 59 80 0 
127 16 28 0 
128 99 225 0 
129 74 122 0 
130 25 52 0 
131 66 67 0 
132 64 176 0 
133 2 3 0 
134 26 66 0 
135 46 82 0 
136 74 179 0 
137 72 38 0 
138 74 187 0 
139 12 17 0 
140 61 89 0 
141 71 173 0 
142 88 242 0 
143 53 51 0 
144 29 20 0 
145 28 76 0 
146 90 179 0 
147 31 88 0 
148 65 47 0 
149 31 22 0 
150 96 261 0 
151 36 24 0 
152 21 62 0 
153 29 48 0 
154 100 61 0 
155 65 77 0 
156 100 181 0 
157 75 113 0 
158 94 112 0 
159 88 240 0 
160 4 8 0 
161 84 251 0 
162 35 23 0 
163 93 168 0 
164 79 106 0 
165 42 124 0 
166 86 86 0 
167 96 218 0 
168 27 75 0 
169 58 37 0 
170 46 133 0 
171 94 257 0 
172 98 132 0 
173 75 215 0 
174 100 276 0 
175 60 65 0 
176 38 82 0 
177 51 44 0 
178 5 9 0 
179 42 100 0 
180 28 22 0 
181 17 24 0 
182 32 63 0 
183 69 137 0 
184 57 33 0 
185 13 28 0 
186 94 133 0 
187 42 123 0 
188 88 137 0 
189 39 47 0 
190 77 147 0 
191 96 58 0 
192 48 77 0 
193 88 232 0 
194 87 122 0 
195 9 25 0 
196 7 10 0 
197 17 50 0 
198 57 61 0 
199 52 28 0 
