NAME GBP_INSTANCES\prob_3_B_0_2_1.txt
COMMENT
BINTYPES 5
ITEMS 25
BINS_SECTIONS
0 60 60 0 32 
1 80 80 0 24 
2 100 100 0 20 
3 120 120 0 16 
4 150 150 0 13 
ITEMS_SECTIONS
0 75 118 0 
1 66 188 0 
2 81 139 0 
3 77 96 0 
4 84 206 0 
5 69 81 0 
6 77 209 0 
7 86 53 0 
8 66 57 0 
9 96 242 0 
10 52 73 0 
11 88 166 0 
12 86 195 0 
13 97 59 0 
14 76 218 0 
15 72 173 0 
16 54 28 0 
17 58 58 0 
18 86 226 0 
19 80 108 0 
20 82 90 0 
21 84 195 0 
22 75 194 0 
23 51 131 0 
24 91 97 0 
