NAME GBP_INSTANCES\prob_3_A_3_2_1.txt
COMMENT
BINTYPES 3
ITEMS 200
BINS_SECTIONS
0 100 100 0 148 
1 120 120 0 123 
2 150 150 0 99 
ITEMS_SECTIONS
0 75 215 0 
1 72 64 0 
2 56 140 0 
3 77 227 0 
4 82 219 0 
5 73 125 0 
6 54 158 0 
7 71 78 0 
8 74 208 0 
9 99 152 0 
10 97 49 0 
11 58 50 0 
12 70 38 0 
13 70 161 0 
14 91 237 0 
15 76 211 0 
16 64 101 0 
17 92 164 0 
18 78 72 0 
19 97 167 0 
20 66 56 0 
21 97 68 0 
22 78 113 0 
23 65 71 0 
24 89 264 0 
25 53 146 0 
26 93 135 0 
27 59 126 0 
28 97 221 0 
29 97 55 0 
30 69 62 0 
31 96 259 0 
32 71 72 0 
33 66 106 0 
34 69 177 0 
35 67 147 0 
36 100 197 0 
37 91 93 0 
38 51 137 0 
39 65 72 0 
40 65 160 0 
41 67 145 0 
42 53 109 0 
43 69 191 0 
44 81 120 0 
45 77 86 0 
46 80 88 0 
47 73 103 0 
48 90 132 0 
49 77 231 0 
50 94 278 0 
51 76 60 0 
52 84 151 0 
53 56 117 0 
54 58 164 0 
55 78 186 0 
56 63 48 0 
57 60 164 0 
58 69 91 0 
59 58 141 0 
60 86 138 0 
61 65 180 0 
62 55 146 0 
63 52 64 0 
64 78 44 0 
65 97 151 0 
66 100 126 0 
67 75 166 0 
68 55 74 0 
69 91 88 0 
70 76 164 0 
71 65 56 0 
72 76 216 0 
73 78 155 0 
74 65 194 0 
75 63 164 0 
76 86 90 0 
77 95 235 0 
78 67 102 0 
79 87 97 0 
80 55 92 0 
81 62 160 0 
82 56 98 0 
83 96 210 0 
84 86 97 0 
85 60 76 0 
86 69 136 0 
87 56 105 0 
88 82 102 0 
89 62 112 0 
90 80 127 0 
91 62 82 0 
92 59 143 0 
93 54 118 0 
94 67 167 0 
95 65 140 0 
96 92 97 0 
97 88 153 0 
98 100 292 0 
99 66 182 0 
100 74 120 0 
101 63 58 0 
102 77 138 0 
103 72 127 0 
104 84 229 0 
105 69 73 0 
106 73 63 0 
107 89 203 0 
108 84 243 0 
109 96 178 0 
110 83 239 0 
111 72 79 0 
112 57 144 0 
113 88 65 0 
114 81 112 0 
115 79 191 0 
116 87 233 0 
117 52 132 0 
118 63 172 0 
119 94 180 0 
120 100 113 0 
121 88 126 0 
122 58 158 0 
123 53 127 0 
124 80 203 0 
125 63 72 0 
126 63 141 0 
127 62 71 0 
128 59 82 0 
129 94 154 0 
130 54 47 0 
131 67 124 0 
132 57 125 0 
133 51 63 0 
134 59 46 0 
135 78 157 0 
136 64 84 0 
137 60 168 0 
138 53 105 0 
139 60 121 0 
140 52 124 0 
141 55 117 0 
142 69 49 0 
143 75 124 0 
144 91 77 0 
145 74 97 0 
146 73 183 0 
147 63 65 0 
148 73 217 0 
149 77 70 0 
150 54 72 0 
151 81 213 0 
152 66 45 0 
153 96 174 0 
154 71 136 0 
155 79 142 0 
156 84 139 0 
157 97 291 0 
158 67 42 0 
159 59 78 0 
160 73 161 0 
161 100 245 0 
162 84 174 0 
163 76 195 0 
164 76 103 0 
165 55 101 0 
166 92 209 0 
167 69 95 0 
168 93 133 0 
169 97 71 0 
170 66 181 0 
171 60 148 0 
172 86 161 0 
173 56 79 0 
174 77 186 0 
175 86 211 0 
176 98 83 0 
177 69 187 0 
178 71 42 0 
179 54 126 0 
180 53 114 0 
181 88 115 0 
182 64 139 0 
183 97 259 0 
184 79 51 0 
185 73 120 0 
186 75 140 0 
187 55 137 0 
188 81 176 0 
189 63 48 0 
190 61 42 0 
191 68 85 0 
192 75 225 0 
193 70 167 0 
194 97 148 0 
195 57 158 0 
196 79 117 0 
197 77 168 0 
198 54 97 0 
199 71 112 0 
