NAME GBP_INSTANCES\prob_2_B_1_1_7.txt
COMMENT
BINTYPES 5
ITEMS 50
BINS_SECTIONS
0 60 60 0 50 
1 80 80 0 37 
2 100 100 0 30 
3 120 120 0 25 
4 150 150 0 20 
ITEMS_SECTIONS
0 94 124 0
1 34 98 0
2 45 52 0
3 31 33 0
4 96 146 0
5 42 102 0
6 58 53 0
7 57 29 0
8 53 32 0
9 25 63 0
10 63 138 0
11 54 116 0
12 80 102 0
13 31 88 0
14 89 118 0
15 91 261 0
16 84 265 0
17 98 303 0
18 64 87 0
19 97 207 0
20 83 257 0
21 77 268 0
22 94 193 0
23 44 100 0
24 26 36 0
25 24 19 0
26 97 228 0
27 48 82 0
28 79 152 0
29 55 99 0
30 30 32 0
31 31 85 0
32 35 83 0
33 32 81 0
34 27 87 0
35 37 63 0
36 33 89 0
37 52 44 0
38 90 108 0
39 36 100 0
40 41 97 0
41 90 184 0
42 73 76 0
43 83 69 0
44 35 96 0
45 29 33 0
46 31 82 0
47 55 51 0
48 96 228 0
49 97 57 0
