NAME GBP_INSTANCES\prob_2_B_3_2_1.txt
COMMENT
BINTYPES 5
ITEMS 200
BINS_SECTIONS
0 60 60 0 202 
1 80 80 0 151 
2 100 100 0 121 
3 120 120 0 101 
4 150 150 0 81 
ITEMS_SECTIONS
0 92 207 0 
1 84 122 0 
2 26 57 0 
3 39 83 0 
4 77 148 0 
5 67 68 0 
6 63 165 0 
7 91 145 0 
8 38 109 0 
9 69 82 0 
10 76 201 0 
11 38 25 0 
12 89 254 0 
13 70 92 0 
14 21 35 0 
15 23 32 0 
16 83 127 0 
17 25 24 0 
18 74 99 0 
19 73 140 0 
20 83 217 0 
21 42 102 0 
22 76 154 0 
23 54 113 0 
24 74 87 0 
25 47 92 0 
26 91 83 0 
27 47 83 0 
28 57 131 0 
29 41 81 0 
30 28 77 0 
31 87 201 0 
32 82 132 0 
33 21 12 0 
34 94 264 0 
35 54 48 0 
36 30 87 0 
37 26 74 0 
38 37 50 0 
39 91 124 0 
40 45 47 0 
41 27 52 0 
42 35 80 0 
43 45 37 0 
44 70 139 0 
45 32 17 0 
46 29 57 0 
47 48 119 0 
48 33 87 0 
49 54 126 0 
50 85 142 0 
51 81 69 0 
52 82 102 0 
53 65 112 0 
54 43 22 0 
55 30 83 0 
56 34 75 0 
57 69 43 0 
58 64 68 0 
59 54 28 0 
60 62 147 0 
61 100 144 0 
62 98 209 0 
63 54 51 0 
64 37 91 0 
65 30 37 0 
66 56 125 0 
67 81 147 0 
68 100 230 0 
69 35 85 0 
70 43 107 0 
71 51 79 0 
72 39 29 0 
73 93 101 0 
74 59 163 0 
75 52 79 0 
76 58 145 0 
77 71 199 0 
78 37 71 0 
79 24 29 0 
80 27 74 0 
81 51 58 0 
82 99 222 0 
83 76 208 0 
84 31 65 0 
85 80 173 0 
86 66 89 0 
87 76 225 0 
88 42 44 0 
89 74 191 0 
90 100 280 0 
91 91 201 0 
92 84 109 0 
93 50 126 0 
94 80 156 0 
95 72 210 0 
96 70 207 0 
97 48 53 0 
98 59 111 0 
99 53 61 0 
100 56 87 0 
101 74 198 0 
102 50 133 0 
103 42 54 0 
104 78 201 0 
105 64 130 0 
106 53 121 0 
107 83 178 0 
108 77 47 0 
109 51 97 0 
110 86 51 0 
111 63 174 0 
112 46 24 0 
113 48 83 0 
114 81 196 0 
115 75 102 0 
116 26 77 0 
117 58 33 0 
118 72 95 0 
119 87 219 0 
120 66 78 0 
121 71 99 0 
122 43 109 0 
123 67 116 0 
124 34 22 0 
125 29 85 0 
126 89 253 0 
127 38 99 0 
128 31 27 0 
129 43 101 0 
130 45 34 0 
131 69 48 0 
132 84 178 0 
133 28 55 0 
134 22 14 0 
135 23 21 0 
136 37 90 0 
137 82 125 0 
138 41 111 0 
139 88 120 0 
140 85 221 0 
141 67 49 0 
142 48 61 0 
143 86 133 0 
144 51 133 0 
145 24 20 0 
146 32 71 0 
147 100 298 0 
148 21 45 0 
149 42 36 0 
150 66 66 0 
151 84 168 0 
152 49 86 0 
153 97 95 0 
154 95 51 0 
155 57 168 0 
156 80 227 0 
157 87 113 0 
158 79 136 0 
159 55 136 0 
160 69 35 0 
161 88 133 0 
162 76 206 0 
163 77 75 0 
164 64 54 0 
165 93 102 0 
166 83 237 0 
167 78 177 0 
168 89 61 0 
169 77 113 0 
170 81 228 0 
171 28 44 0 
172 61 110 0 
173 41 115 0 
174 38 45 0 
175 61 108 0 
176 58 118 0 
177 68 167 0 
178 73 207 0 
179 23 36 0 
180 67 59 0 
181 58 75 0 
182 51 67 0 
183 56 109 0 
184 72 109 0 
185 56 44 0 
186 94 113 0 
187 63 72 0 
188 89 250 0 
189 98 130 0 
190 81 125 0 
191 35 42 0 
192 68 185 0 
193 43 78 0 
194 90 230 0 
195 29 37 0 
196 59 117 0 
197 50 35 0 
198 35 28 0 
199 21 43 0 
