NAME GBP_INSTANCES\prob_2_A_2_3_1.txt
COMMENT
BINTYPES 3
ITEMS 100
BINS_SECTIONS
0 100 100 0 65 
1 120 120 0 55 
2 150 150 0 44 
ITEMS_SECTIONS
0 54 125 0 
1 41 84 0 
2 64 106 0 
3 99 244 0 
4 26 16 0 
5 94 63 0 
6 95 66 0 
7 76 105 0 
8 90 150 0 
9 26 39 0 
10 90 235 0 
11 70 65 0 
12 50 29 0 
13 78 147 0 
14 29 33 0 
15 29 20 0 
16 54 144 0 
17 74 170 0 
18 58 120 0 
19 99 292 0 
20 50 36 0 
21 49 81 0 
22 78 71 0 
23 42 40 0 
24 84 72 0 
25 61 42 0 
26 92 52 0 
27 85 144 0 
28 47 36 0 
29 94 74 0 
30 43 113 0 
31 51 141 0 
32 67 128 0 
33 84 240 0 
34 83 103 0 
35 90 113 0 
36 67 80 0 
37 81 93 0 
38 82 219 0 
39 34 50 0 
40 77 115 0 
41 29 56 0 
42 45 95 0 
43 47 99 0 
44 65 61 0 
45 70 73 0 
46 92 105 0 
47 65 74 0 
48 88 123 0 
49 30 45 0 
50 50 38 0 
51 73 87 0 
52 67 200 0 
53 41 54 0 
54 47 39 0 
55 71 88 0 
56 79 127 0 
57 92 242 0 
58 78 189 0 
59 82 50 0 
60 71 150 0 
61 43 74 0 
62 81 78 0 
63 29 63 0 
64 42 93 0 
65 61 98 0 
66 21 56 0 
67 71 182 0 
68 90 154 0 
69 60 49 0 
70 84 198 0 
71 100 294 0 
72 68 186 0 
73 99 92 0 
74 68 64 0 
75 35 43 0 
76 32 88 0 
77 66 108 0 
78 84 206 0 
79 87 231 0 
80 94 197 0 
81 73 160 0 
82 46 120 0 
83 77 146 0 
84 49 32 0 
85 22 18 0 
86 65 51 0 
87 28 60 0 
88 53 51 0 
89 95 180 0 
90 31 76 0 
91 57 113 0 
92 70 73 0 
93 77 154 0 
94 89 59 0 
95 35 89 0 
96 78 65 0 
97 51 112 0 
98 66 186 0 
99 86 186 0 
