NAME GBP_INSTANCES\prob_2_B_2_1_1.txt
COMMENT
BINTYPES 5
ITEMS 100
BINS_SECTIONS
0 60 60 0 106 
1 80 80 0 80 
2 100 100 0 64 
3 120 120 0 53 
4 150 150 0 43 
ITEMS_SECTIONS
0 83 65 0 
1 77 203 0 
2 83 136 0 
3 49 146 0 
4 74 78 0 
5 77 201 0 
6 39 81 0 
7 98 182 0 
8 95 86 0 
9 34 90 0 
10 73 102 0 
11 86 165 0 
12 61 112 0 
13 87 90 0 
14 81 159 0 
15 44 34 0 
16 27 77 0 
17 62 133 0 
18 33 94 0 
19 36 65 0 
20 100 81 0 
21 79 48 0 
22 96 90 0 
23 33 92 0 
24 24 59 0 
25 33 87 0 
26 61 119 0 
27 88 93 0 
28 94 95 0 
29 37 95 0 
30 36 89 0 
31 33 24 0 
32 51 54 0 
33 87 150 0 
34 77 139 0 
35 90 217 0 
36 31 51 0 
37 63 92 0 
38 74 189 0 
39 100 213 0 
40 41 116 0 
41 80 228 0 
42 58 149 0 
43 49 70 0 
44 48 116 0 
45 81 221 0 
46 72 150 0 
47 56 44 0 
48 29 38 0 
49 24 28 0 
50 100 106 0 
51 37 90 0 
52 74 131 0 
53 53 107 0 
54 79 150 0 
55 87 157 0 
56 37 25 0 
57 78 95 0 
58 73 75 0 
59 34 33 0 
60 36 102 0 
61 68 74 0 
62 98 102 0 
63 84 178 0 
64 26 23 0 
65 92 132 0 
66 57 38 0 
67 51 131 0 
68 44 42 0 
69 52 32 0 
70 81 192 0 
71 58 76 0 
72 87 114 0 
73 54 73 0 
74 59 98 0 
75 34 23 0 
76 95 152 0 
77 81 241 0 
78 81 113 0 
79 100 100 0 
80 48 58 0 
81 91 238 0 
82 34 86 0 
83 45 84 0 
84 77 130 0 
85 69 175 0 
86 63 116 0 
87 60 116 0 
88 45 44 0 
89 26 55 0 
90 56 135 0 
91 70 128 0 
92 96 64 0 
93 63 133 0 
94 36 102 0 
95 46 104 0 
96 32 84 0 
97 71 186 0 
98 83 215 0 
99 98 250 0 
