NAME GBP_INSTANCES\prob_3_A_1_0_1.txt
COMMENT
BINTYPES 3
ITEMS 50
BINS_SECTIONS
0 100 100 0 40 
1 120 120 0 33 
2 150 150 0 27 
ITEMS_SECTIONS
0 99 171 0 
1 98 84 0 
2 83 53 0 
3 87 151 0 
4 67 185 0 
5 89 243 0 
6 82 114 0 
7 62 117 0 
8 89 207 0 
9 91 114 0 
10 58 40 0 
11 95 66 0 
12 100 67 0 
13 52 102 0 
14 75 129 0 
15 94 101 0 
16 63 108 0 
17 65 83 0 
18 79 163 0 
19 97 168 0 
20 69 199 0 
21 79 67 0 
22 73 93 0 
23 60 104 0 
24 57 133 0 
25 96 286 0 
26 59 83 0 
27 100 204 0 
28 71 79 0 
29 98 140 0 
30 69 128 0 
31 91 255 0 
32 64 185 0 
33 92 160 0 
34 56 164 0 
35 76 117 0 
36 73 74 0 
37 63 128 0 
38 78 80 0 
39 93 269 0 
40 89 108 0 
41 85 198 0 
42 89 244 0 
43 73 108 0 
44 91 243 0 
45 77 164 0 
46 59 85 0 
47 66 93 0 
48 92 47 0 
49 91 164 0 
