NAME GBP_INSTANCES\prob_3_A_1_7_1.txt
COMMENT
BINTYPES 3
ITEMS 50
BINS_SECTIONS
0 100 100 0 37 
1 120 120 0 31 
2 150 150 0 25 
ITEMS_SECTIONS
0 82 127 0 
1 100 63 0 
2 89 71 0 
3 55 73 0 
4 81 131 0 
5 73 201 0 
6 91 131 0 
7 74 61 0 
8 78 171 0 
9 71 85 0 
10 54 90 0 
11 51 136 0 
12 58 74 0 
13 60 90 0 
14 64 119 0 
15 51 103 0 
16 61 159 0 
17 88 218 0 
18 65 64 0 
19 96 204 0 
20 54 31 0 
21 91 125 0 
22 59 125 0 
23 63 188 0 
24 60 174 0 
25 53 79 0 
26 78 86 0 
27 100 155 0 
28 66 123 0 
29 88 245 0 
30 71 209 0 
31 62 84 0 
32 83 198 0 
33 88 213 0 
34 91 189 0 
35 93 232 0 
36 78 41 0 
37 96 93 0 
38 62 186 0 
39 71 157 0 
40 64 189 0 
41 62 162 0 
42 71 160 0 
43 82 133 0 
44 52 45 0 
45 76 167 0 
46 64 96 0 
47 84 55 0 
48 60 81 0 
49 94 97 0 
