NAME GBP_INSTANCES\prob_3_A_4_0_1.txt
COMMENT
BINTYPES 3
ITEMS 500
BINS_SECTIONS
0 100 100 0 380 
1 120 120 0 316 
2 150 150 0 253 
ITEMS_SECTIONS
0 52 67 0 
1 58 57 0 
2 81 106 0 
3 99 241 0 
4 85 104 0 
5 75 160 0 
6 81 76 0 
7 83 174 0 
8 81 58 0 
9 87 139 0 
10 60 81 0 
11 91 104 0 
12 89 160 0 
13 70 156 0 
14 52 148 0 
15 78 172 0 
16 83 44 0 
17 53 66 0 
18 73 128 0 
19 94 58 0 
20 86 109 0 
21 70 185 0 
22 75 224 0 
23 69 88 0 
24 52 138 0 
25 94 210 0 
26 84 104 0 
27 91 87 0 
28 89 90 0 
29 78 145 0 
30 75 102 0 
31 100 70 0 
32 68 139 0 
33 64 102 0 
34 78 97 0 
35 92 187 0 
36 92 95 0 
37 79 198 0 
38 71 123 0 
39 92 123 0 
40 83 231 0 
41 94 238 0 
42 95 215 0 
43 99 227 0 
44 85 89 0 
45 91 185 0 
46 60 171 0 
47 64 122 0 
48 66 162 0 
49 83 213 0 
50 63 91 0 
51 92 192 0 
52 63 182 0 
53 84 188 0 
54 98 197 0 
55 84 230 0 
56 84 191 0 
57 53 137 0 
58 73 46 0 
59 79 130 0 
60 86 173 0 
61 77 133 0 
62 69 44 0 
63 77 45 0 
64 77 52 0 
65 70 83 0 
66 98 102 0 
67 76 158 0 
68 71 129 0 
69 88 169 0 
70 51 133 0 
71 58 134 0 
72 80 227 0 
73 91 98 0 
74 52 55 0 
75 90 184 0 
76 88 256 0 
77 65 189 0 
78 78 83 0 
79 83 92 0 
80 84 216 0 
81 71 162 0 
82 51 44 0 
83 83 242 0 
84 95 248 0 
85 83 151 0 
86 87 173 0 
87 70 49 0 
88 99 262 0 
89 97 92 0 
90 60 61 0 
91 52 54 0 
92 67 152 0 
93 57 123 0 
94 72 132 0 
95 82 152 0 
96 100 141 0 
97 86 86 0 
98 86 98 0 
99 73 203 0 
100 68 36 0 
101 74 61 0 
102 66 144 0 
103 92 190 0 
104 73 65 0 
105 51 80 0 
106 66 141 0 
107 69 72 0 
108 71 193 0 
109 99 143 0 
110 83 151 0 
111 99 223 0 
112 56 44 0 
113 89 82 0 
114 51 50 0 
115 98 229 0 
116 66 118 0 
117 92 200 0 
118 93 148 0 
119 80 98 0 
120 72 82 0 
121 89 246 0 
122 74 44 0 
123 98 60 0 
124 67 58 0 
125 51 103 0 
126 92 111 0 
127 100 53 0 
128 53 48 0 
129 99 282 0 
130 75 94 0 
131 71 100 0 
132 56 117 0 
133 67 200 0 
134 68 82 0 
135 94 109 0 
136 59 68 0 
137 76 149 0 
138 61 54 0 
139 63 149 0 
140 81 203 0 
141 53 70 0 
142 64 73 0 
143 67 117 0 
144 98 289 0 
145 93 227 0 
146 62 143 0 
147 84 226 0 
148 86 131 0 
149 92 249 0 
150 74 108 0 
151 64 83 0 
152 75 122 0 
153 72 167 0 
154 80 93 0 
155 78 107 0 
156 94 177 0 
157 98 136 0 
158 98 111 0 
159 59 70 0 
160 52 32 0 
161 80 110 0 
162 84 78 0 
163 77 223 0 
164 80 220 0 
165 99 218 0 
166 74 150 0 
167 60 49 0 
168 87 152 0 
169 100 164 0 
170 96 220 0 
171 63 69 0 
172 87 251 0 
173 94 163 0 
174 68 86 0 
175 87 52 0 
176 74 75 0 
177 66 81 0 
178 73 204 0 
179 56 159 0 
180 85 171 0 
181 70 187 0 
182 52 81 0 
183 62 44 0 
184 79 162 0 
185 67 78 0 
186 81 93 0 
187 65 83 0 
188 81 124 0 
189 91 91 0 
190 69 112 0 
191 78 48 0 
192 62 85 0 
193 75 222 0 
194 67 68 0 
195 63 43 0 
196 59 38 0 
197 60 109 0 
198 59 168 0 
199 76 96 0 
200 99 270 0 
201 83 212 0 
202 64 189 0 
203 77 92 0 
204 83 158 0 
205 92 244 0 
206 57 115 0 
207 98 286 0 
208 98 150 0 
209 70 98 0 
210 54 157 0 
211 95 240 0 
212 70 134 0 
213 65 94 0 
214 56 53 0 
215 56 144 0 
216 52 34 0 
217 78 138 0 
218 64 171 0 
219 53 39 0 
220 81 237 0 
221 78 43 0 
222 96 65 0 
223 69 202 0 
224 94 132 0 
225 64 38 0 
226 64 105 0 
227 71 60 0 
228 85 91 0 
229 91 273 0 
230 59 107 0 
231 70 167 0 
232 91 224 0 
233 69 76 0 
234 96 101 0 
235 81 229 0 
236 85 235 0 
237 72 72 0 
238 51 65 0 
239 85 154 0 
240 82 218 0 
241 99 213 0 
242 63 179 0 
243 52 27 0 
244 69 202 0 
245 72 87 0 
246 81 171 0 
247 71 100 0 
248 63 77 0 
249 84 152 0 
250 53 62 0 
251 100 192 0 
252 73 169 0 
253 61 151 0 
254 81 57 0 
255 85 100 0 
256 60 140 0 
257 55 141 0 
258 51 86 0 
259 59 162 0 
260 73 47 0 
261 90 128 0 
262 74 141 0 
263 63 152 0 
264 53 74 0 
265 78 210 0 
266 58 60 0 
267 69 88 0 
268 83 202 0 
269 63 130 0 
270 82 242 0 
271 71 142 0 
272 86 82 0 
273 75 90 0 
274 96 197 0 
275 92 163 0 
276 84 109 0 
277 91 202 0 
278 78 144 0 
279 74 167 0 
280 77 46 0 
281 99 133 0 
282 56 81 0 
283 85 70 0 
284 59 60 0 
285 98 180 0 
286 84 208 0 
287 74 219 0 
288 70 111 0 
289 83 228 0 
290 90 151 0 
291 100 133 0 
292 63 115 0 
293 59 52 0 
294 61 101 0 
295 68 165 0 
296 76 107 0 
297 61 79 0 
298 54 154 0 
299 51 85 0 
300 91 184 0 
301 51 128 0 
302 92 105 0 
303 75 98 0 
304 69 85 0 
305 51 108 0 
306 83 233 0 
307 98 213 0 
308 91 143 0 
309 77 116 0 
310 63 82 0 
311 73 181 0 
312 60 55 0 
313 62 75 0 
314 69 79 0 
315 100 136 0 
316 64 158 0 
317 100 182 0 
318 80 49 0 
319 73 77 0 
320 81 132 0 
321 67 152 0 
322 80 95 0 
323 87 194 0 
324 66 132 0 
325 54 37 0 
326 90 166 0 
327 91 50 0 
328 100 260 0 
329 99 131 0 
330 70 146 0 
331 55 62 0 
332 97 175 0 
333 75 97 0 
334 86 177 0 
335 54 52 0 
336 87 120 0 
337 58 82 0 
338 88 249 0 
339 71 77 0 
340 90 147 0 
341 89 255 0 
342 60 56 0 
343 70 191 0 
344 74 212 0 
345 94 163 0 
346 73 219 0 
347 56 47 0 
348 88 62 0 
349 84 224 0 
350 53 38 0 
351 62 92 0 
352 99 176 0 
353 54 54 0 
354 54 66 0 
355 79 221 0 
356 68 189 0 
357 89 172 0 
358 93 174 0 
359 77 84 0 
360 60 138 0 
361 53 123 0 
362 82 139 0 
363 75 40 0 
364 59 68 0 
365 78 147 0 
366 78 60 0 
367 62 185 0 
368 97 157 0 
369 59 61 0 
370 64 88 0 
371 80 232 0 
372 52 116 0 
373 90 98 0 
374 56 157 0 
375 59 159 0 
376 80 125 0 
377 95 61 0 
378 86 128 0 
379 83 166 0 
380 51 46 0 
381 71 200 0 
382 98 105 0 
383 65 140 0 
384 80 80 0 
385 70 69 0 
386 83 157 0 
387 53 37 0 
388 79 192 0 
389 77 181 0 
390 60 152 0 
391 67 167 0 
392 93 254 0 
393 63 176 0 
394 100 66 0 
395 74 133 0 
396 63 122 0 
397 59 77 0 
398 93 192 0 
399 92 165 0 
400 53 92 0 
401 94 137 0 
402 99 136 0 
403 58 127 0 
404 73 96 0 
405 100 155 0 
406 98 288 0 
407 74 64 0 
408 88 45 0 
409 97 57 0 
410 60 37 0 
411 76 194 0 
412 51 120 0 
413 87 222 0 
414 71 162 0 
415 96 86 0 
416 76 48 0 
417 70 57 0 
418 71 155 0 
419 52 39 0 
420 82 92 0 
421 91 228 0 
422 94 99 0 
423 93 206 0 
424 82 154 0 
425 99 130 0 
426 69 78 0 
427 80 229 0 
428 66 92 0 
429 71 145 0 
430 68 150 0 
431 80 201 0 
432 56 108 0 
433 85 126 0 
434 67 163 0 
435 58 77 0 
436 74 221 0 
437 90 209 0 
438 93 167 0 
439 95 197 0 
440 58 72 0 
441 57 144 0 
442 85 96 0 
443 98 276 0 
444 55 145 0 
445 63 167 0 
446 89 99 0 
447 63 51 0 
448 89 96 0 
449 92 263 0 
450 62 107 0 
451 87 164 0 
452 82 236 0 
453 56 61 0 
454 58 101 0 
455 78 132 0 
456 61 82 0 
457 60 33 0 
458 71 115 0 
459 89 173 0 
460 98 174 0 
461 72 212 0 
462 51 115 0 
463 53 99 0 
464 58 116 0 
465 82 175 0 
466 78 228 0 
467 100 182 0 
468 97 228 0 
469 90 83 0 
470 61 108 0 
471 89 114 0 
472 95 231 0 
473 66 45 0 
474 86 240 0 
475 77 47 0 
476 56 55 0 
477 83 182 0 
478 79 233 0 
479 64 117 0 
480 70 157 0 
481 100 124 0 
482 82 112 0 
483 86 206 0 
484 59 92 0 
485 52 66 0 
486 78 128 0 
487 89 160 0 
488 60 105 0 
489 75 123 0 
490 76 48 0 
491 66 190 0 
492 63 185 0 
493 75 182 0 
494 99 60 0 
495 83 61 0 
496 58 125 0 
497 66 84 0 
498 77 201 0 
499 70 151 0 
