NAME GBP_INSTANCES\prob_2_A_3_6_1.txt
COMMENT
BINTYPES 3
ITEMS 200
BINS_SECTIONS
0 100 100 0 115 
1 120 120 0 96 
2 150 150 0 77 
ITEMS_SECTIONS
0 94 234 0 
1 68 67 0 
2 76 97 0 
3 93 155 0 
4 64 50 0 
5 49 74 0 
6 52 39 0 
7 57 83 0 
8 39 55 0 
9 57 93 0 
10 44 132 0 
11 62 49 0 
12 45 31 0 
13 83 230 0 
14 89 133 0 
15 55 116 0 
16 36 39 0 
17 26 55 0 
18 78 136 0 
19 43 119 0 
20 54 38 0 
21 49 63 0 
22 47 43 0 
23 89 166 0 
24 65 151 0 
25 52 152 0 
26 57 53 0 
27 66 96 0 
28 89 113 0 
29 69 179 0 
30 37 63 0 
31 83 117 0 
32 28 35 0 
33 74 177 0 
34 87 218 0 
35 57 89 0 
36 67 43 0 
37 46 59 0 
38 99 142 0 
39 41 116 0 
40 94 89 0 
41 60 154 0 
42 76 169 0 
43 38 20 0 
44 42 125 0 
45 47 75 0 
46 86 117 0 
47 26 33 0 
48 81 194 0 
49 42 70 0 
50 99 194 0 
51 40 114 0 
52 100 93 0 
53 70 97 0 
54 26 76 0 
55 87 109 0 
56 100 103 0 
57 97 180 0 
58 32 36 0 
59 43 62 0 
60 80 148 0 
61 78 190 0 
62 75 147 0 
63 51 55 0 
64 71 135 0 
65 40 81 0 
66 56 138 0 
67 26 55 0 
68 88 221 0 
69 75 205 0 
70 51 55 0 
71 74 49 0 
72 34 36 0 
73 30 75 0 
74 35 42 0 
75 47 91 0 
76 36 99 0 
77 39 49 0 
78 86 249 0 
79 92 129 0 
80 44 62 0 
81 82 243 0 
82 75 127 0 
83 38 99 0 
84 58 109 0 
85 50 62 0 
86 68 157 0 
87 31 49 0 
88 57 80 0 
89 88 136 0 
90 47 64 0 
91 22 22 0 
92 28 64 0 
93 54 84 0 
94 27 71 0 
95 40 69 0 
96 50 34 0 
97 36 60 0 
98 42 101 0 
99 46 136 0 
100 36 95 0 
101 44 77 0 
102 37 81 0 
103 38 97 0 
104 46 119 0 
105 88 247 0 
106 32 95 0 
107 62 124 0 
108 48 141 0 
109 46 41 0 
110 25 14 0 
111 91 97 0 
112 51 120 0 
113 57 41 0 
114 75 188 0 
115 75 64 0 
116 38 82 0 
117 41 90 0 
118 50 129 0 
119 97 88 0 
120 63 125 0 
121 29 18 0 
122 25 46 0 
123 88 92 0 
124 32 39 0 
125 87 84 0 
126 95 58 0 
127 61 164 0 
128 70 115 0 
129 57 106 0 
130 41 31 0 
131 71 141 0 
132 59 164 0 
133 67 136 0 
134 83 61 0 
135 82 44 0 
136 32 30 0 
137 41 85 0 
138 40 89 0 
139 42 57 0 
140 92 126 0 
141 25 37 0 
142 51 142 0 
143 50 43 0 
144 25 25 0 
145 49 142 0 
146 22 30 0 
147 98 259 0 
148 64 42 0 
149 60 140 0 
150 67 141 0 
151 88 203 0 
152 41 40 0 
153 93 211 0 
154 65 95 0 
155 76 57 0 
156 26 59 0 
157 78 93 0 
158 57 79 0 
159 75 176 0 
160 33 37 0 
161 26 69 0 
162 67 116 0 
163 42 117 0 
164 60 46 0 
165 64 183 0 
166 33 89 0 
167 63 146 0 
168 96 182 0 
169 25 42 0 
170 46 101 0 
171 97 54 0 
172 24 46 0 
173 60 54 0 
174 54 132 0 
175 21 32 0 
176 87 202 0 
177 63 81 0 
178 100 127 0 
179 43 76 0 
180 82 172 0 
181 93 110 0 
182 30 23 0 
183 75 85 0 
184 31 87 0 
185 57 159 0 
186 44 106 0 
187 46 35 0 
188 24 40 0 
189 54 44 0 
190 72 82 0 
191 68 143 0 
192 40 102 0 
193 34 63 0 
194 72 153 0 
195 46 133 0 
196 23 13 0 
197 86 150 0 
198 28 16 0 
199 25 42 0 
