NAME GBP_INSTANCES\prob_1_B_3_3_1.txt
COMMENT
BINTYPES 5
ITEMS 200
BINS_SECTIONS
0 60 60 0 183 
1 80 80 0 138 
2 100 100 0 110 
3 120 120 0 92 
4 150 150 0 74 
ITEMS_SECTIONS
0 80 155 0 
1 20 29 0 
2 37 28 0 
3 90 66 0 
4 55 158 0 
5 53 159 0 
6 83 229 0 
7 78 68 0 
8 2 6 0 
9 83 154 0 
10 3 7 0 
11 9 19 0 
12 91 247 0 
13 99 213 0 
14 52 148 0 
15 9 14 0 
16 16 44 0 
17 26 55 0 
18 6 4 0 
19 88 77 0 
20 66 117 0 
21 31 24 0 
22 40 54 0 
23 83 109 0 
24 89 257 0 
25 35 52 0 
26 54 124 0 
27 82 75 0 
28 13 18 0 
29 24 34 0 
30 64 71 0 
31 55 60 0 
32 49 88 0 
33 84 162 0 
34 71 64 0 
35 20 25 0 
36 54 52 0 
37 60 126 0 
38 55 85 0 
39 90 183 0 
40 63 97 0 
41 50 64 0 
42 82 217 0 
43 37 52 0 
44 75 110 0 
45 53 102 0 
46 83 91 0 
47 74 205 0 
48 7 10 0 
49 59 146 0 
50 90 108 0 
51 56 68 0 
52 87 199 0 
53 22 35 0 
54 83 47 0 
55 50 97 0 
56 21 16 0 
57 82 112 0 
58 46 81 0 
59 92 58 0 
60 77 170 0 
61 99 79 0 
62 66 116 0 
63 97 191 0 
64 52 72 0 
65 55 82 0 
66 97 88 0 
67 4 11 0 
68 44 127 0 
69 73 130 0 
70 9 12 0 
71 54 148 0 
72 89 211 0 
73 43 42 0 
74 31 79 0 
75 75 206 0 
76 23 46 0 
77 69 165 0 
78 43 38 0 
79 65 118 0 
80 76 55 0 
81 45 122 0 
82 97 175 0 
83 43 73 0 
84 99 101 0 
85 74 203 0 
86 27 53 0 
87 77 183 0 
88 20 32 0 
89 32 50 0 
90 32 74 0 
91 53 138 0 
92 8 10 0 
93 91 258 0 
94 2 2 0 
95 70 103 0 
96 83 227 0 
97 18 18 0 
98 52 34 0 
99 62 38 0 
100 18 26 0 
101 36 97 0 
102 40 53 0 
103 16 24 0 
104 67 134 0 
105 81 79 0 
106 48 82 0 
107 70 189 0 
108 8 10 0 
109 63 73 0 
110 78 64 0 
111 92 272 0 
112 78 87 0 
113 11 21 0 
114 64 167 0 
115 97 259 0 
116 32 18 0 
117 48 125 0 
118 39 115 0 
119 20 39 0 
120 84 58 0 
121 92 194 0 
122 61 33 0 
123 90 253 0 
124 64 158 0 
125 82 112 0 
126 41 104 0 
127 39 40 0 
128 57 146 0 
129 44 61 0 
130 69 189 0 
131 71 206 0 
132 39 108 0 
133 26 72 0 
134 92 65 0 
135 34 96 0 
136 6 4 0 
137 70 197 0 
138 30 82 0 
139 28 29 0 
140 74 57 0 
141 85 72 0 
142 81 216 0 
143 79 138 0 
144 90 238 0 
145 68 153 0 
146 22 58 0 
147 28 78 0 
148 84 212 0 
149 39 27 0 
150 37 105 0 
151 37 95 0 
152 34 55 0 
153 63 155 0 
154 76 198 0 
155 89 231 0 
156 77 49 0 
157 87 154 0 
158 98 110 0 
159 82 193 0 
160 12 34 0 
161 88 108 0 
162 81 235 0 
163 71 70 0 
164 47 90 0 
165 55 153 0 
166 58 55 0 
167 74 103 0 
168 33 69 0 
169 97 183 0 
170 70 63 0 
171 11 20 0 
172 41 98 0 
173 18 54 0 
174 91 82 0 
175 57 114 0 
176 9 12 0 
177 15 21 0 
178 2 2 0 
179 2 6 0 
180 30 17 0 
181 75 123 0 
182 84 113 0 
183 100 277 0 
184 9 10 0 
185 22 39 0 
186 21 59 0 
187 94 270 0 
188 51 51 0 
189 58 156 0 
190 39 58 0 
191 85 238 0 
192 6 14 0 
193 89 93 0 
194 17 51 0 
195 56 56 0 
196 48 81 0 
197 71 97 0 
198 72 146 0 
199 14 13 0 
