NAME GBP_INSTANCES\prob_2_B_4_3_1.txt
COMMENT
BINTYPES 5
ITEMS 500
BINS_SECTIONS
0 60 60 0 500 
1 80 80 0 375 
2 100 100 0 300 
3 120 120 0 250 
4 150 150 0 200 
ITEMS_SECTIONS
0 58 161 0 
1 72 74 0 
2 30 72 0 
3 45 59 0 
4 77 123 0 
5 43 62 0 
6 91 203 0 
7 49 145 0 
8 32 76 0 
9 68 72 0 
10 64 133 0 
11 73 55 0 
12 94 170 0 
13 39 49 0 
14 41 31 0 
15 32 36 0 
16 58 49 0 
17 29 72 0 
18 47 81 0 
19 45 118 0 
20 60 103 0 
21 56 32 0 
22 50 88 0 
23 50 42 0 
24 46 103 0 
25 82 59 0 
26 37 74 0 
27 45 105 0 
28 67 154 0 
29 42 94 0 
30 54 116 0 
31 27 21 0 
32 39 33 0 
33 44 55 0 
34 27 70 0 
35 59 166 0 
36 91 170 0 
37 56 162 0 
38 54 81 0 
39 74 160 0 
40 53 77 0 
41 94 137 0 
42 42 49 0 
43 31 73 0 
44 75 188 0 
45 76 146 0 
46 83 112 0 
47 28 33 0 
48 76 64 0 
49 33 97 0 
50 58 128 0 
51 94 230 0 
52 72 48 0 
53 75 223 0 
54 86 111 0 
55 72 175 0 
56 49 129 0 
57 96 133 0 
58 77 222 0 
59 44 43 0 
60 71 76 0 
61 45 123 0 
62 100 84 0 
63 95 223 0 
64 85 207 0 
65 32 42 0 
66 27 35 0 
67 35 82 0 
68 42 96 0 
69 55 48 0 
70 40 85 0 
71 43 122 0 
72 28 74 0 
73 55 31 0 
74 53 143 0 
75 30 82 0 
76 59 32 0 
77 94 266 0 
78 100 237 0 
79 69 132 0 
80 52 59 0 
81 65 186 0 
82 82 224 0 
83 77 204 0 
84 89 228 0 
85 30 61 0 
86 32 51 0 
87 59 99 0 
88 47 106 0 
89 21 55 0 
90 95 111 0 
91 58 70 0 
92 89 153 0 
93 77 83 0 
94 96 276 0 
95 81 208 0 
96 27 39 0 
97 97 155 0 
98 68 177 0 
99 30 55 0 
100 99 222 0 
101 86 203 0 
102 73 173 0 
103 57 141 0 
104 61 160 0 
105 78 193 0 
106 63 48 0 
107 30 50 0 
108 82 218 0 
109 74 181 0 
110 32 80 0 
111 25 68 0 
112 27 34 0 
113 59 63 0 
114 73 161 0 
115 74 181 0 
116 69 102 0 
117 60 143 0 
118 52 65 0 
119 33 34 0 
120 72 198 0 
121 56 29 0 
122 93 193 0 
123 29 29 0 
124 64 156 0 
125 93 170 0 
126 85 231 0 
127 62 181 0 
128 33 32 0 
129 45 37 0 
130 22 34 0 
131 67 198 0 
132 91 242 0 
133 62 66 0 
134 53 148 0 
135 63 146 0 
136 37 45 0 
137 37 104 0 
138 35 58 0 
139 34 66 0 
140 74 159 0 
141 27 35 0 
142 21 52 0 
143 96 223 0 
144 57 137 0 
145 95 241 0 
146 65 140 0 
147 53 133 0 
148 29 42 0 
149 93 117 0 
150 24 33 0 
151 24 63 0 
152 97 77 0 
153 69 107 0 
154 75 58 0 
155 26 35 0 
156 77 150 0 
157 77 133 0 
158 64 156 0 
159 40 74 0 
160 50 83 0 
161 72 171 0 
162 83 157 0 
163 57 130 0 
164 63 122 0 
165 84 57 0 
166 81 60 0 
167 96 214 0 
168 94 166 0 
169 34 58 0 
170 91 213 0 
171 98 260 0 
172 28 45 0 
173 70 185 0 
174 84 224 0 
175 88 165 0 
176 56 50 0 
177 84 177 0 
178 86 209 0 
179 29 27 0 
180 43 106 0 
181 83 160 0 
182 26 20 0 
183 73 39 0 
184 31 76 0 
185 77 228 0 
186 39 104 0 
187 86 160 0 
188 27 65 0 
189 42 56 0 
190 70 185 0 
191 25 24 0 
192 40 21 0 
193 40 80 0 
194 38 77 0 
195 38 26 0 
196 38 78 0 
197 42 49 0 
198 51 92 0 
199 36 95 0 
200 71 153 0 
201 78 140 0 
202 27 80 0 
203 80 98 0 
204 69 130 0 
205 31 19 0 
206 38 34 0 
207 56 143 0 
208 38 87 0 
209 79 66 0 
210 86 166 0 
211 63 86 0 
212 84 70 0 
213 92 234 0 
214 92 109 0 
215 63 143 0 
216 41 25 0 
217 82 129 0 
218 63 51 0 
219 52 131 0 
220 31 49 0 
221 26 70 0 
222 99 66 0 
223 35 28 0 
224 65 131 0 
225 40 89 0 
226 74 154 0 
227 98 268 0 
228 97 122 0 
229 90 64 0 
230 57 66 0 
231 95 142 0 
232 64 120 0 
233 87 217 0 
234 41 96 0 
235 49 83 0 
236 64 152 0 
237 80 196 0 
238 54 150 0 
239 60 42 0 
240 31 86 0 
241 47 81 0 
242 89 212 0 
243 26 42 0 
244 100 63 0 
245 50 32 0 
246 56 86 0 
247 50 134 0 
248 69 115 0 
249 76 213 0 
250 60 120 0 
251 57 169 0 
252 22 34 0 
253 96 206 0 
254 21 51 0 
255 95 221 0 
256 44 93 0 
257 68 92 0 
258 55 112 0 
259 49 115 0 
260 58 36 0 
261 92 59 0 
262 71 102 0 
263 89 188 0 
264 24 30 0 
265 45 55 0 
266 86 138 0 
267 40 67 0 
268 93 209 0 
269 99 242 0 
270 24 16 0 
271 89 65 0 
272 83 67 0 
273 98 135 0 
274 38 44 0 
275 76 166 0 
276 99 75 0 
277 74 145 0 
278 27 50 0 
279 92 218 0 
280 79 189 0 
281 36 60 0 
282 24 34 0 
283 41 107 0 
284 71 172 0 
285 26 15 0 
286 65 175 0 
287 78 106 0 
288 71 104 0 
289 31 37 0 
290 82 53 0 
291 73 149 0 
292 36 62 0 
293 100 238 0 
294 21 22 0 
295 83 47 0 
296 83 89 0 
297 84 74 0 
298 31 23 0 
299 57 103 0 
300 59 47 0 
301 75 92 0 
302 35 43 0 
303 61 158 0 
304 99 98 0 
305 91 271 0 
306 33 95 0 
307 97 252 0 
308 65 126 0 
309 70 168 0 
310 72 122 0 
311 100 89 0 
312 49 102 0 
313 88 166 0 
314 23 22 0 
315 69 184 0 
316 67 190 0 
317 97 268 0 
318 100 279 0 
319 24 49 0 
320 21 20 0 
321 60 47 0 
322 94 251 0 
323 79 211 0 
324 45 104 0 
325 32 34 0 
326 32 86 0 
327 68 89 0 
328 67 128 0 
329 83 207 0 
330 66 44 0 
331 70 196 0 
332 77 205 0 
333 24 41 0 
334 53 33 0 
335 58 108 0 
336 80 108 0 
337 31 51 0 
338 92 273 0 
339 21 34 0 
340 40 82 0 
341 49 83 0 
342 56 100 0 
343 68 173 0 
344 55 80 0 
345 26 74 0 
346 45 32 0 
347 96 127 0 
348 36 53 0 
349 59 81 0 
350 27 43 0 
351 61 96 0 
352 24 44 0 
353 36 78 0 
354 28 63 0 
355 22 35 0 
356 75 111 0 
357 73 90 0 
358 29 60 0 
359 45 97 0 
360 63 86 0 
361 69 112 0 
362 56 91 0 
363 97 250 0 
364 83 91 0 
365 68 151 0 
366 81 240 0 
367 93 240 0 
368 47 58 0 
369 74 160 0 
370 69 73 0 
371 69 159 0 
372 43 78 0 
373 52 118 0 
374 41 42 0 
375 80 79 0 
376 31 17 0 
377 29 23 0 
378 74 67 0 
379 44 119 0 
380 62 126 0 
381 89 183 0 
382 30 88 0 
383 84 100 0 
384 68 163 0 
385 66 189 0 
386 56 147 0 
387 67 39 0 
388 95 95 0 
389 38 38 0 
390 53 85 0 
391 100 213 0 
392 93 52 0 
393 57 47 0 
394 25 51 0 
395 44 45 0 
396 69 107 0 
397 39 24 0 
398 79 127 0 
399 25 41 0 
400 37 60 0 
401 40 74 0 
402 57 70 0 
403 28 64 0 
404 71 179 0 
405 64 74 0 
406 47 30 0 
407 67 106 0 
408 90 48 0 
409 27 47 0 
410 93 84 0 
411 43 126 0 
412 46 138 0 
413 70 85 0 
414 88 49 0 
415 76 117 0 
416 81 101 0 
417 85 212 0 
418 32 66 0 
419 23 59 0 
420 50 97 0 
421 87 133 0 
422 21 19 0 
423 89 142 0 
424 38 101 0 
425 48 78 0 
426 72 185 0 
427 23 54 0 
428 86 156 0 
429 33 89 0 
430 45 128 0 
431 39 87 0 
432 23 58 0 
433 58 133 0 
434 67 50 0 
435 52 100 0 
436 98 253 0 
437 22 65 0 
438 53 65 0 
439 48 143 0 
440 40 62 0 
441 94 196 0 
442 79 167 0 
443 28 15 0 
444 27 47 0 
445 74 71 0 
446 57 110 0 
447 26 26 0 
448 85 165 0 
449 96 73 0 
450 43 104 0 
451 71 90 0 
452 23 42 0 
453 89 255 0 
454 51 34 0 
455 32 64 0 
456 34 18 0 
457 33 73 0 
458 58 127 0 
459 35 97 0 
460 81 224 0 
461 97 216 0 
462 95 150 0 
463 90 51 0 
464 79 211 0 
465 85 78 0 
466 26 47 0 
467 25 46 0 
468 77 167 0 
469 47 34 0 
470 71 77 0 
471 47 124 0 
472 27 23 0 
473 55 162 0 
474 92 77 0 
475 64 146 0 
476 22 22 0 
477 40 117 0 
478 71 168 0 
479 93 104 0 
480 40 60 0 
481 89 97 0 
482 97 104 0 
483 36 75 0 
484 74 153 0 
485 100 188 0 
486 56 159 0 
487 40 57 0 
488 79 102 0 
489 67 43 0 
490 76 64 0 
491 49 122 0 
492 58 56 0 
493 63 186 0 
494 62 63 0 
495 60 34 0 
496 54 66 0 
497 63 91 0 
498 100 228 0 
499 36 48 0 
