NAME GBP_INSTANCES\prob_1_A_4_8_1.txt
COMMENT
BINTYPES 3
ITEMS 500
BINS_SECTIONS
0 100 100 0 261 
1 120 120 0 218 
2 150 150 0 174 
ITEMS_SECTIONS
0 51 66 0 
1 93 66 0 
2 4 4 0 
3 9 16 0 
4 10 29 0 
5 41 123 0 
6 27 71 0 
7 49 99 0 
8 54 148 0 
9 23 68 0 
10 33 72 0 
11 61 128 0 
12 91 147 0 
13 3 9 0 
14 90 138 0 
15 14 20 0 
16 51 112 0 
17 90 168 0 
18 47 79 0 
19 80 237 0 
20 28 54 0 
21 82 86 0 
22 43 120 0 
23 99 109 0 
24 30 36 0 
25 84 74 0 
26 13 9 0 
27 96 91 0 
28 72 63 0 
29 24 72 0 
30 83 138 0 
31 57 55 0 
32 11 18 0 
33 100 271 0 
34 49 116 0 
35 82 89 0 
36 71 153 0 
37 9 26 0 
38 35 44 0 
39 16 27 0 
40 66 51 0 
41 61 40 0 
42 38 46 0 
43 70 120 0 
44 38 53 0 
45 49 110 0 
46 47 113 0 
47 34 54 0 
48 44 23 0 
49 80 180 0 
50 29 80 0 
51 14 19 0 
52 10 30 0 
53 15 16 0 
54 93 276 0 
55 67 93 0 
56 64 167 0 
57 56 35 0 
58 19 13 0 
59 82 101 0 
60 93 92 0 
61 100 67 0 
62 48 127 0 
63 84 181 0 
64 14 18 0 
65 13 18 0 
66 34 47 0 
67 91 261 0 
68 6 5 0 
69 32 95 0 
70 58 60 0 
71 21 53 0 
72 20 55 0 
73 68 176 0 
74 86 246 0 
75 71 131 0 
76 84 249 0 
77 5 7 0 
78 96 49 0 
79 64 169 0 
80 19 46 0 
81 49 108 0 
82 29 58 0 
83 81 60 0 
84 7 11 0 
85 66 173 0 
86 9 23 0 
87 82 162 0 
88 9 23 0 
89 33 31 0 
90 86 233 0 
91 45 64 0 
92 82 163 0 
93 32 66 0 
94 39 44 0 
95 86 51 0 
96 86 99 0 
97 42 34 0 
98 84 223 0 
99 41 115 0 
100 35 41 0 
101 39 43 0 
102 52 37 0 
103 32 24 0 
104 77 203 0 
105 58 77 0 
106 60 95 0 
107 18 41 0 
108 76 125 0 
109 37 62 0 
110 39 26 0 
111 57 35 0 
112 52 82 0 
113 87 180 0 
114 61 98 0 
115 54 105 0 
116 67 59 0 
117 20 38 0 
118 8 22 0 
119 59 82 0 
120 27 31 0 
121 59 73 0 
122 35 40 0 
123 52 77 0 
124 59 42 0 
125 90 232 0 
126 68 48 0 
127 10 11 0 
128 54 127 0 
129 59 115 0 
130 99 279 0 
131 70 103 0 
132 31 80 0 
133 67 123 0 
134 97 135 0 
135 3 6 0 
136 2 4 0 
137 3 4 0 
138 12 22 0 
139 93 162 0 
140 11 31 0 
141 23 50 0 
142 95 214 0 
143 48 58 0 
144 17 43 0 
145 47 56 0 
146 9 15 0 
147 40 115 0 
148 84 218 0 
149 66 99 0 
150 31 82 0 
151 90 100 0 
152 78 102 0 
153 38 47 0 
154 52 135 0 
155 8 14 0 
156 92 265 0 
157 58 166 0 
158 69 49 0 
159 80 108 0 
160 38 37 0 
161 94 185 0 
162 50 64 0 
163 54 81 0 
164 12 25 0 
165 64 172 0 
166 94 61 0 
167 71 114 0 
168 50 38 0 
169 36 80 0 
170 67 148 0 
171 19 21 0 
172 29 42 0 
173 51 47 0 
174 11 16 0 
175 58 152 0 
176 81 88 0 
177 37 80 0 
178 28 31 0 
179 79 120 0 
180 100 193 0 
181 10 16 0 
182 39 81 0 
183 57 141 0 
184 18 18 0 
185 30 48 0 
186 2 4 0 
187 48 55 0 
188 98 267 0 
189 27 56 0 
190 97 114 0 
191 14 37 0 
192 56 156 0 
193 38 58 0 
194 77 208 0 
195 99 173 0 
196 41 37 0 
197 87 140 0 
198 67 186 0 
199 58 46 0 
200 77 58 0 
201 49 125 0 
202 25 69 0 
203 48 29 0 
204 20 22 0 
205 17 19 0 
206 52 133 0 
207 94 277 0 
208 13 34 0 
209 28 56 0 
210 47 31 0 
211 48 107 0 
212 4 11 0 
213 60 122 0 
214 18 53 0 
215 23 29 0 
216 2 2 0 
217 59 49 0 
218 16 25 0 
219 44 82 0 
220 39 70 0 
221 97 79 0 
222 29 73 0 
223 7 18 0 
224 24 50 0 
225 39 79 0 
226 94 118 0 
227 50 110 0 
228 31 75 0 
229 2 5 0 
230 60 74 0 
231 71 88 0 
232 35 94 0 
233 94 191 0 
234 54 31 0 
235 70 79 0 
236 19 25 0 
237 27 22 0 
238 6 5 0 
239 46 106 0 
240 75 207 0 
241 47 26 0 
242 67 76 0 
243 56 64 0 
244 27 68 0 
245 38 42 0 
246 72 78 0 
247 36 19 0 
248 76 202 0 
249 5 9 0 
250 2 2 0 
251 4 3 0 
252 23 53 0 
253 80 116 0 
254 63 145 0 
255 41 55 0 
256 52 41 0 
257 5 6 0 
258 89 264 0 
259 82 157 0 
260 41 101 0 
261 82 76 0 
262 39 83 0 
263 100 277 0 
264 71 164 0 
265 82 179 0 
266 95 84 0 
267 9 19 0 
268 8 9 0 
269 94 252 0 
270 81 84 0 
271 86 96 0 
272 28 35 0 
273 83 110 0 
274 58 151 0 
275 48 49 0 
276 54 156 0 
277 73 195 0 
278 31 66 0 
279 31 46 0 
280 92 198 0 
281 9 21 0 
282 34 35 0 
283 66 34 0 
284 7 16 0 
285 96 231 0 
286 21 55 0 
287 84 220 0 
288 50 56 0 
289 5 9 0 
290 20 55 0 
291 9 7 0 
292 74 103 0 
293 14 41 0 
294 94 104 0 
295 21 20 0 
296 33 81 0 
297 83 53 0 
298 63 103 0 
299 20 60 0 
300 19 37 0 
301 46 102 0 
302 12 16 0 
303 76 181 0 
304 29 30 0 
305 84 248 0 
306 65 62 0 
307 100 256 0 
308 14 31 0 
309 7 9 0 
310 42 126 0 
311 23 53 0 
312 91 86 0 
313 70 158 0 
314 64 95 0 
315 6 5 0 
316 93 199 0 
317 73 138 0 
318 43 70 0 
319 86 185 0 
320 24 48 0 
321 65 57 0 
322 14 30 0 
323 73 121 0 
324 84 221 0 
325 90 187 0 
326 35 103 0 
327 91 63 0 
328 61 128 0 
329 27 69 0 
330 42 24 0 
331 96 180 0 
332 25 18 0 
333 14 39 0 
334 50 134 0 
335 56 35 0 
336 32 85 0 
337 56 49 0 
338 3 4 0 
339 29 35 0 
340 80 130 0 
341 84 216 0 
342 77 195 0 
343 16 44 0 
344 16 17 0 
345 48 30 0 
346 12 23 0 
347 33 79 0 
348 33 19 0 
349 50 70 0 
350 96 199 0 
351 83 84 0 
352 75 100 0 
353 72 164 0 
354 73 206 0 
355 58 72 0 
356 69 150 0 
357 17 44 0 
358 94 137 0 
359 57 141 0 
360 95 240 0 
361 2 6 0 
362 88 62 0 
363 64 158 0 
364 52 145 0 
365 43 85 0 
366 70 138 0 
367 56 114 0 
368 88 234 0 
369 67 154 0 
370 59 121 0 
371 79 81 0 
372 77 79 0 
373 66 51 0 
374 30 25 0 
375 92 143 0 
376 2 4 0 
377 62 68 0 
378 71 96 0 
379 89 162 0 
380 21 13 0 
381 74 141 0 
382 66 163 0 
383 93 243 0 
384 5 14 0 
385 73 142 0 
386 72 193 0 
387 76 101 0 
388 76 67 0 
389 4 7 0 
390 27 63 0 
391 46 119 0 
392 73 200 0 
393 55 66 0 
394 33 24 0 
395 85 51 0 
396 69 96 0 
397 84 65 0 
398 72 106 0 
399 85 134 0 
400 46 93 0 
401 41 86 0 
402 93 135 0 
403 33 46 0 
404 73 76 0 
405 20 57 0 
406 17 50 0 
407 27 44 0 
408 84 189 0 
409 89 85 0 
410 7 8 0 
411 53 88 0 
412 3 4 0 
413 5 4 0 
414 60 147 0 
415 23 38 0 
416 8 14 0 
417 72 195 0 
418 56 37 0 
419 76 192 0 
420 96 166 0 
421 73 158 0 
422 8 24 0 
423 69 140 0 
424 26 56 0 
425 96 128 0 
426 74 176 0 
427 53 104 0 
428 92 150 0 
429 100 51 0 
430 72 175 0 
431 42 89 0 
432 49 124 0 
433 63 69 0 
434 38 80 0 
435 8 20 0 
436 84 161 0 
437 22 65 0 
438 72 171 0 
439 71 67 0 
440 94 92 0 
441 68 96 0 
442 54 90 0 
443 38 67 0 
444 66 183 0 
445 7 12 0 
446 9 12 0 
447 58 173 0 
448 77 191 0 
449 35 96 0 
450 42 78 0 
451 43 83 0 
452 70 147 0 
453 59 137 0 
454 36 65 0 
455 26 52 0 
456 83 71 0 
457 92 228 0 
458 86 134 0 
459 96 244 0 
460 87 205 0 
461 63 168 0 
462 14 26 0 
463 6 12 0 
464 39 33 0 
465 78 74 0 
466 93 55 0 
467 52 81 0 
468 74 208 0 
469 57 104 0 
470 58 62 0 
471 65 118 0 
472 62 99 0 
473 93 214 0 
474 24 70 0 
475 88 124 0 
476 50 121 0 
477 56 115 0 
478 64 185 0 
479 72 184 0 
480 4 8 0 
481 85 43 0 
482 19 37 0 
483 93 209 0 
484 84 79 0 
485 100 117 0 
486 30 72 0 
487 95 170 0 
488 73 149 0 
489 69 120 0 
490 14 27 0 
491 81 85 0 
492 64 132 0 
493 53 57 0 
494 58 57 0 
495 41 49 0 
496 54 124 0 
497 90 105 0 
498 37 109 0 
499 52 117 0 
