NAME GBP_INSTANCES\prob_3_B_4_1_1.txt
COMMENT
BINTYPES 5
ITEMS 500
BINS_SECTIONS
0 60 60 0 637 
1 80 80 0 478 
2 100 100 0 383 
3 120 120 0 319 
4 150 150 0 255 
ITEMS_SECTIONS
0 60 75 0 
1 71 123 0 
2 96 278 0 
3 73 203 0 
4 71 164 0 
5 90 158 0 
6 92 132 0 
7 60 173 0 
8 56 162 0 
9 51 100 0 
10 92 148 0 
11 92 259 0 
12 59 71 0 
13 54 146 0 
14 79 128 0 
15 95 114 0 
16 72 115 0 
17 98 155 0 
18 56 131 0 
19 74 49 0 
20 68 139 0 
21 96 227 0 
22 71 121 0 
23 84 114 0 
24 98 182 0 
25 87 204 0 
26 66 113 0 
27 91 150 0 
28 67 184 0 
29 93 209 0 
30 63 85 0 
31 91 78 0 
32 79 169 0 
33 73 183 0 
34 83 161 0 
35 98 275 0 
36 99 287 0 
37 88 172 0 
38 72 73 0 
39 91 158 0 
40 82 197 0 
41 77 186 0 
42 94 236 0 
43 51 151 0 
44 80 211 0 
45 90 156 0 
46 94 152 0 
47 89 214 0 
48 95 224 0 
49 52 48 0 
50 100 175 0 
51 59 117 0 
52 63 160 0 
53 93 128 0 
54 69 197 0 
55 91 61 0 
56 83 59 0 
57 60 154 0 
58 94 224 0 
59 94 55 0 
60 75 157 0 
61 64 95 0 
62 76 48 0 
63 60 123 0 
64 76 107 0 
65 66 124 0 
66 83 160 0 
67 78 204 0 
68 63 168 0 
69 51 95 0 
70 84 111 0 
71 80 166 0 
72 62 71 0 
73 59 78 0 
74 58 152 0 
75 84 82 0 
76 78 70 0 
77 58 172 0 
78 87 128 0 
79 96 136 0 
80 65 64 0 
81 85 219 0 
82 52 156 0 
83 56 53 0 
84 51 108 0 
85 88 190 0 
86 86 239 0 
87 66 100 0 
88 67 45 0 
89 99 286 0 
90 96 213 0 
91 99 279 0 
92 64 113 0 
93 59 95 0 
94 69 200 0 
95 85 216 0 
96 83 126 0 
97 90 114 0 
98 67 197 0 
99 90 46 0 
100 69 184 0 
101 82 164 0 
102 78 162 0 
103 80 70 0 
104 70 173 0 
105 72 134 0 
106 78 174 0 
107 100 230 0 
108 92 75 0 
109 65 45 0 
110 74 96 0 
111 71 204 0 
112 80 198 0 
113 93 113 0 
114 70 201 0 
115 95 198 0 
116 93 257 0 
117 80 168 0 
118 96 118 0 
119 51 109 0 
120 65 191 0 
121 62 53 0 
122 81 85 0 
123 96 148 0 
124 55 151 0 
125 55 68 0 
126 58 86 0 
127 84 187 0 
128 69 203 0 
129 51 82 0 
130 80 200 0 
131 68 140 0 
132 80 59 0 
133 74 170 0 
134 99 108 0 
135 72 66 0 
136 63 38 0 
137 58 142 0 
138 77 134 0 
139 67 185 0 
140 70 153 0 
141 58 90 0 
142 71 98 0 
143 97 288 0 
144 78 52 0 
145 91 199 0 
146 86 127 0 
147 62 49 0 
148 58 124 0 
149 59 125 0 
150 68 130 0 
151 69 123 0 
152 80 70 0 
153 75 194 0 
154 81 211 0 
155 78 191 0 
156 76 67 0 
157 71 180 0 
158 56 60 0 
159 55 165 0 
160 87 229 0 
161 73 54 0 
162 91 165 0 
163 51 83 0 
164 73 151 0 
165 63 67 0 
166 93 153 0 
167 70 178 0 
168 86 169 0 
169 75 197 0 
170 95 164 0 
171 54 50 0 
172 73 38 0 
173 79 213 0 
174 90 89 0 
175 87 123 0 
176 80 193 0 
177 61 86 0 
178 56 161 0 
179 98 277 0 
180 79 143 0 
181 58 74 0 
182 72 184 0 
183 72 70 0 
184 97 280 0 
185 80 180 0 
186 100 206 0 
187 93 76 0 
188 68 55 0 
189 71 162 0 
190 77 124 0 
191 78 222 0 
192 79 205 0 
193 95 175 0 
194 93 259 0 
195 80 108 0 
196 85 140 0 
197 79 71 0 
198 53 73 0 
199 64 62 0 
200 69 57 0 
201 99 111 0 
202 51 134 0 
203 87 203 0 
204 71 70 0 
205 60 148 0 
206 94 282 0 
207 85 70 0 
208 95 251 0 
209 53 138 0 
210 58 49 0 
211 98 176 0 
212 97 197 0 
213 100 289 0 
214 76 174 0 
215 92 145 0 
216 92 112 0 
217 87 111 0 
218 68 66 0 
219 92 194 0 
220 83 224 0 
221 56 45 0 
222 82 108 0 
223 59 75 0 
224 70 129 0 
225 75 170 0 
226 100 289 0 
227 53 147 0 
228 63 53 0 
229 92 114 0 
230 70 159 0 
231 77 163 0 
232 80 173 0 
233 73 152 0 
234 84 194 0 
235 95 170 0 
236 96 272 0 
237 77 225 0 
238 92 192 0 
239 62 80 0 
240 68 105 0 
241 82 66 0 
242 95 277 0 
243 61 101 0 
244 66 168 0 
245 52 71 0 
246 95 110 0 
247 88 100 0 
248 72 60 0 
249 73 64 0 
250 85 234 0 
251 84 167 0 
252 82 211 0 
253 74 111 0 
254 79 160 0 
255 86 257 0 
256 72 129 0 
257 89 236 0 
258 51 151 0 
259 72 133 0 
260 67 43 0 
261 65 73 0 
262 86 148 0 
263 59 143 0 
264 70 158 0 
265 59 90 0 
266 57 131 0 
267 64 192 0 
268 90 182 0 
269 96 166 0 
270 94 202 0 
271 71 192 0 
272 77 119 0 
273 81 94 0 
274 93 204 0 
275 92 159 0 
276 100 300 0 
277 75 202 0 
278 95 225 0 
279 53 127 0 
280 85 142 0 
281 81 57 0 
282 78 133 0 
283 79 178 0 
284 89 169 0 
285 62 106 0 
286 77 133 0 
287 76 205 0 
288 84 72 0 
289 78 81 0 
290 60 47 0 
291 95 274 0 
292 65 72 0 
293 53 141 0 
294 89 64 0 
295 91 195 0 
296 78 199 0 
297 82 162 0 
298 59 86 0 
299 81 139 0 
300 59 168 0 
301 78 68 0 
302 56 148 0 
303 94 231 0 
304 90 142 0 
305 52 43 0 
306 100 108 0 
307 99 143 0 
308 74 179 0 
309 69 67 0 
310 88 50 0 
311 58 46 0 
312 60 92 0 
313 72 48 0 
314 94 182 0 
315 95 136 0 
316 88 118 0 
317 52 133 0 
318 83 200 0 
319 76 50 0 
320 89 236 0 
321 51 151 0 
322 62 149 0 
323 82 216 0 
324 90 82 0 
325 54 94 0 
326 66 39 0 
327 83 194 0 
328 78 177 0 
329 89 96 0 
330 99 141 0 
331 92 214 0 
332 65 186 0 
333 73 201 0 
334 84 64 0 
335 93 72 0 
336 58 106 0 
337 63 86 0 
338 89 178 0 
339 98 241 0 
340 75 135 0 
341 77 210 0 
342 86 172 0 
343 52 103 0 
344 64 48 0 
345 76 193 0 
346 56 81 0 
347 53 78 0 
348 74 111 0 
349 66 66 0 
350 100 263 0 
351 62 107 0 
352 57 64 0 
353 85 91 0 
354 65 57 0 
355 99 214 0 
356 81 81 0 
357 56 152 0 
358 52 77 0 
359 76 109 0 
360 79 115 0 
361 92 82 0 
362 61 123 0 
363 94 193 0 
364 86 216 0 
365 75 112 0 
366 82 53 0 
367 59 63 0 
368 68 102 0 
369 97 225 0 
370 56 125 0 
371 55 81 0 
372 99 279 0 
373 85 225 0 
374 98 288 0 
375 65 105 0 
376 52 102 0 
377 87 229 0 
378 60 124 0 
379 79 116 0 
380 53 158 0 
381 69 80 0 
382 83 102 0 
383 91 258 0 
384 94 267 0 
385 74 42 0 
386 54 39 0 
387 69 83 0 
388 93 79 0 
389 92 112 0 
390 83 181 0 
391 90 249 0 
392 79 148 0 
393 68 68 0 
394 52 138 0 
395 91 148 0 
396 56 90 0 
397 71 90 0 
398 52 104 0 
399 63 141 0 
400 96 195 0 
401 58 74 0 
402 70 96 0 
403 95 159 0 
404 54 90 0 
405 70 132 0 
406 83 233 0 
407 57 71 0 
408 62 160 0 
409 68 83 0 
410 75 49 0 
411 53 105 0 
412 93 156 0 
413 68 44 0 
414 82 180 0 
415 98 167 0 
416 92 78 0 
417 78 191 0 
418 83 242 0 
419 65 51 0 
420 88 155 0 
421 86 103 0 
422 90 64 0 
423 74 110 0 
424 58 42 0 
425 65 137 0 
426 54 104 0 
427 91 53 0 
428 75 178 0 
429 88 223 0 
430 96 119 0 
431 55 143 0 
432 100 160 0 
433 65 174 0 
434 75 59 0 
435 96 172 0 
436 60 152 0 
437 53 33 0 
438 98 55 0 
439 68 92 0 
440 69 41 0 
441 100 148 0 
442 93 167 0 
443 60 150 0 
444 70 74 0 
445 62 159 0 
446 98 141 0 
447 99 159 0 
448 79 115 0 
449 75 208 0 
450 83 221 0 
451 68 93 0 
452 90 240 0 
453 53 37 0 
454 54 92 0 
455 57 77 0 
456 86 214 0 
457 96 211 0 
458 70 201 0 
459 57 33 0 
460 99 138 0 
461 97 212 0 
462 63 73 0 
463 67 128 0 
464 76 43 0 
465 54 154 0 
466 87 233 0 
467 89 184 0 
468 96 106 0 
469 97 173 0 
470 97 250 0 
471 67 186 0 
472 84 185 0 
473 79 186 0 
474 79 45 0 
475 91 260 0 
476 75 51 0 
477 93 222 0 
478 80 110 0 
479 89 154 0 
480 68 35 0 
481 60 81 0 
482 56 56 0 
483 63 33 0 
484 86 249 0 
485 51 101 0 
486 55 101 0 
487 99 192 0 
488 66 116 0 
489 92 98 0 
490 78 216 0 
491 55 28 0 
492 99 74 0 
493 61 103 0 
494 99 197 0 
495 58 115 0 
496 56 32 0 
497 80 83 0 
498 94 83 0 
499 62 111 0 
