NAME GBP_INSTANCES\prob_2_A_1_1_3.txt
COMMENT
BINTYPES 3
ITEMS 50
BINS_SECTIONS
0 100 100 0 30 
1 120 120 0 25 
2 150 150 0 20 
ITEMS_SECTIONS
0 75 115 0
1 88 173 0
2 41 86 0
3 32 54 0
4 74 69 0
5 61 196 0
6 31 73 0
7 34 92 0
8 46 43 0
9 36 50 0
10 96 118 0
11 70 130 0
12 37 120 0
13 26 76 0
14 24 64 0
15 68 153 0
16 48 139 0
17 51 133 0
18 73 128 0
19 100 73 0
20 52 43 0
21 34 96 0
22 99 220 0
23 50 163 0
24 78 62 0
25 23 58 0
26 60 101 0
27 97 245 0
28 95 163 0
29 67 123 0
30 90 62 0
31 28 44 0
32 29 32 0
33 42 44 0
34 65 49 0
35 58 103 0
36 58 89 0
37 23 30 0
38 57 164 0
39 54 55 0
40 67 101 0
41 62 92 0
42 68 190 0
43 90 228 0
44 28 50 0
45 45 98 0
46 53 120 0
47 87 178 0
48 93 173 0
49 90 146 0
