NAME GBP_INSTANCES\prob_2_A_1_2_1.txt
COMMENT
BINTYPES 3
ITEMS 50
BINS_SECTIONS
0 100 100 0 30 
1 120 120 0 25 
2 150 150 0 20 
ITEMS_SECTIONS
0 52 71 0 
1 80 86 0 
2 58 100 0 
3 76 109 0 
4 75 204 0 
5 49 82 0 
6 76 207 0 
7 57 155 0 
8 86 167 0 
9 24 21 0 
10 75 216 0 
11 28 84 0 
12 95 155 0 
13 63 136 0 
14 45 42 0 
15 61 56 0 
16 42 103 0 
17 43 39 0 
18 97 86 0 
19 77 137 0 
20 22 21 0 
21 61 52 0 
22 71 123 0 
23 43 116 0 
24 89 137 0 
25 66 40 0 
26 46 127 0 
27 24 72 0 
28 85 147 0 
29 65 93 0 
30 30 78 0 
31 35 97 0 
32 54 146 0 
33 22 26 0 
34 66 149 0 
35 70 189 0 
36 72 79 0 
37 59 141 0 
38 67 108 0 
39 26 72 0 
40 56 60 0 
41 91 54 0 
42 70 94 0 
43 69 182 0 
44 75 122 0 
45 54 120 0 
46 52 145 0 
47 21 35 0 
48 96 114 0 
49 27 29 0 
