NAME GBP_INSTANCES\prob_3_B_1_4_1.txt
COMMENT
BINTYPES 5
ITEMS 50
BINS_SECTIONS
0 60 60 0 63 
1 80 80 0 47 
2 100 100 0 38 
3 120 120 0 32 
4 150 150 0 26 
ITEMS_SECTIONS
0 59 173 0 
1 69 171 0 
2 82 216 0 
3 63 118 0 
4 62 182 0 
5 55 35 0 
6 58 78 0 
7 77 220 0 
8 93 194 0 
9 99 125 0 
10 78 106 0 
11 91 165 0 
12 79 205 0 
13 80 211 0 
14 52 29 0 
15 62 64 0 
16 51 50 0 
17 93 262 0 
18 77 66 0 
19 92 185 0 
20 88 182 0 
21 57 156 0 
22 97 219 0 
23 55 35 0 
24 62 109 0 
25 75 73 0 
26 54 63 0 
27 71 129 0 
28 54 33 0 
29 76 103 0 
30 73 113 0 
31 82 149 0 
32 56 65 0 
33 62 40 0 
34 57 162 0 
35 100 266 0 
36 93 203 0 
37 53 138 0 
38 81 94 0 
39 96 74 0 
40 90 58 0 
41 95 57 0 
42 74 111 0 
43 93 232 0 
44 92 136 0 
45 71 143 0 
46 73 177 0 
47 84 54 0 
48 79 198 0 
49 93 244 0 
