NAME GBP_INSTANCES\prob_1_B_1_1_6.txt
COMMENT
BINTYPES 5
ITEMS 50
BINS_SECTIONS
0 60 60 0 45 
1 80 80 0 34 
2 100 100 0 27 
3 120 120 0 23 
4 150 150 0 18 
ITEMS_SECTIONS
0 65 110 0
1 74 196 0
2 54 164 0
3 92 156 0
4 39 82 0
5 14 46 0
6 56 118 0
7 63 59 0
8 67 66 0
9 41 65 0
10 2 5 0
11 87 268 0
12 40 82 0
13 60 111 0
14 64 180 0
15 37 81 0
16 83 241 0
17 75 136 0
18 20 41 0
19 61 162 0
20 61 63 0
21 70 138 0
22 98 327 0
23 26 43 0
24 64 211 0
25 59 148 0
26 20 21 0
27 69 84 0
28 75 93 0
29 40 46 0
30 71 185 0
31 84 240 0
32 14 9 0
33 26 48 0
34 9 24 0
35 81 145 0
36 47 135 0
37 12 36 0
38 41 24 0
39 52 96 0
40 84 205 0
41 32 23 0
42 90 231 0
43 80 223 0
44 18 33 0
45 67 70 0
46 65 165 0
47 20 63 0
48 54 117 0
49 72 245 0
