NAME GBP_INSTANCES\prob_2_A_4_9_1.txt
COMMENT
BINTYPES 3
ITEMS 500
BINS_SECTIONS
0 100 100 0 297 
1 120 120 0 248 
2 150 150 0 198 
ITEMS_SECTIONS
0 34 96 0 
1 81 215 0 
2 79 181 0 
3 76 78 0 
4 55 79 0 
5 75 142 0 
6 97 220 0 
7 34 62 0 
8 60 83 0 
9 86 84 0 
10 32 50 0 
11 63 139 0 
12 22 36 0 
13 64 165 0 
14 44 46 0 
15 21 63 0 
16 81 63 0 
17 78 99 0 
18 21 23 0 
19 27 56 0 
20 48 55 0 
21 94 148 0 
22 56 41 0 
23 67 175 0 
24 48 90 0 
25 49 145 0 
26 49 99 0 
27 40 84 0 
28 42 84 0 
29 61 167 0 
30 67 187 0 
31 81 138 0 
32 44 89 0 
33 30 43 0 
34 68 85 0 
35 53 53 0 
36 48 89 0 
37 75 158 0 
38 49 116 0 
39 45 74 0 
40 50 138 0 
41 90 159 0 
42 47 94 0 
43 61 43 0 
44 48 137 0 
45 35 86 0 
46 71 187 0 
47 94 195 0 
48 97 242 0 
49 42 98 0 
50 36 106 0 
51 39 84 0 
52 61 141 0 
53 30 67 0 
54 37 84 0 
55 85 49 0 
56 87 52 0 
57 66 59 0 
58 51 84 0 
59 86 256 0 
60 90 107 0 
61 54 125 0 
62 52 110 0 
63 65 49 0 
64 85 135 0 
65 71 138 0 
66 37 85 0 
67 29 62 0 
68 39 24 0 
69 71 157 0 
70 54 37 0 
71 53 60 0 
72 44 70 0 
73 61 158 0 
74 56 57 0 
75 95 254 0 
76 41 69 0 
77 23 51 0 
78 78 47 0 
79 88 65 0 
80 72 204 0 
81 36 19 0 
82 67 114 0 
83 21 12 0 
84 34 71 0 
85 41 88 0 
86 34 48 0 
87 74 99 0 
88 61 95 0 
89 98 288 0 
90 96 128 0 
91 30 18 0 
92 66 45 0 
93 31 38 0 
94 29 50 0 
95 48 72 0 
96 93 165 0 
97 92 234 0 
98 74 53 0 
99 75 111 0 
100 21 35 0 
101 23 32 0 
102 42 82 0 
103 82 160 0 
104 45 109 0 
105 88 58 0 
106 70 101 0 
107 75 199 0 
108 53 148 0 
109 63 148 0 
110 71 39 0 
111 54 52 0 
112 61 77 0 
113 92 256 0 
114 29 51 0 
115 21 60 0 
116 57 54 0 
117 52 62 0 
118 25 75 0 
119 91 110 0 
120 55 156 0 
121 100 245 0 
122 61 91 0 
123 35 95 0 
124 82 211 0 
125 28 63 0 
126 89 218 0 
127 73 183 0 
128 81 125 0 
129 28 39 0 
130 79 82 0 
131 52 135 0 
132 23 42 0 
133 62 94 0 
134 40 69 0 
135 63 44 0 
136 57 71 0 
137 70 162 0 
138 75 40 0 
139 98 89 0 
140 95 59 0 
141 34 54 0 
142 72 141 0 
143 32 90 0 
144 36 35 0 
145 49 63 0 
146 53 152 0 
147 33 87 0 
148 100 221 0 
149 77 174 0 
150 86 172 0 
151 21 12 0 
152 70 113 0 
153 73 137 0 
154 42 86 0 
155 53 158 0 
156 46 135 0 
157 91 176 0 
158 24 25 0 
159 94 69 0 
160 60 88 0 
161 22 31 0 
162 94 164 0 
163 89 72 0 
164 34 68 0 
165 83 234 0 
166 93 268 0 
167 75 80 0 
168 80 47 0 
169 31 23 0 
170 36 30 0 
171 48 72 0 
172 53 72 0 
173 66 172 0 
174 38 91 0 
175 45 52 0 
176 47 37 0 
177 34 49 0 
178 88 170 0 
179 78 154 0 
180 90 72 0 
181 56 44 0 
182 71 183 0 
183 57 59 0 
184 25 72 0 
185 65 94 0 
186 32 40 0 
187 60 68 0 
188 65 108 0 
189 31 53 0 
190 41 25 0 
191 49 131 0 
192 39 40 0 
193 26 66 0 
194 55 77 0 
195 100 252 0 
196 79 120 0 
197 71 46 0 
198 23 26 0 
199 25 38 0 
200 31 80 0 
201 43 102 0 
202 54 92 0 
203 79 58 0 
204 93 152 0 
205 53 115 0 
206 27 52 0 
207 29 28 0 
208 59 124 0 
209 61 99 0 
210 59 155 0 
211 46 128 0 
212 71 198 0 
213 95 254 0 
214 90 182 0 
215 59 135 0 
216 76 105 0 
217 93 77 0 
218 82 243 0 
219 64 67 0 
220 41 49 0 
221 67 161 0 
222 45 32 0 
223 25 27 0 
224 22 27 0 
225 36 28 0 
226 37 84 0 
227 28 83 0 
228 62 112 0 
229 96 145 0 
230 69 105 0 
231 46 105 0 
232 66 82 0 
233 67 131 0 
234 48 25 0 
235 50 143 0 
236 96 130 0 
237 61 41 0 
238 32 74 0 
239 62 185 0 
240 39 39 0 
241 31 46 0 
242 31 27 0 
243 92 209 0 
244 45 47 0 
245 72 200 0 
246 33 55 0 
247 34 98 0 
248 58 54 0 
249 60 109 0 
250 60 113 0 
251 99 175 0 
252 77 89 0 
253 28 27 0 
254 39 100 0 
255 97 211 0 
256 94 122 0 
257 99 193 0 
258 94 89 0 
259 84 196 0 
260 81 141 0 
261 79 110 0 
262 88 150 0 
263 100 108 0 
264 97 190 0 
265 30 16 0 
266 76 162 0 
267 88 262 0 
268 63 60 0 
269 78 132 0 
270 66 80 0 
271 54 108 0 
272 28 51 0 
273 55 45 0 
274 44 33 0 
275 82 238 0 
276 50 87 0 
277 27 26 0 
278 43 31 0 
279 58 50 0 
280 41 95 0 
281 77 100 0 
282 52 50 0 
283 64 128 0 
284 70 53 0 
285 67 179 0 
286 44 102 0 
287 87 67 0 
288 94 99 0 
289 68 69 0 
290 94 205 0 
291 26 16 0 
292 37 77 0 
293 25 35 0 
294 36 42 0 
295 54 29 0 
296 34 51 0 
297 67 85 0 
298 93 251 0 
299 28 26 0 
300 31 37 0 
301 24 35 0 
302 76 119 0 
303 59 105 0 
304 65 132 0 
305 49 85 0 
306 38 55 0 
307 67 34 0 
308 84 68 0 
309 92 255 0 
310 47 139 0 
311 33 99 0 
312 95 176 0 
313 63 88 0 
314 41 62 0 
315 49 129 0 
316 36 55 0 
317 27 39 0 
318 98 178 0 
319 45 106 0 
320 22 58 0 
321 82 200 0 
322 46 36 0 
323 38 36 0 
324 23 17 0 
325 28 46 0 
326 45 90 0 
327 87 252 0 
328 25 33 0 
329 39 64 0 
330 28 61 0 
331 52 122 0 
332 75 158 0 
333 65 34 0 
334 31 77 0 
335 43 30 0 
336 28 23 0 
337 56 62 0 
338 89 194 0 
339 45 29 0 
340 21 55 0 
341 83 48 0 
342 63 176 0 
343 89 113 0 
344 45 84 0 
345 65 191 0 
346 66 69 0 
347 89 101 0 
348 30 77 0 
349 77 205 0 
350 95 88 0 
351 86 127 0 
352 34 80 0 
353 91 65 0 
354 94 85 0 
355 95 221 0 
356 93 260 0 
357 30 89 0 
358 23 13 0 
359 41 75 0 
360 56 82 0 
361 98 284 0 
362 34 101 0 
363 50 42 0 
364 66 164 0 
365 54 52 0 
366 73 194 0 
367 33 22 0 
368 31 85 0 
369 90 78 0 
370 91 111 0 
371 45 77 0 
372 92 252 0 
373 68 64 0 
374 51 43 0 
375 23 28 0 
376 36 56 0 
377 95 270 0 
378 68 92 0 
379 89 147 0 
380 62 41 0 
381 74 135 0 
382 28 18 0 
383 76 167 0 
384 41 89 0 
385 90 157 0 
386 41 104 0 
387 35 97 0 
388 98 117 0 
389 59 88 0 
390 59 98 0 
391 67 63 0 
392 28 80 0 
393 40 107 0 
394 75 118 0 
395 98 131 0 
396 76 163 0 
397 91 115 0 
398 45 135 0 
399 51 42 0 
400 25 44 0 
401 49 62 0 
402 74 117 0 
403 38 76 0 
404 87 214 0 
405 37 62 0 
406 66 190 0 
407 22 53 0 
408 49 128 0 
409 55 115 0 
410 40 81 0 
411 58 63 0 
412 100 240 0 
413 43 31 0 
414 68 45 0 
415 27 16 0 
416 35 47 0 
417 41 74 0 
418 68 135 0 
419 48 34 0 
420 85 129 0 
421 73 116 0 
422 97 60 0 
423 65 107 0 
424 82 44 0 
425 31 63 0 
426 96 117 0 
427 63 118 0 
428 50 70 0 
429 45 63 0 
430 45 77 0 
431 99 274 0 
432 42 80 0 
433 40 84 0 
434 47 54 0 
435 29 48 0 
436 72 135 0 
437 71 50 0 
438 22 56 0 
439 96 181 0 
440 64 141 0 
441 54 149 0 
442 36 72 0 
443 36 105 0 
444 72 70 0 
445 96 92 0 
446 82 119 0 
447 97 136 0 
448 85 196 0 
449 35 69 0 
450 90 167 0 
451 28 20 0 
452 59 33 0 
453 35 80 0 
454 99 203 0 
455 81 228 0 
456 36 69 0 
457 42 84 0 
458 100 269 0 
459 76 127 0 
460 55 113 0 
461 32 94 0 
462 30 51 0 
463 93 49 0 
464 27 38 0 
465 57 115 0 
466 77 163 0 
467 44 132 0 
468 72 206 0 
469 99 209 0 
470 90 269 0 
471 87 117 0 
472 55 162 0 
473 88 113 0 
474 87 194 0 
475 88 94 0 
476 100 135 0 
477 33 33 0 
478 36 49 0 
479 35 32 0 
480 96 256 0 
481 51 113 0 
482 84 91 0 
483 58 167 0 
484 65 66 0 
485 77 107 0 
486 45 114 0 
487 69 113 0 
488 24 13 0 
489 94 126 0 
490 65 143 0 
491 56 67 0 
492 31 46 0 
493 95 181 0 
494 54 53 0 
495 93 117 0 
496 84 139 0 
497 63 46 0 
498 48 47 0 
499 62 179 0 
