NAME GBP_INSTANCES\prob_3_B_2_5_1.txt
COMMENT
BINTYPES 5
ITEMS 100
BINS_SECTIONS
0 60 60 0 128 
1 80 80 0 96 
2 100 100 0 77 
3 120 120 0 64 
4 150 150 0 52 
ITEMS_SECTIONS
0 84 103 0 
1 81 74 0 
2 67 96 0 
3 89 232 0 
4 60 45 0 
5 85 240 0 
6 71 165 0 
7 69 86 0 
8 91 239 0 
9 56 111 0 
10 65 180 0 
11 75 212 0 
12 90 249 0 
13 81 104 0 
14 96 242 0 
15 72 128 0 
16 95 172 0 
17 64 127 0 
18 97 267 0 
19 64 161 0 
20 76 87 0 
21 84 145 0 
22 81 165 0 
23 62 71 0 
24 68 133 0 
25 82 43 0 
26 94 245 0 
27 87 174 0 
28 66 57 0 
29 79 164 0 
30 59 128 0 
31 58 33 0 
32 99 204 0 
33 83 49 0 
34 97 247 0 
35 97 80 0 
36 58 143 0 
37 75 58 0 
38 55 158 0 
39 99 257 0 
40 51 141 0 
41 52 37 0 
42 96 144 0 
43 64 47 0 
44 57 72 0 
45 66 35 0 
46 99 72 0 
47 69 173 0 
48 59 38 0 
49 62 63 0 
50 59 127 0 
51 91 269 0 
52 68 38 0 
53 80 55 0 
54 69 148 0 
55 51 112 0 
56 74 87 0 
57 70 91 0 
58 57 118 0 
59 96 167 0 
60 88 135 0 
61 75 83 0 
62 94 236 0 
63 90 164 0 
64 52 90 0 
65 86 221 0 
66 77 126 0 
67 68 76 0 
68 91 50 0 
69 73 121 0 
70 91 199 0 
71 86 82 0 
72 82 87 0 
73 54 139 0 
74 86 158 0 
75 80 165 0 
76 56 120 0 
77 97 250 0 
78 94 59 0 
79 92 222 0 
80 65 100 0 
81 63 180 0 
82 84 54 0 
83 89 97 0 
84 85 183 0 
85 93 170 0 
86 83 171 0 
87 93 271 0 
88 76 52 0 
89 59 114 0 
90 53 127 0 
91 84 103 0 
92 74 149 0 
93 53 52 0 
94 57 136 0 
95 96 95 0 
96 86 124 0 
97 97 99 0 
98 100 113 0 
99 71 184 0 
