NAME GBP_INSTANCES\prob_1_B_2_8_1.txt
COMMENT
BINTYPES 5
ITEMS 100
BINS_SECTIONS
0 60 60 0 86 
1 80 80 0 65 
2 100 100 0 52 
3 120 120 0 43 
4 150 150 0 35 
ITEMS_SECTIONS
0 14 25 0 
1 73 136 0 
2 53 57 0 
3 21 45 0 
4 74 163 0 
5 61 117 0 
6 78 141 0 
7 37 44 0 
8 47 92 0 
9 66 56 0 
10 85 86 0 
11 67 56 0 
12 50 121 0 
13 50 76 0 
14 84 181 0 
15 83 101 0 
16 19 19 0 
17 49 137 0 
18 54 135 0 
19 51 83 0 
20 97 64 0 
21 12 19 0 
22 4 10 0 
23 16 47 0 
24 38 43 0 
25 59 60 0 
26 92 123 0 
27 5 3 0 
28 83 130 0 
29 94 83 0 
30 49 139 0 
31 43 89 0 
32 65 161 0 
33 28 46 0 
34 97 97 0 
35 52 107 0 
36 75 221 0 
37 83 240 0 
38 20 37 0 
39 34 28 0 
40 41 59 0 
41 45 57 0 
42 71 152 0 
43 100 286 0 
44 70 189 0 
45 82 219 0 
46 83 232 0 
47 68 90 0 
48 99 102 0 
49 60 75 0 
50 48 36 0 
51 59 118 0 
52 2 3 0 
53 31 68 0 
54 48 91 0 
55 34 64 0 
56 83 140 0 
57 25 24 0 
58 6 17 0 
59 4 11 0 
60 46 46 0 
61 61 60 0 
62 22 56 0 
63 48 109 0 
64 28 23 0 
65 61 45 0 
66 75 81 0 
67 70 105 0 
68 4 12 0 
69 98 119 0 
70 60 42 0 
71 30 22 0 
72 51 117 0 
73 81 121 0 
74 27 75 0 
75 92 151 0 
76 77 216 0 
77 87 220 0 
78 98 129 0 
79 6 9 0 
80 12 32 0 
81 40 22 0 
82 46 45 0 
83 76 76 0 
84 34 96 0 
85 67 201 0 
86 72 177 0 
87 44 77 0 
88 74 87 0 
89 18 29 0 
90 3 7 0 
91 10 22 0 
92 49 145 0 
93 74 75 0 
94 30 65 0 
95 42 76 0 
96 48 120 0 
97 48 76 0 
98 4 7 0 
99 8 20 0 
