NAME GBP_INSTANCES\prob_3_B_2_1_1.txt
COMMENT
BINTYPES 5
ITEMS 100
BINS_SECTIONS
0 60 60 0 133 
1 80 80 0 100 
2 100 100 0 80 
3 120 120 0 67 
4 150 150 0 53 
ITEMS_SECTIONS
0 97 104 0 
1 93 149 0 
2 94 179 0 
3 96 229 0 
4 69 96 0 
5 77 186 0 
6 95 89 0 
7 92 259 0 
8 80 83 0 
9 94 107 0 
10 98 173 0 
11 77 211 0 
12 93 73 0 
13 63 150 0 
14 77 225 0 
15 61 141 0 
16 66 58 0 
17 61 175 0 
18 79 109 0 
19 95 248 0 
20 67 124 0 
21 94 137 0 
22 90 63 0 
23 52 135 0 
24 76 58 0 
25 82 107 0 
26 76 210 0 
27 83 94 0 
28 98 198 0 
29 51 67 0 
30 56 90 0 
31 82 73 0 
32 73 183 0 
33 99 188 0 
34 79 203 0 
35 55 99 0 
36 81 112 0 
37 75 123 0 
38 92 237 0 
39 80 55 0 
40 90 254 0 
41 88 239 0 
42 88 247 0 
43 67 36 0 
44 61 119 0 
45 99 260 0 
46 78 40 0 
47 79 59 0 
48 82 99 0 
49 94 60 0 
50 98 229 0 
51 96 233 0 
52 98 243 0 
53 99 231 0 
54 73 114 0 
55 74 165 0 
56 86 167 0 
57 93 193 0 
58 87 48 0 
59 80 95 0 
60 62 61 0 
61 62 80 0 
62 73 160 0 
63 56 100 0 
64 75 142 0 
65 71 90 0 
66 95 102 0 
67 90 185 0 
68 88 135 0 
69 76 129 0 
70 60 34 0 
71 60 124 0 
72 94 250 0 
73 71 159 0 
74 99 236 0 
75 57 116 0 
76 60 79 0 
77 85 209 0 
78 99 173 0 
79 80 160 0 
80 52 132 0 
81 62 53 0 
82 77 106 0 
83 79 88 0 
84 97 108 0 
85 65 116 0 
86 75 60 0 
87 61 133 0 
88 54 85 0 
89 67 97 0 
90 71 178 0 
91 87 252 0 
92 84 80 0 
93 70 85 0 
94 80 203 0 
95 100 135 0 
96 72 166 0 
97 76 128 0 
98 92 162 0 
99 90 59 0 
