NAME GBP_INSTANCES\prob_3_A_3_8_1.txt
COMMENT
BINTYPES 3
ITEMS 200
BINS_SECTIONS
0 100 100 0 152 
1 120 120 0 126 
2 150 150 0 101 
ITEMS_SECTIONS
0 90 113 0 
1 89 79 0 
2 91 137 0 
3 65 77 0 
4 99 226 0 
5 90 190 0 
6 92 63 0 
7 89 207 0 
8 68 104 0 
9 90 172 0 
10 63 85 0 
11 56 145 0 
12 62 32 0 
13 83 85 0 
14 91 63 0 
15 61 123 0 
16 86 239 0 
17 54 93 0 
18 51 120 0 
19 85 169 0 
20 65 41 0 
21 52 91 0 
22 65 147 0 
23 68 150 0 
24 87 220 0 
25 85 153 0 
26 85 61 0 
27 80 215 0 
28 94 61 0 
29 91 262 0 
30 85 78 0 
31 73 190 0 
32 70 163 0 
33 69 68 0 
34 79 90 0 
35 87 51 0 
36 93 120 0 
37 73 53 0 
38 87 149 0 
39 92 161 0 
40 51 126 0 
41 99 205 0 
42 82 133 0 
43 53 93 0 
44 99 140 0 
45 68 133 0 
46 74 63 0 
47 82 67 0 
48 58 165 0 
49 82 157 0 
50 74 85 0 
51 74 74 0 
52 62 57 0 
53 73 96 0 
54 99 247 0 
55 97 118 0 
56 80 189 0 
57 98 121 0 
58 98 168 0 
59 61 128 0 
60 61 49 0 
61 65 118 0 
62 59 114 0 
63 64 163 0 
64 59 158 0 
65 92 90 0 
66 96 192 0 
67 71 76 0 
68 69 135 0 
69 75 38 0 
70 63 181 0 
71 77 202 0 
72 64 62 0 
73 79 154 0 
74 83 58 0 
75 67 131 0 
76 54 81 0 
77 71 120 0 
78 62 42 0 
79 62 149 0 
80 76 151 0 
81 64 148 0 
82 64 120 0 
83 84 79 0 
84 77 184 0 
85 75 169 0 
86 59 147 0 
87 56 127 0 
88 52 124 0 
89 91 202 0 
90 94 122 0 
91 78 144 0 
92 88 220 0 
93 82 124 0 
94 70 131 0 
95 59 128 0 
96 94 166 0 
97 99 296 0 
98 91 207 0 
99 76 191 0 
100 57 89 0 
101 60 62 0 
102 76 74 0 
103 52 92 0 
104 52 60 0 
105 55 78 0 
106 79 133 0 
107 65 191 0 
108 55 77 0 
109 67 81 0 
110 73 216 0 
111 89 175 0 
112 77 71 0 
113 53 149 0 
114 87 205 0 
115 81 111 0 
116 79 213 0 
117 77 41 0 
118 57 117 0 
119 99 75 0 
120 70 204 0 
121 80 193 0 
122 80 101 0 
123 81 105 0 
124 67 196 0 
125 91 167 0 
126 64 181 0 
127 65 145 0 
128 62 123 0 
129 56 145 0 
130 96 220 0 
131 75 126 0 
132 61 52 0 
133 100 52 0 
134 93 239 0 
135 66 136 0 
136 57 130 0 
137 85 237 0 
138 68 85 0 
139 81 226 0 
140 56 52 0 
141 81 151 0 
142 81 117 0 
143 91 143 0 
144 99 221 0 
145 81 80 0 
146 94 142 0 
147 96 67 0 
148 57 49 0 
149 51 27 0 
150 66 184 0 
151 72 126 0 
152 51 80 0 
153 63 56 0 
154 96 151 0 
155 90 223 0 
156 63 140 0 
157 97 167 0 
158 99 297 0 
159 83 88 0 
160 99 77 0 
161 62 57 0 
162 80 57 0 
163 60 175 0 
164 57 128 0 
165 69 107 0 
166 93 208 0 
167 60 48 0 
168 70 195 0 
169 54 48 0 
170 85 129 0 
171 68 60 0 
172 85 58 0 
173 97 77 0 
174 75 89 0 
175 89 87 0 
176 76 61 0 
177 61 60 0 
178 72 165 0 
179 81 118 0 
180 76 197 0 
181 75 134 0 
182 70 96 0 
183 62 144 0 
184 60 91 0 
185 64 150 0 
186 70 40 0 
187 88 250 0 
188 65 158 0 
189 60 44 0 
190 92 247 0 
191 55 127 0 
192 89 63 0 
193 93 100 0 
194 99 243 0 
195 89 264 0 
196 98 98 0 
197 95 144 0 
198 65 35 0 
199 69 192 0 
