NAME GBP_INSTANCES\prob_2_A_1_1_7.txt
COMMENT
BINTYPES 3
ITEMS 50
BINS_SECTIONS
0 100 100 0 30 
1 120 120 0 25 
2 150 150 0 20 
ITEMS_SECTIONS
0 26 23 0
1 55 83 0
2 56 78 0
3 56 180 0
4 52 106 0
5 39 42 0
6 83 107 0
7 32 29 0
8 89 50 0
9 50 106 0
10 58 143 0
11 98 131 0
12 87 44 0
13 28 80 0
14 24 73 0
15 45 62 0
16 24 62 0
17 64 94 0
18 90 51 0
19 66 48 0
20 67 139 0
21 54 77 0
22 81 156 0
23 34 44 0
24 100 268 0
25 71 101 0
26 74 218 0
27 89 111 0
28 45 30 0
29 40 77 0
30 24 60 0
31 56 178 0
32 44 80 0
33 56 185 0
34 74 139 0
35 90 178 0
36 58 36 0
37 21 15 0
38 68 82 0
39 35 38 0
40 39 119 0
41 32 84 0
42 22 12 0
43 64 191 0
44 83 105 0
45 91 162 0
46 73 144 0
47 97 252 0
48 25 37 0
49 98 220 0
