NAME GBP_INSTANCES\prob_2_A_1_9_1.txt
COMMENT
BINTYPES 3
ITEMS 50
BINS_SECTIONS
0 100 100 0 28 
1 120 120 0 23 
2 150 150 0 19 
ITEMS_SECTIONS
0 86 67 0 
1 52 147 0 
2 57 53 0 
3 88 57 0 
4 52 132 0 
5 29 50 0 
6 97 114 0 
7 34 73 0 
8 38 75 0 
9 74 108 0 
10 66 184 0 
11 51 136 0 
12 33 85 0 
13 89 109 0 
14 44 132 0 
15 67 65 0 
16 40 90 0 
17 93 164 0 
18 22 22 0 
19 89 201 0 
20 45 52 0 
21 62 65 0 
22 86 187 0 
23 71 195 0 
24 75 165 0 
25 52 39 0 
26 23 23 0 
27 83 60 0 
28 52 42 0 
29 30 46 0 
30 44 73 0 
31 21 43 0 
32 51 151 0 
33 88 117 0 
34 78 47 0 
35 83 91 0 
36 28 16 0 
37 54 64 0 
38 52 122 0 
39 40 85 0 
40 29 79 0 
41 56 112 0 
42 66 54 0 
43 42 52 0 
44 21 49 0 
45 30 72 0 
46 66 159 0 
47 37 50 0 
48 42 96 0 
49 29 16 0 
