NAME GBP_INSTANCES\prob_2_B_0_8_1.txt
COMMENT
BINTYPES 5
ITEMS 25
BINS_SECTIONS
0 60 60 0 27 
1 80 80 0 20 
2 100 100 0 16 
3 120 120 0 14 
4 150 150 0 11 
ITEMS_SECTIONS
0 52 113 0 
1 30 47 0 
2 69 142 0 
3 66 187 0 
4 83 180 0 
5 84 177 0 
6 91 50 0 
7 96 229 0 
8 45 121 0 
9 97 191 0 
10 61 32 0 
11 44 53 0 
12 58 138 0 
13 43 112 0 
14 47 97 0 
15 53 78 0 
16 44 71 0 
17 46 72 0 
18 88 142 0 
19 80 98 0 
20 69 153 0 
21 50 130 0 
22 81 203 0 
23 54 41 0 
24 34 92 0 
