NAME GBP_INSTANCES\prob_1_B_1_1_1.txt
COMMENT
BINTYPES 5
ITEMS 50
BINS_SECTIONS
0 60 60 0 43 
1 80 80 0 33 
2 100 100 0 26 
3 120 120 0 22 
4 150 150 0 18 
ITEMS_SECTIONS
0 82 151 0 
1 3 8 0 
2 88 60 0 
3 33 59 0 
4 15 19 0 
5 85 246 0 
6 27 42 0 
7 50 123 0 
8 43 63 0 
9 80 227 0 
10 95 177 0 
11 71 174 0 
12 98 186 0 
13 20 40 0 
14 69 79 0 
15 9 16 0 
16 34 85 0 
17 34 49 0 
18 55 159 0 
19 91 158 0 
20 77 137 0 
21 63 75 0 
22 62 178 0 
23 74 116 0 
24 15 41 0 
25 11 10 0 
26 64 55 0 
27 45 85 0 
28 14 39 0 
29 60 116 0 
30 19 14 0 
31 41 51 0 
32 10 21 0 
33 6 9 0 
34 77 73 0 
35 74 204 0 
36 84 132 0 
37 28 69 0 
38 39 51 0 
39 4 9 0 
40 50 141 0 
41 27 38 0 
42 89 202 0 
43 20 52 0 
44 65 157 0 
45 94 247 0 
46 84 101 0 
47 94 244 0 
48 9 18 0 
49 98 274 0 
