NAME GBP_INSTANCES\prob_2_B_0_9_1.txt
COMMENT
BINTYPES 5
ITEMS 25
BINS_SECTIONS
0 60 60 0 26 
1 80 80 0 19 
2 100 100 0 16 
3 120 120 0 13 
4 150 150 0 11 
ITEMS_SECTIONS
0 26 73 0 
1 63 95 0 
2 83 125 0 
3 76 101 0 
4 23 49 0 
5 72 55 0 
6 25 35 0 
7 41 121 0 
8 81 60 0 
9 71 197 0 
10 88 244 0 
11 90 214 0 
12 59 121 0 
13 95 248 0 
14 92 173 0 
15 22 27 0 
16 88 133 0 
17 45 70 0 
18 82 109 0 
19 89 247 0 
20 37 79 0 
21 21 11 0 
22 26 30 0 
23 63 67 0 
24 59 50 0 
