NAME GBP_INSTANCES\prob_3_B_2_4_1.txt
COMMENT
BINTYPES 5
ITEMS 100
BINS_SECTIONS
0 60 60 0 125 
1 80 80 0 94 
2 100 100 0 75 
3 120 120 0 63 
4 150 150 0 50 
ITEMS_SECTIONS
0 66 146 0 
1 69 141 0 
2 61 155 0 
3 68 147 0 
4 51 92 0 
5 93 88 0 
6 99 80 0 
7 52 114 0 
8 85 226 0 
9 92 151 0 
10 66 47 0 
11 82 232 0 
12 55 81 0 
13 88 188 0 
14 73 178 0 
15 92 248 0 
16 74 145 0 
17 58 93 0 
18 73 194 0 
19 64 61 0 
20 71 162 0 
21 69 185 0 
22 90 64 0 
23 59 40 0 
24 64 78 0 
25 64 38 0 
26 78 98 0 
27 81 106 0 
28 66 174 0 
29 72 130 0 
30 88 134 0 
31 76 184 0 
32 81 118 0 
33 80 146 0 
34 55 140 0 
35 80 47 0 
36 64 65 0 
37 77 175 0 
38 53 134 0 
39 100 161 0 
40 81 107 0 
41 79 184 0 
42 94 82 0 
43 74 122 0 
44 75 149 0 
45 88 212 0 
46 75 133 0 
47 93 96 0 
48 77 79 0 
49 79 196 0 
50 81 175 0 
51 97 255 0 
52 74 44 0 
53 92 105 0 
54 59 69 0 
55 59 168 0 
56 62 82 0 
57 57 143 0 
58 77 118 0 
59 81 65 0 
60 65 46 0 
61 80 229 0 
62 68 123 0 
63 58 45 0 
64 72 176 0 
65 80 129 0 
66 86 221 0 
67 96 53 0 
68 96 80 0 
69 87 170 0 
70 68 56 0 
71 77 227 0 
72 97 139 0 
73 55 58 0 
74 72 128 0 
75 61 159 0 
76 66 183 0 
77 100 145 0 
78 61 84 0 
79 78 198 0 
80 83 115 0 
81 51 115 0 
82 64 167 0 
83 79 94 0 
84 72 158 0 
85 94 77 0 
86 67 124 0 
87 67 196 0 
88 80 137 0 
89 85 114 0 
90 55 108 0 
91 78 67 0 
92 54 139 0 
93 70 108 0 
94 96 203 0 
95 69 118 0 
96 82 128 0 
97 79 231 0 
98 55 96 0 
99 88 166 0 
