NAME GBP_INSTANCES\prob_3_A_2_3_1.txt
COMMENT
BINTYPES 3
ITEMS 100
BINS_SECTIONS
0 100 100 0 75 
1 120 120 0 63 
2 150 150 0 50 
ITEMS_SECTIONS
0 89 249 0 
1 73 157 0 
2 84 90 0 
3 62 132 0 
4 67 75 0 
5 63 179 0 
6 91 239 0 
7 54 94 0 
8 77 140 0 
9 64 100 0 
10 67 41 0 
11 59 162 0 
12 55 107 0 
13 61 128 0 
14 100 271 0 
15 96 208 0 
16 55 65 0 
17 93 70 0 
18 57 47 0 
19 67 63 0 
20 99 122 0 
21 83 80 0 
22 92 67 0 
23 57 93 0 
24 79 91 0 
25 89 153 0 
26 77 197 0 
27 63 164 0 
28 96 79 0 
29 65 55 0 
30 89 131 0 
31 86 197 0 
32 71 86 0 
33 92 72 0 
34 73 108 0 
35 55 66 0 
36 66 161 0 
37 85 185 0 
38 52 106 0 
39 66 148 0 
40 100 166 0 
41 69 72 0 
42 63 134 0 
43 75 54 0 
44 98 292 0 
45 61 166 0 
46 80 178 0 
47 57 84 0 
48 54 135 0 
49 97 182 0 
50 74 165 0 
51 81 64 0 
52 100 159 0 
53 67 111 0 
54 92 239 0 
55 64 43 0 
56 60 118 0 
57 64 106 0 
58 79 208 0 
59 90 64 0 
60 85 193 0 
61 77 165 0 
62 62 133 0 
63 75 182 0 
64 92 203 0 
65 91 67 0 
66 74 197 0 
67 62 74 0 
68 55 75 0 
69 60 128 0 
70 90 177 0 
71 59 172 0 
72 75 68 0 
73 70 40 0 
74 99 53 0 
75 72 211 0 
76 74 109 0 
77 62 150 0 
78 77 98 0 
79 94 252 0 
80 86 248 0 
81 76 187 0 
82 54 30 0 
83 89 177 0 
84 95 191 0 
85 95 197 0 
86 78 159 0 
87 53 79 0 
88 94 158 0 
89 91 175 0 
90 58 56 0 
91 74 43 0 
92 65 65 0 
93 51 134 0 
94 66 136 0 
95 70 70 0 
96 96 123 0 
97 98 194 0 
98 54 151 0 
99 52 88 0 
