NAME GBP_INSTANCES\prob_3_A_2_2_1.txt
COMMENT
BINTYPES 3
ITEMS 100
BINS_SECTIONS
0 100 100 0 74 
1 120 120 0 61 
2 150 150 0 49 
ITEMS_SECTIONS
0 54 151 0 
1 72 88 0 
2 52 146 0 
3 70 92 0 
4 56 158 0 
5 95 159 0 
6 58 65 0 
7 98 65 0 
8 68 133 0 
9 64 137 0 
10 56 90 0 
11 65 154 0 
12 52 147 0 
13 98 213 0 
14 54 76 0 
15 93 72 0 
16 58 57 0 
17 63 108 0 
18 63 117 0 
19 99 144 0 
20 63 177 0 
21 52 128 0 
22 56 103 0 
23 58 114 0 
24 74 59 0 
25 94 75 0 
26 58 147 0 
27 96 260 0 
28 59 174 0 
29 64 40 0 
30 67 140 0 
31 57 147 0 
32 55 38 0 
33 95 232 0 
34 88 53 0 
35 53 38 0 
36 91 95 0 
37 91 56 0 
38 68 69 0 
39 98 226 0 
40 54 58 0 
41 68 159 0 
42 78 156 0 
43 91 110 0 
44 87 52 0 
45 78 219 0 
46 89 80 0 
47 87 140 0 
48 64 120 0 
49 53 87 0 
50 54 158 0 
51 77 138 0 
52 55 97 0 
53 64 173 0 
54 70 115 0 
55 66 106 0 
56 96 60 0 
57 76 218 0 
58 53 156 0 
59 68 115 0 
60 74 140 0 
61 65 158 0 
62 77 201 0 
63 62 91 0 
64 85 109 0 
65 56 155 0 
66 83 116 0 
67 69 148 0 
68 78 195 0 
69 63 141 0 
70 98 114 0 
71 55 49 0 
72 99 225 0 
73 84 252 0 
74 67 52 0 
75 61 36 0 
76 88 219 0 
77 76 175 0 
78 95 214 0 
79 68 109 0 
80 95 262 0 
81 77 89 0 
82 93 270 0 
83 51 68 0 
84 83 107 0 
85 89 96 0 
86 90 149 0 
87 73 170 0 
88 59 61 0 
89 93 139 0 
90 94 76 0 
91 84 132 0 
92 69 114 0 
93 57 128 0 
94 55 52 0 
95 66 53 0 
96 97 87 0 
97 65 87 0 
98 87 211 0 
99 85 253 0 
