NAME GBP_INSTANCES\prob_3_B_2_2_1.txt
COMMENT
BINTYPES 5
ITEMS 100
BINS_SECTIONS
0 60 60 0 125 
1 80 80 0 94 
2 100 100 0 75 
3 120 120 0 63 
4 150 150 0 50 
ITEMS_SECTIONS
0 89 180 0 
1 94 276 0 
2 82 236 0 
3 71 57 0 
4 64 136 0 
5 60 33 0 
6 66 35 0 
7 80 212 0 
8 82 173 0 
9 100 110 0 
10 53 152 0 
11 69 169 0 
12 92 184 0 
13 67 55 0 
14 76 43 0 
15 59 118 0 
16 93 130 0 
17 77 96 0 
18 78 81 0 
19 68 172 0 
20 70 122 0 
21 81 130 0 
22 52 69 0 
23 87 245 0 
24 62 73 0 
25 52 139 0 
26 64 68 0 
27 58 41 0 
28 70 77 0 
29 51 59 0 
30 94 65 0 
31 95 91 0 
32 93 106 0 
33 84 93 0 
34 89 213 0 
35 87 199 0 
36 61 114 0 
37 88 217 0 
38 100 184 0 
39 70 173 0 
40 85 73 0 
41 68 45 0 
42 54 62 0 
43 81 82 0 
44 100 201 0 
45 79 153 0 
46 83 155 0 
47 54 121 0 
48 75 134 0 
49 60 44 0 
50 63 129 0 
51 83 94 0 
52 62 112 0 
53 77 146 0 
54 77 126 0 
55 68 110 0 
56 59 115 0 
57 74 214 0 
58 61 153 0 
59 57 167 0 
60 62 62 0 
61 100 233 0 
62 98 209 0 
63 52 30 0 
64 69 84 0 
65 94 126 0 
66 61 66 0 
67 58 111 0 
68 79 111 0 
69 57 109 0 
70 87 183 0 
71 69 117 0 
72 85 243 0 
73 52 113 0 
74 61 62 0 
75 82 69 0 
76 62 131 0 
77 85 167 0 
78 55 121 0 
79 88 165 0 
80 94 142 0 
81 84 56 0 
82 58 82 0 
83 72 176 0 
84 91 243 0 
85 65 54 0 
86 68 48 0 
87 75 82 0 
88 97 144 0 
89 99 280 0 
90 58 130 0 
91 100 148 0 
92 76 167 0 
93 93 164 0 
94 75 185 0 
95 62 129 0 
96 100 257 0 
97 63 162 0 
98 77 191 0 
99 67 131 0 
