NAME GBP_INSTANCES\prob_3_A_2_6_1.txt
COMMENT
BINTYPES 3
ITEMS 100
BINS_SECTIONS
0 100 100 0 75 
1 120 120 0 63 
2 150 150 0 50 
ITEMS_SECTIONS
0 73 58 0 
1 74 195 0 
2 93 85 0 
3 99 198 0 
4 76 92 0 
5 73 65 0 
6 51 51 0 
7 69 116 0 
8 79 115 0 
9 59 172 0 
10 84 241 0 
11 60 60 0 
12 51 86 0 
13 66 184 0 
14 63 39 0 
15 97 57 0 
16 51 34 0 
17 53 101 0 
18 87 191 0 
19 63 74 0 
20 52 77 0 
21 72 100 0 
22 96 140 0 
23 62 149 0 
24 87 105 0 
25 64 181 0 
26 55 51 0 
27 77 179 0 
28 100 106 0 
29 83 87 0 
30 63 173 0 
31 71 169 0 
32 93 272 0 
33 94 170 0 
34 81 150 0 
35 96 141 0 
36 57 140 0 
37 87 96 0 
38 82 147 0 
39 95 144 0 
40 54 125 0 
41 82 148 0 
42 62 59 0 
43 82 169 0 
44 73 132 0 
45 51 89 0 
46 82 130 0 
47 67 133 0 
48 98 193 0 
49 62 50 0 
50 54 87 0 
51 72 128 0 
52 71 127 0 
53 65 131 0 
54 61 151 0 
55 52 51 0 
56 51 80 0 
57 97 278 0 
58 70 93 0 
59 60 105 0 
60 74 216 0 
61 55 123 0 
62 76 216 0 
63 85 172 0 
64 92 57 0 
65 76 158 0 
66 77 50 0 
67 89 105 0 
68 80 168 0 
69 67 38 0 
70 88 67 0 
71 78 55 0 
72 96 259 0 
73 81 231 0 
74 81 242 0 
75 75 143 0 
76 79 109 0 
77 71 107 0 
78 98 135 0 
79 97 229 0 
80 73 106 0 
81 77 166 0 
82 58 147 0 
83 86 217 0 
84 63 79 0 
85 79 150 0 
86 68 140 0 
87 54 56 0 
88 52 32 0 
89 63 167 0 
90 80 108 0 
91 96 180 0 
92 81 185 0 
93 88 176 0 
94 99 91 0 
95 71 94 0 
96 55 83 0 
97 100 133 0 
98 84 249 0 
99 62 72 0 
