NAME GBP_INSTANCES\prob_2_A_2_1_1.txt
COMMENT
BINTYPES 3
ITEMS 100
BINS_SECTIONS
0 100 100 0 58 
1 120 120 0 49 
2 150 150 0 39 
ITEMS_SECTIONS
0 61 167 0 
1 24 68 0 
2 65 96 0 
3 96 150 0 
4 54 67 0 
5 23 65 0 
6 58 51 0 
7 81 69 0 
8 86 249 0 
9 94 133 0 
10 100 71 0 
11 54 104 0 
12 45 61 0 
13 42 51 0 
14 21 22 0 
15 21 50 0 
16 86 129 0 
17 52 71 0 
18 34 98 0 
19 91 204 0 
20 36 105 0 
21 22 25 0 
22 84 65 0 
23 73 54 0 
24 67 111 0 
25 86 243 0 
26 71 185 0 
27 49 131 0 
28 87 107 0 
29 71 97 0 
30 92 271 0 
31 45 32 0 
32 34 50 0 
33 37 21 0 
34 35 22 0 
35 62 142 0 
36 47 62 0 
37 50 138 0 
38 62 111 0 
39 23 41 0 
40 48 76 0 
41 49 137 0 
42 46 110 0 
43 81 43 0 
44 43 26 0 
45 41 100 0 
46 51 106 0 
47 75 119 0 
48 25 24 0 
49 47 96 0 
50 74 109 0 
51 71 84 0 
52 73 127 0 
53 34 96 0 
54 29 82 0 
55 64 144 0 
56 88 68 0 
57 45 30 0 
58 33 75 0 
59 72 63 0 
60 77 231 0 
61 57 33 0 
62 45 118 0 
63 41 68 0 
64 31 27 0 
65 87 229 0 
66 37 45 0 
67 64 99 0 
68 71 93 0 
69 86 225 0 
70 79 197 0 
71 44 91 0 
72 51 102 0 
73 51 49 0 
74 73 195 0 
75 83 83 0 
76 37 62 0 
77 66 177 0 
78 31 72 0 
79 77 155 0 
80 30 88 0 
81 51 74 0 
82 77 75 0 
83 65 161 0 
84 40 90 0 
85 52 46 0 
86 31 77 0 
87 38 100 0 
88 86 234 0 
89 65 100 0 
90 70 56 0 
91 28 43 0 
92 93 221 0 
93 45 43 0 
94 89 144 0 
95 81 185 0 
96 76 59 0 
97 70 202 0 
98 49 67 0 
99 46 72 0 
