NAME GBP_INSTANCES\prob_2_A_1_8_1.txt
COMMENT
BINTYPES 3
ITEMS 50
BINS_SECTIONS
0 100 100 0 31 
1 120 120 0 26 
2 150 150 0 21 
ITEMS_SECTIONS
0 66 84 0 
1 64 108 0 
2 53 106 0 
3 74 214 0 
4 89 71 0 
5 53 107 0 
6 36 19 0 
7 33 39 0 
8 37 44 0 
9 63 62 0 
10 28 57 0 
11 99 108 0 
12 92 158 0 
13 31 76 0 
14 43 108 0 
15 51 141 0 
16 96 135 0 
17 77 141 0 
18 35 42 0 
19 85 195 0 
20 36 35 0 
21 24 44 0 
22 31 86 0 
23 62 184 0 
24 21 36 0 
25 90 150 0 
26 57 126 0 
27 60 85 0 
28 44 82 0 
29 99 103 0 
30 60 75 0 
31 80 154 0 
32 73 142 0 
33 78 163 0 
34 93 91 0 
35 22 53 0 
36 39 79 0 
37 80 78 0 
38 85 176 0 
39 28 48 0 
40 27 45 0 
41 70 142 0 
42 46 61 0 
43 79 190 0 
44 82 183 0 
45 65 180 0 
46 76 159 0 
47 45 120 0 
48 96 236 0 
49 73 72 0 
