NAME GBP_INSTANCES\prob_1_B_3_1_1.txt
COMMENT
BINTYPES 5
ITEMS 200
BINS_SECTIONS
0 60 60 0 164 
1 80 80 0 123 
2 100 100 0 98 
3 120 120 0 82 
4 150 150 0 66 
ITEMS_SECTIONS
0 100 70 0 
1 15 41 0 
2 50 33 0 
3 74 182 0 
4 20 29 0 
5 83 245 0 
6 80 137 0 
7 93 85 0 
8 58 154 0 
9 74 138 0 
10 12 32 0 
11 97 110 0 
12 15 42 0 
13 50 31 0 
14 96 182 0 
15 60 70 0 
16 47 112 0 
17 33 27 0 
18 35 95 0 
19 14 28 0 
20 30 59 0 
21 60 35 0 
22 68 186 0 
23 39 34 0 
24 7 8 0 
25 88 195 0 
26 25 16 0 
27 7 14 0 
28 25 26 0 
29 77 115 0 
30 54 54 0 
31 66 131 0 
32 56 48 0 
33 53 56 0 
34 47 30 0 
35 68 154 0 
36 86 242 0 
37 56 80 0 
38 89 175 0 
39 88 181 0 
40 98 231 0 
41 94 129 0 
42 49 73 0 
43 62 50 0 
44 16 27 0 
45 3 8 0 
46 38 102 0 
47 91 51 0 
48 18 16 0 
49 14 40 0 
50 54 42 0 
51 21 16 0 
52 26 67 0 
53 69 179 0 
54 40 103 0 
55 68 118 0 
56 53 55 0 
57 53 143 0 
58 60 140 0 
59 81 188 0 
60 11 26 0 
61 85 182 0 
62 49 68 0 
63 24 71 0 
64 75 91 0 
65 54 78 0 
66 14 28 0 
67 56 123 0 
68 9 22 0 
69 31 18 0 
70 52 46 0 
71 14 33 0 
72 34 85 0 
73 41 115 0 
74 74 191 0 
75 47 93 0 
76 51 146 0 
77 38 69 0 
78 77 206 0 
79 28 57 0 
80 9 18 0 
81 50 103 0 
82 68 62 0 
83 91 239 0 
84 4 7 0 
85 44 78 0 
86 89 148 0 
87 5 7 0 
88 36 57 0 
89 91 53 0 
90 30 37 0 
91 46 116 0 
92 84 90 0 
93 64 143 0 
94 79 69 0 
95 83 143 0 
96 28 52 0 
97 50 129 0 
98 27 19 0 
99 16 23 0 
100 81 219 0 
101 20 32 0 
102 29 82 0 
103 100 238 0 
104 76 149 0 
105 28 69 0 
106 77 82 0 
107 7 9 0 
108 48 102 0 
109 91 268 0 
110 75 211 0 
111 17 25 0 
112 52 86 0 
113 16 46 0 
114 53 106 0 
115 30 73 0 
116 94 186 0 
117 16 33 0 
118 52 33 0 
119 82 149 0 
120 78 61 0 
121 9 13 0 
122 68 113 0 
123 35 70 0 
124 58 31 0 
125 16 24 0 
126 28 58 0 
127 45 75 0 
128 6 7 0 
129 56 78 0 
130 58 118 0 
131 82 216 0 
132 70 104 0 
133 72 43 0 
134 28 15 0 
135 88 237 0 
136 61 84 0 
137 55 40 0 
138 42 72 0 
139 54 124 0 
140 2 6 0 
141 32 71 0 
142 38 90 0 
143 11 33 0 
144 99 265 0 
145 68 72 0 
146 80 218 0 
147 4 8 0 
148 98 101 0 
149 50 45 0 
150 7 10 0 
151 48 136 0 
152 26 23 0 
153 96 209 0 
154 11 18 0 
155 40 98 0 
156 15 24 0 
157 75 223 0 
158 25 40 0 
159 20 22 0 
160 22 22 0 
161 73 179 0 
162 79 217 0 
163 50 95 0 
164 15 33 0 
165 69 120 0 
166 2 4 0 
167 26 51 0 
168 45 117 0 
169 5 12 0 
170 51 135 0 
171 61 82 0 
172 80 58 0 
173 61 165 0 
174 20 13 0 
175 76 222 0 
176 26 30 0 
177 51 73 0 
178 19 41 0 
179 37 73 0 
180 92 67 0 
181 46 31 0 
182 82 179 0 
183 55 164 0 
184 47 112 0 
185 32 90 0 
186 87 76 0 
187 14 27 0 
188 9 9 0 
189 16 43 0 
190 48 32 0 
191 25 35 0 
192 14 19 0 
193 84 69 0 
194 57 141 0 
195 75 185 0 
196 25 74 0 
197 30 58 0 
198 54 106 0 
199 73 55 0 
