NAME GBP_INSTANCES\prob_3_A_3_4_1.txt
COMMENT
BINTYPES 3
ITEMS 200
BINS_SECTIONS
0 100 100 0 149 
1 120 120 0 125 
2 150 150 0 100 
ITEMS_SECTIONS
0 63 64 0 
1 54 29 0 
2 88 196 0 
3 71 160 0 
4 87 208 0 
5 90 103 0 
6 66 101 0 
7 56 29 0 
8 70 196 0 
9 85 182 0 
10 70 188 0 
11 61 156 0 
12 54 69 0 
13 74 123 0 
14 64 47 0 
15 67 161 0 
16 100 130 0 
17 98 125 0 
18 83 85 0 
19 57 101 0 
20 93 94 0 
21 100 107 0 
22 98 81 0 
23 72 42 0 
24 94 57 0 
25 54 60 0 
26 95 182 0 
27 74 74 0 
28 94 166 0 
29 84 65 0 
30 51 131 0 
31 95 244 0 
32 75 110 0 
33 55 48 0 
34 67 89 0 
35 66 75 0 
36 51 131 0 
37 91 173 0 
38 96 218 0 
39 87 257 0 
40 83 172 0 
41 96 103 0 
42 77 172 0 
43 79 60 0 
44 57 129 0 
45 82 177 0 
46 62 151 0 
47 97 220 0 
48 97 172 0 
49 93 243 0 
50 90 206 0 
51 74 56 0 
52 61 181 0 
53 67 141 0 
54 54 59 0 
55 98 217 0 
56 57 47 0 
57 75 84 0 
58 67 147 0 
59 67 127 0 
60 53 146 0 
61 86 83 0 
62 59 79 0 
63 91 161 0 
64 79 65 0 
65 93 221 0 
66 74 145 0 
67 88 96 0 
68 54 97 0 
69 100 280 0 
70 51 126 0 
71 74 161 0 
72 64 143 0 
73 53 150 0 
74 84 113 0 
75 64 163 0 
76 95 148 0 
77 63 72 0 
78 86 104 0 
79 78 222 0 
80 93 247 0 
81 64 87 0 
82 63 46 0 
83 62 83 0 
84 88 50 0 
85 96 210 0 
86 93 224 0 
87 76 127 0 
88 79 53 0 
89 55 159 0 
90 65 189 0 
91 56 36 0 
92 96 64 0 
93 100 110 0 
94 62 128 0 
95 56 51 0 
96 52 95 0 
97 64 64 0 
98 59 163 0 
99 66 82 0 
100 91 268 0 
101 65 53 0 
102 63 117 0 
103 70 123 0 
104 95 120 0 
105 91 183 0 
106 55 57 0 
107 54 148 0 
108 61 51 0 
109 71 139 0 
110 76 94 0 
111 93 221 0 
112 64 103 0 
113 71 77 0 
114 71 171 0 
115 56 75 0 
116 56 86 0 
117 89 77 0 
118 55 83 0 
119 55 149 0 
120 67 122 0 
121 70 110 0 
122 98 51 0 
123 64 105 0 
124 80 68 0 
125 59 133 0 
126 82 75 0 
127 93 183 0 
128 70 124 0 
129 95 136 0 
130 56 76 0 
131 92 241 0 
132 81 195 0 
133 89 216 0 
134 76 105 0 
135 71 153 0 
136 57 113 0 
137 74 212 0 
138 89 228 0 
139 54 84 0 
140 74 209 0 
141 69 37 0 
142 87 232 0 
143 66 164 0 
144 87 118 0 
145 55 72 0 
146 65 95 0 
147 58 155 0 
148 68 89 0 
149 100 180 0 
150 87 107 0 
151 76 206 0 
152 78 153 0 
153 73 90 0 
154 58 166 0 
155 77 165 0 
156 85 141 0 
157 51 130 0 
158 53 74 0 
159 97 85 0 
160 56 46 0 
161 90 262 0 
162 85 96 0 
163 79 138 0 
164 64 186 0 
165 80 226 0 
166 95 112 0 
167 62 59 0 
168 83 107 0 
169 96 199 0 
170 73 106 0 
171 86 89 0 
172 74 205 0 
173 69 139 0 
174 82 201 0 
175 63 122 0 
176 83 62 0 
177 86 69 0 
178 84 236 0 
179 90 233 0 
180 54 60 0 
181 89 77 0 
182 51 97 0 
183 73 120 0 
184 65 187 0 
185 99 297 0 
186 75 210 0 
187 52 112 0 
188 62 84 0 
189 68 148 0 
190 69 58 0 
191 55 55 0 
192 84 114 0 
193 86 228 0 
194 53 54 0 
195 56 128 0 
196 56 115 0 
197 99 290 0 
198 87 229 0 
199 75 70 0 
