NAME GBP_INSTANCES\prob_1_B_1_5_1.txt
COMMENT
BINTYPES 5
ITEMS 50
BINS_SECTIONS
0 60 60 0 39 
1 80 80 0 29 
2 100 100 0 23 
3 120 120 0 20 
4 150 150 0 16 
ITEMS_SECTIONS
0 52 124 0 
1 16 10 0 
2 41 104 0 
3 97 281 0 
4 69 125 0 
5 3 3 0 
6 86 158 0 
7 41 43 0 
8 6 16 0 
9 27 51 0 
10 42 29 0 
11 26 52 0 
12 62 45 0 
13 89 191 0 
14 62 37 0 
15 62 35 0 
16 80 170 0 
17 68 159 0 
18 73 145 0 
19 6 12 0 
20 73 183 0 
21 57 141 0 
22 32 66 0 
23 10 18 0 
24 88 163 0 
25 31 45 0 
26 25 56 0 
27 27 41 0 
28 90 216 0 
29 35 37 0 
30 65 86 0 
31 7 5 0 
32 19 35 0 
33 70 136 0 
34 19 25 0 
35 59 39 0 
36 16 9 0 
37 64 52 0 
38 32 28 0 
39 37 75 0 
40 66 164 0 
41 14 11 0 
42 73 197 0 
43 2 3 0 
44 50 60 0 
45 75 212 0 
46 72 118 0 
47 21 23 0 
48 57 107 0 
49 2 4 0 
