NAME GBP_INSTANCES\prob_3_B_1_2_1.txt
COMMENT
BINTYPES 5
ITEMS 50
BINS_SECTIONS
0 60 60 0 61 
1 80 80 0 46 
2 100 100 0 37 
3 120 120 0 31 
4 150 150 0 25 
ITEMS_SECTIONS
0 64 119 0 
1 82 85 0 
2 80 92 0 
3 61 146 0 
4 68 35 0 
5 98 116 0 
6 53 55 0 
7 84 75 0 
8 62 89 0 
9 51 56 0 
10 97 162 0 
11 53 151 0 
12 72 122 0 
13 66 155 0 
14 98 238 0 
15 74 159 0 
16 76 108 0 
17 84 101 0 
18 54 149 0 
19 57 154 0 
20 74 132 0 
21 90 227 0 
22 58 36 0 
23 56 35 0 
24 55 158 0 
25 55 152 0 
26 87 189 0 
27 87 49 0 
28 64 115 0 
29 60 111 0 
30 58 174 0 
31 53 133 0 
32 61 91 0 
33 94 185 0 
34 59 141 0 
35 75 215 0 
36 71 204 0 
37 98 219 0 
38 79 85 0 
39 71 116 0 
40 81 72 0 
41 84 142 0 
42 73 191 0 
43 77 56 0 
44 68 73 0 
45 69 144 0 
46 100 135 0 
47 93 91 0 
48 77 147 0 
49 84 245 0 
