NAME GBP_INSTANCES\prob_1_B_2_5_1.txt
COMMENT
BINTYPES 5
ITEMS 100
BINS_SECTIONS
0 60 60 0 84 
1 80 80 0 63 
2 100 100 0 51 
3 120 120 0 42 
4 150 150 0 34 
ITEMS_SECTIONS
0 55 131 0 
1 81 215 0 
2 23 26 0 
3 25 39 0 
4 10 15 0 
5 35 51 0 
6 85 201 0 
7 41 90 0 
8 14 36 0 
9 5 15 0 
10 53 94 0 
11 75 103 0 
12 86 88 0 
13 24 33 0 
14 7 7 0 
15 66 192 0 
16 86 89 0 
17 57 117 0 
18 94 111 0 
19 46 121 0 
20 100 268 0 
21 55 120 0 
22 81 224 0 
23 8 18 0 
24 60 68 0 
25 36 79 0 
26 47 96 0 
27 69 145 0 
28 98 225 0 
29 90 265 0 
30 11 20 0 
31 4 7 0 
32 26 47 0 
33 32 20 0 
34 47 113 0 
35 57 117 0 
36 46 83 0 
37 92 181 0 
38 82 142 0 
39 83 57 0 
40 80 79 0 
41 80 182 0 
42 18 33 0 
43 36 31 0 
44 25 41 0 
45 100 199 0 
46 76 149 0 
47 64 176 0 
48 13 32 0 
49 60 82 0 
50 22 34 0 
51 11 10 0 
52 5 5 0 
53 48 82 0 
54 50 94 0 
55 93 53 0 
56 76 208 0 
57 27 53 0 
58 90 195 0 
59 66 143 0 
60 23 50 0 
61 11 10 0 
62 22 53 0 
63 16 47 0 
64 57 32 0 
65 78 76 0 
66 48 75 0 
67 15 18 0 
68 30 17 0 
69 93 171 0 
70 31 44 0 
71 84 124 0 
72 18 19 0 
73 68 101 0 
74 22 49 0 
75 72 177 0 
76 39 39 0 
77 63 95 0 
78 96 127 0 
79 13 28 0 
80 34 83 0 
81 46 87 0 
82 35 89 0 
83 74 206 0 
84 56 105 0 
85 5 7 0 
86 49 52 0 
87 54 70 0 
88 26 54 0 
89 39 90 0 
90 93 226 0 
91 32 28 0 
92 95 56 0 
93 26 69 0 
94 68 115 0 
95 32 32 0 
96 63 49 0 
97 78 142 0 
98 56 125 0 
99 23 54 0 
