NAME GBP_INSTANCES\prob_2_B_4_4_1.txt
COMMENT
BINTYPES 5
ITEMS 500
BINS_SECTIONS
0 60 60 0 509 
1 80 80 0 382 
2 100 100 0 306 
3 120 120 0 255 
4 150 150 0 204 
ITEMS_SECTIONS
0 96 203 0 
1 49 140 0 
2 75 44 0 
3 98 158 0 
4 56 94 0 
5 39 90 0 
6 24 17 0 
7 24 41 0 
8 23 29 0 
9 95 65 0 
10 62 100 0 
11 43 109 0 
12 87 144 0 
13 41 106 0 
14 36 82 0 
15 32 43 0 
16 82 167 0 
17 43 112 0 
18 67 163 0 
19 71 188 0 
20 23 42 0 
21 36 86 0 
22 61 105 0 
23 79 123 0 
24 81 67 0 
25 31 36 0 
26 55 98 0 
27 76 178 0 
28 55 30 0 
29 86 145 0 
30 50 108 0 
31 62 83 0 
32 62 149 0 
33 46 133 0 
34 74 42 0 
35 83 43 0 
36 69 36 0 
37 85 82 0 
38 89 192 0 
39 66 123 0 
40 82 67 0 
41 73 57 0 
42 80 95 0 
43 46 112 0 
44 59 142 0 
45 78 44 0 
46 22 55 0 
47 60 135 0 
48 63 172 0 
49 29 34 0 
50 72 46 0 
51 87 118 0 
52 58 104 0 
53 51 46 0 
54 23 39 0 
55 29 48 0 
56 29 18 0 
57 49 124 0 
58 64 94 0 
59 37 110 0 
60 48 115 0 
61 70 36 0 
62 37 50 0 
63 48 54 0 
64 100 170 0 
65 82 96 0 
66 37 106 0 
67 49 82 0 
68 23 23 0 
69 59 119 0 
70 96 268 0 
71 76 122 0 
72 69 143 0 
73 76 191 0 
74 51 70 0 
75 44 36 0 
76 51 58 0 
77 72 160 0 
78 55 47 0 
79 88 127 0 
80 89 223 0 
81 38 100 0 
82 98 228 0 
83 62 122 0 
84 72 177 0 
85 51 107 0 
86 51 144 0 
87 89 54 0 
88 80 202 0 
89 34 84 0 
90 33 40 0 
91 85 54 0 
92 93 67 0 
93 84 67 0 
94 59 150 0 
95 68 64 0 
96 72 81 0 
97 69 73 0 
98 47 132 0 
99 53 44 0 
100 57 148 0 
101 53 140 0 
102 91 107 0 
103 70 80 0 
104 68 195 0 
105 73 37 0 
106 98 62 0 
107 65 103 0 
108 95 234 0 
109 43 88 0 
110 50 82 0 
111 54 55 0 
112 52 53 0 
113 74 115 0 
114 48 67 0 
115 55 64 0 
116 49 35 0 
117 45 126 0 
118 69 177 0 
119 97 154 0 
120 69 136 0 
121 86 196 0 
122 25 38 0 
123 52 58 0 
124 31 89 0 
125 99 175 0 
126 31 62 0 
127 80 100 0 
128 57 120 0 
129 27 45 0 
130 67 130 0 
131 77 165 0 
132 83 236 0 
133 69 129 0 
134 39 110 0 
135 29 35 0 
136 64 70 0 
137 59 114 0 
138 65 72 0 
139 64 188 0 
140 77 169 0 
141 79 61 0 
142 82 138 0 
143 99 89 0 
144 58 166 0 
145 91 139 0 
146 23 65 0 
147 54 94 0 
148 72 102 0 
149 25 54 0 
150 83 154 0 
151 99 201 0 
152 48 76 0 
153 98 125 0 
154 61 160 0 
155 98 100 0 
156 39 95 0 
157 79 163 0 
158 25 14 0 
159 92 165 0 
160 32 44 0 
161 84 57 0 
162 97 279 0 
163 33 77 0 
164 34 80 0 
165 95 248 0 
166 63 175 0 
167 63 61 0 
168 98 97 0 
169 61 123 0 
170 70 185 0 
171 83 118 0 
172 64 191 0 
173 94 128 0 
174 61 37 0 
175 97 92 0 
176 34 45 0 
177 70 52 0 
178 82 216 0 
179 52 40 0 
180 83 133 0 
181 55 115 0 
182 91 124 0 
183 28 33 0 
184 47 35 0 
185 67 82 0 
186 39 85 0 
187 68 59 0 
188 71 140 0 
189 51 124 0 
190 32 54 0 
191 80 96 0 
192 31 71 0 
193 73 190 0 
194 93 238 0 
195 79 166 0 
196 98 79 0 
197 25 45 0 
198 41 21 0 
199 88 49 0 
200 29 68 0 
201 48 130 0 
202 30 57 0 
203 93 278 0 
204 60 108 0 
205 72 97 0 
206 57 98 0 
207 45 80 0 
208 44 82 0 
209 21 33 0 
210 80 109 0 
211 52 118 0 
212 38 76 0 
213 22 55 0 
214 94 269 0 
215 25 52 0 
216 74 178 0 
217 98 193 0 
218 54 41 0 
219 57 111 0 
220 100 228 0 
221 31 60 0 
222 39 66 0 
223 64 133 0 
224 65 82 0 
225 98 268 0 
226 52 89 0 
227 61 95 0 
228 83 182 0 
229 65 76 0 
230 91 145 0 
231 68 110 0 
232 93 182 0 
233 21 15 0 
234 58 127 0 
235 71 169 0 
236 85 159 0 
237 62 48 0 
238 56 165 0 
239 69 40 0 
240 47 89 0 
241 58 85 0 
242 72 58 0 
243 63 177 0 
244 72 95 0 
245 46 50 0 
246 85 185 0 
247 37 23 0 
248 33 68 0 
249 84 108 0 
250 79 135 0 
251 85 118 0 
252 36 102 0 
253 25 49 0 
254 32 71 0 
255 36 30 0 
256 46 38 0 
257 48 111 0 
258 85 188 0 
259 71 61 0 
260 51 111 0 
261 83 237 0 
262 87 218 0 
263 95 79 0 
264 24 66 0 
265 85 134 0 
266 68 64 0 
267 82 46 0 
268 97 181 0 
269 22 54 0 
270 43 37 0 
271 23 21 0 
272 61 77 0 
273 85 89 0 
274 69 198 0 
275 23 26 0 
276 100 168 0 
277 69 201 0 
278 59 126 0 
279 59 102 0 
280 48 65 0 
281 25 16 0 
282 45 120 0 
283 23 63 0 
284 45 107 0 
285 22 54 0 
286 72 87 0 
287 33 67 0 
288 98 220 0 
289 81 176 0 
290 22 33 0 
291 52 135 0 
292 85 180 0 
293 99 284 0 
294 62 180 0 
295 69 90 0 
296 92 80 0 
297 55 106 0 
298 87 221 0 
299 40 35 0 
300 74 111 0 
301 57 147 0 
302 77 87 0 
303 48 51 0 
304 83 50 0 
305 34 19 0 
306 38 49 0 
307 36 38 0 
308 50 88 0 
309 24 62 0 
310 87 201 0 
311 56 56 0 
312 57 39 0 
313 30 23 0 
314 79 109 0 
315 66 190 0 
316 72 98 0 
317 83 129 0 
318 61 122 0 
319 59 171 0 
320 87 134 0 
321 60 34 0 
322 51 36 0 
323 31 18 0 
324 44 73 0 
325 38 52 0 
326 44 27 0 
327 96 202 0 
328 67 124 0 
329 93 158 0 
330 23 59 0 
331 25 46 0 
332 88 203 0 
333 99 257 0 
334 59 135 0 
335 93 48 0 
336 85 246 0 
337 22 24 0 
338 67 189 0 
339 55 44 0 
340 31 31 0 
341 70 89 0 
342 76 215 0 
343 37 22 0 
344 60 139 0 
345 73 152 0 
346 27 47 0 
347 99 186 0 
348 80 106 0 
349 92 154 0 
350 55 54 0 
351 87 50 0 
352 95 114 0 
353 39 21 0 
354 76 116 0 
355 43 25 0 
356 43 41 0 
357 53 149 0 
358 61 93 0 
359 90 239 0 
360 96 112 0 
361 68 98 0 
362 59 159 0 
363 43 47 0 
364 69 166 0 
365 69 107 0 
366 45 97 0 
367 75 133 0 
368 98 146 0 
369 36 76 0 
370 39 23 0 
371 38 47 0 
372 88 146 0 
373 34 40 0 
374 92 200 0 
375 60 69 0 
376 30 44 0 
377 78 150 0 
378 93 249 0 
379 92 152 0 
380 48 60 0 
381 84 214 0 
382 30 26 0 
383 57 163 0 
384 21 26 0 
385 97 169 0 
386 39 101 0 
387 54 41 0 
388 58 135 0 
389 45 32 0 
390 58 44 0 
391 94 260 0 
392 60 83 0 
393 36 80 0 
394 99 118 0 
395 31 36 0 
396 48 73 0 
397 34 100 0 
398 88 121 0 
399 36 34 0 
400 50 140 0 
401 90 114 0 
402 34 71 0 
403 33 43 0 
404 44 88 0 
405 51 43 0 
406 39 55 0 
407 72 203 0 
408 80 159 0 
409 75 43 0 
410 36 48 0 
411 26 54 0 
412 53 76 0 
413 81 190 0 
414 39 98 0 
415 37 71 0 
416 61 119 0 
417 21 47 0 
418 81 218 0 
419 32 60 0 
420 80 45 0 
421 62 91 0 
422 56 146 0 
423 37 61 0 
424 63 155 0 
425 81 234 0 
426 79 174 0 
427 92 189 0 
428 68 202 0 
429 49 56 0 
430 80 225 0 
431 67 177 0 
432 87 188 0 
433 63 76 0 
434 91 135 0 
435 94 235 0 
436 59 89 0 
437 82 102 0 
438 57 127 0 
439 64 106 0 
440 60 119 0 
441 41 68 0 
442 54 72 0 
443 45 94 0 
444 30 88 0 
445 90 159 0 
446 51 139 0 
447 61 59 0 
448 70 140 0 
449 26 61 0 
450 58 165 0 
451 37 32 0 
452 38 78 0 
453 60 34 0 
454 74 68 0 
455 54 54 0 
456 22 16 0 
457 75 55 0 
458 59 75 0 
459 94 48 0 
460 35 65 0 
461 77 151 0 
462 70 165 0 
463 69 72 0 
464 91 86 0 
465 26 66 0 
466 47 57 0 
467 45 47 0 
468 71 57 0 
469 78 174 0 
470 45 45 0 
471 79 233 0 
472 37 72 0 
473 63 141 0 
474 63 43 0 
475 65 115 0 
476 91 206 0 
477 29 41 0 
478 35 28 0 
479 51 40 0 
480 40 40 0 
481 35 24 0 
482 26 28 0 
483 55 135 0 
484 38 78 0 
485 62 84 0 
486 51 114 0 
487 92 165 0 
488 75 210 0 
489 78 163 0 
490 51 81 0 
491 77 106 0 
492 28 79 0 
493 68 68 0 
494 24 54 0 
495 65 42 0 
496 84 136 0 
497 73 62 0 
498 95 244 0 
499 33 30 0 
