NAME GBP_INSTANCES\prob_3_A_1_6_1.txt
COMMENT
BINTYPES 3
ITEMS 50
BINS_SECTIONS
0 100 100 0 38 
1 120 120 0 32 
2 150 150 0 26 
ITEMS_SECTIONS
0 73 78 0 
1 88 203 0 
2 98 212 0 
3 81 121 0 
4 84 188 0 
5 54 154 0 
6 88 196 0 
7 60 80 0 
8 97 221 0 
9 74 128 0 
10 52 48 0 
11 69 204 0 
12 80 62 0 
13 68 185 0 
14 78 193 0 
15 70 77 0 
16 89 116 0 
17 95 163 0 
18 69 169 0 
19 73 58 0 
20 96 131 0 
21 92 246 0 
22 74 179 0 
23 78 131 0 
24 72 157 0 
25 52 112 0 
26 57 86 0 
27 75 197 0 
28 65 97 0 
29 100 98 0 
30 97 90 0 
31 99 196 0 
32 58 165 0 
33 99 112 0 
34 75 78 0 
35 52 67 0 
36 51 76 0 
37 85 93 0 
38 91 199 0 
39 89 57 0 
40 85 184 0 
41 62 141 0 
42 64 69 0 
43 85 128 0 
44 67 121 0 
45 65 129 0 
46 57 88 0 
47 69 68 0 
48 60 106 0 
49 72 38 0 
