NAME GBP_INSTANCES\prob_3_B_3_9_1.txt
COMMENT
BINTYPES 5
ITEMS 200
BINS_SECTIONS
0 60 60 0 248 
1 80 80 0 186 
2 100 100 0 149 
3 120 120 0 124 
4 150 150 0 100 
ITEMS_SECTIONS
0 85 141 0 
1 81 174 0 
2 59 87 0 
3 74 167 0 
4 85 216 0 
5 66 182 0 
6 95 175 0 
7 66 97 0 
8 69 127 0 
9 75 206 0 
10 92 255 0 
11 96 233 0 
12 83 103 0 
13 78 209 0 
14 59 41 0 
15 80 123 0 
16 93 164 0 
17 69 119 0 
18 71 46 0 
19 98 176 0 
20 65 77 0 
21 85 65 0 
22 53 146 0 
23 95 250 0 
24 70 205 0 
25 79 194 0 
26 63 119 0 
27 56 163 0 
28 60 144 0 
29 75 159 0 
30 94 248 0 
31 88 186 0 
32 52 108 0 
33 60 178 0 
34 56 155 0 
35 69 162 0 
36 55 100 0 
37 51 63 0 
38 100 142 0 
39 77 204 0 
40 83 184 0 
41 59 59 0 
42 80 217 0 
43 75 46 0 
44 58 165 0 
45 95 49 0 
46 87 65 0 
47 65 62 0 
48 58 85 0 
49 78 162 0 
50 55 93 0 
51 77 219 0 
52 91 122 0 
53 95 211 0 
54 90 94 0 
55 58 158 0 
56 66 167 0 
57 68 176 0 
58 52 118 0 
59 93 273 0 
60 86 127 0 
61 93 64 0 
62 89 254 0 
63 96 159 0 
64 83 93 0 
65 84 204 0 
66 82 110 0 
67 75 152 0 
68 74 76 0 
69 53 108 0 
70 76 109 0 
71 54 54 0 
72 54 52 0 
73 59 94 0 
74 87 222 0 
75 94 274 0 
76 62 73 0 
77 94 210 0 
78 67 164 0 
79 67 90 0 
80 73 88 0 
81 51 84 0 
82 72 41 0 
83 99 126 0 
84 63 93 0 
85 91 168 0 
86 54 54 0 
87 66 139 0 
88 53 83 0 
89 52 145 0 
90 81 201 0 
91 85 157 0 
92 61 63 0 
93 56 125 0 
94 54 124 0 
95 88 109 0 
96 91 136 0 
97 76 60 0 
98 69 203 0 
99 89 185 0 
100 72 52 0 
101 68 104 0 
102 53 138 0 
103 54 76 0 
104 80 85 0 
105 55 77 0 
106 65 83 0 
107 54 30 0 
108 56 114 0 
109 93 78 0 
110 90 98 0 
111 61 32 0 
112 58 139 0 
113 57 140 0 
114 78 166 0 
115 54 144 0 
116 59 94 0 
117 56 57 0 
118 86 231 0 
119 53 86 0 
120 59 97 0 
121 80 127 0 
122 99 102 0 
123 98 118 0 
124 62 163 0 
125 92 251 0 
126 68 37 0 
127 96 263 0 
128 51 116 0 
129 54 144 0 
130 99 108 0 
131 93 278 0 
132 70 45 0 
133 60 59 0 
134 86 196 0 
135 90 76 0 
136 68 179 0 
137 66 124 0 
138 63 91 0 
139 85 115 0 
140 84 88 0 
141 80 164 0 
142 74 79 0 
143 82 229 0 
144 92 263 0 
145 60 132 0 
146 78 186 0 
147 62 113 0 
148 87 153 0 
149 86 218 0 
150 54 138 0 
151 59 51 0 
152 75 203 0 
153 94 248 0 
154 54 140 0 
155 77 51 0 
156 54 74 0 
157 97 217 0 
158 84 114 0 
159 55 87 0 
160 98 142 0 
161 74 150 0 
162 99 96 0 
163 94 263 0 
164 69 117 0 
165 59 100 0 
166 52 135 0 
167 80 220 0 
168 88 209 0 
169 56 40 0 
170 79 55 0 
171 97 65 0 
172 80 228 0 
173 59 143 0 
174 57 58 0 
175 66 73 0 
176 67 185 0 
177 64 59 0 
178 76 186 0 
179 70 110 0 
180 96 285 0 
181 95 64 0 
182 96 78 0 
183 78 127 0 
184 98 164 0 
185 77 139 0 
186 95 64 0 
187 98 86 0 
188 86 171 0 
189 82 74 0 
190 79 194 0 
191 53 33 0 
192 78 191 0 
193 88 218 0 
194 99 67 0 
195 82 98 0 
196 61 121 0 
197 64 34 0 
198 51 95 0 
199 96 56 0 
