NAME GBP_INSTANCES\prob_2_B_2_8_1.txt
COMMENT
BINTYPES 5
ITEMS 100
BINS_SECTIONS
0 60 60 0 99 
1 80 80 0 74 
2 100 100 0 59 
3 120 120 0 50 
4 150 150 0 40 
ITEMS_SECTIONS
0 92 147 0 
1 60 96 0 
2 77 97 0 
3 33 34 0 
4 49 135 0 
5 29 82 0 
6 29 43 0 
7 38 25 0 
8 54 89 0 
9 53 159 0 
10 64 65 0 
11 60 97 0 
12 25 38 0 
13 36 79 0 
14 49 82 0 
15 31 30 0 
16 85 155 0 
17 78 121 0 
18 35 32 0 
19 76 146 0 
20 77 87 0 
21 79 104 0 
22 27 14 0 
23 25 58 0 
24 45 48 0 
25 32 19 0 
26 56 33 0 
27 25 28 0 
28 36 44 0 
29 97 188 0 
30 84 78 0 
31 59 97 0 
32 63 172 0 
33 96 234 0 
34 88 162 0 
35 65 165 0 
36 93 187 0 
37 96 136 0 
38 80 239 0 
39 49 136 0 
40 46 63 0 
41 91 217 0 
42 30 88 0 
43 60 147 0 
44 53 69 0 
45 80 175 0 
46 82 105 0 
47 56 149 0 
48 62 142 0 
49 60 86 0 
50 60 107 0 
51 70 56 0 
52 39 39 0 
53 95 181 0 
54 30 86 0 
55 26 47 0 
56 64 185 0 
57 90 128 0 
58 97 173 0 
59 55 148 0 
60 52 129 0 
61 54 87 0 
62 26 55 0 
63 37 35 0 
64 94 180 0 
65 75 50 0 
66 45 54 0 
67 25 24 0 
68 88 141 0 
69 83 242 0 
70 62 155 0 
71 100 158 0 
72 72 151 0 
73 69 165 0 
74 31 28 0 
75 52 53 0 
76 80 232 0 
77 90 230 0 
78 43 94 0 
79 64 88 0 
80 54 119 0 
81 37 19 0 
82 73 194 0 
83 73 135 0 
84 75 125 0 
85 85 231 0 
86 57 144 0 
87 35 78 0 
88 84 83 0 
89 30 66 0 
90 57 54 0 
91 42 23 0 
92 78 101 0 
93 54 133 0 
94 65 161 0 
95 29 35 0 
96 31 63 0 
97 67 173 0 
98 22 60 0 
99 37 29 0 
