NAME GBP_INSTANCES\prob_1_A_1_3_1.txt
COMMENT
BINTYPES 3
ITEMS 50
BINS_SECTIONS
0 100 100 0 22 
1 120 120 0 19 
2 150 150 0 15 
ITEMS_SECTIONS
0 72 178 0 
1 65 126 0 
2 59 97 0 
3 96 273 0 
4 47 52 0 
5 53 57 0 
6 37 36 0 
7 34 101 0 
8 2 3 0 
9 98 180 0 
10 44 45 0 
11 19 57 0 
12 17 34 0 
13 54 69 0 
14 59 91 0 
15 33 91 0 
16 35 77 0 
17 17 44 0 
18 45 114 0 
19 26 48 0 
20 21 49 0 
21 73 128 0 
22 23 20 0 
23 21 22 0 
24 43 72 0 
25 78 214 0 
26 84 215 0 
27 26 46 0 
28 2 3 0 
29 52 33 0 
30 36 27 0 
31 10 20 0 
32 71 195 0 
33 27 60 0 
34 36 93 0 
35 55 100 0 
36 88 177 0 
37 32 64 0 
38 9 20 0 
39 46 94 0 
40 39 78 0 
41 48 144 0 
42 84 144 0 
43 4 8 0 
44 91 264 0 
45 21 28 0 
46 64 190 0 
47 14 26 0 
48 25 28 0 
49 61 94 0 
