NAME GBP_INSTANCES\prob_2_A_1_0_1.txt
COMMENT
BINTYPES 3
ITEMS 50
BINS_SECTIONS
0 100 100 0 31 
1 120 120 0 26 
2 150 150 0 21 
ITEMS_SECTIONS
0 74 123 0 
1 34 73 0 
2 95 137 0 
3 51 126 0 
4 80 87 0 
5 58 69 0 
6 77 140 0 
7 70 67 0 
8 84 222 0 
9 64 118 0 
10 63 175 0 
11 23 39 0 
12 79 111 0 
13 47 130 0 
14 94 258 0 
15 52 43 0 
16 69 40 0 
17 34 80 0 
18 68 81 0 
19 86 171 0 
20 26 32 0 
21 62 86 0 
22 46 83 0 
23 69 191 0 
24 70 172 0 
25 91 240 0 
26 51 126 0 
27 35 49 0 
28 37 85 0 
29 23 61 0 
30 95 207 0 
31 82 191 0 
32 37 51 0 
33 21 54 0 
34 96 148 0 
35 53 37 0 
36 22 66 0 
37 28 41 0 
38 27 48 0 
39 98 154 0 
40 70 49 0 
41 50 102 0 
42 98 129 0 
43 64 150 0 
44 34 101 0 
45 85 198 0 
46 45 43 0 
47 29 46 0 
48 91 50 0 
49 73 122 0 
