NAME GBP_INSTANCES\prob_2_B_4_7_1.txt
COMMENT
BINTYPES 5
ITEMS 500
BINS_SECTIONS
0 60 60 0 502 
1 80 80 0 376 
2 100 100 0 301 
3 120 120 0 251 
4 150 150 0 201 
ITEMS_SECTIONS
0 29 35 0 
1 95 62 0 
2 48 26 0 
3 74 105 0 
4 74 125 0 
5 37 76 0 
6 51 27 0 
7 37 96 0 
8 90 270 0 
9 43 102 0 
10 90 170 0 
11 38 101 0 
12 25 22 0 
13 71 174 0 
14 30 66 0 
15 31 37 0 
16 30 90 0 
17 64 139 0 
18 86 116 0 
19 57 149 0 
20 45 57 0 
21 28 34 0 
22 60 140 0 
23 66 74 0 
24 91 231 0 
25 97 188 0 
26 39 72 0 
27 44 102 0 
28 53 156 0 
29 54 162 0 
30 35 45 0 
31 52 134 0 
32 89 251 0 
33 59 54 0 
34 87 106 0 
35 78 176 0 
36 42 94 0 
37 42 123 0 
38 60 43 0 
39 90 238 0 
40 36 34 0 
41 89 141 0 
42 96 119 0 
43 31 80 0 
44 63 91 0 
45 57 165 0 
46 80 82 0 
47 82 146 0 
48 37 53 0 
49 38 100 0 
50 39 85 0 
51 29 37 0 
52 31 47 0 
53 73 59 0 
54 57 65 0 
55 82 154 0 
56 94 260 0 
57 89 130 0 
58 50 99 0 
59 55 74 0 
60 87 175 0 
61 58 94 0 
62 54 142 0 
63 40 75 0 
64 58 34 0 
65 69 133 0 
66 70 165 0 
67 72 170 0 
68 66 112 0 
69 90 50 0 
70 77 156 0 
71 55 113 0 
72 59 158 0 
73 50 84 0 
74 31 18 0 
75 92 251 0 
76 79 130 0 
77 25 53 0 
78 59 85 0 
79 98 227 0 
80 35 44 0 
81 39 101 0 
82 45 114 0 
83 28 20 0 
84 40 22 0 
85 69 130 0 
86 80 84 0 
87 85 182 0 
88 61 120 0 
89 80 199 0 
90 96 180 0 
91 71 184 0 
92 66 51 0 
93 29 62 0 
94 89 241 0 
95 63 72 0 
96 23 27 0 
97 84 203 0 
98 35 24 0 
99 43 44 0 
100 72 166 0 
101 24 47 0 
102 27 48 0 
103 23 68 0 
104 78 139 0 
105 71 197 0 
106 64 64 0 
107 66 85 0 
108 61 162 0 
109 34 90 0 
110 92 92 0 
111 58 118 0 
112 77 184 0 
113 59 157 0 
114 65 64 0 
115 63 119 0 
116 22 48 0 
117 35 56 0 
118 35 46 0 
119 86 233 0 
120 82 120 0 
121 50 89 0 
122 63 79 0 
123 83 199 0 
124 47 40 0 
125 84 194 0 
126 46 102 0 
127 64 91 0 
128 84 124 0 
129 50 96 0 
130 23 35 0 
131 22 12 0 
132 39 37 0 
133 38 82 0 
134 38 114 0 
135 88 200 0 
136 30 73 0 
137 46 72 0 
138 42 88 0 
139 90 130 0 
140 54 116 0 
141 96 285 0 
142 24 18 0 
143 32 52 0 
144 73 219 0 
145 80 97 0 
146 53 84 0 
147 30 26 0 
148 70 44 0 
149 97 239 0 
150 25 29 0 
151 26 50 0 
152 99 231 0 
153 45 75 0 
154 78 51 0 
155 48 120 0 
156 65 142 0 
157 46 57 0 
158 28 34 0 
159 74 56 0 
160 43 126 0 
161 62 48 0 
162 66 197 0 
163 88 180 0 
164 89 247 0 
165 31 70 0 
166 29 37 0 
167 34 41 0 
168 29 42 0 
169 95 61 0 
170 50 46 0 
171 23 35 0 
172 84 166 0 
173 85 243 0 
174 57 151 0 
175 94 274 0 
176 33 51 0 
177 68 182 0 
178 45 59 0 
179 33 48 0 
180 91 119 0 
181 87 92 0 
182 33 42 0 
183 91 209 0 
184 78 59 0 
185 100 138 0 
186 24 69 0 
187 53 67 0 
188 52 59 0 
189 84 125 0 
190 96 207 0 
191 53 57 0 
192 35 50 0 
193 41 69 0 
194 39 101 0 
195 50 34 0 
196 78 159 0 
197 89 217 0 
198 42 85 0 
199 52 139 0 
200 47 139 0 
201 86 128 0 
202 90 118 0 
203 97 64 0 
204 71 162 0 
205 67 57 0 
206 29 37 0 
207 86 88 0 
208 62 59 0 
209 59 126 0 
210 71 102 0 
211 63 87 0 
212 51 87 0 
213 28 63 0 
214 75 73 0 
215 76 82 0 
216 77 128 0 
217 77 107 0 
218 23 62 0 
219 69 131 0 
220 78 180 0 
221 77 59 0 
222 27 72 0 
223 47 132 0 
224 56 111 0 
225 54 75 0 
226 51 76 0 
227 83 191 0 
228 80 118 0 
229 89 177 0 
230 74 147 0 
231 100 111 0 
232 72 141 0 
233 36 91 0 
234 81 240 0 
235 27 30 0 
236 74 123 0 
237 52 56 0 
238 58 70 0 
239 100 52 0 
240 43 93 0 
241 75 85 0 
242 80 70 0 
243 79 119 0 
244 53 104 0 
245 47 118 0 
246 50 92 0 
247 24 53 0 
248 95 247 0 
249 65 170 0 
250 31 71 0 
251 39 97 0 
252 31 27 0 
253 90 212 0 
254 37 71 0 
255 29 48 0 
256 38 59 0 
257 80 128 0 
258 49 98 0 
259 88 135 0 
260 67 52 0 
261 92 119 0 
262 79 101 0 
263 64 180 0 
264 32 54 0 
265 27 76 0 
266 100 89 0 
267 57 84 0 
268 48 53 0 
269 81 206 0 
270 57 145 0 
271 72 100 0 
272 38 59 0 
273 46 134 0 
274 99 86 0 
275 86 184 0 
276 98 290 0 
277 61 105 0 
278 49 39 0 
279 63 88 0 
280 66 73 0 
281 61 71 0 
282 85 214 0 
283 29 70 0 
284 96 239 0 
285 56 129 0 
286 58 110 0 
287 62 97 0 
288 90 182 0 
289 81 204 0 
290 59 167 0 
291 96 198 0 
292 69 104 0 
293 27 56 0 
294 50 92 0 
295 78 69 0 
296 29 62 0 
297 50 104 0 
298 62 44 0 
299 81 215 0 
300 89 199 0 
301 59 44 0 
302 58 162 0 
303 28 22 0 
304 44 36 0 
305 50 69 0 
306 72 177 0 
307 59 114 0 
308 83 55 0 
309 92 134 0 
310 44 92 0 
311 91 166 0 
312 25 24 0 
313 50 96 0 
314 58 162 0 
315 75 120 0 
316 35 25 0 
317 95 106 0 
318 62 89 0 
319 55 38 0 
320 100 52 0 
321 88 118 0 
322 24 52 0 
323 23 23 0 
324 92 201 0 
325 93 112 0 
326 96 121 0 
327 42 29 0 
328 26 24 0 
329 83 114 0 
330 39 86 0 
331 36 72 0 
332 26 53 0 
333 81 46 0 
334 51 98 0 
335 80 167 0 
336 79 72 0 
337 71 161 0 
338 99 236 0 
339 98 290 0 
340 45 130 0 
341 33 44 0 
342 44 112 0 
343 93 133 0 
344 100 299 0 
345 83 132 0 
346 61 70 0 
347 100 299 0 
348 68 148 0 
349 35 45 0 
350 55 148 0 
351 83 83 0 
352 52 133 0 
353 42 62 0 
354 44 55 0 
355 76 91 0 
356 40 65 0 
357 34 46 0 
358 46 55 0 
359 24 26 0 
360 82 132 0 
361 92 54 0 
362 21 25 0 
363 69 37 0 
364 69 98 0 
365 28 35 0 
366 62 71 0 
367 30 51 0 
368 94 210 0 
369 83 153 0 
370 41 114 0 
371 32 72 0 
372 76 55 0 
373 42 109 0 
374 94 277 0 
375 60 114 0 
376 40 37 0 
377 41 69 0 
378 43 126 0 
379 75 168 0 
380 73 216 0 
381 52 129 0 
382 85 43 0 
383 70 145 0 
384 29 71 0 
385 27 14 0 
386 56 93 0 
387 26 72 0 
388 36 31 0 
389 22 59 0 
390 83 93 0 
391 21 28 0 
392 33 34 0 
393 30 22 0 
394 73 214 0 
395 55 67 0 
396 84 103 0 
397 50 90 0 
398 75 138 0 
399 84 167 0 
400 62 124 0 
401 45 98 0 
402 72 182 0 
403 58 144 0 
404 87 241 0 
405 64 101 0 
406 39 100 0 
407 73 148 0 
408 91 247 0 
409 29 59 0 
410 28 63 0 
411 98 201 0 
412 64 185 0 
413 28 24 0 
414 73 118 0 
415 29 52 0 
416 50 59 0 
417 38 35 0 
418 76 146 0 
419 93 67 0 
420 99 90 0 
421 96 205 0 
422 31 30 0 
423 36 71 0 
424 53 143 0 
425 77 189 0 
426 22 23 0 
427 76 227 0 
428 75 118 0 
429 83 146 0 
430 33 21 0 
431 57 151 0 
432 50 84 0 
433 65 106 0 
434 48 46 0 
435 98 111 0 
436 46 42 0 
437 73 107 0 
438 79 159 0 
439 57 148 0 
440 34 50 0 
441 63 177 0 
442 40 60 0 
443 75 85 0 
444 35 104 0 
445 33 57 0 
446 59 144 0 
447 58 45 0 
448 72 39 0 
449 56 98 0 
450 35 61 0 
451 65 160 0 
452 66 57 0 
453 85 93 0 
454 68 157 0 
455 79 179 0 
456 94 262 0 
457 83 123 0 
458 88 220 0 
459 21 25 0 
460 23 26 0 
461 91 240 0 
462 73 135 0 
463 93 92 0 
464 65 128 0 
465 78 178 0 
466 59 52 0 
467 45 42 0 
468 59 145 0 
469 70 110 0 
470 53 56 0 
471 28 31 0 
472 70 60 0 
473 64 168 0 
474 21 14 0 
475 37 30 0 
476 35 33 0 
477 87 240 0 
478 43 127 0 
479 24 71 0 
480 70 49 0 
481 50 40 0 
482 25 63 0 
483 97 145 0 
484 71 119 0 
485 83 179 0 
486 93 100 0 
487 89 135 0 
488 45 71 0 
489 42 44 0 
490 92 194 0 
491 67 69 0 
492 47 131 0 
493 66 124 0 
494 54 67 0 
495 22 33 0 
496 49 95 0 
497 87 227 0 
498 34 102 0 
499 77 75 0 
