NAME GBP_INSTANCES\prob_3_B_4_5_1.txt
COMMENT
BINTYPES 5
ITEMS 500
BINS_SECTIONS
0 60 60 0 628 
1 80 80 0 471 
2 100 100 0 377 
3 120 120 0 314 
4 150 150 0 251 
ITEMS_SECTIONS
0 100 278 0 
1 91 251 0 
2 70 190 0 
3 73 59 0 
4 81 102 0 
5 96 120 0 
6 90 62 0 
7 95 84 0 
8 55 131 0 
9 74 72 0 
10 86 76 0 
11 73 161 0 
12 73 82 0 
13 98 84 0 
14 67 90 0 
15 67 61 0 
16 64 109 0 
17 79 113 0 
18 73 38 0 
19 55 133 0 
20 98 204 0 
21 97 50 0 
22 59 65 0 
23 93 267 0 
24 99 251 0 
25 70 56 0 
26 79 115 0 
27 79 151 0 
28 89 181 0 
29 60 164 0 
30 62 35 0 
31 100 143 0 
32 84 171 0 
33 82 176 0 
34 53 62 0 
35 63 167 0 
36 64 165 0 
37 55 128 0 
38 75 199 0 
39 54 34 0 
40 93 192 0 
41 57 30 0 
42 75 162 0 
43 99 214 0 
44 67 68 0 
45 96 97 0 
46 56 73 0 
47 56 148 0 
48 95 59 0 
49 87 190 0 
50 79 49 0 
51 83 204 0 
52 66 70 0 
53 99 92 0 
54 62 50 0 
55 66 151 0 
56 91 60 0 
57 80 94 0 
58 71 192 0 
59 71 147 0 
60 81 201 0 
61 53 144 0 
62 90 125 0 
63 84 86 0 
64 94 247 0 
65 98 261 0 
66 90 163 0 
67 100 119 0 
68 65 136 0 
69 69 145 0 
70 61 104 0 
71 55 122 0 
72 55 63 0 
73 58 115 0 
74 60 68 0 
75 74 62 0 
76 76 141 0 
77 93 217 0 
78 94 214 0 
79 98 265 0 
80 82 185 0 
81 55 161 0 
82 91 234 0 
83 75 200 0 
84 89 191 0 
85 83 108 0 
86 78 144 0 
87 95 100 0 
88 100 98 0 
89 54 101 0 
90 69 182 0 
91 90 204 0 
92 59 66 0 
93 66 170 0 
94 84 155 0 
95 52 65 0 
96 60 76 0 
97 51 151 0 
98 94 262 0 
99 56 130 0 
100 74 40 0 
101 54 135 0 
102 73 126 0 
103 83 44 0 
104 86 51 0 
105 98 109 0 
106 55 93 0 
107 77 54 0 
108 96 103 0 
109 80 209 0 
110 51 64 0 
111 53 35 0 
112 71 167 0 
113 54 120 0 
114 60 134 0 
115 54 61 0 
116 61 175 0 
117 60 84 0 
118 57 134 0 
119 53 151 0 
120 63 169 0 
121 100 135 0 
122 97 190 0 
123 89 177 0 
124 52 119 0 
125 64 99 0 
126 60 156 0 
127 81 229 0 
128 96 120 0 
129 72 152 0 
130 98 88 0 
131 57 81 0 
132 88 200 0 
133 64 149 0 
134 85 201 0 
135 100 264 0 
136 65 183 0 
137 70 190 0 
138 92 193 0 
139 92 55 0 
140 86 198 0 
141 93 92 0 
142 93 161 0 
143 59 40 0 
144 95 201 0 
145 74 116 0 
146 55 127 0 
147 100 296 0 
148 85 115 0 
149 81 156 0 
150 98 234 0 
151 93 57 0 
152 52 70 0 
153 91 266 0 
154 99 252 0 
155 82 158 0 
156 97 132 0 
157 53 140 0 
158 87 179 0 
159 73 163 0 
160 52 60 0 
161 59 44 0 
162 61 37 0 
163 84 168 0 
164 66 177 0 
165 98 268 0 
166 70 82 0 
167 98 76 0 
168 57 30 0 
169 81 226 0 
170 80 120 0 
171 57 114 0 
172 64 190 0 
173 60 128 0 
174 86 150 0 
175 86 238 0 
176 71 122 0 
177 72 111 0 
178 73 215 0 
179 95 52 0 
180 76 51 0 
181 92 231 0 
182 97 107 0 
183 96 109 0 
184 76 172 0 
185 69 133 0 
186 97 209 0 
187 84 156 0 
188 93 201 0 
189 81 55 0 
190 78 93 0 
191 62 171 0 
192 65 134 0 
193 75 47 0 
194 66 165 0 
195 73 48 0 
196 81 43 0 
197 97 185 0 
198 98 159 0 
199 51 68 0 
200 65 39 0 
201 57 122 0 
202 51 87 0 
203 66 174 0 
204 59 48 0 
205 100 276 0 
206 94 233 0 
207 82 149 0 
208 55 50 0 
209 69 185 0 
210 81 219 0 
211 78 152 0 
212 61 130 0 
213 77 196 0 
214 99 96 0 
215 76 81 0 
216 80 148 0 
217 93 149 0 
218 83 102 0 
219 65 179 0 
220 100 133 0 
221 89 90 0 
222 98 120 0 
223 62 101 0 
224 57 67 0 
225 54 30 0 
226 67 146 0 
227 64 187 0 
228 62 63 0 
229 92 246 0 
230 88 163 0 
231 59 121 0 
232 75 106 0 
233 90 223 0 
234 60 79 0 
235 66 141 0 
236 61 85 0 
237 74 72 0 
238 81 243 0 
239 74 166 0 
240 85 237 0 
241 56 53 0 
242 73 190 0 
243 92 231 0 
244 77 58 0 
245 66 116 0 
246 98 109 0 
247 74 132 0 
248 93 105 0 
249 90 179 0 
250 74 90 0 
251 99 173 0 
252 89 181 0 
253 59 57 0 
254 57 53 0 
255 65 151 0 
256 86 128 0 
257 93 241 0 
258 94 83 0 
259 52 34 0 
260 52 113 0 
261 58 74 0 
262 58 156 0 
263 54 76 0 
264 61 136 0 
265 89 258 0 
266 84 164 0 
267 59 59 0 
268 73 200 0 
269 88 66 0 
270 56 117 0 
271 71 188 0 
272 89 48 0 
273 92 124 0 
274 64 39 0 
275 83 206 0 
276 71 184 0 
277 79 93 0 
278 85 60 0 
279 61 63 0 
280 83 103 0 
281 52 102 0 
282 61 126 0 
283 68 39 0 
284 91 177 0 
285 67 127 0 
286 67 116 0 
287 94 120 0 
288 97 278 0 
289 60 151 0 
290 99 146 0 
291 87 192 0 
292 55 165 0 
293 62 126 0 
294 75 51 0 
295 99 179 0 
296 83 217 0 
297 82 111 0 
298 77 177 0 
299 53 67 0 
300 55 130 0 
301 86 59 0 
302 80 237 0 
303 60 81 0 
304 79 193 0 
305 51 28 0 
306 92 82 0 
307 54 86 0 
308 52 84 0 
309 80 104 0 
310 100 248 0 
311 88 252 0 
312 51 120 0 
313 89 265 0 
314 56 113 0 
315 56 38 0 
316 51 62 0 
317 80 99 0 
318 85 245 0 
319 100 71 0 
320 68 155 0 
321 87 198 0 
322 56 47 0 
323 74 79 0 
324 84 185 0 
325 63 48 0 
326 52 121 0 
327 82 207 0 
328 85 85 0 
329 62 104 0 
330 62 94 0 
331 60 55 0 
332 83 146 0 
333 57 120 0 
334 60 162 0 
335 59 110 0 
336 52 96 0 
337 75 159 0 
338 70 125 0 
339 61 175 0 
340 90 261 0 
341 73 189 0 
342 83 205 0 
343 87 187 0 
344 86 252 0 
345 80 42 0 
346 97 139 0 
347 51 49 0 
348 70 71 0 
349 58 95 0 
350 69 130 0 
351 67 111 0 
352 67 164 0 
353 76 122 0 
354 67 115 0 
355 71 179 0 
356 66 34 0 
357 63 187 0 
358 53 155 0 
359 76 155 0 
360 99 166 0 
361 90 232 0 
362 90 225 0 
363 95 76 0 
364 89 195 0 
365 82 207 0 
366 53 48 0 
367 63 146 0 
368 93 204 0 
369 74 158 0 
370 84 115 0 
371 67 195 0 
372 65 192 0 
373 55 134 0 
374 70 98 0 
375 67 199 0 
376 62 36 0 
377 69 88 0 
378 94 262 0 
379 99 201 0 
380 65 110 0 
381 51 101 0 
382 75 86 0 
383 56 109 0 
384 96 253 0 
385 94 275 0 
386 52 124 0 
387 92 188 0 
388 86 104 0 
389 54 113 0 
390 89 152 0 
391 81 158 0 
392 92 168 0 
393 95 214 0 
394 81 100 0 
395 81 109 0 
396 69 116 0 
397 83 246 0 
398 63 142 0 
399 99 185 0 
400 72 158 0 
401 73 149 0 
402 93 141 0 
403 87 59 0 
404 69 166 0 
405 68 141 0 
406 98 123 0 
407 69 173 0 
408 89 96 0 
409 68 121 0 
410 81 74 0 
411 96 266 0 
412 60 151 0 
413 54 109 0 
414 56 42 0 
415 58 59 0 
416 91 209 0 
417 76 89 0 
418 58 81 0 
419 57 47 0 
420 91 70 0 
421 73 126 0 
422 70 206 0 
423 76 156 0 
424 68 149 0 
425 73 186 0 
426 82 63 0 
427 94 55 0 
428 79 145 0 
429 75 180 0 
430 94 142 0 
431 75 88 0 
432 93 102 0 
433 66 42 0 
434 79 217 0 
435 92 108 0 
436 55 126 0 
437 90 101 0 
438 100 300 0 
439 63 139 0 
440 63 126 0 
441 56 149 0 
442 66 85 0 
443 97 132 0 
444 92 130 0 
445 53 48 0 
446 65 90 0 
447 93 162 0 
448 78 225 0 
449 74 138 0 
450 55 118 0 
451 87 192 0 
452 89 134 0 
453 97 262 0 
454 54 131 0 
455 71 54 0 
456 65 68 0 
457 86 204 0 
458 61 175 0 
459 63 72 0 
460 86 85 0 
461 66 64 0 
462 97 125 0 
463 74 61 0 
464 100 197 0 
465 64 128 0 
466 100 170 0 
467 57 141 0 
468 85 44 0 
469 98 267 0 
470 59 65 0 
471 98 246 0 
472 67 41 0 
473 79 134 0 
474 79 76 0 
475 59 89 0 
476 59 61 0 
477 76 100 0 
478 53 90 0 
479 64 67 0 
480 65 64 0 
481 57 113 0 
482 85 245 0 
483 61 104 0 
484 99 127 0 
485 96 279 0 
486 99 237 0 
487 56 82 0 
488 58 161 0 
489 64 89 0 
490 62 45 0 
491 75 142 0 
492 67 189 0 
493 54 106 0 
494 73 133 0 
495 64 107 0 
496 70 120 0 
497 96 192 0 
498 84 53 0 
499 64 57 0 
