NAME GBP_INSTANCES\prob_3_B_4_6_1.txt
COMMENT
BINTYPES 5
ITEMS 500
BINS_SECTIONS
0 60 60 0 627 
1 80 80 0 470 
2 100 100 0 376 
3 120 120 0 314 
4 150 150 0 251 
ITEMS_SECTIONS
0 85 191 0 
1 57 168 0 
2 56 57 0 
3 53 120 0 
4 68 107 0 
5 51 94 0 
6 74 98 0 
7 95 124 0 
8 68 63 0 
9 93 178 0 
10 69 87 0 
11 100 245 0 
12 98 293 0 
13 63 133 0 
14 64 110 0 
15 61 39 0 
16 51 59 0 
17 82 143 0 
18 58 130 0 
19 100 237 0 
20 58 46 0 
21 54 91 0 
22 99 60 0 
23 68 134 0 
24 62 101 0 
25 81 53 0 
26 69 175 0 
27 89 181 0 
28 66 125 0 
29 55 70 0 
30 84 216 0 
31 96 78 0 
32 90 165 0 
33 74 76 0 
34 70 147 0 
35 88 258 0 
36 70 112 0 
37 53 83 0 
38 79 46 0 
39 73 83 0 
40 90 123 0 
41 67 86 0 
42 61 176 0 
43 61 161 0 
44 60 56 0 
45 95 250 0 
46 83 115 0 
47 75 60 0 
48 86 133 0 
49 59 91 0 
50 86 236 0 
51 52 121 0 
52 63 169 0 
53 70 75 0 
54 63 65 0 
55 89 217 0 
56 71 130 0 
57 81 153 0 
58 84 152 0 
59 75 171 0 
60 88 148 0 
61 56 144 0 
62 78 46 0 
63 93 186 0 
64 96 121 0 
65 51 143 0 
66 78 110 0 
67 91 90 0 
68 63 186 0 
69 83 240 0 
70 96 219 0 
71 64 162 0 
72 53 51 0 
73 53 64 0 
74 74 123 0 
75 88 64 0 
76 67 146 0 
77 74 110 0 
78 55 57 0 
79 95 112 0 
80 55 34 0 
81 75 158 0 
82 85 205 0 
83 89 67 0 
84 54 33 0 
85 95 216 0 
86 66 195 0 
87 86 66 0 
88 54 152 0 
89 79 54 0 
90 61 155 0 
91 75 168 0 
92 72 203 0 
93 76 215 0 
94 64 101 0 
95 100 127 0 
96 60 74 0 
97 81 132 0 
98 58 92 0 
99 80 197 0 
100 73 151 0 
101 55 85 0 
102 98 63 0 
103 96 280 0 
104 51 72 0 
105 96 253 0 
106 55 54 0 
107 99 52 0 
108 73 47 0 
109 88 222 0 
110 65 157 0 
111 67 112 0 
112 71 165 0 
113 67 89 0 
114 56 130 0 
115 70 119 0 
116 51 103 0 
117 76 47 0 
118 94 111 0 
119 62 128 0 
120 82 90 0 
121 94 271 0 
122 96 204 0 
123 75 84 0 
124 88 63 0 
125 63 73 0 
126 67 53 0 
127 65 115 0 
128 51 30 0 
129 97 59 0 
130 84 212 0 
131 54 159 0 
132 61 109 0 
133 52 81 0 
134 83 122 0 
135 98 170 0 
136 84 59 0 
137 88 226 0 
138 95 62 0 
139 94 112 0 
140 68 150 0 
141 92 221 0 
142 74 38 0 
143 93 117 0 
144 59 97 0 
145 67 201 0 
146 96 199 0 
147 84 53 0 
148 58 114 0 
149 80 213 0 
150 57 154 0 
151 78 97 0 
152 89 98 0 
153 86 164 0 
154 80 45 0 
155 88 213 0 
156 96 211 0 
157 80 110 0 
158 82 49 0 
159 93 179 0 
160 97 273 0 
161 77 219 0 
162 79 141 0 
163 89 220 0 
164 75 65 0 
165 74 83 0 
166 73 84 0 
167 59 70 0 
168 67 141 0 
169 58 127 0 
170 86 179 0 
171 51 139 0 
172 77 127 0 
173 59 60 0 
174 66 158 0 
175 78 115 0 
176 51 106 0 
177 98 279 0 
178 54 147 0 
179 96 280 0 
180 66 106 0 
181 89 145 0 
182 89 108 0 
183 96 258 0 
184 68 36 0 
185 56 97 0 
186 54 83 0 
187 58 143 0 
188 87 44 0 
189 60 68 0 
190 81 201 0 
191 91 148 0 
192 88 150 0 
193 90 251 0 
194 65 50 0 
195 94 204 0 
196 99 131 0 
197 86 65 0 
198 63 97 0 
199 67 94 0 
200 71 122 0 
201 80 226 0 
202 68 142 0 
203 80 199 0 
204 61 76 0 
205 79 219 0 
206 98 111 0 
207 83 204 0 
208 95 134 0 
209 74 80 0 
210 75 154 0 
211 56 35 0 
212 52 89 0 
213 53 58 0 
214 95 237 0 
215 85 120 0 
216 74 116 0 
217 100 247 0 
218 57 94 0 
219 58 107 0 
220 91 210 0 
221 99 124 0 
222 56 90 0 
223 73 61 0 
224 76 46 0 
225 98 231 0 
226 61 154 0 
227 56 140 0 
228 53 44 0 
229 73 69 0 
230 70 63 0 
231 70 37 0 
232 84 183 0 
233 71 124 0 
234 80 88 0 
235 68 153 0 
236 68 165 0 
237 58 40 0 
238 99 226 0 
239 73 194 0 
240 96 85 0 
241 54 105 0 
242 54 87 0 
243 89 144 0 
244 77 157 0 
245 91 50 0 
246 55 51 0 
247 67 151 0 
248 71 104 0 
249 54 71 0 
250 77 210 0 
251 91 222 0 
252 74 187 0 
253 64 80 0 
254 75 172 0 
255 56 147 0 
256 72 69 0 
257 53 75 0 
258 87 95 0 
259 90 192 0 
260 90 193 0 
261 86 240 0 
262 88 200 0 
263 66 97 0 
264 51 78 0 
265 87 237 0 
266 58 61 0 
267 83 233 0 
268 80 102 0 
269 70 50 0 
270 75 93 0 
271 70 170 0 
272 71 49 0 
273 87 88 0 
274 83 248 0 
275 52 148 0 
276 91 220 0 
277 87 178 0 
278 74 79 0 
279 70 180 0 
280 86 238 0 
281 98 203 0 
282 100 85 0 
283 90 47 0 
284 86 130 0 
285 88 207 0 
286 79 207 0 
287 62 108 0 
288 100 146 0 
289 52 72 0 
290 58 164 0 
291 94 234 0 
292 54 28 0 
293 93 164 0 
294 80 188 0 
295 61 101 0 
296 78 63 0 
297 79 119 0 
298 87 97 0 
299 73 134 0 
300 67 101 0 
301 57 94 0 
302 51 136 0 
303 96 156 0 
304 100 274 0 
305 65 177 0 
306 54 147 0 
307 81 110 0 
308 77 111 0 
309 93 134 0 
310 77 153 0 
311 75 176 0 
312 57 104 0 
313 52 52 0 
314 60 46 0 
315 68 183 0 
316 65 55 0 
317 69 155 0 
318 80 175 0 
319 70 85 0 
320 92 262 0 
321 83 53 0 
322 90 214 0 
323 94 148 0 
324 72 175 0 
325 80 151 0 
326 85 84 0 
327 65 92 0 
328 83 55 0 
329 89 90 0 
330 52 124 0 
331 65 37 0 
332 84 165 0 
333 78 170 0 
334 78 141 0 
335 83 59 0 
336 71 132 0 
337 72 91 0 
338 55 55 0 
339 93 270 0 
340 57 123 0 
341 76 222 0 
342 65 100 0 
343 71 192 0 
344 82 129 0 
345 79 199 0 
346 90 72 0 
347 67 79 0 
348 83 178 0 
349 75 206 0 
350 68 170 0 
351 59 121 0 
352 94 56 0 
353 76 196 0 
354 98 244 0 
355 95 172 0 
356 55 41 0 
357 98 271 0 
358 66 176 0 
359 91 221 0 
360 95 243 0 
361 51 124 0 
362 84 80 0 
363 66 38 0 
364 72 39 0 
365 57 37 0 
366 81 113 0 
367 63 93 0 
368 84 148 0 
369 85 75 0 
370 75 91 0 
371 83 97 0 
372 86 86 0 
373 75 46 0 
374 63 50 0 
375 97 58 0 
376 70 163 0 
377 86 77 0 
378 72 146 0 
379 58 44 0 
380 100 153 0 
381 91 98 0 
382 52 46 0 
383 68 93 0 
384 62 73 0 
385 53 119 0 
386 93 52 0 
387 83 248 0 
388 55 87 0 
389 68 179 0 
390 57 102 0 
391 58 90 0 
392 54 44 0 
393 93 254 0 
394 64 84 0 
395 63 165 0 
396 57 117 0 
397 87 109 0 
398 58 70 0 
399 76 167 0 
400 100 144 0 
401 70 71 0 
402 51 114 0 
403 76 156 0 
404 56 107 0 
405 92 69 0 
406 66 129 0 
407 51 76 0 
408 90 82 0 
409 70 73 0 
410 85 223 0 
411 93 67 0 
412 61 45 0 
413 67 80 0 
414 67 100 0 
415 87 131 0 
416 61 122 0 
417 78 131 0 
418 86 254 0 
419 73 153 0 
420 56 156 0 
421 77 149 0 
422 68 79 0 
423 90 134 0 
424 60 74 0 
425 82 173 0 
426 71 68 0 
427 72 202 0 
428 54 96 0 
429 79 184 0 
430 79 64 0 
431 66 124 0 
432 93 130 0 
433 90 249 0 
434 66 86 0 
435 78 107 0 
436 96 152 0 
437 97 273 0 
438 95 218 0 
439 84 158 0 
440 75 219 0 
441 71 167 0 
442 58 103 0 
443 54 106 0 
444 96 282 0 
445 72 106 0 
446 70 190 0 
447 62 121 0 
448 70 167 0 
449 59 177 0 
450 85 193 0 
451 60 133 0 
452 79 162 0 
453 79 180 0 
454 80 219 0 
455 65 40 0 
456 74 212 0 
457 80 230 0 
458 81 69 0 
459 90 93 0 
460 59 67 0 
461 60 83 0 
462 88 113 0 
463 79 66 0 
464 93 258 0 
465 97 97 0 
466 55 123 0 
467 72 174 0 
468 69 207 0 
469 79 71 0 
470 96 69 0 
471 51 119 0 
472 66 70 0 
473 71 78 0 
474 67 62 0 
475 100 271 0 
476 72 121 0 
477 93 101 0 
478 93 89 0 
479 93 255 0 
480 77 107 0 
481 94 88 0 
482 99 70 0 
483 69 81 0 
484 81 152 0 
485 95 167 0 
486 51 138 0 
487 66 161 0 
488 70 101 0 
489 90 50 0 
490 72 200 0 
491 91 249 0 
492 60 45 0 
493 74 210 0 
494 54 93 0 
495 70 47 0 
496 97 162 0 
497 86 236 0 
498 99 227 0 
499 74 104 0 
