NAME GBP_INSTANCES\prob_2_B_1_4_1.txt
COMMENT
BINTYPES 5
ITEMS 50
BINS_SECTIONS
0 60 60 0 52 
1 80 80 0 39 
2 100 100 0 31 
3 120 120 0 26 
4 150 150 0 21 
ITEMS_SECTIONS
0 59 177 0 
1 98 89 0 
2 71 124 0 
3 60 119 0 
4 98 157 0 
5 43 107 0 
6 76 156 0 
7 23 30 0 
8 70 165 0 
9 66 58 0 
10 21 46 0 
11 42 75 0 
12 49 109 0 
13 93 258 0 
14 27 44 0 
15 45 119 0 
16 57 78 0 
17 22 57 0 
18 89 206 0 
19 77 188 0 
20 44 44 0 
21 40 47 0 
22 51 33 0 
23 45 87 0 
24 30 82 0 
25 99 98 0 
26 96 275 0 
27 69 59 0 
28 60 113 0 
29 26 69 0 
30 25 31 0 
31 68 196 0 
32 81 86 0 
33 78 113 0 
34 50 124 0 
35 87 222 0 
36 26 60 0 
37 63 150 0 
38 94 100 0 
39 81 200 0 
40 60 163 0 
41 56 76 0 
42 73 55 0 
43 89 123 0 
44 61 36 0 
45 79 106 0 
46 84 116 0 
47 80 148 0 
48 58 92 0 
49 34 30 0 
