NAME GBP_INSTANCES\prob_3_B_0_0_1.txt
COMMENT
BINTYPES 5
ITEMS 25
BINS_SECTIONS
0 60 60 0 31 
1 80 80 0 23 
2 100 100 0 19 
3 120 120 0 16 
4 150 150 0 13 
ITEMS_SECTIONS
0 70 117 0 
1 59 42 0 
2 51 132 0 
3 73 176 0 
4 69 177 0 
5 84 210 0 
6 55 45 0 
7 81 203 0 
8 62 35 0 
9 93 80 0 
10 58 149 0 
11 73 40 0 
12 100 234 0 
13 94 69 0 
14 59 76 0 
15 64 152 0 
16 73 61 0 
17 87 74 0 
18 56 29 0 
19 95 66 0 
20 82 93 0 
21 95 144 0 
22 54 113 0 
23 91 219 0 
24 56 155 0 
