NAME GBP_INSTANCES\prob_1_A_2_5_1.txt
COMMENT
BINTYPES 3
ITEMS 100
BINS_SECTIONS
0 100 100 0 49 
1 120 120 0 41 
2 150 150 0 33 
ITEMS_SECTIONS
0 55 105 0 
1 72 106 0 
2 95 72 0 
3 72 89 0 
4 23 25 0 
5 42 108 0 
6 29 80 0 
7 6 13 0 
8 59 47 0 
9 98 195 0 
10 4 4 0 
11 63 55 0 
12 78 119 0 
13 18 13 0 
14 94 155 0 
15 13 17 0 
16 86 110 0 
17 52 143 0 
18 29 87 0 
19 61 75 0 
20 31 71 0 
21 65 156 0 
22 86 147 0 
23 30 29 0 
24 28 27 0 
25 59 98 0 
26 86 108 0 
27 42 28 0 
28 62 39 0 
29 59 176 0 
30 28 20 0 
31 43 68 0 
32 13 14 0 
33 61 53 0 
34 8 23 0 
35 44 80 0 
36 90 250 0 
37 93 217 0 
38 85 79 0 
39 30 66 0 
40 48 118 0 
41 26 45 0 
42 17 34 0 
43 8 5 0 
44 46 58 0 
45 51 106 0 
46 34 68 0 
47 30 56 0 
48 33 68 0 
49 85 235 0 
50 84 172 0 
51 77 88 0 
52 33 62 0 
53 15 19 0 
54 7 10 0 
55 47 128 0 
56 74 56 0 
57 17 37 0 
58 68 188 0 
59 15 13 0 
60 86 104 0 
61 15 17 0 
62 27 66 0 
63 4 4 0 
64 76 172 0 
65 58 82 0 
66 46 41 0 
67 71 67 0 
68 11 31 0 
69 16 48 0 
70 37 34 0 
71 13 18 0 
72 30 62 0 
73 63 163 0 
74 37 47 0 
75 88 88 0 
76 8 22 0 
77 42 57 0 
78 13 17 0 
79 5 9 0 
80 84 133 0 
81 93 116 0 
82 100 240 0 
83 31 89 0 
84 91 270 0 
85 31 37 0 
86 56 162 0 
87 83 107 0 
88 100 53 0 
89 47 52 0 
90 37 25 0 
91 68 112 0 
92 91 217 0 
93 37 29 0 
94 88 207 0 
95 18 10 0 
96 4 11 0 
97 25 50 0 
98 62 151 0 
99 88 62 0 
