NAME GBP_INSTANCES\prob_1_B_1_9_1.txt
COMMENT
BINTYPES 5
ITEMS 50
BINS_SECTIONS
0 60 60 0 39 
1 80 80 0 29 
2 100 100 0 24 
3 120 120 0 20 
4 150 150 0 16 
ITEMS_SECTIONS
0 91 129 0 
1 37 67 0 
2 54 75 0 
3 60 136 0 
4 16 33 0 
5 7 13 0 
6 8 17 0 
7 75 90 0 
8 23 40 0 
9 36 46 0 
10 69 122 0 
11 81 232 0 
12 96 109 0 
13 3 9 0 
14 92 196 0 
15 6 11 0 
16 64 90 0 
17 4 5 0 
18 46 32 0 
19 50 57 0 
20 97 133 0 
21 31 56 0 
22 52 110 0 
23 14 39 0 
24 35 76 0 
25 21 45 0 
26 6 12 0 
27 39 105 0 
28 24 49 0 
29 22 62 0 
30 40 40 0 
31 17 17 0 
32 27 70 0 
33 93 239 0 
34 59 45 0 
35 31 44 0 
36 91 217 0 
37 96 253 0 
38 19 11 0 
39 88 227 0 
40 28 74 0 
41 89 208 0 
42 64 69 0 
43 3 5 0 
44 93 168 0 
45 75 97 0 
46 9 17 0 
47 74 148 0 
48 30 53 0 
49 25 24 0 
