NAME GBP_INSTANCES\prob_3_B_2_0_1.txt
COMMENT
BINTYPES 5
ITEMS 100
BINS_SECTIONS
0 60 60 0 128 
1 80 80 0 96 
2 100 100 0 77 
3 120 120 0 64 
4 150 150 0 52 
ITEMS_SECTIONS
0 91 249 0 
1 77 41 0 
2 68 165 0 
3 100 218 0 
4 55 81 0 
5 83 176 0 
6 74 200 0 
7 85 96 0 
8 87 119 0 
9 54 37 0 
10 75 220 0 
11 91 251 0 
12 74 101 0 
13 79 190 0 
14 69 75 0 
15 58 93 0 
16 84 120 0 
17 84 103 0 
18 82 136 0 
19 88 252 0 
20 62 77 0 
21 54 99 0 
22 60 117 0 
23 66 102 0 
24 60 83 0 
25 84 221 0 
26 58 46 0 
27 92 192 0 
28 66 143 0 
29 82 101 0 
30 88 159 0 
31 73 80 0 
32 60 119 0 
33 69 58 0 
34 89 236 0 
35 61 72 0 
36 68 165 0 
37 86 72 0 
38 83 79 0 
39 86 101 0 
40 93 141 0 
41 100 211 0 
42 73 86 0 
43 65 95 0 
44 80 62 0 
45 88 47 0 
46 92 85 0 
47 92 79 0 
48 72 183 0 
49 80 118 0 
50 71 51 0 
51 97 55 0 
52 80 198 0 
53 76 70 0 
54 89 100 0 
55 58 101 0 
56 100 72 0 
57 90 107 0 
58 93 258 0 
59 68 186 0 
60 91 64 0 
61 84 100 0 
62 92 53 0 
63 51 67 0 
64 95 270 0 
65 75 122 0 
66 81 168 0 
67 56 71 0 
68 62 46 0 
69 100 264 0 
70 64 107 0 
71 82 88 0 
72 65 141 0 
73 62 63 0 
74 84 158 0 
75 81 230 0 
76 78 55 0 
77 88 104 0 
78 62 133 0 
79 59 103 0 
80 71 151 0 
81 89 267 0 
82 80 52 0 
83 99 111 0 
84 80 160 0 
85 78 167 0 
86 81 120 0 
87 67 64 0 
88 87 132 0 
89 58 160 0 
90 92 118 0 
91 65 42 0 
92 67 144 0 
93 76 66 0 
94 86 238 0 
95 65 118 0 
96 52 149 0 
97 53 98 0 
98 89 96 0 
99 60 159 0 
