NAME GBP_INSTANCES\prob_1_B_0_9_1.txt
COMMENT
BINTYPES 5
ITEMS 25
BINS_SECTIONS
0 60 60 0 21 
1 80 80 0 16 
2 100 100 0 13 
3 120 120 0 11 
4 150 150 0 9 
ITEMS_SECTIONS
0 7 13 0 
1 52 122 0 
2 52 93 0 
3 62 74 0 
4 10 20 0 
5 7 5 0 
6 85 245 0 
7 17 20 0 
8 18 16 0 
9 95 176 0 
10 55 103 0 
11 97 78 0 
12 72 64 0 
13 32 90 0 
14 35 83 0 
15 49 69 0 
16 12 9 0 
17 20 18 0 
18 20 31 0 
19 63 172 0 
20 91 123 0 
21 96 247 0 
22 33 78 0 
23 76 42 0 
24 88 232 0 
