NAME GBP_INSTANCES\prob_3_A_4_2_1.txt
COMMENT
BINTYPES 3
ITEMS 500
BINS_SECTIONS
0 100 100 0 374 
1 120 120 0 312 
2 150 150 0 250 
ITEMS_SECTIONS
0 86 148 0 
1 53 60 0 
2 98 50 0 
3 52 72 0 
4 79 99 0 
5 51 104 0 
6 74 156 0 
7 51 68 0 
8 60 134 0 
9 86 213 0 
10 81 175 0 
11 61 85 0 
12 72 201 0 
13 92 101 0 
14 68 202 0 
15 59 152 0 
16 82 43 0 
17 70 121 0 
18 86 242 0 
19 86 196 0 
20 64 138 0 
21 64 59 0 
22 54 72 0 
23 66 138 0 
24 51 31 0 
25 55 35 0 
26 86 218 0 
27 64 129 0 
28 94 54 0 
29 66 197 0 
30 55 71 0 
31 65 83 0 
32 99 133 0 
33 85 194 0 
34 99 81 0 
35 96 77 0 
36 66 77 0 
37 60 55 0 
38 75 44 0 
39 83 220 0 
40 55 125 0 
41 64 57 0 
42 93 152 0 
43 57 71 0 
44 87 116 0 
45 64 36 0 
46 100 244 0 
47 54 116 0 
48 51 36 0 
49 85 203 0 
50 88 216 0 
51 78 114 0 
52 97 232 0 
53 71 120 0 
54 98 164 0 
55 58 125 0 
56 76 216 0 
57 77 61 0 
58 99 63 0 
59 89 186 0 
60 86 226 0 
61 81 110 0 
62 55 61 0 
63 72 137 0 
64 72 102 0 
65 74 128 0 
66 70 79 0 
67 89 118 0 
68 69 131 0 
69 100 69 0 
70 62 96 0 
71 100 94 0 
72 68 153 0 
73 53 76 0 
74 61 75 0 
75 78 101 0 
76 92 241 0 
77 66 184 0 
78 92 179 0 
79 69 87 0 
80 68 104 0 
81 87 84 0 
82 69 187 0 
83 61 137 0 
84 87 215 0 
85 85 180 0 
86 73 72 0 
87 86 91 0 
88 74 50 0 
89 71 209 0 
90 96 194 0 
91 75 80 0 
92 71 138 0 
93 91 237 0 
94 52 128 0 
95 75 103 0 
96 56 29 0 
97 63 169 0 
98 62 136 0 
99 72 199 0 
100 89 89 0 
101 73 201 0 
102 53 123 0 
103 77 154 0 
104 70 161 0 
105 97 198 0 
106 64 39 0 
107 87 85 0 
108 97 266 0 
109 69 153 0 
110 83 181 0 
111 66 122 0 
112 60 173 0 
113 60 118 0 
114 72 127 0 
115 61 95 0 
116 95 193 0 
117 84 177 0 
118 77 169 0 
119 93 160 0 
120 62 182 0 
121 98 178 0 
122 74 73 0 
123 93 218 0 
124 96 274 0 
125 71 127 0 
126 88 49 0 
127 84 89 0 
128 51 56 0 
129 76 108 0 
130 62 85 0 
131 52 152 0 
132 98 166 0 
133 84 100 0 
134 74 203 0 
135 76 202 0 
136 77 127 0 
137 70 179 0 
138 66 44 0 
139 65 189 0 
140 89 62 0 
141 99 66 0 
142 70 155 0 
143 53 100 0 
144 99 252 0 
145 67 116 0 
146 77 129 0 
147 68 140 0 
148 57 59 0 
149 51 70 0 
150 66 138 0 
151 64 164 0 
152 59 82 0 
153 96 133 0 
154 65 133 0 
155 83 235 0 
156 84 164 0 
157 99 279 0 
158 69 152 0 
159 51 126 0 
160 56 115 0 
161 66 109 0 
162 91 210 0 
163 54 136 0 
164 92 55 0 
165 96 208 0 
166 63 139 0 
167 54 104 0 
168 57 39 0 
169 76 144 0 
170 67 35 0 
171 59 141 0 
172 75 128 0 
173 87 196 0 
174 63 52 0 
175 77 173 0 
176 58 36 0 
177 100 280 0 
178 99 247 0 
179 90 181 0 
180 79 148 0 
181 76 218 0 
182 59 39 0 
183 77 77 0 
184 79 114 0 
185 85 96 0 
186 88 165 0 
187 51 111 0 
188 79 121 0 
189 59 47 0 
190 59 49 0 
191 70 112 0 
192 65 82 0 
193 64 67 0 
194 60 115 0 
195 68 101 0 
196 92 223 0 
197 73 186 0 
198 71 59 0 
199 60 179 0 
200 75 98 0 
201 99 229 0 
202 54 34 0 
203 84 55 0 
204 87 89 0 
205 68 182 0 
206 84 237 0 
207 78 105 0 
208 58 71 0 
209 82 78 0 
210 91 99 0 
211 53 40 0 
212 95 91 0 
213 51 37 0 
214 86 82 0 
215 51 123 0 
216 87 258 0 
217 61 55 0 
218 97 193 0 
219 69 206 0 
220 51 137 0 
221 89 234 0 
222 83 86 0 
223 77 97 0 
224 76 138 0 
225 82 115 0 
226 62 110 0 
227 55 66 0 
228 90 157 0 
229 86 78 0 
230 56 46 0 
231 84 137 0 
232 93 191 0 
233 51 60 0 
234 98 133 0 
235 71 151 0 
236 81 104 0 
237 84 100 0 
238 62 169 0 
239 90 227 0 
240 68 147 0 
241 63 88 0 
242 89 74 0 
243 98 184 0 
244 58 138 0 
245 75 206 0 
246 87 260 0 
247 98 104 0 
248 96 118 0 
249 54 128 0 
250 82 64 0 
251 79 228 0 
252 91 154 0 
253 81 84 0 
254 79 230 0 
255 52 138 0 
256 81 80 0 
257 63 131 0 
258 77 56 0 
259 89 78 0 
260 53 140 0 
261 61 79 0 
262 89 163 0 
263 58 80 0 
264 73 100 0 
265 77 195 0 
266 59 39 0 
267 71 50 0 
268 86 178 0 
269 80 59 0 
270 91 52 0 
271 85 94 0 
272 56 145 0 
273 77 144 0 
274 67 83 0 
275 86 107 0 
276 98 158 0 
277 99 114 0 
278 63 135 0 
279 72 120 0 
280 66 171 0 
281 71 197 0 
282 70 116 0 
283 87 47 0 
284 64 51 0 
285 82 60 0 
286 96 234 0 
287 64 175 0 
288 71 97 0 
289 78 232 0 
290 73 120 0 
291 65 126 0 
292 72 39 0 
293 76 197 0 
294 52 140 0 
295 59 138 0 
296 77 153 0 
297 97 264 0 
298 79 164 0 
299 98 176 0 
300 54 155 0 
301 54 123 0 
302 75 136 0 
303 82 202 0 
304 87 61 0 
305 84 140 0 
306 84 67 0 
307 92 244 0 
308 65 191 0 
309 80 49 0 
310 78 206 0 
311 70 71 0 
312 58 139 0 
313 99 188 0 
314 72 157 0 
315 70 168 0 
316 60 89 0 
317 96 88 0 
318 90 115 0 
319 76 137 0 
320 88 166 0 
321 78 88 0 
322 51 88 0 
323 91 56 0 
324 60 95 0 
325 68 105 0 
326 89 97 0 
327 53 47 0 
328 61 120 0 
329 66 67 0 
330 90 187 0 
331 87 149 0 
332 60 37 0 
333 62 175 0 
334 76 107 0 
335 90 117 0 
336 77 197 0 
337 75 187 0 
338 86 62 0 
339 62 150 0 
340 86 87 0 
341 82 147 0 
342 53 128 0 
343 78 211 0 
344 78 97 0 
345 56 140 0 
346 86 242 0 
347 68 115 0 
348 92 120 0 
349 78 232 0 
350 83 135 0 
351 95 101 0 
352 70 71 0 
353 93 113 0 
354 100 267 0 
355 97 241 0 
356 54 31 0 
357 74 125 0 
358 52 86 0 
359 100 268 0 
360 85 125 0 
361 64 92 0 
362 58 87 0 
363 88 155 0 
364 54 122 0 
365 62 33 0 
366 71 149 0 
367 59 34 0 
368 89 58 0 
369 71 208 0 
370 54 149 0 
371 56 151 0 
372 58 47 0 
373 69 159 0 
374 73 54 0 
375 79 109 0 
376 84 166 0 
377 89 127 0 
378 97 55 0 
379 92 57 0 
380 94 70 0 
381 90 268 0 
382 54 133 0 
383 66 143 0 
384 55 62 0 
385 85 212 0 
386 94 171 0 
387 77 134 0 
388 64 162 0 
389 89 258 0 
390 56 161 0 
391 51 44 0 
392 52 72 0 
393 53 112 0 
394 83 124 0 
395 69 81 0 
396 58 65 0 
397 68 38 0 
398 95 282 0 
399 83 159 0 
400 83 176 0 
401 71 68 0 
402 54 145 0 
403 53 36 0 
404 55 66 0 
405 64 113 0 
406 84 116 0 
407 94 65 0 
408 80 234 0 
409 73 103 0 
410 74 147 0 
411 67 154 0 
412 77 70 0 
413 99 80 0 
414 96 184 0 
415 80 109 0 
416 77 76 0 
417 93 158 0 
418 93 99 0 
419 93 153 0 
420 75 96 0 
421 61 54 0 
422 77 211 0 
423 100 58 0 
424 68 122 0 
425 75 84 0 
426 54 58 0 
427 64 124 0 
428 68 145 0 
429 100 197 0 
430 96 262 0 
431 98 218 0 
432 70 91 0 
433 57 166 0 
434 91 227 0 
435 97 122 0 
436 71 131 0 
437 92 120 0 
438 91 220 0 
439 89 218 0 
440 69 97 0 
441 66 104 0 
442 74 93 0 
443 87 146 0 
444 72 103 0 
445 74 142 0 
446 61 94 0 
447 68 58 0 
448 71 111 0 
449 87 142 0 
450 94 73 0 
451 73 102 0 
452 93 56 0 
453 93 161 0 
454 52 92 0 
455 83 164 0 
456 84 49 0 
457 51 138 0 
458 96 186 0 
459 77 185 0 
460 53 126 0 
461 79 136 0 
462 81 142 0 
463 81 190 0 
464 58 41 0 
465 88 180 0 
466 53 139 0 
467 53 63 0 
468 77 39 0 
469 85 242 0 
470 61 83 0 
471 70 202 0 
472 54 94 0 
473 53 60 0 
474 87 74 0 
475 63 132 0 
476 87 130 0 
477 93 191 0 
478 62 114 0 
479 54 68 0 
480 70 120 0 
481 67 181 0 
482 77 164 0 
483 65 90 0 
484 99 64 0 
485 94 180 0 
486 78 145 0 
487 78 88 0 
488 52 60 0 
489 81 50 0 
490 66 152 0 
491 76 70 0 
492 57 158 0 
493 85 151 0 
494 70 89 0 
495 52 65 0 
496 53 123 0 
497 53 84 0 
498 66 128 0 
499 100 170 0 
