NAME GBP_INSTANCES\prob_1_B_0_7_1.txt
COMMENT
BINTYPES 5
ITEMS 25
BINS_SECTIONS
0 60 60 0 20 
1 80 80 0 15 
2 100 100 0 12 
3 120 120 0 10 
4 150 150 0 8 
ITEMS_SECTIONS
0 21 54 0 
1 74 133 0 
2 52 112 0 
3 62 102 0 
4 34 79 0 
5 77 216 0 
6 97 239 0 
7 77 205 0 
8 55 100 0 
9 17 25 0 
10 64 139 0 
11 5 11 0 
12 19 33 0 
13 89 186 0 
14 18 28 0 
15 89 222 0 
16 15 19 0 
17 7 12 0 
18 12 21 0 
19 85 46 0 
20 86 90 0 
21 39 91 0 
22 54 153 0 
23 23 56 0 
24 11 11 0 
