NAME GBP_INSTANCES\prob_3_A_4_9_1.txt
COMMENT
BINTYPES 3
ITEMS 500
BINS_SECTIONS
0 100 100 0 379 
1 120 120 0 316 
2 150 150 0 253 
ITEMS_SECTIONS
0 81 240 0 
1 93 141 0 
2 60 119 0 
3 67 124 0 
4 85 112 0 
5 59 103 0 
6 70 153 0 
7 64 181 0 
8 96 260 0 
9 58 173 0 
10 100 214 0 
11 74 209 0 
12 52 146 0 
13 79 75 0 
14 98 206 0 
15 51 78 0 
16 86 80 0 
17 79 204 0 
18 95 84 0 
19 55 117 0 
20 71 151 0 
21 84 93 0 
22 66 74 0 
23 70 198 0 
24 97 100 0 
25 72 100 0 
26 68 193 0 
27 61 50 0 
28 85 170 0 
29 87 212 0 
30 59 46 0 
31 55 78 0 
32 96 226 0 
33 64 74 0 
34 90 184 0 
35 64 34 0 
36 53 86 0 
37 76 135 0 
38 69 95 0 
39 98 106 0 
40 80 214 0 
41 74 198 0 
42 53 146 0 
43 74 115 0 
44 73 56 0 
45 86 64 0 
46 56 144 0 
47 75 46 0 
48 69 142 0 
49 82 78 0 
50 82 217 0 
51 69 114 0 
52 54 128 0 
53 97 170 0 
54 66 91 0 
55 83 188 0 
56 51 90 0 
57 98 156 0 
58 97 160 0 
59 96 89 0 
60 75 193 0 
61 91 75 0 
62 86 257 0 
63 51 78 0 
64 69 191 0 
65 61 57 0 
66 67 171 0 
67 90 56 0 
68 99 216 0 
69 83 125 0 
70 92 88 0 
71 71 94 0 
72 97 140 0 
73 53 76 0 
74 51 44 0 
75 64 97 0 
76 73 209 0 
77 72 77 0 
78 92 233 0 
79 93 266 0 
80 65 106 0 
81 84 66 0 
82 96 268 0 
83 63 38 0 
84 68 153 0 
85 57 52 0 
86 67 171 0 
87 92 135 0 
88 75 88 0 
89 93 178 0 
90 66 152 0 
91 91 86 0 
92 74 47 0 
93 73 219 0 
94 100 219 0 
95 54 43 0 
96 67 75 0 
97 67 167 0 
98 69 198 0 
99 57 44 0 
100 79 137 0 
101 100 299 0 
102 99 153 0 
103 78 138 0 
104 63 162 0 
105 84 51 0 
106 85 104 0 
107 84 51 0 
108 99 245 0 
109 82 107 0 
110 69 184 0 
111 99 170 0 
112 76 46 0 
113 69 153 0 
114 75 210 0 
115 95 162 0 
116 92 67 0 
117 72 90 0 
118 72 192 0 
119 79 88 0 
120 96 201 0 
121 74 208 0 
122 93 181 0 
123 61 120 0 
124 79 77 0 
125 95 244 0 
126 82 162 0 
127 69 88 0 
128 78 163 0 
129 69 202 0 
130 88 101 0 
131 70 77 0 
132 96 89 0 
133 76 124 0 
134 89 177 0 
135 85 119 0 
136 67 46 0 
137 61 108 0 
138 54 107 0 
139 69 165 0 
140 99 76 0 
141 90 255 0 
142 88 97 0 
143 56 72 0 
144 81 236 0 
145 77 85 0 
146 63 168 0 
147 66 74 0 
148 55 158 0 
149 81 46 0 
150 70 203 0 
151 92 158 0 
152 66 62 0 
153 63 90 0 
154 59 142 0 
155 58 109 0 
156 88 243 0 
157 95 115 0 
158 100 81 0 
159 67 78 0 
160 66 46 0 
161 59 54 0 
162 76 147 0 
163 76 213 0 
164 52 148 0 
165 89 142 0 
166 93 269 0 
167 73 194 0 
168 73 123 0 
169 85 171 0 
170 68 58 0 
171 94 278 0 
172 68 151 0 
173 52 79 0 
174 84 119 0 
175 94 85 0 
176 77 190 0 
177 52 60 0 
178 69 67 0 
179 69 183 0 
180 83 49 0 
181 53 85 0 
182 88 239 0 
183 96 136 0 
184 58 144 0 
185 88 146 0 
186 55 54 0 
187 81 47 0 
188 94 215 0 
189 93 60 0 
190 57 80 0 
191 85 203 0 
192 68 86 0 
193 84 71 0 
194 95 172 0 
195 62 140 0 
196 98 62 0 
197 97 135 0 
198 80 161 0 
199 91 138 0 
200 66 82 0 
201 59 88 0 
202 99 199 0 
203 78 195 0 
204 99 237 0 
205 53 158 0 
206 78 232 0 
207 59 33 0 
208 90 165 0 
209 93 254 0 
210 60 177 0 
211 87 136 0 
212 100 79 0 
213 85 222 0 
214 87 246 0 
215 72 112 0 
216 70 51 0 
217 79 233 0 
218 83 45 0 
219 68 123 0 
220 90 232 0 
221 89 255 0 
222 93 216 0 
223 79 64 0 
224 93 255 0 
225 94 153 0 
226 68 159 0 
227 60 148 0 
228 82 211 0 
229 88 202 0 
230 56 125 0 
231 54 128 0 
232 56 44 0 
233 91 174 0 
234 81 113 0 
235 80 65 0 
236 86 125 0 
237 55 154 0 
238 78 215 0 
239 66 100 0 
240 65 162 0 
241 53 63 0 
242 66 101 0 
243 99 249 0 
244 79 184 0 
245 55 164 0 
246 64 42 0 
247 71 162 0 
248 74 44 0 
249 72 196 0 
250 57 57 0 
251 51 120 0 
252 68 89 0 
253 61 152 0 
254 83 154 0 
255 71 94 0 
256 76 64 0 
257 97 200 0 
258 82 80 0 
259 94 259 0 
260 53 50 0 
261 80 197 0 
262 60 141 0 
263 96 232 0 
264 77 189 0 
265 96 206 0 
266 56 32 0 
267 52 54 0 
268 69 158 0 
269 52 110 0 
270 77 180 0 
271 95 134 0 
272 73 67 0 
273 91 109 0 
274 76 228 0 
275 74 49 0 
276 92 251 0 
277 71 119 0 
278 55 123 0 
279 59 142 0 
280 66 92 0 
281 59 158 0 
282 100 84 0 
283 53 115 0 
284 69 150 0 
285 68 64 0 
286 88 131 0 
287 52 112 0 
288 73 166 0 
289 52 120 0 
290 79 49 0 
291 78 167 0 
292 55 115 0 
293 70 36 0 
294 69 161 0 
295 66 51 0 
296 84 197 0 
297 92 90 0 
298 79 67 0 
299 90 69 0 
300 87 132 0 
301 69 50 0 
302 54 155 0 
303 94 214 0 
304 57 105 0 
305 70 106 0 
306 91 118 0 
307 72 113 0 
308 59 87 0 
309 69 102 0 
310 77 145 0 
311 69 177 0 
312 62 81 0 
313 84 53 0 
314 97 190 0 
315 90 93 0 
316 80 197 0 
317 98 231 0 
318 57 129 0 
319 77 107 0 
320 64 60 0 
321 75 45 0 
322 69 45 0 
323 69 41 0 
324 82 114 0 
325 84 110 0 
326 96 210 0 
327 83 181 0 
328 58 37 0 
329 100 60 0 
330 65 126 0 
331 81 163 0 
332 78 72 0 
333 57 128 0 
334 75 167 0 
335 79 167 0 
336 85 51 0 
337 58 56 0 
338 74 159 0 
339 97 133 0 
340 99 202 0 
341 67 135 0 
342 86 109 0 
343 54 79 0 
344 55 88 0 
345 98 157 0 
346 94 247 0 
347 69 120 0 
348 87 234 0 
349 69 44 0 
350 71 85 0 
351 71 170 0 
352 54 135 0 
353 87 112 0 
354 66 142 0 
355 68 120 0 
356 79 223 0 
357 80 106 0 
358 89 93 0 
359 80 77 0 
360 52 154 0 
361 99 255 0 
362 91 185 0 
363 52 146 0 
364 78 134 0 
365 51 33 0 
366 90 146 0 
367 84 189 0 
368 96 64 0 
369 77 159 0 
370 97 242 0 
371 96 263 0 
372 78 133 0 
373 61 39 0 
374 74 65 0 
375 80 176 0 
376 59 175 0 
377 56 155 0 
378 99 115 0 
379 91 151 0 
380 78 216 0 
381 79 207 0 
382 100 231 0 
383 76 78 0 
384 69 93 0 
385 61 47 0 
386 51 127 0 
387 66 193 0 
388 85 194 0 
389 93 78 0 
390 83 169 0 
391 60 164 0 
392 93 89 0 
393 71 190 0 
394 94 240 0 
395 75 154 0 
396 70 64 0 
397 61 120 0 
398 87 63 0 
399 56 94 0 
400 56 79 0 
401 54 143 0 
402 94 276 0 
403 55 148 0 
404 62 126 0 
405 76 207 0 
406 69 121 0 
407 84 173 0 
408 64 33 0 
409 67 139 0 
410 78 90 0 
411 97 52 0 
412 84 192 0 
413 54 106 0 
414 100 284 0 
415 99 187 0 
416 61 151 0 
417 77 219 0 
418 62 62 0 
419 97 155 0 
420 90 269 0 
421 90 123 0 
422 97 126 0 
423 92 47 0 
424 81 90 0 
425 53 126 0 
426 72 75 0 
427 64 179 0 
428 89 257 0 
429 81 54 0 
430 90 119 0 
431 65 134 0 
432 51 66 0 
433 71 127 0 
434 59 34 0 
435 55 105 0 
436 64 122 0 
437 69 164 0 
438 83 193 0 
439 69 60 0 
440 82 153 0 
441 95 186 0 
442 60 84 0 
443 73 150 0 
444 88 109 0 
445 52 107 0 
446 60 82 0 
447 67 150 0 
448 52 122 0 
449 70 168 0 
450 99 59 0 
451 88 259 0 
452 82 43 0 
453 66 129 0 
454 88 193 0 
455 62 54 0 
456 89 169 0 
457 86 225 0 
458 85 236 0 
459 75 207 0 
460 65 130 0 
461 82 86 0 
462 56 67 0 
463 93 262 0 
464 92 124 0 
465 65 159 0 
466 99 113 0 
467 69 72 0 
468 96 80 0 
469 75 60 0 
470 65 85 0 
471 52 62 0 
472 97 70 0 
473 60 32 0 
474 86 138 0 
475 95 161 0 
476 71 161 0 
477 60 107 0 
478 59 157 0 
479 71 146 0 
480 92 241 0 
481 77 221 0 
482 74 74 0 
483 57 155 0 
484 99 289 0 
485 97 264 0 
486 98 170 0 
487 72 136 0 
488 67 70 0 
489 66 118 0 
490 52 116 0 
491 53 114 0 
492 78 189 0 
493 66 131 0 
494 81 153 0 
495 92 167 0 
496 63 136 0 
497 76 110 0 
498 80 50 0 
499 61 179 0 
