NAME GBP_INSTANCES\prob_3_B_4_0_1.txt
COMMENT
BINTYPES 5
ITEMS 500
BINS_SECTIONS
0 60 60 0 632 
1 80 80 0 474 
2 100 100 0 379 
3 120 120 0 316 
4 150 150 0 253 
ITEMS_SECTIONS
0 71 212 0 
1 79 57 0 
2 58 85 0 
3 80 215 0 
4 59 133 0 
5 99 94 0 
6 54 42 0 
7 55 54 0 
8 83 114 0 
9 64 97 0 
10 75 169 0 
11 58 41 0 
12 68 99 0 
13 64 157 0 
14 75 211 0 
15 62 172 0 
16 91 174 0 
17 54 130 0 
18 65 147 0 
19 64 79 0 
20 92 204 0 
21 78 78 0 
22 52 128 0 
23 85 226 0 
24 100 195 0 
25 88 238 0 
26 74 142 0 
27 75 104 0 
28 71 105 0 
29 89 241 0 
30 60 47 0 
31 63 153 0 
32 57 59 0 
33 82 158 0 
34 96 184 0 
35 54 107 0 
36 77 223 0 
37 90 129 0 
38 100 54 0 
39 96 204 0 
40 55 121 0 
41 100 59 0 
42 74 48 0 
43 83 110 0 
44 71 52 0 
45 93 83 0 
46 77 156 0 
47 62 90 0 
48 74 222 0 
49 95 53 0 
50 59 104 0 
51 60 142 0 
52 96 204 0 
53 80 130 0 
54 76 145 0 
55 51 97 0 
56 80 100 0 
57 59 41 0 
58 100 115 0 
59 70 207 0 
60 60 142 0 
61 66 142 0 
62 74 178 0 
63 64 76 0 
64 99 272 0 
65 53 85 0 
66 85 250 0 
67 67 190 0 
68 71 118 0 
69 86 166 0 
70 55 161 0 
71 90 260 0 
72 54 155 0 
73 53 62 0 
74 73 70 0 
75 83 177 0 
76 61 72 0 
77 97 193 0 
78 63 63 0 
79 89 149 0 
80 81 193 0 
81 59 76 0 
82 69 205 0 
83 100 201 0 
84 54 99 0 
85 54 45 0 
86 99 295 0 
87 53 36 0 
88 98 103 0 
89 77 137 0 
90 99 254 0 
91 95 131 0 
92 76 174 0 
93 96 158 0 
94 67 177 0 
95 85 221 0 
96 60 52 0 
97 75 43 0 
98 67 84 0 
99 98 52 0 
100 68 184 0 
101 60 52 0 
102 54 87 0 
103 94 259 0 
104 66 130 0 
105 96 288 0 
106 68 155 0 
107 76 139 0 
108 78 74 0 
109 60 128 0 
110 65 49 0 
111 55 159 0 
112 55 82 0 
113 98 173 0 
114 86 153 0 
115 78 49 0 
116 59 160 0 
117 79 151 0 
118 91 174 0 
119 51 132 0 
120 93 135 0 
121 63 94 0 
122 93 73 0 
123 58 55 0 
124 54 75 0 
125 94 50 0 
126 82 148 0 
127 67 40 0 
128 63 159 0 
129 71 99 0 
130 82 147 0 
131 57 39 0 
132 79 108 0 
133 52 153 0 
134 53 89 0 
135 67 184 0 
136 86 126 0 
137 93 263 0 
138 56 98 0 
139 59 160 0 
140 99 93 0 
141 81 111 0 
142 89 94 0 
143 79 234 0 
144 100 95 0 
145 57 126 0 
146 100 151 0 
147 68 57 0 
148 91 137 0 
149 55 72 0 
150 95 147 0 
151 56 150 0 
152 68 55 0 
153 77 185 0 
154 52 145 0 
155 96 97 0 
156 61 61 0 
157 95 232 0 
158 89 89 0 
159 54 35 0 
160 94 219 0 
161 56 30 0 
162 68 182 0 
163 81 78 0 
164 52 131 0 
165 69 72 0 
166 82 68 0 
167 75 222 0 
168 72 211 0 
169 53 75 0 
170 81 63 0 
171 59 39 0 
172 86 97 0 
173 77 160 0 
174 66 75 0 
175 83 98 0 
176 82 69 0 
177 73 108 0 
178 96 245 0 
179 71 178 0 
180 65 107 0 
181 97 62 0 
182 79 137 0 
183 88 120 0 
184 84 158 0 
185 74 88 0 
186 94 276 0 
187 76 216 0 
188 55 96 0 
189 99 189 0 
190 78 108 0 
191 97 76 0 
192 99 180 0 
193 89 192 0 
194 63 151 0 
195 88 262 0 
196 68 78 0 
197 84 167 0 
198 96 262 0 
199 88 57 0 
200 89 74 0 
201 75 129 0 
202 85 94 0 
203 83 88 0 
204 87 255 0 
205 85 162 0 
206 99 162 0 
207 94 192 0 
208 77 200 0 
209 75 161 0 
210 63 98 0 
211 72 63 0 
212 82 220 0 
213 87 108 0 
214 82 167 0 
215 67 65 0 
216 63 56 0 
217 98 79 0 
218 86 224 0 
219 93 173 0 
220 76 89 0 
221 76 45 0 
222 64 94 0 
223 51 114 0 
224 84 249 0 
225 68 64 0 
226 100 224 0 
227 75 80 0 
228 99 276 0 
229 90 233 0 
230 71 170 0 
231 82 222 0 
232 66 89 0 
233 51 150 0 
234 60 79 0 
235 66 160 0 
236 87 97 0 
237 54 64 0 
238 65 70 0 
239 96 257 0 
240 72 214 0 
241 84 87 0 
242 83 179 0 
243 81 148 0 
244 79 165 0 
245 75 178 0 
246 70 198 0 
247 72 130 0 
248 89 60 0 
249 87 116 0 
250 94 145 0 
251 74 57 0 
252 51 133 0 
253 59 140 0 
254 87 52 0 
255 76 141 0 
256 67 180 0 
257 88 230 0 
258 65 43 0 
259 71 136 0 
260 97 86 0 
261 93 178 0 
262 58 86 0 
263 84 103 0 
264 94 213 0 
265 65 117 0 
266 95 60 0 
267 75 167 0 
268 56 43 0 
269 55 134 0 
270 64 184 0 
271 75 64 0 
272 66 50 0 
273 63 43 0 
274 91 111 0 
275 93 82 0 
276 80 93 0 
277 79 76 0 
278 78 149 0 
279 84 109 0 
280 58 159 0 
281 72 107 0 
282 82 192 0 
283 76 169 0 
284 94 79 0 
285 52 110 0 
286 59 95 0 
287 85 206 0 
288 77 215 0 
289 81 106 0 
290 89 255 0 
291 82 186 0 
292 55 113 0 
293 71 189 0 
294 81 101 0 
295 81 98 0 
296 71 200 0 
297 93 82 0 
298 79 181 0 
299 55 114 0 
300 51 115 0 
301 73 55 0 
302 69 206 0 
303 72 169 0 
304 68 199 0 
305 68 165 0 
306 66 46 0 
307 77 75 0 
308 93 160 0 
309 82 131 0 
310 69 188 0 
311 90 218 0 
312 74 144 0 
313 76 204 0 
314 61 107 0 
315 82 177 0 
316 54 86 0 
317 74 194 0 
318 64 129 0 
319 97 201 0 
320 54 54 0 
321 75 140 0 
322 52 104 0 
323 94 204 0 
324 100 185 0 
325 65 109 0 
326 88 161 0 
327 59 111 0 
328 59 147 0 
329 54 158 0 
330 96 288 0 
331 82 46 0 
332 64 123 0 
333 62 167 0 
334 79 98 0 
335 84 237 0 
336 98 273 0 
337 96 124 0 
338 90 207 0 
339 87 184 0 
340 64 93 0 
341 86 141 0 
342 76 180 0 
343 81 47 0 
344 55 75 0 
345 62 60 0 
346 92 126 0 
347 59 70 0 
348 67 126 0 
349 63 91 0 
350 62 164 0 
351 87 137 0 
352 98 58 0 
353 88 101 0 
354 84 176 0 
355 74 172 0 
356 94 213 0 
357 87 143 0 
358 100 133 0 
359 64 185 0 
360 80 60 0 
361 57 89 0 
362 83 60 0 
363 61 67 0 
364 72 196 0 
365 93 91 0 
366 64 110 0 
367 61 40 0 
368 87 128 0 
369 87 58 0 
370 90 182 0 
371 53 63 0 
372 72 213 0 
373 59 95 0 
374 57 42 0 
375 52 119 0 
376 78 79 0 
377 87 139 0 
378 84 151 0 
379 51 75 0 
380 52 91 0 
381 73 180 0 
382 85 239 0 
383 82 205 0 
384 70 128 0 
385 81 92 0 
386 62 88 0 
387 68 202 0 
388 87 136 0 
389 62 49 0 
390 61 102 0 
391 92 209 0 
392 67 53 0 
393 57 158 0 
394 73 87 0 
395 76 44 0 
396 90 269 0 
397 52 53 0 
398 67 80 0 
399 60 40 0 
400 76 89 0 
401 74 143 0 
402 93 62 0 
403 85 89 0 
404 85 94 0 
405 88 185 0 
406 93 265 0 
407 54 60 0 
408 81 102 0 
409 100 86 0 
410 95 244 0 
411 84 184 0 
412 68 122 0 
413 74 108 0 
414 88 260 0 
415 65 169 0 
416 94 134 0 
417 58 107 0 
418 62 93 0 
419 52 124 0 
420 62 58 0 
421 85 43 0 
422 89 221 0 
423 97 276 0 
424 64 59 0 
425 97 50 0 
426 98 192 0 
427 92 214 0 
428 67 86 0 
429 96 133 0 
430 56 107 0 
431 90 117 0 
432 70 65 0 
433 81 58 0 
434 74 196 0 
435 75 85 0 
436 56 87 0 
437 75 40 0 
438 89 105 0 
439 92 234 0 
440 64 63 0 
441 93 71 0 
442 81 124 0 
443 60 150 0 
444 57 67 0 
445 56 100 0 
446 51 139 0 
447 73 171 0 
448 52 79 0 
449 64 98 0 
450 58 126 0 
451 81 212 0 
452 91 68 0 
453 69 46 0 
454 76 45 0 
455 87 181 0 
456 76 47 0 
457 65 109 0 
458 87 154 0 
459 53 158 0 
460 91 90 0 
461 95 271 0 
462 72 198 0 
463 66 102 0 
464 81 191 0 
465 73 145 0 
466 57 92 0 
467 93 207 0 
468 73 109 0 
469 90 190 0 
470 73 176 0 
471 77 87 0 
472 86 132 0 
473 97 151 0 
474 95 85 0 
475 64 43 0 
476 98 220 0 
477 74 130 0 
478 77 135 0 
479 100 64 0 
480 89 166 0 
481 86 153 0 
482 74 55 0 
483 91 206 0 
484 80 72 0 
485 91 85 0 
486 86 210 0 
487 74 39 0 
488 68 140 0 
489 91 242 0 
490 69 184 0 
491 82 182 0 
492 81 46 0 
493 90 173 0 
494 80 232 0 
495 58 145 0 
496 85 186 0 
497 60 40 0 
498 63 147 0 
499 88 161 0 
