NAME GBP_INSTANCES\prob_3_A_1_8_1.txt
COMMENT
BINTYPES 3
ITEMS 50
BINS_SECTIONS
0 100 100 0 38 
1 120 120 0 31 
2 150 150 0 25 
ITEMS_SECTIONS
0 81 170 0 
1 91 135 0 
2 76 45 0 
3 58 58 0 
4 75 106 0 
5 82 68 0 
6 84 163 0 
7 63 106 0 
8 90 97 0 
9 59 166 0 
10 90 77 0 
11 71 188 0 
12 95 255 0 
13 71 77 0 
14 92 268 0 
15 95 182 0 
16 93 142 0 
17 63 43 0 
18 69 82 0 
19 82 188 0 
20 64 48 0 
21 86 62 0 
22 100 273 0 
23 70 76 0 
24 58 162 0 
25 57 45 0 
26 94 202 0 
27 64 130 0 
28 83 203 0 
29 68 172 0 
30 59 165 0 
31 89 114 0 
32 76 96 0 
33 81 134 0 
34 68 180 0 
35 74 43 0 
36 86 257 0 
37 52 73 0 
38 66 112 0 
39 70 127 0 
40 58 103 0 
41 84 46 0 
42 72 199 0 
43 57 138 0 
44 56 74 0 
45 83 175 0 
46 66 139 0 
47 53 79 0 
48 61 134 0 
49 79 137 0 
