NAME GBP_INSTANCES\prob_1_A_1_6_1.txt
COMMENT
BINTYPES 3
ITEMS 50
BINS_SECTIONS
0 100 100 0 29 
1 120 120 0 24 
2 150 150 0 19 
ITEMS_SECTIONS
0 61 177 0 
1 53 121 0 
2 31 33 0 
3 91 251 0 
4 68 144 0 
5 79 57 0 
6 93 161 0 
7 80 121 0 
8 38 31 0 
9 57 90 0 
10 39 37 0 
11 79 64 0 
12 76 154 0 
13 64 132 0 
14 26 31 0 
15 82 82 0 
16 3 8 0 
17 48 108 0 
18 46 129 0 
19 51 33 0 
20 34 58 0 
21 26 51 0 
22 46 25 0 
23 40 96 0 
24 92 269 0 
25 89 101 0 
26 51 135 0 
27 22 21 0 
28 92 268 0 
29 20 24 0 
30 19 18 0 
31 76 223 0 
32 87 140 0 
33 83 201 0 
34 84 51 0 
35 93 82 0 
36 37 61 0 
37 96 269 0 
38 35 24 0 
39 70 192 0 
40 86 52 0 
41 43 128 0 
42 66 171 0 
43 26 36 0 
44 6 14 0 
45 41 91 0 
46 63 115 0 
47 43 74 0 
48 77 146 0 
49 7 15 0 
