NAME GBP_INSTANCES\prob_1_B_0_0_1.txt
COMMENT
BINTYPES 5
ITEMS 25
BINS_SECTIONS
0 60 60 0 22 
1 80 80 0 17 
2 100 100 0 14 
3 120 120 0 11 
4 150 150 0 9 
ITEMS_SECTIONS
0 55 146 0 
1 99 134 0 
2 81 50 0 
3 59 49 0 
4 11 32 0 
5 73 57 0 
6 100 95 0 
7 32 48 0 
8 59 140 0 
9 60 39 0 
10 66 67 0 
11 41 109 0 
12 28 73 0 
13 68 170 0 
14 74 41 0 
15 24 32 0 
16 28 60 0 
17 57 112 0 
18 74 49 0 
19 5 13 0 
20 31 78 0 
21 50 146 0 
22 21 20 0 
23 94 158 0 
24 29 37 0 
