NAME GBP_INSTANCES\prob_2_A_2_9_1.txt
COMMENT
BINTYPES 3
ITEMS 100
BINS_SECTIONS
0 100 100 0 61 
1 120 120 0 51 
2 150 150 0 41 
ITEMS_SECTIONS
0 67 161 0 
1 25 58 0 
2 82 49 0 
3 89 81 0 
4 69 160 0 
5 33 60 0 
6 55 124 0 
7 76 203 0 
8 26 14 0 
9 69 149 0 
10 77 107 0 
11 50 32 0 
12 32 72 0 
13 69 196 0 
14 67 35 0 
15 34 56 0 
16 92 200 0 
17 80 123 0 
18 42 90 0 
19 44 68 0 
20 30 46 0 
21 48 103 0 
22 77 48 0 
23 45 125 0 
24 73 73 0 
25 34 81 0 
26 77 62 0 
27 48 54 0 
28 70 52 0 
29 85 151 0 
30 27 16 0 
31 25 24 0 
32 56 61 0 
33 28 33 0 
34 53 89 0 
35 65 184 0 
36 49 109 0 
37 93 168 0 
38 79 123 0 
39 40 51 0 
40 23 62 0 
41 82 165 0 
42 85 180 0 
43 88 251 0 
44 38 66 0 
45 47 82 0 
46 43 122 0 
47 55 125 0 
48 90 233 0 
49 63 118 0 
50 44 48 0 
51 97 230 0 
52 79 43 0 
53 38 37 0 
54 92 127 0 
55 97 118 0 
56 97 232 0 
57 32 70 0 
58 98 267 0 
59 86 84 0 
60 55 124 0 
61 35 68 0 
62 86 120 0 
63 63 109 0 
64 77 158 0 
65 61 53 0 
66 39 38 0 
67 34 94 0 
68 25 48 0 
69 79 174 0 
70 25 48 0 
71 25 38 0 
72 63 57 0 
73 80 81 0 
74 46 123 0 
75 79 224 0 
76 70 104 0 
77 27 79 0 
78 79 75 0 
79 96 217 0 
80 49 59 0 
81 81 241 0 
82 72 127 0 
83 66 52 0 
84 54 120 0 
85 46 117 0 
86 53 103 0 
87 77 107 0 
88 29 83 0 
89 22 35 0 
90 24 14 0 
91 98 211 0 
92 87 254 0 
93 94 252 0 
94 44 63 0 
95 21 47 0 
96 91 84 0 
97 85 122 0 
98 95 62 0 
99 69 138 0 
