NAME GBP_INSTANCES\prob_2_A_4_7_1.txt
COMMENT
BINTYPES 3
ITEMS 500
BINS_SECTIONS
0 100 100 0 305 
1 120 120 0 254 
2 150 150 0 203 
ITEMS_SECTIONS
0 95 89 0 
1 67 77 0 
2 33 81 0 
3 82 207 0 
4 27 37 0 
5 76 39 0 
6 71 38 0 
7 74 182 0 
8 72 187 0 
9 64 139 0 
10 44 108 0 
11 93 247 0 
12 33 78 0 
13 40 92 0 
14 47 36 0 
15 42 54 0 
16 56 47 0 
17 81 236 0 
18 94 278 0 
19 49 68 0 
20 34 69 0 
21 24 18 0 
22 92 48 0 
23 25 29 0 
24 98 117 0 
25 89 98 0 
26 62 162 0 
27 94 245 0 
28 91 83 0 
29 54 61 0 
30 42 51 0 
31 67 108 0 
32 81 114 0 
33 61 147 0 
34 76 132 0 
35 53 90 0 
36 48 69 0 
37 21 47 0 
38 51 51 0 
39 41 76 0 
40 93 209 0 
41 66 148 0 
42 73 67 0 
43 77 196 0 
44 91 117 0 
45 63 50 0 
46 68 164 0 
47 70 153 0 
48 65 157 0 
49 62 83 0 
50 65 166 0 
51 41 79 0 
52 33 64 0 
53 100 172 0 
54 100 115 0 
55 22 51 0 
56 50 33 0 
57 46 52 0 
58 83 206 0 
59 89 161 0 
60 93 166 0 
61 39 77 0 
62 69 155 0 
63 65 101 0 
64 79 72 0 
65 75 79 0 
66 23 30 0 
67 89 135 0 
68 83 213 0 
69 82 236 0 
70 52 27 0 
71 64 121 0 
72 96 285 0 
73 71 102 0 
74 49 52 0 
75 80 112 0 
76 85 186 0 
77 36 80 0 
78 41 119 0 
79 37 31 0 
80 38 99 0 
81 62 184 0 
82 21 57 0 
83 28 32 0 
84 97 236 0 
85 81 138 0 
86 84 55 0 
87 89 91 0 
88 72 137 0 
89 48 141 0 
90 35 55 0 
91 90 177 0 
92 52 57 0 
93 58 117 0 
94 21 60 0 
95 50 134 0 
96 92 87 0 
97 61 65 0 
98 71 145 0 
99 35 42 0 
100 83 195 0 
101 57 93 0 
102 89 70 0 
103 29 70 0 
104 94 183 0 
105 95 99 0 
106 35 90 0 
107 42 46 0 
108 46 118 0 
109 88 108 0 
110 75 105 0 
111 35 44 0 
112 57 118 0 
113 60 58 0 
114 30 21 0 
115 25 49 0 
116 75 44 0 
117 87 152 0 
118 65 122 0 
119 25 62 0 
120 56 140 0 
121 94 123 0 
122 50 101 0 
123 91 224 0 
124 96 105 0 
125 43 106 0 
126 54 126 0 
127 66 34 0 
128 42 71 0 
129 22 14 0 
130 75 56 0 
131 80 165 0 
132 37 76 0 
133 71 57 0 
134 30 60 0 
135 48 25 0 
136 100 93 0 
137 40 100 0 
138 71 63 0 
139 92 63 0 
140 40 76 0 
141 36 105 0 
142 55 79 0 
143 62 148 0 
144 43 58 0 
145 80 138 0 
146 54 136 0 
147 78 97 0 
148 96 184 0 
149 86 235 0 
150 84 97 0 
151 95 158 0 
152 50 114 0 
153 71 124 0 
154 75 50 0 
155 33 27 0 
156 73 175 0 
157 95 169 0 
158 100 170 0 
159 65 123 0 
160 88 243 0 
161 84 120 0 
162 30 71 0 
163 45 49 0 
164 51 40 0 
165 95 72 0 
166 84 160 0 
167 58 73 0 
168 40 88 0 
169 97 74 0 
170 93 124 0 
171 64 149 0 
172 95 77 0 
173 24 50 0 
174 42 100 0 
175 25 25 0 
176 72 99 0 
177 34 18 0 
178 36 60 0 
179 100 129 0 
180 84 218 0 
181 55 35 0 
182 35 66 0 
183 73 122 0 
184 22 40 0 
185 73 186 0 
186 39 114 0 
187 46 112 0 
188 26 50 0 
189 81 79 0 
190 32 86 0 
191 69 50 0 
192 65 164 0 
193 26 50 0 
194 65 125 0 
195 93 266 0 
196 29 37 0 
197 29 34 0 
198 76 95 0 
199 69 156 0 
200 81 210 0 
201 25 17 0 
202 98 152 0 
203 61 129 0 
204 32 51 0 
205 42 55 0 
206 36 72 0 
207 57 57 0 
208 61 89 0 
209 43 107 0 
210 56 66 0 
211 30 55 0 
212 82 55 0 
213 56 112 0 
214 74 102 0 
215 39 23 0 
216 97 106 0 
217 82 56 0 
218 83 100 0 
219 46 137 0 
220 37 39 0 
221 37 39 0 
222 58 116 0 
223 84 90 0 
224 48 37 0 
225 70 203 0 
226 48 84 0 
227 21 22 0 
228 71 195 0 
229 100 111 0 
230 89 185 0 
231 73 159 0 
232 65 68 0 
233 28 29 0 
234 58 108 0 
235 55 132 0 
236 33 43 0 
237 91 261 0 
238 54 152 0 
239 39 89 0 
240 81 178 0 
241 35 91 0 
242 89 247 0 
243 75 146 0 
244 88 88 0 
245 80 64 0 
246 51 89 0 
247 62 71 0 
248 77 140 0 
249 48 83 0 
250 90 80 0 
251 57 118 0 
252 66 162 0 
253 85 45 0 
254 83 203 0 
255 26 25 0 
256 28 63 0 
257 87 144 0 
258 66 44 0 
259 47 122 0 
260 76 164 0 
261 62 138 0 
262 63 51 0 
263 53 48 0 
264 75 143 0 
265 40 106 0 
266 82 156 0 
267 42 82 0 
268 74 92 0 
269 96 198 0 
270 51 36 0 
271 81 225 0 
272 43 63 0 
273 63 62 0 
274 92 108 0 
275 69 69 0 
276 61 49 0 
277 46 56 0 
278 76 41 0 
279 37 88 0 
280 81 112 0 
281 46 24 0 
282 78 193 0 
283 51 151 0 
284 29 73 0 
285 35 70 0 
286 30 76 0 
287 37 71 0 
288 75 159 0 
289 76 160 0 
290 21 49 0 
291 21 31 0 
292 61 131 0 
293 79 165 0 
294 36 52 0 
295 59 128 0 
296 27 43 0 
297 41 84 0 
298 98 98 0 
299 48 123 0 
300 92 209 0 
301 72 171 0 
302 80 146 0 
303 39 74 0 
304 95 200 0 
305 70 167 0 
306 74 210 0 
307 36 84 0 
308 75 163 0 
309 40 41 0 
310 36 106 0 
311 87 115 0 
312 66 126 0 
313 42 101 0 
314 43 124 0 
315 28 42 0 
316 41 79 0 
317 26 63 0 
318 82 155 0 
319 88 206 0 
320 94 180 0 
321 84 250 0 
322 34 33 0 
323 58 30 0 
324 78 234 0 
325 78 148 0 
326 63 184 0 
327 46 133 0 
328 78 107 0 
329 59 134 0 
330 91 187 0 
331 46 35 0 
332 60 135 0 
333 39 95 0 
334 49 59 0 
335 76 44 0 
336 62 136 0 
337 47 58 0 
338 27 46 0 
339 25 17 0 
340 83 69 0 
341 75 155 0 
342 74 74 0 
343 84 245 0 
344 66 40 0 
345 47 52 0 
346 40 49 0 
347 93 162 0 
348 93 94 0 
349 42 81 0 
350 35 85 0 
351 55 135 0 
352 69 43 0 
353 44 93 0 
354 42 25 0 
355 63 156 0 
356 59 93 0 
357 78 117 0 
358 58 52 0 
359 41 119 0 
360 61 109 0 
361 91 207 0 
362 23 35 0 
363 37 108 0 
364 68 59 0 
365 27 66 0 
366 46 107 0 
367 24 13 0 
368 86 68 0 
369 30 31 0 
370 76 208 0 
371 34 19 0 
372 75 110 0 
373 92 52 0 
374 32 63 0 
375 44 114 0 
376 34 93 0 
377 40 115 0 
378 99 176 0 
379 60 54 0 
380 53 73 0 
381 77 124 0 
382 27 66 0 
383 43 22 0 
384 62 41 0 
385 96 87 0 
386 43 88 0 
387 46 41 0 
388 53 122 0 
389 24 39 0 
390 29 30 0 
391 54 140 0 
392 47 47 0 
393 98 133 0 
394 76 92 0 
395 47 77 0 
396 84 110 0 
397 73 152 0 
398 96 184 0 
399 22 66 0 
400 68 204 0 
401 24 50 0 
402 86 255 0 
403 86 185 0 
404 77 93 0 
405 38 26 0 
406 89 48 0 
407 55 44 0 
408 80 226 0 
409 48 57 0 
410 68 49 0 
411 93 81 0 
412 70 43 0 
413 50 82 0 
414 50 88 0 
415 67 39 0 
416 52 147 0 
417 31 73 0 
418 88 184 0 
419 45 129 0 
420 65 142 0 
421 26 57 0 
422 86 121 0 
423 85 54 0 
424 23 51 0 
425 91 192 0 
426 85 242 0 
427 53 109 0 
428 33 61 0 
429 60 130 0 
430 80 179 0 
431 35 70 0 
432 65 84 0 
433 83 96 0 
434 59 71 0 
435 74 197 0 
436 75 152 0 
437 31 27 0 
438 41 84 0 
439 28 36 0 
440 69 85 0 
441 66 112 0 
442 96 265 0 
443 58 43 0 
444 87 164 0 
445 48 117 0 
446 36 23 0 
447 44 24 0 
448 94 159 0 
449 83 172 0 
450 49 146 0 
451 48 105 0 
452 59 165 0 
453 45 98 0 
454 33 27 0 
455 42 73 0 
456 57 57 0 
457 48 91 0 
458 26 47 0 
459 58 39 0 
460 38 41 0 
461 40 108 0 
462 59 153 0 
463 99 246 0 
464 52 155 0 
465 65 65 0 
466 55 77 0 
467 78 112 0 
468 90 108 0 
469 33 86 0 
470 24 18 0 
471 26 65 0 
472 27 58 0 
473 55 116 0 
474 64 35 0 
475 94 157 0 
476 86 44 0 
477 89 121 0 
478 92 49 0 
479 44 50 0 
480 84 174 0 
481 57 46 0 
482 93 137 0 
483 66 57 0 
484 36 67 0 
485 48 73 0 
486 93 274 0 
487 57 54 0 
488 50 64 0 
489 76 90 0 
490 91 115 0 
491 91 66 0 
492 100 74 0 
493 71 166 0 
494 30 18 0 
495 73 162 0 
496 82 160 0 
497 38 95 0 
498 29 63 0 
499 46 47 0 
