NAME GBP_INSTANCES\prob_1_B_2_9_1.txt
COMMENT
BINTYPES 5
ITEMS 100
BINS_SECTIONS
0 60 60 0 88 
1 80 80 0 66 
2 100 100 0 53 
3 120 120 0 44 
4 150 150 0 35 
ITEMS_SECTIONS
0 54 74 0 
1 88 264 0 
2 25 48 0 
3 40 45 0 
4 18 33 0 
5 87 122 0 
6 29 52 0 
7 4 10 0 
8 49 121 0 
9 21 45 0 
10 5 13 0 
11 72 39 0 
12 62 152 0 
13 8 22 0 
14 62 143 0 
15 66 48 0 
16 26 78 0 
17 23 61 0 
18 76 160 0 
19 65 133 0 
20 63 95 0 
21 41 122 0 
22 9 17 0 
23 63 39 0 
24 58 36 0 
25 55 100 0 
26 70 166 0 
27 60 108 0 
28 93 135 0 
29 52 39 0 
30 93 239 0 
31 60 143 0 
32 94 249 0 
33 74 182 0 
34 85 207 0 
35 85 236 0 
36 2 4 0 
37 56 118 0 
38 51 67 0 
39 56 130 0 
40 34 59 0 
41 70 133 0 
42 22 22 0 
43 58 128 0 
44 80 183 0 
45 65 38 0 
46 9 14 0 
47 51 49 0 
48 81 213 0 
49 33 18 0 
50 5 10 0 
51 25 69 0 
52 21 54 0 
53 80 145 0 
54 47 79 0 
55 65 178 0 
56 5 5 0 
57 60 65 0 
58 88 196 0 
59 43 81 0 
60 54 31 0 
61 17 47 0 
62 54 113 0 
63 80 210 0 
64 66 140 0 
65 8 14 0 
66 60 126 0 
67 99 240 0 
68 87 130 0 
69 67 181 0 
70 66 47 0 
71 29 87 0 
72 51 89 0 
73 61 50 0 
74 20 35 0 
75 58 125 0 
76 18 52 0 
77 2 3 0 
78 92 235 0 
79 15 25 0 
80 77 95 0 
81 66 51 0 
82 48 103 0 
83 59 177 0 
84 41 80 0 
85 9 6 0 
86 37 38 0 
87 75 210 0 
88 96 139 0 
89 82 138 0 
90 74 127 0 
91 44 98 0 
92 42 118 0 
93 73 185 0 
94 93 215 0 
95 79 219 0 
96 79 65 0 
97 74 123 0 
98 15 32 0 
99 24 44 0 
