NAME GBP_INSTANCES\prob_1_A_3_8_1.txt
COMMENT
BINTYPES 3
ITEMS 200
BINS_SECTIONS
0 100 100 0 103 
1 120 120 0 86 
2 150 150 0 69 
ITEMS_SECTIONS
0 55 141 0 
1 14 40 0 
2 61 34 0 
3 48 128 0 
4 15 22 0 
5 47 83 0 
6 90 119 0 
7 12 22 0 
8 72 55 0 
9 14 30 0 
10 66 101 0 
11 16 30 0 
12 53 60 0 
13 28 22 0 
14 53 45 0 
15 73 143 0 
16 80 61 0 
17 84 233 0 
18 53 89 0 
19 55 132 0 
20 98 237 0 
21 57 97 0 
22 92 98 0 
23 17 49 0 
24 27 75 0 
25 56 79 0 
26 18 26 0 
27 79 221 0 
28 96 160 0 
29 57 149 0 
30 40 111 0 
31 43 95 0 
32 74 199 0 
33 77 42 0 
34 83 236 0 
35 75 96 0 
36 7 15 0 
37 84 221 0 
38 67 70 0 
39 55 153 0 
40 96 181 0 
41 14 18 0 
42 94 176 0 
43 99 151 0 
44 49 36 0 
45 99 190 0 
46 64 142 0 
47 74 188 0 
48 78 119 0 
49 79 83 0 
50 84 153 0 
51 6 12 0 
52 42 28 0 
53 72 94 0 
54 6 4 0 
55 88 156 0 
56 81 237 0 
57 13 33 0 
58 41 84 0 
59 20 23 0 
60 21 48 0 
61 21 25 0 
62 10 8 0 
63 44 64 0 
64 22 15 0 
65 89 61 0 
66 56 59 0 
67 45 124 0 
68 46 37 0 
69 91 191 0 
70 82 45 0 
71 68 65 0 
72 12 8 0 
73 64 33 0 
74 61 151 0 
75 6 6 0 
76 2 6 0 
77 78 143 0 
78 45 95 0 
79 35 74 0 
80 9 14 0 
81 62 70 0 
82 53 77 0 
83 33 84 0 
84 78 94 0 
85 75 193 0 
86 53 128 0 
87 66 185 0 
88 36 42 0 
89 100 121 0 
90 7 14 0 
91 79 236 0 
92 46 68 0 
93 66 43 0 
94 7 10 0 
95 70 95 0 
96 5 6 0 
97 45 46 0 
98 72 166 0 
99 84 142 0 
100 11 15 0 
101 57 136 0 
102 35 48 0 
103 19 56 0 
104 11 18 0 
105 15 29 0 
106 66 42 0 
107 61 154 0 
108 63 164 0 
109 43 102 0 
110 88 247 0 
111 56 34 0 
112 27 32 0 
113 12 28 0 
114 40 116 0 
115 32 21 0 
116 11 29 0 
117 10 27 0 
118 97 104 0 
119 59 38 0 
120 83 210 0 
121 97 81 0 
122 50 108 0 
123 100 111 0 
124 100 299 0 
125 77 211 0 
126 33 24 0 
127 16 38 0 
128 29 63 0 
129 3 8 0 
130 98 242 0 
131 57 168 0 
132 28 72 0 
133 79 45 0 
134 47 78 0 
135 58 118 0 
136 84 56 0 
137 75 145 0 
138 80 239 0 
139 23 22 0 
140 34 22 0 
141 80 153 0 
142 10 30 0 
143 25 15 0 
144 86 200 0 
145 63 105 0 
146 96 193 0 
147 34 46 0 
148 87 83 0 
149 28 20 0 
150 20 41 0 
151 60 73 0 
152 12 9 0 
153 44 77 0 
154 76 139 0 
155 59 46 0 
156 56 87 0 
157 47 50 0 
158 14 37 0 
159 56 138 0 
160 92 111 0 
161 78 230 0 
162 72 78 0 
163 60 98 0 
164 69 135 0 
165 67 152 0 
166 62 177 0 
167 23 56 0 
168 21 63 0 
169 13 30 0 
170 46 79 0 
171 85 154 0 
172 61 117 0 
173 89 108 0 
174 45 78 0 
175 9 15 0 
176 37 90 0 
177 13 15 0 
178 46 98 0 
179 2 6 0 
180 4 9 0 
181 94 153 0 
182 25 46 0 
183 49 75 0 
184 9 23 0 
185 37 95 0 
186 67 180 0 
187 64 57 0 
188 34 67 0 
189 79 153 0 
190 98 142 0 
191 54 100 0 
192 96 132 0 
193 48 46 0 
194 3 9 0 
195 26 22 0 
196 54 95 0 
197 37 28 0 
198 45 99 0 
199 33 23 0 
