NAME GBP_INSTANCES\prob_3_A_3_3_1.txt
COMMENT
BINTYPES 3
ITEMS 200
BINS_SECTIONS
0 100 100 0 151 
1 120 120 0 126 
2 150 150 0 101 
ITEMS_SECTIONS
0 93 109 0 
1 60 149 0 
2 61 117 0 
3 87 164 0 
4 58 101 0 
5 83 239 0 
6 70 36 0 
7 85 223 0 
8 71 73 0 
9 52 121 0 
10 100 87 0 
11 73 196 0 
12 62 109 0 
13 89 257 0 
14 78 215 0 
15 67 110 0 
16 86 137 0 
17 89 147 0 
18 59 148 0 
19 66 186 0 
20 55 159 0 
21 76 228 0 
22 88 260 0 
23 91 269 0 
24 57 50 0 
25 96 237 0 
26 86 58 0 
27 90 260 0 
28 86 209 0 
29 76 158 0 
30 85 45 0 
31 53 88 0 
32 85 44 0 
33 55 152 0 
34 70 189 0 
35 59 157 0 
36 62 119 0 
37 77 187 0 
38 72 161 0 
39 96 74 0 
40 99 181 0 
41 82 97 0 
42 72 201 0 
43 61 79 0 
44 56 163 0 
45 93 245 0 
46 92 49 0 
47 55 116 0 
48 84 167 0 
49 88 232 0 
50 51 89 0 
51 61 126 0 
52 61 37 0 
53 54 111 0 
54 52 137 0 
55 73 44 0 
56 57 44 0 
57 54 61 0 
58 81 220 0 
59 75 95 0 
60 91 87 0 
61 66 195 0 
62 86 214 0 
63 77 198 0 
64 90 126 0 
65 69 42 0 
66 64 43 0 
67 60 116 0 
68 68 170 0 
69 84 145 0 
70 69 140 0 
71 84 117 0 
72 72 208 0 
73 96 285 0 
74 85 228 0 
75 74 68 0 
76 66 66 0 
77 64 63 0 
78 63 178 0 
79 69 62 0 
80 66 130 0 
81 99 59 0 
82 64 192 0 
83 58 125 0 
84 80 87 0 
85 69 100 0 
86 70 107 0 
87 99 156 0 
88 64 108 0 
89 95 84 0 
90 97 115 0 
91 76 158 0 
92 59 38 0 
93 63 132 0 
94 70 68 0 
95 96 71 0 
96 76 227 0 
97 69 200 0 
98 97 224 0 
99 89 173 0 
100 67 50 0 
101 55 152 0 
102 55 76 0 
103 59 33 0 
104 75 45 0 
105 63 41 0 
106 70 62 0 
107 87 261 0 
108 95 240 0 
109 71 170 0 
110 56 137 0 
111 58 58 0 
112 75 146 0 
113 78 230 0 
114 94 216 0 
115 91 145 0 
116 66 126 0 
117 99 197 0 
118 67 75 0 
119 99 128 0 
120 62 114 0 
121 53 95 0 
122 85 137 0 
123 76 199 0 
124 83 104 0 
125 91 114 0 
126 59 95 0 
127 56 86 0 
128 60 92 0 
129 52 87 0 
130 62 143 0 
131 67 107 0 
132 74 78 0 
133 93 105 0 
134 88 102 0 
135 68 184 0 
136 94 259 0 
137 80 163 0 
138 98 136 0 
139 91 243 0 
140 70 68 0 
141 91 183 0 
142 52 30 0 
143 64 73 0 
144 53 56 0 
145 62 184 0 
146 78 181 0 
147 62 130 0 
148 94 89 0 
149 76 100 0 
150 82 72 0 
151 95 271 0 
152 88 251 0 
153 90 249 0 
154 83 183 0 
155 76 212 0 
156 76 106 0 
157 76 65 0 
158 87 253 0 
159 95 79 0 
160 57 34 0 
161 93 163 0 
162 85 59 0 
163 77 150 0 
164 77 41 0 
165 59 104 0 
166 86 68 0 
167 56 105 0 
168 62 78 0 
169 75 45 0 
170 74 169 0 
171 93 155 0 
172 93 167 0 
173 53 129 0 
174 88 229 0 
175 71 60 0 
176 89 56 0 
177 65 44 0 
178 84 209 0 
179 90 105 0 
180 66 161 0 
181 87 213 0 
182 61 102 0 
183 99 51 0 
184 73 50 0 
185 97 228 0 
186 62 186 0 
187 91 98 0 
188 76 220 0 
189 51 127 0 
190 98 70 0 
191 93 128 0 
192 81 68 0 
193 99 231 0 
194 79 123 0 
195 73 137 0 
196 89 156 0 
197 66 125 0 
198 77 161 0 
199 56 47 0 
