NAME GBP_INSTANCES\prob_1_A_4_1_1.txt
COMMENT
BINTYPES 3
ITEMS 500
BINS_SECTIONS
0 100 100 0 263 
1 120 120 0 219 
2 150 150 0 175 
ITEMS_SECTIONS
0 49 44 0 
1 97 80 0 
2 15 27 0 
3 61 70 0 
4 63 122 0 
5 55 59 0 
6 53 88 0 
7 39 108 0 
8 55 38 0 
9 90 108 0 
10 64 36 0 
11 63 147 0 
12 83 228 0 
13 84 166 0 
14 78 171 0 
15 82 156 0 
16 30 19 0 
17 13 28 0 
18 47 92 0 
19 30 25 0 
20 64 119 0 
21 96 181 0 
22 97 183 0 
23 40 97 0 
24 89 95 0 
25 11 16 0 
26 29 37 0 
27 90 60 0 
28 67 133 0 
29 34 18 0 
30 19 40 0 
31 20 49 0 
32 74 39 0 
33 48 106 0 
34 66 83 0 
35 6 12 0 
36 78 79 0 
37 32 30 0 
38 28 63 0 
39 25 25 0 
40 92 202 0 
41 74 203 0 
42 93 95 0 
43 88 190 0 
44 92 127 0 
45 60 85 0 
46 54 33 0 
47 90 51 0 
48 53 104 0 
49 30 83 0 
50 87 119 0 
51 47 41 0 
52 94 184 0 
53 92 272 0 
54 40 33 0 
55 56 94 0 
56 89 213 0 
57 82 79 0 
58 22 26 0 
59 79 205 0 
60 26 39 0 
61 21 16 0 
62 85 221 0 
63 65 186 0 
64 69 187 0 
65 12 10 0 
66 14 34 0 
67 97 62 0 
68 33 60 0 
69 98 204 0 
70 88 221 0 
71 19 40 0 
72 85 183 0 
73 25 67 0 
74 55 120 0 
75 91 261 0 
76 11 10 0 
77 30 51 0 
78 68 70 0 
79 52 141 0 
80 48 70 0 
81 10 19 0 
82 26 35 0 
83 28 35 0 
84 30 27 0 
85 90 73 0 
86 76 139 0 
87 56 46 0 
88 49 95 0 
89 28 39 0 
90 8 18 0 
91 92 61 0 
92 52 101 0 
93 90 112 0 
94 100 118 0 
95 37 95 0 
96 24 67 0 
97 41 44 0 
98 68 183 0 
99 66 35 0 
100 32 29 0 
101 69 161 0 
102 45 117 0 
103 8 22 0 
104 100 228 0 
105 83 128 0 
106 51 37 0 
107 35 68 0 
108 7 17 0 
109 35 95 0 
110 11 33 0 
111 23 18 0 
112 29 18 0 
113 61 166 0 
114 37 67 0 
115 44 71 0 
116 75 169 0 
117 33 86 0 
118 56 35 0 
119 46 78 0 
120 5 9 0 
121 93 248 0 
122 3 2 0 
123 86 134 0 
124 64 85 0 
125 61 128 0 
126 44 63 0 
127 62 95 0 
128 77 79 0 
129 98 112 0 
130 65 143 0 
131 27 49 0 
132 79 126 0 
133 15 42 0 
134 82 171 0 
135 15 36 0 
136 50 67 0 
137 2 3 0 
138 11 10 0 
139 68 122 0 
140 44 46 0 
141 72 204 0 
142 48 112 0 
143 96 67 0 
144 58 159 0 
145 97 204 0 
146 14 30 0 
147 53 73 0 
148 32 77 0 
149 20 34 0 
150 96 137 0 
151 65 54 0 
152 43 29 0 
153 36 62 0 
154 44 50 0 
155 98 224 0 
156 75 72 0 
157 12 16 0 
158 64 94 0 
159 98 160 0 
160 15 15 0 
161 53 76 0 
162 58 164 0 
163 76 171 0 
164 75 93 0 
165 65 78 0 
166 56 139 0 
167 94 263 0 
168 92 91 0 
169 40 43 0 
170 81 101 0 
171 23 28 0 
172 87 252 0 
173 2 2 0 
174 15 29 0 
175 100 287 0 
176 43 34 0 
177 46 110 0 
178 74 88 0 
179 95 120 0 
180 98 55 0 
181 14 26 0 
182 90 144 0 
183 85 220 0 
184 97 271 0 
185 19 26 0 
186 92 230 0 
187 55 134 0 
188 95 108 0 
189 80 199 0 
190 85 200 0 
191 42 96 0 
192 67 132 0 
193 84 118 0 
194 27 33 0 
195 98 193 0 
196 18 49 0 
197 14 31 0 
198 91 187 0 
199 38 112 0 
200 35 105 0 
201 68 56 0 
202 34 73 0 
203 16 20 0 
204 93 224 0 
205 41 123 0 
206 19 14 0 
207 96 226 0 
208 39 117 0 
209 40 68 0 
210 57 79 0 
211 95 250 0 
212 70 65 0 
213 34 59 0 
214 100 191 0 
215 14 17 0 
216 47 132 0 
217 17 36 0 
218 29 47 0 
219 64 64 0 
220 33 71 0 
221 65 87 0 
222 98 145 0 
223 20 21 0 
224 15 19 0 
225 84 69 0 
226 69 107 0 
227 60 70 0 
228 99 228 0 
229 8 10 0 
230 90 258 0 
231 69 202 0 
232 30 71 0 
233 64 52 0 
234 61 66 0 
235 46 115 0 
236 18 49 0 
237 67 102 0 
238 40 39 0 
239 79 224 0 
240 49 117 0 
241 25 66 0 
242 22 16 0 
243 63 32 0 
244 41 50 0 
245 60 161 0 
246 61 38 0 
247 93 257 0 
248 18 16 0 
249 16 46 0 
250 57 144 0 
251 20 47 0 
252 89 100 0 
253 23 64 0 
254 71 61 0 
255 95 170 0 
256 80 44 0 
257 49 53 0 
258 9 14 0 
259 14 37 0 
260 12 36 0 
261 57 128 0 
262 23 25 0 
263 48 85 0 
264 76 71 0 
265 19 38 0 
266 78 226 0 
267 100 300 0 
268 14 16 0 
269 16 16 0 
270 30 66 0 
271 79 203 0 
272 21 16 0 
273 53 159 0 
274 51 62 0 
275 92 73 0 
276 97 108 0 
277 32 79 0 
278 81 223 0 
279 100 52 0 
280 83 50 0 
281 6 5 0 
282 3 4 0 
283 97 130 0 
284 68 106 0 
285 69 129 0 
286 41 51 0 
287 66 155 0 
288 39 116 0 
289 87 169 0 
290 86 220 0 
291 94 262 0 
292 41 107 0 
293 31 34 0 
294 31 36 0 
295 67 184 0 
296 22 43 0 
297 28 31 0 
298 20 52 0 
299 48 59 0 
300 31 22 0 
301 85 55 0 
302 12 27 0 
303 60 165 0 
304 51 48 0 
305 87 261 0 
306 50 50 0 
307 61 143 0 
308 28 82 0 
309 46 102 0 
310 38 62 0 
311 45 74 0 
312 63 116 0 
313 92 146 0 
314 13 21 0 
315 60 104 0 
316 66 104 0 
317 80 71 0 
318 15 12 0 
319 65 187 0 
320 9 25 0 
321 17 28 0 
322 69 148 0 
323 23 19 0 
324 74 125 0 
325 56 130 0 
326 30 55 0 
327 54 93 0 
328 59 127 0 
329 100 68 0 
330 45 36 0 
331 43 91 0 
332 15 26 0 
333 29 60 0 
334 80 181 0 
335 23 53 0 
336 83 166 0 
337 100 264 0 
338 45 60 0 
339 32 38 0 
340 15 23 0 
341 62 62 0 
342 83 196 0 
343 72 88 0 
344 25 74 0 
345 85 97 0 
346 55 127 0 
347 53 112 0 
348 78 128 0 
349 91 105 0 
350 77 101 0 
351 56 30 0 
352 56 40 0 
353 64 147 0 
354 43 96 0 
355 4 12 0 
356 90 192 0 
357 22 21 0 
358 8 15 0 
359 72 215 0 
360 29 79 0 
361 51 78 0 
362 35 44 0 
363 25 40 0 
364 9 25 0 
365 61 137 0 
366 4 10 0 
367 99 119 0 
368 6 4 0 
369 73 88 0 
370 82 66 0 
371 52 107 0 
372 38 71 0 
373 95 239 0 
374 39 94 0 
375 62 156 0 
376 81 147 0 
377 8 6 0 
378 23 67 0 
379 9 19 0 
380 95 165 0 
381 96 118 0 
382 78 53 0 
383 41 123 0 
384 94 162 0 
385 66 196 0 
386 18 33 0 
387 27 40 0 
388 70 202 0 
389 74 217 0 
390 22 61 0 
391 18 28 0 
392 19 11 0 
393 8 23 0 
394 89 206 0 
395 14 25 0 
396 53 69 0 
397 58 140 0 
398 21 15 0 
399 57 77 0 
400 55 44 0 
401 96 114 0 
402 33 96 0 
403 52 54 0 
404 73 57 0 
405 24 66 0 
406 99 173 0 
407 27 49 0 
408 94 237 0 
409 89 83 0 
410 27 76 0 
411 40 29 0 
412 8 11 0 
413 49 95 0 
414 45 127 0 
415 54 144 0 
416 82 111 0 
417 67 86 0 
418 24 41 0 
419 64 60 0 
420 86 245 0 
421 19 52 0 
422 2 2 0 
423 21 25 0 
424 63 39 0 
425 6 18 0 
426 34 66 0 
427 19 11 0 
428 84 212 0 
429 52 112 0 
430 43 95 0 
431 99 58 0 
432 16 35 0 
433 71 84 0 
434 89 230 0 
435 49 119 0 
436 94 250 0 
437 81 158 0 
438 32 61 0 
439 16 20 0 
440 71 111 0 
441 70 205 0 
442 4 7 0 
443 47 101 0 
444 98 156 0 
445 63 147 0 
446 73 219 0 
447 64 185 0 
448 28 48 0 
449 24 57 0 
450 15 25 0 
451 75 62 0 
452 13 37 0 
453 21 47 0 
454 52 135 0 
455 48 114 0 
456 43 56 0 
457 88 215 0 
458 13 29 0 
459 30 54 0 
460 37 97 0 
461 35 91 0 
462 52 55 0 
463 61 54 0 
464 17 11 0 
465 7 16 0 
466 63 56 0 
467 41 78 0 
468 74 49 0 
469 66 72 0 
470 73 133 0 
471 12 13 0 
472 66 164 0 
473 99 56 0 
474 9 22 0 
475 14 39 0 
476 50 105 0 
477 11 29 0 
478 33 95 0 
479 76 116 0 
480 85 87 0 
481 99 70 0 
482 63 183 0 
483 3 4 0 
484 18 53 0 
485 7 19 0 
486 45 72 0 
487 97 219 0 
488 85 126 0 
489 12 33 0 
490 95 120 0 
491 25 52 0 
492 40 66 0 
493 61 51 0 
494 3 3 0 
495 14 26 0 
496 36 47 0 
497 22 22 0 
498 92 198 0 
499 15 30 0 
