NAME GBP_INSTANCES\prob_2_A_4_0_1.txt
COMMENT
BINTYPES 3
ITEMS 500
BINS_SECTIONS
0 100 100 0 301 
1 120 120 0 251 
2 150 150 0 201 
ITEMS_SECTIONS
0 64 61 0 
1 42 113 0 
2 61 87 0 
3 21 58 0 
4 92 139 0 
5 87 225 0 
6 65 173 0 
7 65 138 0 
8 26 43 0 
9 75 182 0 
10 59 139 0 
11 67 104 0 
12 69 187 0 
13 33 41 0 
14 48 132 0 
15 84 187 0 
16 34 77 0 
17 81 110 0 
18 40 90 0 
19 45 61 0 
20 73 175 0 
21 91 208 0 
22 53 95 0 
23 77 124 0 
24 87 68 0 
25 45 105 0 
26 73 76 0 
27 94 175 0 
28 56 36 0 
29 97 210 0 
30 52 104 0 
31 39 46 0 
32 45 98 0 
33 100 66 0 
34 99 217 0 
35 44 80 0 
36 47 74 0 
37 97 269 0 
38 50 30 0 
39 60 81 0 
40 96 76 0 
41 93 194 0 
42 34 40 0 
43 55 37 0 
44 93 194 0 
45 42 40 0 
46 96 125 0 
47 21 43 0 
48 95 49 0 
49 56 51 0 
50 87 64 0 
51 87 102 0 
52 32 92 0 
53 76 155 0 
54 45 82 0 
55 44 128 0 
56 87 157 0 
57 69 140 0 
58 38 97 0 
59 45 57 0 
60 53 32 0 
61 56 123 0 
62 22 33 0 
63 84 86 0 
64 28 32 0 
65 79 116 0 
66 22 42 0 
67 25 60 0 
68 48 93 0 
69 60 88 0 
70 88 77 0 
71 34 77 0 
72 48 124 0 
73 54 103 0 
74 21 39 0 
75 40 27 0 
76 78 95 0 
77 45 106 0 
78 47 68 0 
79 26 67 0 
80 76 216 0 
81 26 20 0 
82 74 108 0 
83 85 144 0 
84 21 27 0 
85 95 178 0 
86 46 45 0 
87 33 46 0 
88 77 111 0 
89 69 135 0 
90 69 51 0 
91 85 247 0 
92 98 156 0 
93 61 82 0 
94 42 39 0 
95 65 155 0 
96 57 115 0 
97 72 75 0 
98 84 162 0 
99 98 200 0 
100 21 48 0 
101 29 44 0 
102 66 150 0 
103 77 194 0 
104 47 101 0 
105 25 32 0 
106 90 243 0 
107 83 127 0 
108 59 144 0 
109 97 136 0 
110 71 172 0 
111 64 96 0 
112 80 237 0 
113 93 246 0 
114 26 41 0 
115 87 47 0 
116 86 230 0 
117 24 66 0 
118 91 153 0 
119 25 71 0 
120 79 189 0 
121 76 142 0 
122 43 116 0 
123 67 70 0 
124 68 104 0 
125 31 64 0 
126 71 110 0 
127 43 39 0 
128 56 54 0 
129 24 27 0 
130 82 80 0 
131 62 61 0 
132 52 80 0 
133 26 54 0 
134 87 212 0 
135 66 164 0 
136 53 55 0 
137 82 157 0 
138 89 154 0 
139 70 55 0 
140 70 84 0 
141 62 116 0 
142 76 223 0 
143 49 127 0 
144 88 83 0 
145 43 47 0 
146 67 118 0 
147 45 34 0 
148 29 82 0 
149 30 81 0 
150 33 95 0 
151 32 47 0 
152 74 215 0 
153 48 139 0 
154 99 98 0 
155 73 59 0 
156 74 138 0 
157 94 282 0 
158 47 101 0 
159 24 66 0 
160 63 71 0 
161 45 66 0 
162 65 174 0 
163 25 26 0 
164 62 55 0 
165 39 37 0 
166 73 138 0 
167 65 101 0 
168 67 157 0 
169 67 107 0 
170 46 137 0 
171 38 62 0 
172 63 154 0 
173 92 99 0 
174 26 76 0 
175 81 98 0 
176 39 105 0 
177 70 160 0 
178 95 213 0 
179 63 119 0 
180 51 64 0 
181 86 172 0 
182 22 35 0 
183 91 220 0 
184 80 159 0 
185 33 93 0 
186 71 156 0 
187 93 207 0 
188 67 118 0 
189 25 65 0 
190 44 127 0 
191 44 67 0 
192 76 184 0 
193 94 97 0 
194 23 49 0 
195 85 94 0 
196 51 132 0 
197 27 33 0 
198 82 153 0 
199 85 195 0 
200 44 100 0 
201 71 132 0 
202 82 54 0 
203 88 222 0 
204 67 86 0 
205 65 104 0 
206 27 26 0 
207 49 110 0 
208 69 130 0 
209 57 132 0 
210 30 39 0 
211 70 74 0 
212 31 64 0 
213 52 90 0 
214 25 72 0 
215 27 34 0 
216 73 78 0 
217 85 70 0 
218 52 146 0 
219 21 53 0 
220 74 62 0 
221 47 66 0 
222 33 44 0 
223 85 47 0 
224 51 65 0 
225 57 99 0 
226 43 103 0 
227 83 56 0 
228 96 163 0 
229 73 60 0 
230 70 112 0 
231 86 98 0 
232 59 100 0 
233 31 51 0 
234 99 169 0 
235 71 209 0 
236 28 80 0 
237 67 59 0 
238 77 197 0 
239 29 68 0 
240 31 69 0 
241 54 130 0 
242 46 94 0 
243 63 58 0 
244 84 117 0 
245 76 187 0 
246 68 112 0 
247 94 172 0 
248 64 105 0 
249 24 43 0 
250 70 76 0 
251 63 150 0 
252 40 73 0 
253 28 39 0 
254 44 32 0 
255 76 64 0 
256 59 152 0 
257 66 192 0 
258 68 42 0 
259 91 108 0 
260 31 46 0 
261 70 151 0 
262 52 48 0 
263 54 29 0 
264 65 63 0 
265 52 132 0 
266 95 279 0 
267 64 106 0 
268 51 35 0 
269 72 212 0 
270 76 171 0 
271 45 28 0 
272 57 155 0 
273 36 107 0 
274 96 142 0 
275 25 68 0 
276 84 45 0 
277 34 44 0 
278 72 187 0 
279 91 92 0 
280 25 73 0 
281 80 177 0 
282 94 219 0 
283 89 149 0 
284 68 75 0 
285 47 81 0 
286 84 86 0 
287 54 90 0 
288 50 116 0 
289 23 44 0 
290 61 156 0 
291 87 222 0 
292 88 45 0 
293 35 78 0 
294 99 237 0 
295 83 67 0 
296 49 35 0 
297 87 238 0 
298 87 259 0 
299 52 65 0 
300 75 85 0 
301 21 58 0 
302 58 81 0 
303 68 176 0 
304 75 121 0 
305 70 62 0 
306 70 56 0 
307 90 213 0 
308 61 68 0 
309 89 243 0 
310 98 55 0 
311 87 173 0 
312 44 64 0 
313 90 185 0 
314 27 65 0 
315 38 24 0 
316 99 171 0 
317 68 155 0 
318 57 92 0 
319 85 165 0 
320 91 258 0 
321 76 130 0 
322 79 144 0 
323 35 20 0 
324 98 254 0 
325 36 100 0 
326 98 170 0 
327 55 46 0 
328 39 30 0 
329 97 172 0 
330 28 23 0 
331 88 149 0 
332 42 30 0 
333 62 156 0 
334 38 77 0 
335 95 62 0 
336 51 120 0 
337 67 185 0 
338 37 52 0 
339 56 45 0 
340 44 105 0 
341 51 110 0 
342 23 61 0 
343 98 241 0 
344 86 132 0 
345 56 125 0 
346 33 69 0 
347 76 140 0 
348 70 50 0 
349 24 29 0 
350 85 193 0 
351 21 41 0 
352 48 40 0 
353 61 181 0 
354 41 58 0 
355 51 68 0 
356 46 131 0 
357 28 36 0 
358 78 224 0 
359 39 46 0 
360 98 255 0 
361 48 30 0 
362 48 31 0 
363 52 93 0 
364 45 80 0 
365 73 53 0 
366 84 110 0 
367 74 92 0 
368 69 205 0 
369 26 70 0 
370 82 97 0 
371 31 22 0 
372 58 83 0 
373 98 224 0 
374 22 39 0 
375 84 80 0 
376 74 136 0 
377 72 136 0 
378 50 118 0 
379 38 70 0 
380 75 61 0 
381 55 145 0 
382 28 39 0 
383 61 108 0 
384 63 132 0 
385 62 168 0 
386 39 60 0 
387 74 218 0 
388 77 96 0 
389 92 129 0 
390 40 43 0 
391 51 115 0 
392 89 217 0 
393 77 64 0 
394 56 98 0 
395 52 82 0 
396 21 12 0 
397 56 49 0 
398 87 247 0 
399 57 85 0 
400 90 218 0 
401 35 87 0 
402 67 107 0 
403 29 65 0 
404 47 130 0 
405 56 52 0 
406 88 83 0 
407 39 107 0 
408 48 32 0 
409 75 90 0 
410 35 46 0 
411 64 137 0 
412 48 137 0 
413 28 73 0 
414 42 27 0 
415 33 55 0 
416 75 120 0 
417 88 55 0 
418 26 75 0 
419 32 32 0 
420 94 63 0 
421 38 37 0 
422 47 75 0 
423 57 148 0 
424 71 205 0 
425 86 146 0 
426 58 164 0 
427 22 63 0 
428 59 67 0 
429 62 153 0 
430 71 82 0 
431 46 115 0 
432 32 34 0 
433 28 56 0 
434 32 71 0 
435 51 79 0 
436 32 68 0 
437 38 49 0 
438 30 22 0 
439 58 150 0 
440 87 122 0 
441 92 176 0 
442 45 100 0 
443 43 92 0 
444 79 140 0 
445 98 122 0 
446 21 46 0 
447 31 83 0 
448 61 36 0 
449 79 164 0 
450 50 114 0 
451 81 52 0 
452 76 213 0 
453 41 67 0 
454 57 72 0 
455 46 33 0 
456 61 50 0 
457 65 113 0 
458 77 189 0 
459 45 46 0 
460 89 232 0 
461 31 65 0 
462 39 78 0 
463 69 98 0 
464 92 203 0 
465 28 48 0 
466 36 85 0 
467 88 115 0 
468 30 87 0 
469 44 35 0 
470 37 66 0 
471 28 17 0 
472 66 94 0 
473 77 195 0 
474 69 160 0 
475 92 216 0 
476 95 180 0 
477 67 195 0 
478 78 64 0 
479 97 148 0 
480 37 29 0 
481 60 173 0 
482 98 202 0 
483 44 36 0 
484 79 216 0 
485 87 233 0 
486 86 89 0 
487 40 28 0 
488 32 32 0 
489 92 61 0 
490 75 135 0 
491 31 20 0 
492 38 77 0 
493 29 48 0 
494 52 113 0 
495 21 22 0 
496 23 58 0 
497 64 140 0 
498 74 70 0 
499 36 56 0 
