NAME GBP_INSTANCES\prob_3_A_3_9_1.txt
COMMENT
BINTYPES 3
ITEMS 200
BINS_SECTIONS
0 100 100 0 151 
1 120 120 0 126 
2 150 150 0 101 
ITEMS_SECTIONS
0 82 221 0 
1 80 227 0 
2 99 158 0 
3 95 80 0 
4 90 76 0 
5 51 103 0 
6 52 80 0 
7 97 186 0 
8 90 264 0 
9 86 233 0 
10 95 174 0 
11 51 31 0 
12 72 173 0 
13 79 127 0 
14 63 185 0 
15 100 277 0 
16 62 70 0 
17 91 200 0 
18 66 103 0 
19 80 119 0 
20 84 151 0 
21 93 214 0 
22 71 198 0 
23 66 52 0 
24 63 39 0 
25 56 73 0 
26 94 186 0 
27 88 143 0 
28 56 137 0 
29 65 50 0 
30 59 114 0 
31 70 60 0 
32 80 67 0 
33 57 66 0 
34 66 124 0 
35 97 196 0 
36 97 104 0 
37 85 182 0 
38 72 96 0 
39 70 39 0 
40 72 128 0 
41 76 51 0 
42 71 101 0 
43 92 75 0 
44 58 30 0 
45 51 125 0 
46 51 38 0 
47 58 127 0 
48 68 195 0 
49 77 148 0 
50 82 83 0 
51 84 248 0 
52 55 143 0 
53 67 77 0 
54 77 229 0 
55 91 66 0 
56 52 141 0 
57 89 133 0 
58 91 241 0 
59 99 152 0 
60 80 63 0 
61 65 46 0 
62 86 114 0 
63 80 59 0 
64 100 114 0 
65 60 171 0 
66 81 109 0 
67 79 134 0 
68 52 74 0 
69 94 190 0 
70 54 37 0 
71 55 92 0 
72 53 116 0 
73 84 111 0 
74 96 125 0 
75 54 119 0 
76 66 142 0 
77 81 89 0 
78 51 111 0 
79 51 27 0 
80 89 201 0 
81 90 177 0 
82 54 132 0 
83 88 197 0 
84 89 236 0 
85 54 84 0 
86 59 114 0 
87 100 72 0 
88 85 215 0 
89 58 65 0 
90 53 57 0 
91 83 87 0 
92 90 241 0 
93 90 253 0 
94 69 98 0 
95 60 133 0 
96 77 145 0 
97 96 275 0 
98 69 42 0 
99 60 95 0 
100 75 114 0 
101 81 180 0 
102 80 159 0 
103 94 108 0 
104 61 129 0 
105 90 160 0 
106 99 203 0 
107 57 136 0 
108 55 51 0 
109 66 123 0 
110 90 162 0 
111 85 255 0 
112 84 46 0 
113 72 109 0 
114 53 126 0 
115 96 182 0 
116 67 184 0 
117 82 201 0 
118 80 220 0 
119 54 40 0 
120 89 267 0 
121 58 34 0 
122 80 209 0 
123 66 73 0 
124 82 93 0 
125 87 203 0 
126 89 114 0 
127 63 129 0 
128 95 245 0 
129 98 86 0 
130 95 51 0 
131 78 85 0 
132 62 88 0 
133 100 198 0 
134 92 166 0 
135 67 122 0 
136 72 198 0 
137 56 156 0 
138 98 113 0 
139 85 193 0 
140 56 32 0 
141 55 141 0 
142 57 79 0 
143 58 110 0 
144 61 132 0 
145 100 171 0 
146 86 235 0 
147 79 142 0 
148 94 238 0 
149 85 49 0 
150 61 159 0 
151 56 98 0 
152 91 179 0 
153 65 45 0 
154 56 143 0 
155 94 207 0 
156 71 48 0 
157 61 135 0 
158 92 80 0 
159 83 131 0 
160 86 115 0 
161 80 198 0 
162 60 84 0 
163 88 167 0 
164 78 123 0 
165 62 140 0 
166 92 234 0 
167 100 94 0 
168 61 101 0 
169 72 124 0 
170 96 229 0 
171 93 64 0 
172 73 122 0 
173 55 156 0 
174 100 68 0 
175 63 76 0 
176 75 66 0 
177 77 111 0 
178 95 193 0 
179 76 200 0 
180 51 64 0 
181 100 152 0 
182 87 54 0 
183 52 123 0 
184 65 168 0 
185 85 242 0 
186 51 121 0 
187 77 204 0 
188 51 150 0 
189 68 162 0 
190 82 183 0 
191 59 34 0 
192 78 169 0 
193 88 170 0 
194 99 115 0 
195 63 41 0 
196 66 54 0 
197 81 203 0 
198 95 97 0 
199 58 172 0 
