NAME GBP_INSTANCES\prob_1_A_4_0_1.txt
COMMENT
BINTYPES 3
ITEMS 500
BINS_SECTIONS
0 100 100 0 257 
1 120 120 0 215 
2 150 150 0 172 
ITEMS_SECTIONS
0 8 6 0 
1 45 56 0 
2 49 92 0 
3 96 111 0 
4 50 42 0 
5 38 110 0 
6 19 46 0 
7 2 6 0 
8 59 170 0 
9 40 86 0 
10 82 102 0 
11 57 54 0 
12 14 41 0 
13 19 39 0 
14 22 58 0 
15 57 116 0 
16 67 144 0 
17 75 213 0 
18 72 163 0 
19 4 10 0 
20 27 79 0 
21 75 178 0 
22 91 228 0 
23 8 13 0 
24 56 157 0 
25 60 77 0 
26 23 47 0 
27 71 148 0 
28 50 139 0 
29 93 230 0 
30 94 194 0 
31 56 161 0 
32 82 211 0 
33 61 172 0 
34 9 12 0 
35 49 76 0 
36 66 97 0 
37 70 61 0 
38 62 51 0 
39 29 71 0 
40 23 48 0 
41 76 68 0 
42 42 119 0 
43 53 107 0 
44 13 30 0 
45 63 150 0 
46 52 104 0 
47 64 142 0 
48 28 76 0 
49 42 90 0 
50 16 29 0 
51 33 24 0 
52 79 230 0 
53 59 61 0 
54 89 195 0 
55 40 76 0 
56 85 249 0 
57 86 170 0 
58 50 78 0 
59 18 44 0 
60 12 24 0 
61 2 5 0 
62 95 274 0 
63 39 25 0 
64 52 131 0 
65 12 7 0 
66 7 18 0 
67 95 92 0 
68 95 78 0 
69 38 61 0 
70 11 23 0 
71 43 66 0 
72 88 133 0 
73 16 21 0 
74 8 14 0 
75 39 24 0 
76 24 37 0 
77 15 32 0 
78 94 259 0 
79 81 144 0 
80 67 80 0 
81 55 89 0 
82 35 39 0 
83 56 131 0 
84 57 70 0 
85 5 10 0 
86 26 15 0 
87 98 146 0 
88 82 161 0 
89 43 89 0 
90 12 31 0 
91 89 209 0 
92 75 126 0 
93 77 184 0 
94 76 167 0 
95 73 134 0 
96 34 46 0 
97 85 206 0 
98 84 183 0 
99 46 128 0 
100 2 6 0 
101 96 94 0 
102 86 191 0 
103 67 200 0 
104 11 16 0 
105 50 116 0 
106 79 119 0 
107 70 47 0 
108 35 82 0 
109 70 82 0 
110 15 22 0 
111 15 25 0 
112 52 81 0 
113 83 224 0 
114 56 158 0 
115 49 97 0 
116 51 133 0 
117 24 56 0 
118 85 193 0 
119 47 134 0 
120 99 244 0 
121 51 92 0 
122 42 53 0 
123 58 158 0 
124 100 121 0 
125 20 40 0 
126 15 11 0 
127 59 166 0 
128 43 107 0 
129 32 46 0 
130 56 124 0 
131 41 110 0 
132 97 121 0 
133 12 14 0 
134 37 31 0 
135 9 20 0 
136 42 104 0 
137 33 98 0 
138 26 35 0 
139 35 48 0 
140 83 241 0 
141 34 81 0 
142 2 5 0 
143 54 145 0 
144 45 60 0 
145 56 141 0 
146 81 94 0 
147 22 35 0 
148 93 224 0 
149 35 39 0 
150 73 58 0 
151 34 84 0 
152 88 92 0 
153 92 140 0 
154 45 97 0 
155 30 76 0 
156 98 124 0 
157 41 35 0 
158 9 11 0 
159 77 107 0 
160 91 70 0 
161 60 149 0 
162 8 6 0 
163 59 79 0 
164 39 115 0 
165 59 140 0 
166 27 17 0 
167 56 165 0 
168 31 89 0 
169 74 88 0 
170 87 151 0 
171 56 122 0 
172 50 81 0 
173 23 63 0 
174 64 175 0 
175 73 83 0 
176 7 12 0 
177 62 142 0 
178 80 234 0 
179 19 22 0 
180 67 112 0 
181 70 56 0 
182 18 32 0 
183 92 270 0 
184 94 112 0 
185 8 19 0 
186 99 96 0 
187 45 100 0 
188 24 59 0 
189 59 139 0 
190 78 222 0 
191 94 215 0 
192 87 87 0 
193 37 50 0 
194 97 70 0 
195 11 14 0 
196 34 62 0 
197 23 43 0 
198 45 130 0 
199 85 75 0 
200 23 32 0 
201 44 59 0 
202 78 214 0 
203 90 198 0 
204 66 106 0 
205 60 117 0 
206 34 56 0 
207 32 29 0 
208 94 234 0 
209 48 131 0 
210 98 120 0 
211 19 55 0 
212 2 5 0 
213 68 157 0 
214 69 88 0 
215 39 56 0 
216 63 169 0 
217 95 219 0 
218 55 161 0 
219 79 149 0 
220 80 95 0 
221 6 13 0 
222 67 138 0 
223 61 153 0 
224 38 82 0 
225 90 129 0 
226 55 58 0 
227 42 68 0 
228 33 31 0 
229 97 144 0 
230 3 5 0 
231 56 118 0 
232 59 114 0 
233 71 211 0 
234 83 99 0 
235 32 90 0 
236 7 13 0 
237 80 224 0 
238 64 178 0 
239 72 125 0 
240 63 113 0 
241 22 52 0 
242 51 129 0 
243 34 102 0 
244 71 184 0 
245 77 228 0 
246 97 173 0 
247 76 68 0 
248 34 57 0 
249 16 11 0 
250 31 30 0 
251 40 76 0 
252 17 20 0 
253 17 48 0 
254 40 52 0 
255 13 24 0 
256 44 75 0 
257 6 16 0 
258 80 202 0 
259 34 44 0 
260 35 56 0 
261 87 195 0 
262 32 89 0 
263 13 38 0 
264 80 185 0 
265 46 33 0 
266 60 40 0 
267 5 15 0 
268 95 97 0 
269 27 40 0 
270 31 35 0 
271 23 64 0 
272 63 46 0 
273 48 126 0 
274 26 63 0 
275 12 26 0 
276 99 135 0 
277 56 106 0 
278 97 240 0 
279 89 83 0 
280 46 137 0 
281 87 86 0 
282 21 11 0 
283 72 49 0 
284 31 44 0 
285 42 62 0 
286 81 209 0 
287 70 112 0 
288 6 4 0 
289 31 55 0 
290 49 59 0 
291 99 157 0 
292 87 98 0 
293 4 6 0 
294 86 230 0 
295 81 64 0 
296 22 14 0 
297 15 34 0 
298 37 74 0 
299 70 109 0 
300 3 4 0 
301 51 136 0 
302 31 71 0 
303 93 232 0 
304 42 124 0 
305 54 32 0 
306 81 180 0 
307 34 100 0 
308 55 116 0 
309 71 124 0 
310 83 175 0 
311 49 30 0 
312 32 56 0 
313 88 196 0 
314 90 209 0 
315 52 98 0 
316 66 165 0 
317 38 20 0 
318 100 133 0 
319 35 94 0 
320 19 13 0 
321 70 78 0 
322 6 15 0 
323 88 154 0 
324 81 129 0 
325 68 185 0 
326 44 33 0 
327 77 231 0 
328 17 26 0 
329 87 103 0 
330 15 23 0 
331 25 28 0 
332 44 100 0 
333 17 37 0 
334 83 157 0 
335 81 213 0 
336 44 117 0 
337 24 47 0 
338 49 133 0 
339 17 38 0 
340 54 95 0 
341 100 182 0 
342 91 50 0 
343 11 11 0 
344 25 13 0 
345 55 116 0 
346 75 45 0 
347 92 132 0 
348 12 17 0 
349 71 210 0 
350 28 78 0 
351 97 144 0 
352 77 89 0 
353 88 63 0 
354 67 169 0 
355 84 60 0 
356 57 42 0 
357 15 17 0 
358 100 80 0 
359 95 195 0 
360 95 90 0 
361 30 19 0 
362 65 71 0 
363 95 256 0 
364 84 115 0 
365 93 178 0 
366 29 22 0 
367 67 181 0 
368 13 30 0 
369 3 3 0 
370 32 89 0 
371 11 20 0 
372 59 85 0 
373 30 89 0 
374 83 119 0 
375 13 33 0 
376 52 71 0 
377 86 139 0 
378 85 198 0 
379 41 121 0 
380 7 8 0 
381 19 40 0 
382 15 43 0 
383 30 57 0 
384 70 101 0 
385 10 24 0 
386 22 28 0 
387 4 5 0 
388 100 276 0 
389 81 182 0 
390 77 200 0 
391 18 38 0 
392 84 80 0 
393 69 42 0 
394 35 85 0 
395 47 48 0 
396 36 37 0 
397 63 167 0 
398 32 19 0 
399 16 43 0 
400 83 246 0 
401 93 121 0 
402 6 6 0 
403 100 89 0 
404 81 209 0 
405 54 47 0 
406 37 72 0 
407 78 157 0 
408 39 90 0 
409 36 94 0 
410 99 155 0 
411 76 182 0 
412 34 51 0 
413 64 139 0 
414 35 56 0 
415 88 142 0 
416 85 223 0 
417 17 45 0 
418 32 52 0 
419 100 85 0 
420 46 83 0 
421 21 41 0 
422 16 21 0 
423 11 13 0 
424 7 4 0 
425 90 214 0 
426 38 76 0 
427 77 180 0 
428 53 139 0 
429 16 45 0 
430 75 178 0 
431 77 102 0 
432 94 115 0 
433 59 148 0 
434 17 19 0 
435 6 10 0 
436 76 124 0 
437 79 50 0 
438 57 99 0 
439 17 51 0 
440 8 22 0 
441 21 13 0 
442 70 203 0 
443 17 41 0 
444 25 54 0 
445 4 7 0 
446 84 147 0 
447 16 34 0 
448 6 18 0 
449 54 68 0 
450 30 66 0 
451 59 53 0 
452 74 180 0 
453 91 214 0 
454 79 128 0 
455 23 47 0 
456 82 140 0 
457 39 37 0 
458 64 117 0 
459 20 11 0 
460 43 26 0 
461 50 107 0 
462 66 45 0 
463 83 177 0 
464 76 117 0 
465 24 22 0 
466 83 204 0 
467 79 125 0 
468 49 61 0 
469 20 60 0 
470 67 138 0 
471 19 34 0 
472 77 175 0 
473 16 36 0 
474 23 68 0 
475 9 16 0 
476 57 166 0 
477 42 87 0 
478 81 176 0 
479 37 105 0 
480 13 32 0 
481 23 14 0 
482 20 15 0 
483 2 2 0 
484 11 7 0 
485 63 107 0 
486 54 158 0 
487 89 260 0 
488 31 82 0 
489 20 33 0 
490 73 94 0 
491 40 47 0 
492 55 123 0 
493 75 125 0 
494 34 52 0 
495 53 70 0 
496 59 69 0 
497 68 62 0 
498 96 60 0 
499 10 19 0 
