NAME GBP_INSTANCES\prob_2_B_2_2_1.txt
COMMENT
BINTYPES 5
ITEMS 100
BINS_SECTIONS
0 60 60 0 106 
1 80 80 0 80 
2 100 100 0 64 
3 120 120 0 53 
4 150 150 0 43 
ITEMS_SECTIONS
0 57 87 0 
1 69 178 0 
2 88 184 0 
3 79 192 0 
4 90 264 0 
5 41 82 0 
6 26 52 0 
7 67 70 0 
8 52 54 0 
9 89 204 0 
10 95 250 0 
11 96 248 0 
12 77 131 0 
13 37 69 0 
14 53 120 0 
15 88 90 0 
16 85 153 0 
17 86 169 0 
18 54 93 0 
19 64 61 0 
20 77 75 0 
21 36 100 0 
22 79 206 0 
23 45 79 0 
24 31 80 0 
25 76 144 0 
26 96 143 0 
27 43 79 0 
28 32 31 0 
29 69 197 0 
30 54 36 0 
31 42 80 0 
32 71 176 0 
33 87 86 0 
34 79 179 0 
35 40 33 0 
36 88 238 0 
37 35 42 0 
38 67 154 0 
39 64 177 0 
40 65 178 0 
41 54 92 0 
42 57 93 0 
43 52 107 0 
44 47 49 0 
45 21 28 0 
46 53 124 0 
47 83 159 0 
48 46 123 0 
49 88 101 0 
50 96 174 0 
51 59 134 0 
52 99 133 0 
53 94 207 0 
54 48 126 0 
55 99 242 0 
56 58 109 0 
57 33 87 0 
58 82 143 0 
59 47 139 0 
60 85 148 0 
61 40 114 0 
62 23 57 0 
63 63 81 0 
64 67 114 0 
65 23 60 0 
66 77 169 0 
67 65 114 0 
68 53 129 0 
69 96 160 0 
70 44 52 0 
71 66 184 0 
72 98 209 0 
73 34 99 0 
74 30 42 0 
75 63 128 0 
76 67 153 0 
77 31 65 0 
78 90 51 0 
79 73 178 0 
80 49 131 0 
81 91 238 0 
82 30 43 0 
83 91 176 0 
84 92 167 0 
85 96 188 0 
86 25 50 0 
87 96 114 0 
88 48 63 0 
89 41 80 0 
90 72 134 0 
91 36 107 0 
92 28 36 0 
93 87 46 0 
94 44 127 0 
95 70 144 0 
96 80 160 0 
97 67 107 0 
98 62 128 0 
99 43 117 0 
