NAME GBP_INSTANCES\prob_2_A_4_2_1.txt
COMMENT
BINTYPES 3
ITEMS 500
BINS_SECTIONS
0 100 100 0 303 
1 120 120 0 253 
2 150 150 0 202 
ITEMS_SECTIONS
0 92 175 0 
1 80 144 0 
2 64 156 0 
3 71 166 0 
4 98 163 0 
5 26 23 0 
6 56 161 0 
7 38 44 0 
8 48 137 0 
9 27 30 0 
10 57 98 0 
11 89 93 0 
12 79 206 0 
13 49 93 0 
14 51 126 0 
15 100 180 0 
16 62 186 0 
17 34 100 0 
18 83 185 0 
19 44 105 0 
20 61 107 0 
21 26 61 0 
22 31 72 0 
23 63 164 0 
24 94 106 0 
25 25 44 0 
26 78 114 0 
27 88 100 0 
28 63 161 0 
29 27 41 0 
30 28 37 0 
31 61 109 0 
32 62 176 0 
33 79 222 0 
34 31 29 0 
35 37 68 0 
36 91 169 0 
37 95 247 0 
38 64 118 0 
39 97 213 0 
40 21 20 0 
41 69 124 0 
42 26 50 0 
43 85 228 0 
44 36 71 0 
45 94 188 0 
46 21 29 0 
47 47 126 0 
48 90 78 0 
49 43 105 0 
50 40 63 0 
51 26 51 0 
52 30 19 0 
53 66 39 0 
54 79 158 0 
55 99 273 0 
56 47 115 0 
57 79 186 0 
58 45 58 0 
59 23 68 0 
60 79 222 0 
61 58 59 0 
62 92 95 0 
63 97 205 0 
64 41 60 0 
65 87 213 0 
66 25 67 0 
67 49 42 0 
68 91 253 0 
69 67 158 0 
70 79 44 0 
71 36 108 0 
72 82 141 0 
73 43 121 0 
74 56 129 0 
75 80 199 0 
76 40 97 0 
77 79 175 0 
78 61 179 0 
79 32 47 0 
80 96 185 0 
81 91 135 0 
82 69 200 0 
83 72 50 0 
84 54 55 0 
85 76 55 0 
86 55 111 0 
87 71 141 0 
88 38 21 0 
89 40 34 0 
90 66 97 0 
91 57 79 0 
92 86 82 0 
93 59 83 0 
94 49 73 0 
95 44 69 0 
96 76 55 0 
97 85 251 0 
98 99 170 0 
99 100 166 0 
100 55 66 0 
101 29 29 0 
102 56 102 0 
103 35 86 0 
104 57 157 0 
105 39 39 0 
106 76 212 0 
107 52 154 0 
108 57 68 0 
109 74 121 0 
110 71 161 0 
111 89 132 0 
112 67 108 0 
113 41 93 0 
114 32 81 0 
115 49 40 0 
116 92 62 0 
117 88 108 0 
118 100 81 0 
119 92 164 0 
120 29 45 0 
121 83 210 0 
122 76 213 0 
123 85 209 0 
124 90 210 0 
125 82 119 0 
126 25 37 0 
127 72 74 0 
128 92 133 0 
129 60 152 0 
130 85 50 0 
131 91 174 0 
132 99 281 0 
133 37 52 0 
134 85 228 0 
135 58 68 0 
136 50 109 0 
137 79 79 0 
138 30 34 0 
139 50 79 0 
140 54 40 0 
141 36 39 0 
142 84 133 0 
143 42 60 0 
144 24 60 0 
145 84 224 0 
146 48 53 0 
147 50 148 0 
148 97 248 0 
149 23 36 0 
150 95 198 0 
151 61 147 0 
152 23 33 0 
153 71 210 0 
154 30 34 0 
155 66 155 0 
156 96 176 0 
157 70 142 0 
158 43 79 0 
159 58 32 0 
160 51 92 0 
161 87 107 0 
162 72 163 0 
163 69 140 0 
164 99 185 0 
165 35 32 0 
166 74 155 0 
167 99 180 0 
168 42 70 0 
169 28 22 0 
170 42 32 0 
171 26 76 0 
172 74 121 0 
173 52 38 0 
174 33 73 0 
175 61 101 0 
176 29 58 0 
177 21 14 0 
178 96 277 0 
179 78 135 0 
180 24 16 0 
181 88 110 0 
182 55 110 0 
183 66 166 0 
184 61 31 0 
185 35 95 0 
186 59 134 0 
187 29 63 0 
188 25 73 0 
189 93 112 0 
190 26 48 0 
191 65 36 0 
192 31 68 0 
193 89 95 0 
194 84 109 0 
195 68 133 0 
196 85 192 0 
197 95 189 0 
198 69 115 0 
199 21 59 0 
200 50 35 0 
201 82 142 0 
202 91 239 0 
203 84 243 0 
204 77 44 0 
205 95 258 0 
206 68 151 0 
207 25 44 0 
208 98 210 0 
209 57 34 0 
210 89 84 0 
211 40 104 0 
212 61 76 0 
213 58 140 0 
214 56 50 0 
215 61 154 0 
216 60 47 0 
217 94 86 0 
218 73 211 0 
219 69 204 0 
220 37 90 0 
221 26 27 0 
222 31 88 0 
223 26 26 0 
224 69 53 0 
225 77 185 0 
226 85 97 0 
227 32 51 0 
228 86 215 0 
229 95 68 0 
230 93 248 0 
231 30 57 0 
232 52 31 0 
233 42 82 0 
234 96 107 0 
235 73 53 0 
236 23 16 0 
237 24 15 0 
238 77 177 0 
239 78 49 0 
240 49 90 0 
241 86 233 0 
242 39 117 0 
243 73 179 0 
244 78 207 0 
245 74 171 0 
246 68 186 0 
247 28 52 0 
248 53 65 0 
249 53 47 0 
250 78 201 0 
251 30 48 0 
252 50 133 0 
253 34 19 0 
254 95 244 0 
255 59 161 0 
256 80 63 0 
257 68 68 0 
258 57 86 0 
259 51 122 0 
260 49 124 0 
261 41 118 0 
262 66 118 0 
263 43 122 0 
264 61 39 0 
265 39 106 0 
266 72 131 0 
267 69 133 0 
268 26 54 0 
269 69 190 0 
270 85 220 0 
271 72 199 0 
272 53 118 0 
273 89 82 0 
274 57 124 0 
275 62 66 0 
276 98 156 0 
277 88 115 0 
278 42 30 0 
279 58 167 0 
280 35 39 0 
281 47 62 0 
282 98 147 0 
283 62 172 0 
284 57 146 0 
285 89 169 0 
286 72 153 0 
287 71 169 0 
288 95 78 0 
289 87 87 0 
290 78 59 0 
291 42 46 0 
292 77 103 0 
293 66 83 0 
294 47 39 0 
295 83 207 0 
296 48 93 0 
297 49 66 0 
298 51 98 0 
299 57 171 0 
300 40 104 0 
301 24 32 0 
302 94 84 0 
303 50 33 0 
304 81 103 0 
305 57 55 0 
306 30 27 0 
307 36 59 0 
308 64 38 0 
309 96 93 0 
310 64 164 0 
311 27 29 0 
312 34 36 0 
313 54 122 0 
314 94 104 0 
315 64 54 0 
316 51 76 0 
317 50 41 0 
318 33 18 0 
319 76 136 0 
320 23 23 0 
321 87 246 0 
322 83 149 0 
323 69 120 0 
324 32 62 0 
325 33 87 0 
326 71 114 0 
327 42 65 0 
328 21 47 0 
329 56 137 0 
330 84 145 0 
331 89 165 0 
332 97 182 0 
333 53 99 0 
334 84 208 0 
335 78 90 0 
336 61 39 0 
337 64 111 0 
338 21 24 0 
339 95 85 0 
340 77 51 0 
341 63 151 0 
342 38 55 0 
343 80 202 0 
344 38 89 0 
345 65 178 0 
346 46 62 0 
347 82 138 0 
348 22 61 0 
349 64 143 0 
350 26 14 0 
351 36 80 0 
352 51 114 0 
353 28 74 0 
354 27 21 0 
355 27 72 0 
356 93 202 0 
357 89 239 0 
358 71 80 0 
359 78 148 0 
360 26 24 0 
361 54 53 0 
362 79 82 0 
363 45 128 0 
364 63 53 0 
365 46 78 0 
366 92 184 0 
367 92 238 0 
368 38 69 0 
369 36 30 0 
370 34 73 0 
371 86 138 0 
372 75 122 0 
373 82 191 0 
374 87 235 0 
375 70 137 0 
376 71 112 0 
377 74 171 0 
378 30 23 0 
379 67 150 0 
380 35 96 0 
381 85 224 0 
382 78 123 0 
383 100 298 0 
384 84 146 0 
385 38 94 0 
386 39 98 0 
387 34 91 0 
388 35 80 0 
389 30 39 0 
390 39 53 0 
391 57 148 0 
392 68 157 0 
393 41 116 0 
394 40 84 0 
395 31 59 0 
396 45 78 0 
397 21 12 0 
398 54 162 0 
399 55 125 0 
400 96 238 0 
401 63 59 0 
402 88 218 0 
403 82 179 0 
404 71 192 0 
405 52 98 0 
406 70 75 0 
407 37 52 0 
408 37 51 0 
409 86 247 0 
410 60 133 0 
411 42 93 0 
412 76 205 0 
413 36 42 0 
414 33 64 0 
415 44 100 0 
416 62 115 0 
417 92 275 0 
418 29 57 0 
419 39 69 0 
420 34 54 0 
421 22 64 0 
422 21 18 0 
423 33 29 0 
424 27 68 0 
425 25 21 0 
426 72 133 0 
427 61 102 0 
428 66 177 0 
429 44 64 0 
430 42 122 0 
431 37 54 0 
432 35 94 0 
433 85 77 0 
434 60 68 0 
435 64 83 0 
436 80 179 0 
437 82 135 0 
438 63 69 0 
439 46 113 0 
440 34 37 0 
441 30 46 0 
442 87 214 0 
443 94 109 0 
444 47 29 0 
445 44 82 0 
446 31 46 0 
447 73 126 0 
448 46 104 0 
449 93 146 0 
450 82 206 0 
451 55 164 0 
452 100 245 0 
453 33 55 0 
454 44 43 0 
455 85 231 0 
456 62 42 0 
457 100 249 0 
458 53 151 0 
459 59 30 0 
460 66 46 0 
461 68 145 0 
462 26 23 0 
463 56 137 0 
464 93 264 0 
465 48 97 0 
466 85 210 0 
467 81 195 0 
468 31 45 0 
469 85 67 0 
470 41 44 0 
471 34 59 0 
472 41 26 0 
473 86 117 0 
474 82 97 0 
475 59 139 0 
476 88 210 0 
477 48 119 0 
478 32 74 0 
479 98 244 0 
480 51 86 0 
481 32 53 0 
482 62 135 0 
483 87 83 0 
484 83 142 0 
485 84 192 0 
486 30 55 0 
487 84 115 0 
488 49 50 0 
489 48 70 0 
490 42 123 0 
491 92 158 0 
492 65 134 0 
493 93 90 0 
494 33 39 0 
495 77 94 0 
496 64 187 0 
497 66 168 0 
498 75 92 0 
499 90 185 0 
