NAME GBP_INSTANCES\prob_1_A_1_5_1.txt
COMMENT
BINTYPES 3
ITEMS 50
BINS_SECTIONS
0 100 100 0 27 
1 120 120 0 23 
2 150 150 0 18 
ITEMS_SECTIONS
0 90 265 0 
1 60 71 0 
2 40 78 0 
3 48 40 0 
4 20 25 0 
5 14 19 0 
6 48 112 0 
7 70 199 0 
8 100 81 0 
9 73 162 0 
10 99 164 0 
11 68 193 0 
12 73 203 0 
13 39 77 0 
14 10 10 0 
15 6 16 0 
16 4 9 0 
17 56 119 0 
18 99 61 0 
19 35 105 0 
20 85 146 0 
21 14 40 0 
22 39 31 0 
23 80 149 0 
24 11 29 0 
25 76 91 0 
26 53 73 0 
27 17 13 0 
28 86 139 0 
29 96 71 0 
30 39 73 0 
31 52 143 0 
32 13 18 0 
33 88 87 0 
34 85 229 0 
35 66 56 0 
36 98 117 0 
37 97 260 0 
38 51 62 0 
39 16 13 0 
40 31 64 0 
41 54 64 0 
42 88 134 0 
43 74 217 0 
44 77 213 0 
45 31 93 0 
46 60 85 0 
47 10 11 0 
48 40 37 0 
49 14 34 0 
