NAME GBP_INSTANCES\prob_3_B_3_6_1.txt
COMMENT
BINTYPES 5
ITEMS 200
BINS_SECTIONS
0 60 60 0 249 
1 80 80 0 187 
2 100 100 0 150 
3 120 120 0 125 
4 150 150 0 100 
ITEMS_SECTIONS
0 66 54 0 
1 63 132 0 
2 85 153 0 
3 98 275 0 
4 60 46 0 
5 100 187 0 
6 88 252 0 
7 91 86 0 
8 95 132 0 
9 80 64 0 
10 86 77 0 
11 68 91 0 
12 52 57 0 
13 92 93 0 
14 81 200 0 
15 53 149 0 
16 77 50 0 
17 80 61 0 
18 92 200 0 
19 95 191 0 
20 90 55 0 
21 81 117 0 
22 80 153 0 
23 92 236 0 
24 82 139 0 
25 76 89 0 
26 90 151 0 
27 79 77 0 
28 94 257 0 
29 74 209 0 
30 63 165 0 
31 83 87 0 
32 67 137 0 
33 60 82 0 
34 91 263 0 
35 69 79 0 
36 78 63 0 
37 89 155 0 
38 70 71 0 
39 91 229 0 
40 100 114 0 
41 54 151 0 
42 57 164 0 
43 67 37 0 
44 76 132 0 
45 57 61 0 
46 59 110 0 
47 51 90 0 
48 86 158 0 
49 68 76 0 
50 83 77 0 
51 52 97 0 
52 60 147 0 
53 92 196 0 
54 54 161 0 
55 86 109 0 
56 81 120 0 
57 84 211 0 
58 62 126 0 
59 72 69 0 
60 98 185 0 
61 83 49 0 
62 90 214 0 
63 78 231 0 
64 51 134 0 
65 55 99 0 
66 54 119 0 
67 58 68 0 
68 68 185 0 
69 58 149 0 
70 91 233 0 
71 67 112 0 
72 73 139 0 
73 79 202 0 
74 87 168 0 
75 53 156 0 
76 52 117 0 
77 57 127 0 
78 59 156 0 
79 63 171 0 
80 84 251 0 
81 80 197 0 
82 65 161 0 
83 59 129 0 
84 80 82 0 
85 82 104 0 
86 89 112 0 
87 83 60 0 
88 73 183 0 
89 71 119 0 
90 61 38 0 
91 60 116 0 
92 70 141 0 
93 65 49 0 
94 91 223 0 
95 98 88 0 
96 59 57 0 
97 75 117 0 
98 53 85 0 
99 51 123 0 
100 58 157 0 
101 99 59 0 
102 100 69 0 
103 59 35 0 
104 76 46 0 
105 73 76 0 
106 60 49 0 
107 100 298 0 
108 70 199 0 
109 95 66 0 
110 79 191 0 
111 86 169 0 
112 92 177 0 
113 65 144 0 
114 68 200 0 
115 69 158 0 
116 95 161 0 
117 54 61 0 
118 68 95 0 
119 72 59 0 
120 72 126 0 
121 52 152 0 
122 97 123 0 
123 57 42 0 
124 95 214 0 
125 56 148 0 
126 76 63 0 
127 65 191 0 
128 90 228 0 
129 88 199 0 
130 69 143 0 
131 63 159 0 
132 59 175 0 
133 72 128 0 
134 68 202 0 
135 61 101 0 
136 82 239 0 
137 96 120 0 
138 63 138 0 
139 62 116 0 
140 59 50 0 
141 92 179 0 
142 90 96 0 
143 70 81 0 
144 91 211 0 
145 62 145 0 
146 69 126 0 
147 61 83 0 
148 86 118 0 
149 75 92 0 
150 100 227 0 
151 100 60 0 
152 58 110 0 
153 84 59 0 
154 78 187 0 
155 60 137 0 
156 93 240 0 
157 59 164 0 
158 77 204 0 
159 58 50 0 
160 57 85 0 
161 54 45 0 
162 77 192 0 
163 91 212 0 
164 72 70 0 
165 53 129 0 
166 88 74 0 
167 69 148 0 
168 73 42 0 
169 52 54 0 
170 78 190 0 
171 76 132 0 
172 83 128 0 
173 86 227 0 
174 86 157 0 
175 71 66 0 
176 72 140 0 
177 52 110 0 
178 95 169 0 
179 97 142 0 
180 70 72 0 
181 81 167 0 
182 66 184 0 
183 68 180 0 
184 68 189 0 
185 65 191 0 
186 63 64 0 
187 91 253 0 
188 71 59 0 
189 98 89 0 
190 100 300 0 
191 59 95 0 
192 81 197 0 
193 79 48 0 
194 55 40 0 
195 61 181 0 
196 81 200 0 
197 88 132 0 
198 78 231 0 
199 87 177 0 
