NAME GBP_INSTANCES\prob_1_B_1_2_1.txt
COMMENT
BINTYPES 5
ITEMS 50
BINS_SECTIONS
0 60 60 0 40 
1 80 80 0 30 
2 100 100 0 24 
3 120 120 0 20 
4 150 150 0 16 
ITEMS_SECTIONS
0 5 3 0 
1 74 116 0 
2 16 48 0 
3 73 91 0 
4 47 38 0 
5 48 73 0 
6 26 20 0 
7 4 12 0 
8 91 227 0 
9 73 142 0 
10 38 108 0 
11 70 142 0 
12 90 121 0 
13 10 20 0 
14 14 13 0 
15 64 113 0 
16 27 40 0 
17 18 30 0 
18 34 98 0 
19 33 45 0 
20 92 188 0 
21 84 182 0 
22 52 49 0 
23 58 80 0 
24 25 30 0 
25 40 101 0 
26 41 71 0 
27 37 38 0 
28 65 74 0 
29 15 35 0 
30 77 96 0 
31 70 209 0 
32 59 123 0 
33 6 17 0 
34 66 63 0 
35 11 29 0 
36 74 154 0 
37 3 2 0 
38 50 74 0 
39 90 174 0 
40 64 176 0 
41 48 34 0 
42 96 149 0 
43 88 254 0 
44 31 25 0 
45 65 113 0 
46 15 10 0 
47 35 26 0 
48 31 83 0 
49 49 90 0 
