NAME GBP_INSTANCES\prob_1_A_1_1_1.txt
COMMENT
BINTYPES 3
ITEMS 50
BINS_SECTIONS
0 100 100 0 25 
1 120 120 0 21 
2 150 150 0 17 
ITEMS_SECTIONS
0 4 11 0 
1 95 193 0 
2 93 170 0 
3 91 207 0 
4 87 66 0 
5 16 32 0 
6 19 35 0 
7 8 17 0 
8 66 40 0 
9 74 155 0 
10 12 28 0 
11 17 23 0 
12 11 9 0 
13 14 26 0 
14 4 12 0 
15 77 126 0 
16 96 165 0 
17 4 10 0 
18 66 126 0 
19 12 9 0 
20 44 59 0 
21 32 86 0 
22 3 6 0 
23 89 147 0 
24 77 76 0 
25 52 91 0 
26 18 10 0 
27 77 182 0 
28 89 93 0 
29 51 138 0 
30 88 92 0 
31 74 133 0 
32 25 51 0 
33 7 20 0 
34 61 148 0 
35 88 194 0 
36 51 41 0 
37 69 36 0 
38 99 133 0 
39 61 124 0 
40 51 81 0 
41 60 84 0 
42 90 128 0 
43 6 15 0 
44 89 172 0 
45 12 7 0 
46 53 123 0 
47 59 133 0 
48 2 3 0 
49 40 99 0 
