NAME GBP_INSTANCES\prob_2_B_1_9_1.txt
COMMENT
BINTYPES 5
ITEMS 50
BINS_SECTIONS
0 60 60 0 53 
1 80 80 0 40 
2 100 100 0 32 
3 120 120 0 27 
4 150 150 0 22 
ITEMS_SECTIONS
0 66 99 0 
1 32 92 0 
2 46 61 0 
3 87 103 0 
4 47 32 0 
5 100 98 0 
6 46 38 0 
7 40 42 0 
8 100 203 0 
9 56 35 0 
10 55 84 0 
11 55 90 0 
12 53 117 0 
13 24 49 0 
14 76 207 0 
15 46 83 0 
16 50 75 0 
17 99 287 0 
18 32 57 0 
19 50 117 0 
20 74 78 0 
21 71 90 0 
22 77 223 0 
23 47 79 0 
24 37 97 0 
25 93 209 0 
26 82 129 0 
27 68 204 0 
28 66 198 0 
29 60 161 0 
30 87 104 0 
31 21 29 0 
32 99 133 0 
33 64 159 0 
34 85 60 0 
35 70 72 0 
36 36 26 0 
37 93 192 0 
38 52 57 0 
39 100 292 0 
40 45 32 0 
41 70 165 0 
42 21 53 0 
43 75 62 0 
44 89 178 0 
45 64 59 0 
46 72 114 0 
47 48 47 0 
48 36 33 0 
49 93 250 0 
