NAME GBP_INSTANCES\prob_2_B_2_9_1.txt
COMMENT
BINTYPES 5
ITEMS 100
BINS_SECTIONS
0 60 60 0 100 
1 80 80 0 75 
2 100 100 0 60 
3 120 120 0 50 
4 150 150 0 40 
ITEMS_SECTIONS
0 45 23 0 
1 95 113 0 
2 60 161 0 
3 42 22 0 
4 61 74 0 
5 56 138 0 
6 41 111 0 
7 69 120 0 
8 32 23 0 
9 36 56 0 
10 66 108 0 
11 88 89 0 
12 56 107 0 
13 56 141 0 
14 86 68 0 
15 90 228 0 
16 85 156 0 
17 27 46 0 
18 33 63 0 
19 89 154 0 
20 63 73 0 
21 94 166 0 
22 44 80 0 
23 24 51 0 
24 46 103 0 
25 60 65 0 
26 52 133 0 
27 49 82 0 
28 96 193 0 
29 95 110 0 
30 48 63 0 
31 68 186 0 
32 71 42 0 
33 64 106 0 
34 79 168 0 
35 92 85 0 
36 80 103 0 
37 70 190 0 
38 69 128 0 
39 72 72 0 
40 90 127 0 
41 36 49 0 
42 44 95 0 
43 46 88 0 
44 38 65 0 
45 30 77 0 
46 67 74 0 
47 55 68 0 
48 63 106 0 
49 47 106 0 
50 38 57 0 
51 27 29 0 
52 98 57 0 
53 75 194 0 
54 49 49 0 
55 44 127 0 
56 68 163 0 
57 26 53 0 
58 78 199 0 
59 82 230 0 
60 88 50 0 
61 45 98 0 
62 31 24 0 
63 96 154 0 
64 50 125 0 
65 67 124 0 
66 36 54 0 
67 35 59 0 
68 93 276 0 
69 76 40 0 
70 82 169 0 
71 28 42 0 
72 52 59 0 
73 36 84 0 
74 27 70 0 
75 66 98 0 
76 30 62 0 
77 60 119 0 
78 24 64 0 
79 67 143 0 
80 24 62 0 
81 95 64 0 
82 72 46 0 
83 58 84 0 
84 100 102 0 
85 29 73 0 
86 97 192 0 
87 76 213 0 
88 30 77 0 
89 49 85 0 
90 73 129 0 
91 78 117 0 
92 26 16 0 
93 74 146 0 
94 78 234 0 
95 24 35 0 
96 45 45 0 
97 91 215 0 
98 91 254 0 
99 23 26 0 
