NAME GBP_INSTANCES\prob_2_B_4_6_1.txt
COMMENT
BINTYPES 5
ITEMS 500
BINS_SECTIONS
0 60 60 0 512 
1 80 80 0 384 
2 100 100 0 307 
3 120 120 0 256 
4 150 150 0 205 
ITEMS_SECTIONS
0 49 31 0 
1 61 174 0 
2 90 174 0 
3 56 68 0 
4 51 94 0 
5 59 79 0 
6 100 293 0 
7 72 51 0 
8 74 193 0 
9 76 184 0 
10 43 122 0 
11 95 240 0 
12 65 110 0 
13 37 57 0 
14 100 162 0 
15 67 194 0 
16 56 104 0 
17 37 85 0 
18 86 206 0 
19 58 50 0 
20 30 50 0 
21 40 110 0 
22 58 98 0 
23 45 113 0 
24 82 142 0 
25 21 30 0 
26 46 53 0 
27 75 201 0 
28 64 145 0 
29 42 34 0 
30 50 45 0 
31 37 62 0 
32 80 228 0 
33 56 70 0 
34 86 109 0 
35 98 120 0 
36 76 156 0 
37 64 35 0 
38 40 69 0 
39 24 21 0 
40 100 119 0 
41 98 119 0 
42 90 66 0 
43 87 155 0 
44 54 137 0 
45 86 245 0 
46 94 258 0 
47 30 48 0 
48 38 71 0 
49 40 84 0 
50 62 163 0 
51 81 57 0 
52 95 282 0 
53 66 46 0 
54 21 20 0 
55 75 66 0 
56 66 133 0 
57 63 125 0 
58 48 33 0 
59 46 50 0 
60 35 33 0 
61 69 52 0 
62 46 115 0 
63 89 218 0 
64 89 190 0 
65 65 74 0 
66 43 68 0 
67 81 152 0 
68 97 181 0 
69 36 68 0 
70 32 42 0 
71 84 56 0 
72 77 205 0 
73 76 173 0 
74 45 92 0 
75 93 250 0 
76 22 59 0 
77 44 29 0 
78 50 97 0 
79 49 45 0 
80 65 176 0 
81 66 157 0 
82 26 61 0 
83 55 163 0 
84 21 37 0 
85 55 96 0 
86 66 50 0 
87 23 29 0 
88 60 138 0 
89 96 261 0 
90 48 75 0 
91 65 71 0 
92 38 83 0 
93 86 96 0 
94 89 234 0 
95 47 39 0 
96 23 33 0 
97 31 70 0 
98 47 50 0 
99 26 53 0 
100 47 91 0 
101 86 107 0 
102 74 39 0 
103 62 127 0 
104 79 74 0 
105 68 167 0 
106 95 141 0 
107 84 176 0 
108 99 229 0 
109 89 239 0 
110 56 116 0 
111 75 214 0 
112 74 202 0 
113 29 43 0 
114 86 161 0 
115 43 78 0 
116 29 27 0 
117 76 202 0 
118 30 76 0 
119 40 95 0 
120 88 83 0 
121 33 89 0 
122 49 51 0 
123 27 16 0 
124 49 108 0 
125 26 31 0 
126 64 134 0 
127 86 199 0 
128 51 72 0 
129 82 76 0 
130 62 39 0 
131 41 77 0 
132 38 104 0 
133 75 159 0 
134 83 138 0 
135 54 118 0 
136 77 53 0 
137 79 223 0 
138 64 112 0 
139 39 113 0 
140 28 83 0 
141 68 193 0 
142 37 83 0 
143 27 16 0 
144 61 120 0 
145 32 27 0 
146 63 57 0 
147 37 20 0 
148 39 35 0 
149 21 41 0 
150 68 118 0 
151 87 120 0 
152 67 94 0 
153 52 104 0 
154 95 163 0 
155 78 96 0 
156 62 152 0 
157 49 129 0 
158 97 68 0 
159 27 75 0 
160 74 68 0 
161 55 111 0 
162 91 162 0 
163 80 83 0 
164 37 90 0 
165 91 249 0 
166 53 94 0 
167 43 113 0 
168 98 105 0 
169 63 144 0 
170 52 123 0 
171 27 51 0 
172 53 29 0 
173 57 101 0 
174 77 161 0 
175 29 51 0 
176 76 196 0 
177 47 33 0 
178 58 132 0 
179 37 84 0 
180 68 202 0 
181 91 174 0 
182 92 259 0 
183 91 132 0 
184 56 42 0 
185 42 70 0 
186 26 58 0 
187 47 60 0 
188 89 161 0 
189 63 106 0 
190 70 77 0 
191 58 56 0 
192 55 47 0 
193 55 88 0 
194 93 138 0 
195 26 38 0 
196 30 80 0 
197 48 93 0 
198 55 132 0 
199 60 65 0 
200 69 193 0 
201 82 106 0 
202 39 80 0 
203 42 61 0 
204 34 50 0 
205 36 30 0 
206 97 94 0 
207 94 155 0 
208 72 45 0 
209 70 185 0 
210 50 55 0 
211 47 140 0 
212 71 105 0 
213 76 93 0 
214 94 127 0 
215 27 33 0 
216 89 86 0 
217 76 160 0 
218 37 48 0 
219 93 259 0 
220 79 229 0 
221 45 104 0 
222 22 64 0 
223 98 260 0 
224 92 79 0 
225 53 80 0 
226 63 50 0 
227 90 179 0 
228 21 59 0 
229 89 185 0 
230 78 132 0 
231 25 15 0 
232 51 77 0 
233 63 162 0 
234 39 64 0 
235 85 234 0 
236 89 147 0 
237 56 43 0 
238 95 241 0 
239 44 41 0 
240 55 75 0 
241 47 27 0 
242 53 102 0 
243 84 102 0 
244 100 186 0 
245 72 53 0 
246 61 55 0 
247 77 185 0 
248 97 169 0 
249 98 55 0 
250 45 46 0 
251 61 103 0 
252 78 154 0 
253 37 83 0 
254 70 153 0 
255 30 60 0 
256 22 20 0 
257 48 44 0 
258 37 41 0 
259 89 164 0 
260 31 41 0 
261 25 28 0 
262 29 71 0 
263 63 87 0 
264 87 167 0 
265 43 39 0 
266 28 23 0 
267 87 109 0 
268 34 63 0 
269 73 188 0 
270 67 138 0 
271 67 72 0 
272 89 103 0 
273 31 31 0 
274 41 27 0 
275 87 121 0 
276 65 47 0 
277 82 52 0 
278 57 165 0 
279 71 155 0 
280 70 114 0 
281 77 83 0 
282 82 184 0 
283 45 66 0 
284 71 194 0 
285 70 147 0 
286 88 142 0 
287 27 78 0 
288 57 107 0 
289 66 35 0 
290 86 138 0 
291 89 190 0 
292 98 225 0 
293 52 134 0 
294 51 81 0 
295 27 62 0 
296 34 49 0 
297 85 60 0 
298 95 194 0 
299 64 118 0 
300 100 240 0 
301 31 72 0 
302 85 141 0 
303 77 138 0 
304 58 163 0 
305 23 58 0 
306 24 26 0 
307 86 101 0 
308 53 78 0 
309 98 155 0 
310 65 40 0 
311 46 58 0 
312 54 114 0 
313 90 179 0 
314 57 145 0 
315 66 107 0 
316 58 43 0 
317 82 57 0 
318 30 50 0 
319 66 194 0 
320 70 132 0 
321 83 57 0 
322 80 172 0 
323 81 221 0 
324 38 45 0 
325 37 69 0 
326 46 25 0 
327 60 31 0 
328 47 124 0 
329 40 54 0 
330 50 125 0 
331 41 27 0 
332 59 124 0 
333 24 32 0 
334 62 33 0 
335 37 36 0 
336 62 146 0 
337 50 104 0 
338 49 110 0 
339 37 46 0 
340 89 74 0 
341 98 156 0 
342 66 145 0 
343 89 249 0 
344 75 215 0 
345 82 243 0 
346 78 100 0 
347 73 155 0 
348 60 115 0 
349 80 151 0 
350 83 55 0 
351 96 138 0 
352 69 98 0 
353 99 78 0 
354 84 75 0 
355 67 162 0 
356 84 73 0 
357 70 140 0 
358 73 130 0 
359 30 83 0 
360 100 141 0 
361 27 57 0 
362 58 135 0 
363 50 104 0 
364 98 153 0 
365 49 87 0 
366 64 146 0 
367 40 48 0 
368 98 134 0 
369 87 161 0 
370 43 40 0 
371 65 123 0 
372 54 117 0 
373 50 147 0 
374 37 40 0 
375 90 169 0 
376 53 49 0 
377 25 27 0 
378 50 35 0 
379 100 237 0 
380 32 34 0 
381 55 38 0 
382 35 96 0 
383 30 55 0 
384 40 85 0 
385 63 143 0 
386 43 76 0 
387 54 150 0 
388 89 102 0 
389 73 198 0 
390 27 65 0 
391 92 276 0 
392 63 71 0 
393 32 67 0 
394 84 71 0 
395 51 113 0 
396 22 21 0 
397 94 52 0 
398 78 108 0 
399 61 75 0 
400 60 60 0 
401 57 75 0 
402 49 118 0 
403 60 69 0 
404 89 98 0 
405 66 97 0 
406 34 27 0 
407 70 119 0 
408 49 94 0 
409 79 59 0 
410 74 98 0 
411 31 31 0 
412 29 31 0 
413 69 44 0 
414 72 106 0 
415 70 137 0 
416 27 75 0 
417 33 40 0 
418 100 91 0 
419 58 71 0 
420 78 56 0 
421 34 77 0 
422 43 56 0 
423 51 100 0 
424 25 36 0 
425 67 132 0 
426 47 29 0 
427 91 95 0 
428 54 56 0 
429 54 119 0 
430 87 218 0 
431 47 42 0 
432 62 166 0 
433 72 93 0 
434 66 129 0 
435 83 103 0 
436 30 40 0 
437 89 203 0 
438 28 35 0 
439 96 206 0 
440 98 70 0 
441 31 83 0 
442 51 134 0 
443 78 160 0 
444 42 82 0 
445 90 191 0 
446 54 91 0 
447 66 40 0 
448 52 56 0 
449 91 243 0 
450 32 32 0 
451 100 270 0 
452 100 216 0 
453 86 88 0 
454 93 267 0 
455 78 184 0 
456 51 112 0 
457 95 260 0 
458 67 125 0 
459 64 134 0 
460 35 56 0 
461 50 84 0 
462 72 99 0 
463 72 207 0 
464 34 43 0 
465 28 32 0 
466 53 31 0 
467 38 77 0 
468 53 119 0 
469 46 113 0 
470 70 56 0 
471 43 53 0 
472 56 141 0 
473 97 250 0 
474 78 109 0 
475 58 61 0 
476 80 122 0 
477 74 212 0 
478 81 173 0 
479 74 157 0 
480 32 94 0 
481 31 84 0 
482 57 98 0 
483 52 59 0 
484 57 83 0 
485 32 64 0 
486 65 102 0 
487 71 47 0 
488 24 17 0 
489 23 21 0 
490 60 160 0 
491 33 25 0 
492 62 107 0 
493 32 19 0 
494 90 191 0 
495 94 210 0 
496 42 83 0 
497 91 104 0 
498 85 252 0 
499 81 235 0 
