NAME GBP_INSTANCES\prob_3_A_2_7_1.txt
COMMENT
BINTYPES 3
ITEMS 100
BINS_SECTIONS
0 100 100 0 76 
1 120 120 0 63 
2 150 150 0 51 
ITEMS_SECTIONS
0 88 263 0 
1 86 247 0 
2 94 115 0 
3 63 108 0 
4 70 84 0 
5 51 38 0 
6 81 42 0 
7 59 136 0 
8 84 100 0 
9 79 182 0 
10 67 65 0 
11 86 257 0 
12 61 147 0 
13 93 245 0 
14 67 189 0 
15 96 198 0 
16 55 147 0 
17 88 242 0 
18 97 205 0 
19 60 99 0 
20 81 84 0 
21 98 163 0 
22 68 175 0 
23 89 253 0 
24 97 163 0 
25 64 173 0 
26 72 166 0 
27 52 28 0 
28 68 154 0 
29 81 138 0 
30 87 48 0 
31 64 99 0 
32 93 192 0 
33 70 207 0 
34 83 178 0 
35 88 178 0 
36 92 60 0 
37 70 194 0 
38 90 226 0 
39 68 117 0 
40 77 199 0 
41 85 101 0 
42 58 168 0 
43 77 215 0 
44 97 182 0 
45 89 104 0 
46 86 212 0 
47 59 162 0 
48 98 209 0 
49 71 78 0 
50 85 123 0 
51 53 156 0 
52 78 204 0 
53 67 103 0 
54 55 100 0 
55 56 131 0 
56 72 187 0 
57 69 181 0 
58 91 162 0 
59 90 56 0 
60 62 77 0 
61 60 95 0 
62 61 183 0 
63 62 43 0 
64 82 50 0 
65 52 110 0 
66 100 232 0 
67 84 204 0 
68 76 76 0 
69 92 93 0 
70 71 145 0 
71 55 118 0 
72 69 95 0 
73 53 100 0 
74 98 109 0 
75 54 70 0 
76 61 118 0 
77 71 197 0 
78 57 116 0 
79 53 113 0 
80 65 47 0 
81 64 47 0 
82 84 242 0 
83 59 115 0 
84 80 50 0 
85 67 51 0 
86 96 253 0 
87 84 239 0 
88 80 62 0 
89 96 143 0 
90 66 186 0 
91 90 187 0 
92 70 138 0 
93 58 103 0 
94 64 125 0 
95 90 216 0 
96 68 87 0 
97 68 50 0 
98 100 92 0 
99 72 155 0 
