NAME GBP_INSTANCES\prob_2_A_1_1_4.txt
COMMENT
BINTYPES 3
ITEMS 50
BINS_SECTIONS
0 100 100 0 33 
1 120 120 0 27 
2 150 150 0 22 
ITEMS_SECTIONS
0 60 107 0
1 50 88 0
2 78 158 0
3 78 179 0
4 44 24 0
5 82 62 0
6 100 332 0
7 69 80 0
8 81 256 0
9 89 152 0
10 44 152 0
11 92 57 0
12 52 28 0
13 39 83 0
14 96 100 0
15 45 157 0
16 76 237 0
17 38 45 0
18 97 155 0
19 100 73 0
20 54 164 0
21 72 97 0
22 39 118 0
23 34 47 0
24 72 167 0
25 87 249 0
26 22 22 0
27 42 25 0
28 30 70 0
29 35 29 0
30 65 65 0
31 85 175 0
32 95 128 0
33 72 221 0
34 89 163 0
35 23 53 0
36 80 154 0
37 57 41 0
38 75 236 0
39 51 126 0
40 90 100 0
41 59 40 0
42 68 190 0
43 99 341 0
44 50 163 0
45 60 60 0
46 29 30 0
47 29 62 0
48 54 117 0
49 82 262 0
