NAME GBP_INSTANCES\prob_3_A_2_1_1.txt
COMMENT
BINTYPES 3
ITEMS 100
BINS_SECTIONS
0 100 100 0 74 
1 120 120 0 62 
2 150 150 0 50 
ITEMS_SECTIONS
0 97 157 0 
1 70 91 0 
2 75 179 0 
3 86 135 0 
4 87 187 0 
5 56 47 0 
6 58 119 0 
7 94 217 0 
8 85 180 0 
9 91 112 0 
10 100 249 0 
11 89 182 0 
12 88 260 0 
13 70 85 0 
14 63 84 0 
15 80 114 0 
16 75 60 0 
17 83 223 0 
18 95 58 0 
19 91 252 0 
20 63 61 0 
21 71 143 0 
22 68 155 0 
23 81 165 0 
24 53 62 0 
25 52 73 0 
26 92 151 0 
27 60 69 0 
28 78 115 0 
29 95 255 0 
30 91 166 0 
31 83 127 0 
32 60 163 0 
33 96 250 0 
34 51 96 0 
35 87 145 0 
36 54 106 0 
37 90 252 0 
38 74 52 0 
39 65 54 0 
40 67 38 0 
41 97 178 0 
42 58 39 0 
43 56 105 0 
44 76 124 0 
45 91 48 0 
46 76 47 0 
47 70 135 0 
48 60 80 0 
49 85 196 0 
50 75 51 0 
51 88 250 0 
52 90 51 0 
53 74 136 0 
54 75 139 0 
55 59 161 0 
56 62 183 0 
57 75 75 0 
58 81 79 0 
59 89 67 0 
60 55 44 0 
61 70 146 0 
62 98 164 0 
63 73 65 0 
64 53 146 0 
65 67 52 0 
66 52 57 0 
67 83 231 0 
68 73 134 0 
69 54 151 0 
70 57 59 0 
71 68 101 0 
72 73 162 0 
73 65 87 0 
74 93 137 0 
75 54 93 0 
76 81 78 0 
77 52 138 0 
78 71 73 0 
79 73 55 0 
80 85 68 0 
81 72 128 0 
82 58 70 0 
83 56 35 0 
84 69 195 0 
85 58 63 0 
86 86 87 0 
87 57 40 0 
88 69 179 0 
89 91 167 0 
90 66 59 0 
91 100 289 0 
92 57 53 0 
93 86 103 0 
94 86 158 0 
95 73 199 0 
96 64 44 0 
97 61 160 0 
98 59 141 0 
99 51 38 0 
