NAME GBP_INSTANCES\prob_1_A_1_2_1.txt
COMMENT
BINTYPES 3
ITEMS 50
BINS_SECTIONS
0 100 100 0 26 
1 120 120 0 22 
2 150 150 0 17 
ITEMS_SECTIONS
0 49 132 0 
1 21 43 0 
2 52 71 0 
3 78 228 0 
4 37 54 0 
5 71 208 0 
6 92 144 0 
7 68 167 0 
8 71 136 0 
9 44 131 0 
10 4 4 0 
11 23 14 0 
12 95 285 0 
13 51 82 0 
14 21 43 0 
15 65 50 0 
16 14 26 0 
17 28 66 0 
18 35 23 0 
19 71 55 0 
20 5 15 0 
21 96 153 0 
22 76 172 0 
23 88 221 0 
24 64 121 0 
25 26 52 0 
26 64 155 0 
27 86 84 0 
28 25 41 0 
29 73 94 0 
30 35 96 0 
31 6 4 0 
32 50 107 0 
33 90 133 0 
34 25 62 0 
35 54 105 0 
36 50 105 0 
37 86 133 0 
38 36 64 0 
39 14 33 0 
40 23 59 0 
41 13 13 0 
42 37 43 0 
43 22 65 0 
44 45 67 0 
45 84 237 0 
46 52 54 0 
47 83 90 0 
48 42 100 0 
49 88 202 0 
