NAME GBP_INSTANCES\prob_1_B_1_0_1.txt
COMMENT
BINTYPES 5
ITEMS 50
BINS_SECTIONS
0 60 60 0 44 
1 80 80 0 33 
2 100 100 0 27 
3 120 120 0 22 
4 150 150 0 18 
ITEMS_SECTIONS
0 98 216 0 
1 53 84 0 
2 15 26 0 
3 21 14 0 
4 64 145 0 
5 73 98 0 
6 74 55 0 
7 31 66 0 
8 64 127 0 
9 2 6 0 
10 85 209 0 
11 43 85 0 
12 64 150 0 
13 3 9 0 
14 58 169 0 
15 61 169 0 
16 100 296 0 
17 10 6 0 
18 54 97 0 
19 4 5 0 
20 90 104 0 
21 92 176 0 
22 84 188 0 
23 47 132 0 
24 37 26 0 
25 14 35 0 
26 81 95 0 
27 78 225 0 
28 78 53 0 
29 59 97 0 
30 37 25 0 
31 27 70 0 
32 17 23 0 
33 77 49 0 
34 53 40 0 
35 72 100 0 
36 78 103 0 
37 11 27 0 
38 11 12 0 
39 92 126 0 
40 63 66 0 
41 56 150 0 
42 93 174 0 
43 68 97 0 
44 7 9 0 
45 36 91 0 
46 72 204 0 
47 92 114 0 
48 28 48 0 
49 12 30 0 
