NAME GBP_INSTANCES\prob_1_B_1_8_1.txt
COMMENT
BINTYPES 5
ITEMS 50
BINS_SECTIONS
0 60 60 0 48 
1 80 80 0 36 
2 100 100 0 29 
3 120 120 0 24 
4 150 150 0 19 
ITEMS_SECTIONS
0 6 14 0 
1 71 87 0 
2 11 9 0 
3 9 24 0 
4 46 53 0 
5 31 48 0 
6 63 124 0 
7 83 171 0 
8 37 60 0 
9 8 20 0 
10 84 135 0 
11 96 86 0 
12 90 218 0 
13 34 62 0 
14 71 52 0 
15 78 192 0 
16 56 164 0 
17 68 115 0 
18 32 42 0 
19 44 104 0 
20 54 44 0 
21 88 133 0 
22 77 72 0 
23 42 113 0 
24 9 23 0 
25 2 4 0 
26 80 228 0 
27 69 204 0 
28 91 139 0 
29 76 227 0 
30 88 237 0 
31 86 111 0 
32 51 150 0 
33 13 28 0 
34 38 56 0 
35 52 43 0 
36 51 66 0 
37 46 77 0 
38 69 157 0 
39 40 28 0 
40 85 52 0 
41 14 35 0 
42 91 99 0 
43 45 38 0 
44 100 90 0 
45 72 154 0 
46 82 109 0 
47 31 80 0 
48 85 45 0 
49 100 234 0 
