NAME GBP_INSTANCES\prob_3_B_3_7_1.txt
COMMENT
BINTYPES 5
ITEMS 200
BINS_SECTIONS
0 60 60 0 254 
1 80 80 0 190 
2 100 100 0 152 
3 120 120 0 127 
4 150 150 0 102 
ITEMS_SECTIONS
0 93 274 0 
1 84 105 0 
2 88 147 0 
3 55 131 0 
4 93 62 0 
5 82 197 0 
6 84 55 0 
7 99 173 0 
8 88 131 0 
9 62 183 0 
10 71 65 0 
11 68 188 0 
12 99 77 0 
13 76 92 0 
14 70 190 0 
15 79 185 0 
16 52 150 0 
17 86 197 0 
18 57 128 0 
19 57 76 0 
20 74 158 0 
21 59 51 0 
22 74 59 0 
23 58 64 0 
24 97 194 0 
25 55 100 0 
26 77 51 0 
27 78 213 0 
28 56 139 0 
29 88 159 0 
30 81 142 0 
31 73 43 0 
32 97 182 0 
33 81 216 0 
34 71 135 0 
35 93 239 0 
36 74 155 0 
37 51 137 0 
38 75 162 0 
39 69 175 0 
40 54 88 0 
41 56 160 0 
42 72 205 0 
43 93 268 0 
44 62 85 0 
45 79 87 0 
46 90 203 0 
47 96 191 0 
48 70 94 0 
49 82 208 0 
50 66 160 0 
51 89 142 0 
52 79 195 0 
53 99 93 0 
54 51 151 0 
55 95 141 0 
56 98 136 0 
57 72 197 0 
58 65 77 0 
59 77 126 0 
60 54 32 0 
61 82 210 0 
62 60 52 0 
63 89 143 0 
64 100 133 0 
65 72 145 0 
66 58 92 0 
67 65 165 0 
68 97 66 0 
69 83 218 0 
70 73 156 0 
71 100 265 0 
72 95 59 0 
73 94 119 0 
74 68 84 0 
75 73 118 0 
76 85 184 0 
77 78 135 0 
78 78 43 0 
79 81 65 0 
80 94 212 0 
81 76 58 0 
82 91 215 0 
83 53 131 0 
84 51 103 0 
85 90 73 0 
86 58 143 0 
87 68 98 0 
88 89 123 0 
89 59 100 0 
90 90 262 0 
91 73 105 0 
92 68 123 0 
93 66 87 0 
94 53 79 0 
95 52 63 0 
96 80 200 0 
97 78 42 0 
98 75 169 0 
99 72 54 0 
100 71 47 0 
101 84 212 0 
102 66 45 0 
103 68 119 0 
104 95 246 0 
105 76 108 0 
106 80 234 0 
107 87 118 0 
108 76 88 0 
109 78 147 0 
110 58 92 0 
111 55 109 0 
112 55 72 0 
113 87 121 0 
114 84 241 0 
115 92 259 0 
116 91 252 0 
117 73 185 0 
118 94 136 0 
119 79 196 0 
120 88 98 0 
121 88 145 0 
122 72 187 0 
123 61 124 0 
124 77 104 0 
125 52 145 0 
126 73 214 0 
127 83 66 0 
128 74 170 0 
129 62 64 0 
130 97 288 0 
131 100 101 0 
132 90 139 0 
133 79 89 0 
134 66 84 0 
135 52 36 0 
136 51 133 0 
137 95 217 0 
138 77 75 0 
139 95 274 0 
140 83 145 0 
141 99 131 0 
142 80 185 0 
143 91 199 0 
144 97 234 0 
145 75 86 0 
146 94 228 0 
147 77 223 0 
148 86 63 0 
149 55 150 0 
150 82 100 0 
151 83 82 0 
152 70 87 0 
153 72 60 0 
154 79 187 0 
155 64 150 0 
156 94 90 0 
157 71 133 0 
158 55 67 0 
159 59 49 0 
160 81 53 0 
161 82 167 0 
162 98 84 0 
163 60 77 0 
164 83 247 0 
165 58 119 0 
166 57 153 0 
167 84 76 0 
168 72 98 0 
169 87 209 0 
170 77 92 0 
171 85 169 0 
172 88 58 0 
173 82 202 0 
174 64 108 0 
175 67 138 0 
176 75 181 0 
177 91 254 0 
178 70 76 0 
179 63 129 0 
180 59 108 0 
181 61 143 0 
182 68 44 0 
183 93 246 0 
184 74 43 0 
185 69 162 0 
186 78 224 0 
187 86 120 0 
188 70 200 0 
189 71 107 0 
190 57 50 0 
191 61 58 0 
192 61 65 0 
193 84 96 0 
194 51 64 0 
195 95 126 0 
196 66 131 0 
197 78 65 0 
198 97 239 0 
199 53 66 0 
