NAME GBP_INSTANCES\prob_1_B_3_6_1.txt
COMMENT
BINTYPES 5
ITEMS 200
BINS_SECTIONS
0 60 60 0 163 
1 80 80 0 122 
2 100 100 0 98 
3 120 120 0 82 
4 150 150 0 65 
ITEMS_SECTIONS
0 73 173 0 
1 23 59 0 
2 29 49 0 
3 98 229 0 
4 80 76 0 
5 10 18 0 
6 72 64 0 
7 82 100 0 
8 32 85 0 
9 55 67 0 
10 42 47 0 
11 69 59 0 
12 13 16 0 
13 58 99 0 
14 14 14 0 
15 74 123 0 
16 44 47 0 
17 8 6 0 
18 71 101 0 
19 30 30 0 
20 83 96 0 
21 19 17 0 
22 79 81 0 
23 40 21 0 
24 58 169 0 
25 53 129 0 
26 71 137 0 
27 74 93 0 
28 75 78 0 
29 81 58 0 
30 89 210 0 
31 14 40 0 
32 60 56 0 
33 39 97 0 
34 89 82 0 
35 4 4 0 
36 68 196 0 
37 38 70 0 
38 38 54 0 
39 29 85 0 
40 16 29 0 
41 13 7 0 
42 19 25 0 
43 67 144 0 
44 77 95 0 
45 19 21 0 
46 82 190 0 
47 31 61 0 
48 100 55 0 
49 89 117 0 
50 37 20 0 
51 53 135 0 
52 76 54 0 
53 76 76 0 
54 32 88 0 
55 37 73 0 
56 20 18 0 
57 49 116 0 
58 33 46 0 
59 11 17 0 
60 8 6 0 
61 9 16 0 
62 20 40 0 
63 22 31 0 
64 13 24 0 
65 77 39 0 
66 27 66 0 
67 6 18 0 
68 88 130 0 
69 15 9 0 
70 57 119 0 
71 53 119 0 
72 48 48 0 
73 39 44 0 
74 67 122 0 
75 27 37 0 
76 89 255 0 
77 87 92 0 
78 83 197 0 
79 52 65 0 
80 3 9 0 
81 97 189 0 
82 26 68 0 
83 15 30 0 
84 18 19 0 
85 51 36 0 
86 2 5 0 
87 4 5 0 
88 31 60 0 
89 60 159 0 
90 69 110 0 
91 37 33 0 
92 70 121 0 
93 26 66 0 
94 95 83 0 
95 93 117 0 
96 21 61 0 
97 67 46 0 
98 33 61 0 
99 100 121 0 
100 92 182 0 
101 38 35 0 
102 42 103 0 
103 91 184 0 
104 38 27 0 
105 24 22 0 
106 67 41 0 
107 95 128 0 
108 8 7 0 
109 63 75 0 
110 6 7 0 
111 63 39 0 
112 52 124 0 
113 56 161 0 
114 77 168 0 
115 87 114 0 
116 47 75 0 
117 13 33 0 
118 25 21 0 
119 31 39 0 
120 63 75 0 
121 18 44 0 
122 57 123 0 
123 31 16 0 
124 58 144 0 
125 48 98 0 
126 79 60 0 
127 60 168 0 
128 99 189 0 
129 27 73 0 
130 97 174 0 
131 40 88 0 
132 6 12 0 
133 43 42 0 
134 54 36 0 
135 89 130 0 
136 16 25 0 
137 40 62 0 
138 92 270 0 
139 80 132 0 
140 62 92 0 
141 76 137 0 
142 83 191 0 
143 2 3 0 
144 73 185 0 
145 71 80 0 
146 30 64 0 
147 4 9 0 
148 75 170 0 
149 61 57 0 
150 83 60 0 
151 21 33 0 
152 7 20 0 
153 38 58 0 
154 69 75 0 
155 28 19 0 
156 36 38 0 
157 24 51 0 
158 77 189 0 
159 61 136 0 
160 81 116 0 
161 52 50 0 
162 4 10 0 
163 39 40 0 
164 26 15 0 
165 100 108 0 
166 99 180 0 
167 4 6 0 
168 35 89 0 
169 46 126 0 
170 16 38 0 
171 45 78 0 
172 55 85 0 
173 90 132 0 
174 96 186 0 
175 10 25 0 
176 12 28 0 
177 35 32 0 
178 17 23 0 
179 58 81 0 
180 85 135 0 
181 34 69 0 
182 10 6 0 
183 80 232 0 
184 76 118 0 
185 21 46 0 
186 76 190 0 
187 23 54 0 
188 44 104 0 
189 34 94 0 
190 44 107 0 
191 46 109 0 
192 24 23 0 
193 29 46 0 
194 35 71 0 
195 68 125 0 
196 21 37 0 
197 13 15 0 
198 31 80 0 
199 95 281 0 
