NAME GBP_INSTANCES\prob_1_A_1_9_1.txt
COMMENT
BINTYPES 3
ITEMS 50
BINS_SECTIONS
0 100 100 0 28 
1 120 120 0 23 
2 150 150 0 19 
ITEMS_SECTIONS
0 33 68 0 
1 66 121 0 
2 61 130 0 
3 30 58 0 
4 72 74 0 
5 94 238 0 
6 69 200 0 
7 62 68 0 
8 2 3 0 
9 85 209 0 
10 72 190 0 
11 78 94 0 
12 9 8 0 
13 88 199 0 
14 5 14 0 
15 62 135 0 
16 82 72 0 
17 64 182 0 
18 90 84 0 
19 43 84 0 
20 66 82 0 
21 25 62 0 
22 34 98 0 
23 29 22 0 
24 26 21 0 
25 89 109 0 
26 49 57 0 
27 48 85 0 
28 8 23 0 
29 76 204 0 
30 4 11 0 
31 12 8 0 
32 98 102 0 
33 38 85 0 
34 62 51 0 
35 55 31 0 
36 69 49 0 
37 46 64 0 
38 65 70 0 
39 64 78 0 
40 16 39 0 
41 39 45 0 
42 68 42 0 
43 52 68 0 
44 79 160 0 
45 45 107 0 
46 57 96 0 
47 94 225 0 
48 56 45 0 
49 76 65 0 
