NAME GBP_INSTANCES\prob_1_B_0_1_1.txt
COMMENT
BINTYPES 5
ITEMS 25
BINS_SECTIONS
0 60 60 0 21 
1 80 80 0 16 
2 100 100 0 13 
3 120 120 0 11 
4 150 150 0 9 
ITEMS_SECTIONS
0 30 89 0 
1 23 29 0 
2 88 95 0 
3 91 84 0 
4 6 9 0 
5 16 11 0 
6 62 118 0 
7 50 105 0 
8 30 66 0 
9 19 44 0 
10 90 183 0 
11 35 77 0 
12 59 155 0 
13 16 34 0 
14 85 192 0 
15 65 125 0 
16 30 56 0 
17 12 8 0 
18 71 115 0 
19 52 68 0 
20 51 78 0 
21 3 5 0 
22 95 219 0 
23 87 80 0 
24 73 154 0 
