NAME GBP_INSTANCES\prob_2_B_1_2_1.txt
COMMENT
BINTYPES 5
ITEMS 50
BINS_SECTIONS
0 60 60 0 48 
1 80 80 0 36 
2 100 100 0 29 
3 120 120 0 24 
4 150 150 0 20 
ITEMS_SECTIONS
0 95 211 0 
1 33 64 0 
2 81 176 0 
3 46 87 0 
4 47 27 0 
5 89 234 0 
6 25 22 0 
7 81 230 0 
8 33 52 0 
9 89 106 0 
10 49 88 0 
11 40 116 0 
12 42 63 0 
13 41 39 0 
14 38 23 0 
15 94 125 0 
16 35 54 0 
17 49 117 0 
18 66 158 0 
19 80 119 0 
20 61 60 0 
21 74 219 0 
22 43 82 0 
23 51 42 0 
24 23 18 0 
25 38 66 0 
26 27 27 0 
27 88 222 0 
28 61 142 0 
29 35 79 0 
30 66 148 0 
31 40 68 0 
32 91 78 0 
33 22 32 0 
34 95 222 0 
35 96 112 0 
36 45 100 0 
37 30 53 0 
38 36 99 0 
39 70 190 0 
40 63 140 0 
41 29 69 0 
42 78 73 0 
43 38 32 0 
44 97 116 0 
45 91 223 0 
46 70 92 0 
47 79 177 0 
48 22 35 0 
49 67 155 0 
