NAME GBP_INSTANCES\prob_2_A_2_4_1.txt
COMMENT
BINTYPES 3
ITEMS 100
BINS_SECTIONS
0 100 100 0 61 
1 120 120 0 51 
2 150 150 0 41 
ITEMS_SECTIONS
0 49 59 0 
1 68 133 0 
2 94 53 0 
3 70 181 0 
4 71 98 0 
5 37 61 0 
6 31 79 0 
7 76 179 0 
8 46 78 0 
9 91 64 0 
10 72 179 0 
11 77 46 0 
12 49 41 0 
13 27 56 0 
14 64 33 0 
15 48 57 0 
16 49 103 0 
17 71 169 0 
18 93 205 0 
19 62 122 0 
20 92 88 0 
21 56 97 0 
22 90 201 0 
23 67 122 0 
24 36 75 0 
25 67 124 0 
26 63 77 0 
27 47 114 0 
28 31 74 0 
29 24 37 0 
30 61 94 0 
31 50 60 0 
32 98 99 0 
33 64 153 0 
34 40 113 0 
35 48 34 0 
36 92 151 0 
37 94 73 0 
38 22 23 0 
39 80 141 0 
40 78 58 0 
41 100 245 0 
42 60 86 0 
43 86 253 0 
44 87 215 0 
45 86 204 0 
46 97 110 0 
47 33 55 0 
48 80 99 0 
49 32 46 0 
50 30 27 0 
51 71 89 0 
52 40 30 0 
53 89 207 0 
54 55 110 0 
55 34 50 0 
56 82 81 0 
57 50 50 0 
58 96 152 0 
59 29 54 0 
60 73 71 0 
61 73 180 0 
62 69 193 0 
63 61 105 0 
64 27 24 0 
65 99 290 0 
66 31 41 0 
67 45 133 0 
68 52 61 0 
69 87 251 0 
70 28 53 0 
71 64 165 0 
72 59 59 0 
73 53 49 0 
74 69 120 0 
75 73 142 0 
76 21 12 0 
77 87 236 0 
78 36 43 0 
79 28 43 0 
80 30 82 0 
81 79 58 0 
82 32 62 0 
83 21 51 0 
84 59 149 0 
85 34 51 0 
86 100 154 0 
87 71 52 0 
88 35 64 0 
89 69 143 0 
90 57 154 0 
91 93 182 0 
92 55 100 0 
93 23 56 0 
94 51 96 0 
95 89 82 0 
96 64 183 0 
97 67 174 0 
98 31 20 0 
99 60 155 0 
