NAME GBP_INSTANCES\prob_1_B_0_6_1.txt
COMMENT
BINTYPES 5
ITEMS 25
BINS_SECTIONS
0 60 60 0 22 
1 80 80 0 16 
2 100 100 0 13 
3 120 120 0 11 
4 150 150 0 9 
ITEMS_SECTIONS
0 63 186 0 
1 25 69 0 
2 92 243 0 
3 20 25 0 
4 29 35 0 
5 88 173 0 
6 34 95 0 
7 26 52 0 
8 17 19 0 
9 95 192 0 
10 76 74 0 
11 92 268 0 
12 94 184 0 
13 14 13 0 
14 81 134 0 
15 69 64 0 
16 27 60 0 
17 89 155 0 
18 3 4 0 
19 3 8 0 
20 32 43 0 
21 49 139 0 
22 17 29 0 
23 96 164 0 
24 46 79 0 
