NAME GBP_INSTANCES\prob_2_B_3_3_1.txt
COMMENT
BINTYPES 5
ITEMS 200
BINS_SECTIONS
0 60 60 0 196 
1 80 80 0 147 
2 100 100 0 118 
3 120 120 0 98 
4 150 150 0 79 
ITEMS_SECTIONS
0 63 148 0 
1 87 107 0 
2 34 67 0 
3 28 60 0 
4 78 178 0 
5 40 22 0 
6 85 253 0 
7 81 220 0 
8 61 61 0 
9 52 109 0 
10 40 25 0 
11 41 71 0 
12 75 109 0 
13 44 129 0 
14 24 13 0 
15 40 113 0 
16 34 65 0 
17 39 83 0 
18 78 225 0 
19 96 196 0 
20 23 46 0 
21 85 191 0 
22 45 126 0 
23 96 204 0 
24 53 87 0 
25 38 44 0 
26 65 108 0 
27 50 102 0 
28 66 89 0 
29 69 199 0 
30 75 191 0 
31 32 94 0 
32 87 177 0 
33 98 257 0 
34 33 65 0 
35 62 101 0 
36 69 181 0 
37 42 37 0 
38 57 162 0 
39 49 129 0 
40 32 84 0 
41 41 79 0 
42 49 147 0 
43 42 27 0 
44 49 138 0 
45 81 198 0 
46 64 83 0 
47 40 78 0 
48 51 31 0 
49 86 164 0 
50 41 77 0 
51 93 51 0 
52 24 35 0 
53 58 90 0 
54 76 147 0 
55 85 108 0 
56 23 53 0 
57 68 94 0 
58 92 231 0 
59 28 35 0 
60 99 211 0 
61 67 179 0 
62 79 84 0 
63 100 171 0 
64 26 38 0 
65 43 37 0 
66 92 86 0 
67 33 71 0 
68 64 181 0 
69 90 241 0 
70 59 37 0 
71 76 181 0 
72 81 140 0 
73 43 66 0 
74 92 229 0 
75 77 67 0 
76 95 220 0 
77 81 77 0 
78 85 185 0 
79 29 67 0 
80 57 170 0 
81 23 25 0 
82 94 97 0 
83 79 64 0 
84 89 150 0 
85 94 139 0 
86 40 66 0 
87 54 134 0 
88 38 88 0 
89 76 171 0 
90 63 165 0 
91 21 63 0 
92 32 17 0 
93 29 24 0 
94 80 218 0 
95 99 58 0 
96 42 41 0 
97 41 71 0 
98 21 28 0 
99 88 261 0 
100 30 58 0 
101 55 54 0 
102 34 23 0 
103 78 232 0 
104 54 117 0 
105 96 115 0 
106 39 84 0 
107 48 123 0 
108 93 189 0 
109 22 22 0 
110 79 236 0 
111 25 51 0 
112 43 71 0 
113 24 49 0 
114 66 129 0 
115 88 183 0 
116 76 156 0 
117 98 171 0 
118 36 60 0 
119 26 57 0 
120 51 79 0 
121 35 43 0 
122 67 44 0 
123 92 98 0 
124 76 215 0 
125 85 126 0 
126 29 76 0 
127 33 44 0 
128 35 62 0 
129 81 194 0 
130 68 192 0 
131 65 153 0 
132 31 29 0 
133 37 88 0 
134 82 157 0 
135 21 43 0 
136 96 133 0 
137 24 45 0 
138 37 72 0 
139 23 51 0 
140 24 22 0 
141 29 69 0 
142 35 33 0 
143 95 76 0 
144 58 93 0 
145 52 70 0 
146 65 165 0 
147 79 89 0 
148 97 155 0 
149 43 86 0 
150 84 101 0 
151 68 172 0 
152 77 47 0 
153 21 38 0 
154 70 111 0 
155 75 65 0 
156 57 125 0 
157 37 93 0 
158 34 65 0 
159 33 98 0 
160 44 66 0 
161 99 72 0 
162 40 72 0 
163 48 67 0 
164 69 185 0 
165 41 35 0 
166 60 107 0 
167 77 116 0 
168 89 231 0 
169 80 71 0 
170 31 17 0 
171 78 53 0 
172 42 43 0 
173 56 41 0 
174 21 29 0 
175 33 84 0 
176 48 84 0 
177 95 103 0 
178 74 50 0 
179 100 83 0 
180 43 96 0 
181 50 108 0 
182 41 70 0 
183 57 92 0 
184 27 25 0 
185 62 108 0 
186 75 44 0 
187 49 87 0 
188 62 138 0 
189 69 183 0 
190 41 25 0 
191 36 54 0 
192 82 200 0 
193 56 163 0 
194 98 205 0 
195 47 132 0 
196 85 85 0 
197 61 108 0 
198 64 131 0 
199 66 192 0 
