NAME GBP_INSTANCES\prob_2_B_3_5_1.txt
COMMENT
BINTYPES 5
ITEMS 200
BINS_SECTIONS
0 60 60 0 201 
1 80 80 0 151 
2 100 100 0 121 
3 120 120 0 101 
4 150 150 0 81 
ITEMS_SECTIONS
0 41 71 0 
1 78 228 0 
2 21 21 0 
3 37 82 0 
4 85 158 0 
5 62 120 0 
6 22 42 0 
7 70 179 0 
8 86 152 0 
9 62 60 0 
10 35 70 0 
11 25 51 0 
12 63 157 0 
13 60 152 0 
14 29 23 0 
15 43 68 0 
16 35 66 0 
17 93 163 0 
18 92 98 0 
19 90 196 0 
20 87 146 0 
21 77 164 0 
22 32 74 0 
23 74 195 0 
24 93 209 0 
25 73 127 0 
26 68 89 0 
27 97 186 0 
28 93 174 0 
29 36 91 0 
30 25 65 0 
31 36 35 0 
32 76 76 0 
33 30 56 0 
34 45 121 0 
35 37 107 0 
36 86 256 0 
37 98 261 0 
38 95 150 0 
39 76 183 0 
40 62 35 0 
41 53 108 0 
42 48 103 0 
43 90 149 0 
44 63 166 0 
45 55 74 0 
46 40 120 0 
47 22 37 0 
48 71 110 0 
49 93 213 0 
50 89 106 0 
51 96 169 0 
52 89 226 0 
53 25 27 0 
54 85 81 0 
55 22 18 0 
56 53 61 0 
57 47 126 0 
58 50 137 0 
59 83 123 0 
60 39 79 0 
61 70 80 0 
62 79 234 0 
63 91 268 0 
64 30 55 0 
65 97 284 0 
66 26 67 0 
67 34 51 0 
68 58 81 0 
69 74 216 0 
70 32 49 0 
71 92 255 0 
72 64 101 0 
73 48 76 0 
74 23 12 0 
75 80 44 0 
76 42 108 0 
77 51 87 0 
78 93 235 0 
79 65 86 0 
80 58 47 0 
81 57 155 0 
82 47 131 0 
83 80 60 0 
84 72 86 0 
85 91 186 0 
86 28 69 0 
87 99 246 0 
88 24 21 0 
89 24 35 0 
90 98 162 0 
91 40 114 0 
92 41 82 0 
93 89 67 0 
94 55 111 0 
95 89 85 0 
96 24 54 0 
97 62 65 0 
98 81 174 0 
99 72 79 0 
100 67 159 0 
101 63 97 0 
102 63 152 0 
103 70 178 0 
104 98 113 0 
105 31 68 0 
106 99 191 0 
107 68 75 0 
108 100 173 0 
109 31 68 0 
110 27 29 0 
111 23 19 0 
112 28 59 0 
113 62 82 0 
114 23 49 0 
115 48 41 0 
116 72 62 0 
117 65 161 0 
118 90 245 0 
119 41 106 0 
120 42 110 0 
121 79 190 0 
122 90 145 0 
123 46 120 0 
124 49 102 0 
125 67 95 0 
126 73 101 0 
127 28 67 0 
128 76 85 0 
129 58 40 0 
130 48 61 0 
131 39 47 0 
132 37 83 0 
133 50 108 0 
134 98 263 0 
135 87 91 0 
136 67 141 0 
137 88 145 0 
138 51 86 0 
139 58 51 0 
140 34 70 0 
141 43 44 0 
142 82 128 0 
143 39 33 0 
144 67 106 0 
145 54 55 0 
146 34 77 0 
147 94 281 0 
148 61 158 0 
149 41 102 0 
150 99 58 0 
151 30 31 0 
152 37 105 0 
153 74 89 0 
154 22 50 0 
155 27 32 0 
156 28 64 0 
157 48 136 0 
158 89 228 0 
159 32 38 0 
160 24 15 0 
161 84 169 0 
162 40 93 0 
163 74 179 0 
164 68 48 0 
165 83 101 0 
166 43 100 0 
167 30 75 0 
168 92 125 0 
169 97 259 0 
170 94 51 0 
171 59 58 0 
172 60 179 0 
173 46 126 0 
174 94 145 0 
175 59 87 0 
176 81 183 0 
177 85 90 0 
178 52 60 0 
179 79 98 0 
180 28 19 0 
181 25 33 0 
182 41 53 0 
183 55 93 0 
184 80 201 0 
185 57 105 0 
186 84 181 0 
187 77 214 0 
188 44 37 0 
189 63 162 0 
190 59 94 0 
191 33 51 0 
192 80 118 0 
193 86 247 0 
194 51 125 0 
195 82 108 0 
196 38 58 0 
197 40 58 0 
198 41 82 0 
199 72 157 0 
