NAME GBP_INSTANCES\prob_1_B_4_3_1.txt
COMMENT
BINTYPES 5
ITEMS 500
BINS_SECTIONS
0 60 60 0 430 
1 80 80 0 323 
2 100 100 0 258 
3 120 120 0 215 
4 150 150 0 172 
ITEMS_SECTIONS
0 67 189 0 
1 79 149 0 
2 28 67 0 
3 38 55 0 
4 61 144 0 
5 9 12 0 
6 43 50 0 
7 60 74 0 
8 47 114 0 
9 62 77 0 
10 47 118 0 
11 22 59 0 
12 91 223 0 
13 100 118 0 
14 10 28 0 
15 75 197 0 
16 18 35 0 
17 69 142 0 
18 54 130 0 
19 36 61 0 
20 2 6 0 
21 66 156 0 
22 99 175 0 
23 86 227 0 
24 64 186 0 
25 11 32 0 
26 21 23 0 
27 73 114 0 
28 85 91 0 
29 4 8 0 
30 22 38 0 
31 36 75 0 
32 7 14 0 
33 25 50 0 
34 65 133 0 
35 87 83 0 
36 57 115 0 
37 25 69 0 
38 62 53 0 
39 10 10 0 
40 51 95 0 
41 83 219 0 
42 62 64 0 
43 64 33 0 
44 3 5 0 
45 79 220 0 
46 43 105 0 
47 81 221 0 
48 22 43 0 
49 38 97 0 
50 44 28 0 
51 42 87 0 
52 3 9 0 
53 20 11 0 
54 55 61 0 
55 99 255 0 
56 93 70 0 
57 98 102 0 
58 78 221 0 
59 66 188 0 
60 56 113 0 
61 3 8 0 
62 93 157 0 
63 10 24 0 
64 96 94 0 
65 58 51 0 
66 43 109 0 
67 79 52 0 
68 82 94 0 
69 26 38 0 
70 65 122 0 
71 16 41 0 
72 22 52 0 
73 48 34 0 
74 84 221 0 
75 53 157 0 
76 20 49 0 
77 9 27 0 
78 97 75 0 
79 78 180 0 
80 3 2 0 
81 31 44 0 
82 64 52 0 
83 51 67 0 
84 100 210 0 
85 99 273 0 
86 28 38 0 
87 47 85 0 
88 94 258 0 
89 38 91 0 
90 93 160 0 
91 36 34 0 
92 22 58 0 
93 34 37 0 
94 76 200 0 
95 41 24 0 
96 33 34 0 
97 35 21 0 
98 52 66 0 
99 12 25 0 
100 4 6 0 
101 16 48 0 
102 18 51 0 
103 49 36 0 
104 87 119 0 
105 30 75 0 
106 2 5 0 
107 100 287 0 
108 28 33 0 
109 50 42 0 
110 29 83 0 
111 87 162 0 
112 93 82 0 
113 20 45 0 
114 77 173 0 
115 63 91 0 
116 72 140 0 
117 4 3 0 
118 32 93 0 
119 79 177 0 
120 81 134 0 
121 72 47 0 
122 76 82 0 
123 48 68 0 
124 29 73 0 
125 5 14 0 
126 23 18 0 
127 79 132 0 
128 86 74 0 
129 44 61 0 
130 27 72 0 
131 88 241 0 
132 8 17 0 
133 85 227 0 
134 83 121 0 
135 37 72 0 
136 49 117 0 
137 41 114 0 
138 47 59 0 
139 28 47 0 
140 32 21 0 
141 54 119 0 
142 84 139 0 
143 90 209 0 
144 100 232 0 
145 11 27 0 
146 91 266 0 
147 89 63 0 
148 17 40 0 
149 14 29 0 
150 80 74 0 
151 3 6 0 
152 41 121 0 
153 76 115 0 
154 86 166 0 
155 78 232 0 
156 43 23 0 
157 6 13 0 
158 82 148 0 
159 38 28 0 
160 98 197 0 
161 8 6 0 
162 51 57 0 
163 26 27 0 
164 5 11 0 
165 9 26 0 
166 23 27 0 
167 69 199 0 
168 77 137 0 
169 24 13 0 
170 4 4 0 
171 64 119 0 
172 59 117 0 
173 53 136 0 
174 14 22 0 
175 28 24 0 
176 2 4 0 
177 43 108 0 
178 63 188 0 
179 50 53 0 
180 55 156 0 
181 95 253 0 
182 82 69 0 
183 86 95 0 
184 31 58 0 
185 64 96 0 
186 29 53 0 
187 12 24 0 
188 53 156 0 
189 13 10 0 
190 98 250 0 
191 85 99 0 
192 81 95 0 
193 83 241 0 
194 53 69 0 
195 47 26 0 
196 26 65 0 
197 44 86 0 
198 93 61 0 
199 92 250 0 
200 17 13 0 
201 57 138 0 
202 100 69 0 
203 49 60 0 
204 60 107 0 
205 64 151 0 
206 59 42 0 
207 99 178 0 
208 44 32 0 
209 92 82 0 
210 95 72 0 
211 73 46 0 
212 30 81 0 
213 100 70 0 
214 41 35 0 
215 57 51 0 
216 80 99 0 
217 79 164 0 
218 55 29 0 
219 42 54 0 
220 68 61 0 
221 84 109 0 
222 15 15 0 
223 52 55 0 
224 21 32 0 
225 64 73 0 
226 10 16 0 
227 87 233 0 
228 25 48 0 
229 34 66 0 
230 48 136 0 
231 15 11 0 
232 83 134 0 
233 55 42 0 
234 13 13 0 
235 31 55 0 
236 6 17 0 
237 88 77 0 
238 62 49 0 
239 64 105 0 
240 50 36 0 
241 67 179 0 
242 39 77 0 
243 97 212 0 
244 5 6 0 
245 65 90 0 
246 61 130 0 
247 3 9 0 
248 91 178 0 
249 3 7 0 
250 65 141 0 
251 72 144 0 
252 24 71 0 
253 64 51 0 
254 69 141 0 
255 27 77 0 
256 73 162 0 
257 75 215 0 
258 44 76 0 
259 90 261 0 
260 78 88 0 
261 8 11 0 
262 40 60 0 
263 100 283 0 
264 63 164 0 
265 64 114 0 
266 62 69 0 
267 69 108 0 
268 89 114 0 
269 13 15 0 
270 60 78 0 
271 42 100 0 
272 13 31 0 
273 11 24 0 
274 88 185 0 
275 72 113 0 
276 65 106 0 
277 7 9 0 
278 42 55 0 
279 66 127 0 
280 36 97 0 
281 49 33 0 
282 4 4 0 
283 15 25 0 
284 71 171 0 
285 81 170 0 
286 99 129 0 
287 58 78 0 
288 68 157 0 
289 77 220 0 
290 26 40 0 
291 7 14 0 
292 81 116 0 
293 75 159 0 
294 15 15 0 
295 76 127 0 
296 16 27 0 
297 66 153 0 
298 19 53 0 
299 29 82 0 
300 27 57 0 
301 7 11 0 
302 87 245 0 
303 9 7 0 
304 96 195 0 
305 2 6 0 
306 88 100 0 
307 53 67 0 
308 22 60 0 
309 31 24 0 
310 79 42 0 
311 56 142 0 
312 61 64 0 
313 67 175 0 
314 63 159 0 
315 93 141 0 
316 88 146 0 
317 48 60 0 
318 39 86 0 
319 52 37 0 
320 7 7 0 
321 66 167 0 
322 72 176 0 
323 100 205 0 
324 54 148 0 
325 35 31 0 
326 18 20 0 
327 27 33 0 
328 73 117 0 
329 77 86 0 
330 99 244 0 
331 89 75 0 
332 54 90 0 
333 26 59 0 
334 76 55 0 
335 4 8 0 
336 39 59 0 
337 51 100 0 
338 29 73 0 
339 8 5 0 
340 4 12 0 
341 26 24 0 
342 65 166 0 
343 36 19 0 
344 83 75 0 
345 40 65 0 
346 85 85 0 
347 38 101 0 
348 72 213 0 
349 60 101 0 
350 15 27 0 
351 78 52 0 
352 60 158 0 
353 70 187 0 
354 48 121 0 
355 41 114 0 
356 38 100 0 
357 64 156 0 
358 91 246 0 
359 97 193 0 
360 39 88 0 
361 48 127 0 
362 65 73 0 
363 35 96 0 
364 31 67 0 
365 9 24 0 
366 53 53 0 
367 23 32 0 
368 47 68 0 
369 7 11 0 
370 48 52 0 
371 12 24 0 
372 61 81 0 
373 64 150 0 
374 91 225 0 
375 30 29 0 
376 91 142 0 
377 85 44 0 
378 55 118 0 
379 90 267 0 
380 43 82 0 
381 100 140 0 
382 56 159 0 
383 61 100 0 
384 74 92 0 
385 53 69 0 
386 63 109 0 
387 11 17 0 
388 95 126 0 
389 31 35 0 
390 73 83 0 
391 91 65 0 
392 86 161 0 
393 63 92 0 
394 28 74 0 
395 62 62 0 
396 38 71 0 
397 79 56 0 
398 46 47 0 
399 23 17 0 
400 3 5 0 
401 49 55 0 
402 30 30 0 
403 50 113 0 
404 70 80 0 
405 2 6 0 
406 44 53 0 
407 21 50 0 
408 47 26 0 
409 56 139 0 
410 6 10 0 
411 99 157 0 
412 43 68 0 
413 35 86 0 
414 86 115 0 
415 87 190 0 
416 65 159 0 
417 15 11 0 
418 75 121 0 
419 98 91 0 
420 12 34 0 
421 82 162 0 
422 99 65 0 
423 71 168 0 
424 64 118 0 
425 42 42 0 
426 44 85 0 
427 76 126 0 
428 78 61 0 
429 45 45 0 
430 74 220 0 
431 18 17 0 
432 57 106 0 
433 92 205 0 
434 5 10 0 
435 19 18 0 
436 26 43 0 
437 82 189 0 
438 8 16 0 
439 52 43 0 
440 82 154 0 
441 38 66 0 
442 19 22 0 
443 28 43 0 
444 36 80 0 
445 12 33 0 
446 25 45 0 
447 2 6 0 
448 21 31 0 
449 85 217 0 
450 88 166 0 
451 6 4 0 
452 92 251 0 
453 53 90 0 
454 100 191 0 
455 60 34 0 
456 89 75 0 
457 38 69 0 
458 17 47 0 
459 90 101 0 
460 75 86 0 
461 98 218 0 
462 58 44 0 
463 84 119 0 
464 35 101 0 
465 88 216 0 
466 50 83 0 
467 22 51 0 
468 45 106 0 
469 30 85 0 
470 61 43 0 
471 26 41 0 
472 2 4 0 
473 51 60 0 
474 20 55 0 
475 41 39 0 
476 7 8 0 
477 67 103 0 
478 89 162 0 
479 9 18 0 
480 100 214 0 
481 33 89 0 
482 54 105 0 
483 39 67 0 
484 66 127 0 
485 61 170 0 
486 8 18 0 
487 41 24 0 
488 54 152 0 
489 39 117 0 
490 95 282 0 
491 30 54 0 
492 77 136 0 
493 17 17 0 
494 14 30 0 
495 55 144 0 
496 32 61 0 
497 20 59 0 
498 92 182 0 
499 71 175 0 
