NAME GBP_INSTANCES\prob_1_B_1_3_1.txt
COMMENT
BINTYPES 5
ITEMS 50
BINS_SECTIONS
0 60 60 0 48 
1 80 80 0 36 
2 100 100 0 29 
3 120 120 0 24 
4 150 150 0 20 
ITEMS_SECTIONS
0 100 281 0 
1 20 60 0 
2 81 219 0 
3 35 58 0 
4 46 103 0 
5 20 56 0 
6 89 260 0 
7 52 138 0 
8 25 57 0 
9 94 104 0 
10 85 63 0 
11 83 213 0 
12 85 153 0 
13 63 159 0 
14 73 60 0 
15 11 31 0 
16 65 182 0 
17 23 27 0 
18 73 162 0 
19 98 142 0 
20 57 142 0 
21 24 16 0 
22 78 221 0 
23 79 56 0 
24 36 70 0 
25 42 54 0 
26 97 68 0 
27 90 246 0 
28 83 195 0 
29 85 128 0 
30 5 15 0 
31 39 24 0 
32 20 33 0 
33 66 176 0 
34 70 203 0 
35 33 46 0 
36 76 56 0 
37 71 118 0 
38 89 236 0 
39 59 119 0 
40 13 21 0 
41 71 182 0 
42 88 256 0 
43 49 131 0 
44 25 21 0 
45 96 55 0 
46 23 63 0 
47 5 4 0 
48 44 84 0 
49 19 38 0 
