NAME GBP_INSTANCES\prob_2_B_0_4_1.txt
COMMENT
BINTYPES 5
ITEMS 25
BINS_SECTIONS
0 60 60 0 25 
1 80 80 0 19 
2 100 100 0 15 
3 120 120 0 13 
4 150 150 0 10 
ITEMS_SECTIONS
0 36 82 0 
1 76 146 0 
2 22 50 0 
3 46 91 0 
4 81 178 0 
5 70 191 0 
6 49 56 0 
7 74 219 0 
8 99 123 0 
9 29 87 0 
10 85 204 0 
11 23 67 0 
12 85 44 0 
13 92 67 0 
14 33 62 0 
15 55 124 0 
16 59 152 0 
17 49 127 0 
18 21 49 0 
19 54 83 0 
20 61 129 0 
21 79 186 0 
22 73 79 0 
23 44 50 0 
24 89 104 0 
