NAME GBP_INSTANCES\prob_2_B_1_1_0.txt
COMMENT
BINTYPES 5
ITEMS 50
BINS_SECTIONS
0 60 60 0 54 
1 80 80 0 41 
2 100 100 0 33 
3 120 120 0 27 
4 150 150 0 22 
ITEMS_SECTIONS
0 69 112 0
1 90 138 0
2 93 157 0
3 44 84 0
4 49 126 0
5 67 148 0
6 81 59 0
7 55 100 0
8 36 44 0
9 61 186 0
10 69 132 0
11 34 88 0
12 40 82 0
13 95 219 0
14 85 128 0
15 69 133 0
16 89 211 0
17 97 240 0
18 57 54 0
19 74 120 0
20 33 19 0
21 42 82 0
22 24 74 0
23 80 118 0
24 98 66 0
25 73 197 0
26 57 127 0
27 68 92 0
28 39 48 0
29 83 278 0
30 23 41 0
31 75 155 0
32 84 254 0
33 88 277 0
34 59 163 0
35 59 71 0
36 59 78 0
37 69 191 0
38 47 153 0
39 87 234 0
40 73 179 0
41 68 209 0
42 66 57 0
43 93 149 0
44 91 208 0
45 92 124 0
46 44 103 0
47 28 91 0
48 22 65 0
49 35 44 0
