NAME GBP_INSTANCES\prob_3_B_0_1_1.txt
COMMENT
BINTYPES 5
ITEMS 25
BINS_SECTIONS
0 60 60 0 34 
1 80 80 0 26 
2 100 100 0 21 
3 120 120 0 17 
4 150 150 0 14 
ITEMS_SECTIONS
0 63 88 0 
1 95 101 0 
2 81 181 0 
3 73 108 0 
4 100 55 0 
5 80 135 0 
6 87 236 0 
7 94 100 0 
8 67 107 0 
9 62 129 0 
10 85 174 0 
11 80 232 0 
12 97 228 0 
13 80 79 0 
14 93 119 0 
15 88 184 0 
16 98 121 0 
17 57 43 0 
18 99 189 0 
19 72 142 0 
20 67 179 0 
21 86 198 0 
22 62 179 0 
23 89 144 0 
24 71 140 0 
