NAME GBP_INSTANCES\prob_3_B_0_8_1.txt
COMMENT
BINTYPES 5
ITEMS 25
BINS_SECTIONS
0 60 60 0 34 
1 80 80 0 26 
2 100 100 0 21 
3 120 120 0 17 
4 150 150 0 14 
ITEMS_SECTIONS
0 95 168 0 
1 90 61 0 
2 74 153 0 
3 99 64 0 
4 74 39 0 
5 99 107 0 
6 80 227 0 
7 71 134 0 
8 52 147 0 
9 98 282 0 
10 97 261 0 
11 90 144 0 
12 95 251 0 
13 74 132 0 
14 83 186 0 
15 95 91 0 
16 82 86 0 
17 77 52 0 
18 69 169 0 
19 59 116 0 
20 65 48 0 
21 85 204 0 
22 83 46 0 
23 59 143 0 
24 56 106 0 
