NAME GBP_INSTANCES\prob_3_B_4_3_1.txt
COMMENT
BINTYPES 5
ITEMS 500
BINS_SECTIONS
0 60 60 0 627 
1 80 80 0 471 
2 100 100 0 377 
3 120 120 0 314 
4 150 150 0 251 
ITEMS_SECTIONS
0 72 150 0 
1 64 83 0 
2 53 27 0 
3 95 262 0 
4 69 123 0 
5 82 45 0 
6 56 68 0 
7 98 92 0 
8 56 55 0 
9 74 166 0 
10 83 91 0 
11 82 48 0 
12 73 192 0 
13 52 41 0 
14 74 52 0 
15 79 166 0 
16 63 163 0 
17 82 145 0 
18 80 162 0 
19 75 83 0 
20 59 153 0 
21 78 66 0 
22 76 195 0 
23 66 58 0 
24 80 41 0 
25 58 136 0 
26 80 151 0 
27 56 30 0 
28 78 198 0 
29 64 140 0 
30 82 109 0 
31 65 74 0 
32 53 45 0 
33 64 67 0 
34 63 108 0 
35 93 251 0 
36 56 116 0 
37 68 110 0 
38 79 65 0 
39 99 109 0 
40 64 109 0 
41 92 95 0 
42 69 158 0 
43 56 155 0 
44 80 212 0 
45 93 95 0 
46 100 281 0 
47 62 125 0 
48 59 95 0 
49 62 115 0 
50 98 88 0 
51 60 164 0 
52 61 114 0 
53 99 192 0 
54 52 104 0 
55 94 244 0 
56 65 67 0 
57 98 109 0 
58 61 151 0 
59 71 110 0 
60 60 140 0 
61 87 63 0 
62 87 213 0 
63 76 95 0 
64 52 90 0 
65 71 140 0 
66 69 103 0 
67 88 88 0 
68 87 101 0 
69 100 60 0 
70 65 129 0 
71 86 63 0 
72 90 169 0 
73 52 47 0 
74 73 128 0 
75 83 85 0 
76 62 41 0 
77 90 60 0 
78 61 71 0 
79 85 68 0 
80 98 181 0 
81 100 172 0 
82 90 83 0 
83 69 106 0 
84 56 39 0 
85 59 43 0 
86 67 113 0 
87 62 75 0 
88 89 234 0 
89 51 35 0 
90 76 75 0 
91 82 122 0 
92 84 138 0 
93 63 46 0 
94 89 180 0 
95 56 101 0 
96 55 147 0 
97 91 161 0 
98 96 54 0 
99 86 251 0 
100 89 189 0 
101 89 105 0 
102 81 131 0 
103 85 155 0 
104 99 56 0 
105 85 157 0 
106 82 117 0 
107 88 160 0 
108 70 147 0 
109 99 154 0 
110 82 88 0 
111 62 132 0 
112 61 112 0 
113 86 96 0 
114 91 221 0 
115 85 136 0 
116 52 40 0 
117 94 115 0 
118 91 60 0 
119 59 125 0 
120 86 86 0 
121 54 46 0 
122 97 270 0 
123 67 49 0 
124 55 144 0 
125 95 94 0 
126 88 61 0 
127 56 108 0 
128 84 239 0 
129 99 239 0 
130 89 149 0 
131 97 251 0 
132 100 263 0 
133 93 167 0 
134 94 217 0 
135 100 248 0 
136 91 194 0 
137 89 164 0 
138 54 77 0 
139 53 111 0 
140 61 116 0 
141 69 67 0 
142 85 146 0 
143 85 157 0 
144 62 173 0 
145 80 182 0 
146 59 136 0 
147 98 73 0 
148 68 107 0 
149 82 163 0 
150 88 154 0 
151 54 157 0 
152 73 84 0 
153 65 105 0 
154 68 92 0 
155 61 125 0 
156 88 189 0 
157 77 41 0 
158 79 93 0 
159 61 35 0 
160 99 127 0 
161 87 205 0 
162 68 104 0 
163 87 220 0 
164 68 37 0 
165 60 42 0 
166 69 149 0 
167 64 104 0 
168 52 152 0 
169 77 191 0 
170 71 116 0 
171 62 145 0 
172 57 146 0 
173 88 203 0 
174 91 195 0 
175 77 106 0 
176 55 139 0 
177 55 111 0 
178 76 190 0 
179 99 289 0 
180 82 155 0 
181 91 185 0 
182 73 176 0 
183 94 172 0 
184 55 131 0 
185 55 140 0 
186 60 41 0 
187 99 186 0 
188 58 79 0 
189 96 260 0 
190 58 117 0 
191 81 90 0 
192 93 260 0 
193 64 42 0 
194 77 109 0 
195 77 113 0 
196 54 119 0 
197 80 209 0 
198 70 207 0 
199 90 229 0 
200 56 105 0 
201 83 72 0 
202 88 47 0 
203 57 39 0 
204 89 221 0 
205 91 138 0 
206 70 145 0 
207 89 218 0 
208 75 89 0 
209 56 40 0 
210 96 217 0 
211 88 249 0 
212 85 212 0 
213 84 139 0 
214 58 134 0 
215 57 44 0 
216 72 169 0 
217 66 46 0 
218 63 108 0 
219 77 91 0 
220 53 116 0 
221 80 76 0 
222 68 192 0 
223 58 112 0 
224 98 176 0 
225 56 115 0 
226 81 175 0 
227 92 171 0 
228 78 100 0 
229 87 212 0 
230 58 72 0 
231 72 128 0 
232 59 147 0 
233 54 65 0 
234 84 169 0 
235 82 149 0 
236 100 149 0 
237 52 117 0 
238 88 178 0 
239 52 51 0 
240 96 285 0 
241 90 79 0 
242 98 117 0 
243 65 128 0 
244 80 60 0 
245 65 101 0 
246 54 129 0 
247 53 142 0 
248 51 151 0 
249 56 106 0 
250 93 160 0 
251 90 96 0 
252 71 47 0 
253 99 162 0 
254 52 77 0 
255 64 73 0 
256 80 45 0 
257 55 98 0 
258 72 192 0 
259 62 85 0 
260 74 87 0 
261 56 167 0 
262 93 233 0 
263 81 182 0 
264 57 119 0 
265 58 167 0 
266 61 163 0 
267 87 68 0 
268 92 218 0 
269 86 129 0 
270 62 72 0 
271 79 151 0 
272 79 217 0 
273 85 72 0 
274 84 228 0 
275 89 51 0 
276 77 112 0 
277 79 44 0 
278 71 71 0 
279 67 80 0 
280 53 89 0 
281 98 200 0 
282 89 47 0 
283 92 75 0 
284 69 63 0 
285 67 156 0 
286 99 117 0 
287 100 136 0 
288 90 83 0 
289 73 75 0 
290 63 120 0 
291 71 39 0 
292 82 43 0 
293 53 143 0 
294 84 104 0 
295 70 132 0 
296 79 47 0 
297 78 86 0 
298 95 237 0 
299 77 190 0 
300 80 222 0 
301 55 141 0 
302 57 129 0 
303 60 180 0 
304 67 46 0 
305 85 221 0 
306 79 108 0 
307 72 163 0 
308 100 267 0 
309 65 45 0 
310 66 112 0 
311 67 186 0 
312 77 105 0 
313 86 249 0 
314 63 74 0 
315 88 84 0 
316 69 199 0 
317 89 223 0 
318 98 250 0 
319 96 72 0 
320 67 167 0 
321 86 258 0 
322 90 264 0 
323 59 152 0 
324 57 47 0 
325 89 53 0 
326 88 240 0 
327 71 152 0 
328 91 265 0 
329 64 176 0 
330 85 163 0 
331 61 111 0 
332 89 246 0 
333 58 94 0 
334 85 94 0 
335 65 55 0 
336 93 167 0 
337 52 156 0 
338 82 56 0 
339 79 44 0 
340 84 129 0 
341 54 119 0 
342 97 276 0 
343 100 135 0 
344 56 71 0 
345 78 183 0 
346 52 46 0 
347 91 219 0 
348 100 58 0 
349 62 73 0 
350 86 220 0 
351 64 175 0 
352 86 125 0 
353 90 214 0 
354 65 138 0 
355 69 63 0 
356 64 178 0 
357 64 88 0 
358 61 42 0 
359 96 72 0 
360 95 91 0 
361 85 82 0 
362 53 76 0 
363 52 88 0 
364 56 91 0 
365 88 260 0 
366 59 101 0 
367 96 231 0 
368 73 122 0 
369 62 163 0 
370 66 58 0 
371 82 181 0 
372 74 221 0 
373 68 80 0 
374 67 139 0 
375 93 273 0 
376 61 47 0 
377 51 139 0 
378 65 80 0 
379 66 39 0 
380 54 117 0 
381 75 94 0 
382 99 148 0 
383 93 171 0 
384 57 52 0 
385 97 75 0 
386 71 210 0 
387 100 278 0 
388 78 175 0 
389 74 121 0 
390 57 152 0 
391 86 53 0 
392 79 61 0 
393 74 128 0 
394 96 65 0 
395 69 36 0 
396 76 139 0 
397 83 186 0 
398 86 125 0 
399 81 173 0 
400 61 120 0 
401 63 90 0 
402 74 138 0 
403 57 107 0 
404 74 176 0 
405 72 174 0 
406 80 163 0 
407 51 30 0 
408 96 236 0 
409 98 84 0 
410 84 234 0 
411 84 62 0 
412 84 156 0 
413 61 66 0 
414 72 62 0 
415 53 137 0 
416 75 45 0 
417 85 83 0 
418 65 138 0 
419 56 103 0 
420 86 168 0 
421 52 34 0 
422 78 230 0 
423 62 99 0 
424 68 70 0 
425 85 254 0 
426 83 242 0 
427 86 76 0 
428 59 42 0 
429 69 75 0 
430 77 73 0 
431 81 45 0 
432 96 201 0 
433 66 121 0 
434 77 44 0 
435 85 228 0 
436 54 119 0 
437 73 217 0 
438 87 122 0 
439 61 167 0 
440 55 86 0 
441 81 95 0 
442 65 84 0 
443 71 121 0 
444 53 138 0 
445 93 215 0 
446 86 200 0 
447 93 135 0 
448 73 63 0 
449 52 122 0 
450 79 118 0 
451 93 92 0 
452 84 243 0 
453 78 153 0 
454 75 193 0 
455 75 127 0 
456 69 176 0 
457 87 83 0 
458 57 39 0 
459 79 123 0 
460 73 48 0 
461 66 132 0 
462 88 55 0 
463 86 253 0 
464 52 73 0 
465 52 90 0 
466 68 160 0 
467 51 81 0 
468 89 214 0 
469 70 78 0 
470 89 182 0 
471 88 75 0 
472 64 188 0 
473 76 85 0 
474 88 100 0 
475 57 150 0 
476 85 51 0 
477 87 101 0 
478 73 101 0 
479 94 173 0 
480 69 174 0 
481 60 90 0 
482 66 36 0 
483 75 147 0 
484 82 133 0 
485 73 101 0 
486 98 235 0 
487 55 70 0 
488 80 226 0 
489 65 39 0 
490 83 134 0 
491 82 167 0 
492 99 158 0 
493 87 187 0 
494 74 143 0 
495 63 80 0 
496 91 98 0 
497 68 170 0 
498 61 140 0 
499 94 123 0 
