NAME GBP_INSTANCES\prob_2_B_3_1_1.txt
COMMENT
BINTYPES 5
ITEMS 200
BINS_SECTIONS
0 60 60 0 204 
1 80 80 0 153 
2 100 100 0 123 
3 120 120 0 102 
4 150 150 0 82 
ITEMS_SECTIONS
0 82 230 0 
1 27 16 0 
2 34 84 0 
3 26 14 0 
4 54 32 0 
5 93 133 0 
6 96 145 0 
7 64 126 0 
8 76 197 0 
9 80 196 0 
10 100 54 0 
11 75 85 0 
12 41 83 0 
13 52 102 0 
14 30 87 0 
15 24 30 0 
16 80 94 0 
17 92 150 0 
18 97 111 0 
19 72 180 0 
20 61 43 0 
21 38 48 0 
22 72 70 0 
23 65 39 0 
24 49 88 0 
25 25 33 0 
26 31 83 0 
27 62 172 0 
28 64 92 0 
29 39 48 0 
30 33 74 0 
31 50 66 0 
32 83 182 0 
33 33 72 0 
34 57 38 0 
35 44 109 0 
36 56 168 0 
37 50 71 0 
38 99 237 0 
39 52 90 0 
40 74 48 0 
41 34 95 0 
42 91 69 0 
43 90 147 0 
44 71 42 0 
45 61 44 0 
46 86 228 0 
47 41 94 0 
48 69 121 0 
49 39 89 0 
50 63 44 0 
51 85 213 0 
52 38 31 0 
53 78 80 0 
54 39 54 0 
55 82 203 0 
56 54 141 0 
57 27 38 0 
58 69 148 0 
59 57 144 0 
60 54 57 0 
61 93 63 0 
62 29 85 0 
63 87 246 0 
64 59 84 0 
65 89 229 0 
66 42 109 0 
67 68 51 0 
68 69 193 0 
69 87 55 0 
70 89 175 0 
71 68 163 0 
72 86 185 0 
73 47 79 0 
74 47 133 0 
75 43 35 0 
76 59 77 0 
77 61 42 0 
78 72 173 0 
79 32 37 0 
80 28 64 0 
81 61 105 0 
82 88 139 0 
83 30 78 0 
84 98 122 0 
85 94 221 0 
86 50 66 0 
87 53 115 0 
88 59 81 0 
89 60 97 0 
90 68 107 0 
91 23 54 0 
92 21 15 0 
93 37 20 0 
94 66 83 0 
95 65 178 0 
96 54 119 0 
97 90 55 0 
98 52 127 0 
99 35 77 0 
100 40 37 0 
101 32 49 0 
102 39 55 0 
103 77 85 0 
104 39 29 0 
105 52 119 0 
106 49 139 0 
107 59 71 0 
108 69 118 0 
109 26 70 0 
110 51 135 0 
111 24 35 0 
112 70 139 0 
113 28 32 0 
114 93 146 0 
115 48 50 0 
116 78 193 0 
117 26 60 0 
118 77 132 0 
119 46 66 0 
120 22 42 0 
121 71 103 0 
122 88 70 0 
123 89 248 0 
124 38 75 0 
125 78 109 0 
126 87 165 0 
127 74 135 0 
128 90 131 0 
129 41 113 0 
130 27 67 0 
131 46 120 0 
132 97 214 0 
133 100 129 0 
134 80 105 0 
135 88 85 0 
136 80 112 0 
137 90 51 0 
138 56 122 0 
139 35 28 0 
140 100 169 0 
141 77 103 0 
142 84 239 0 
143 90 53 0 
144 44 63 0 
145 76 157 0 
146 37 58 0 
147 45 76 0 
148 72 110 0 
149 44 90 0 
150 89 144 0 
151 96 93 0 
152 36 75 0 
153 37 56 0 
154 66 144 0 
155 74 73 0 
156 33 70 0 
157 92 121 0 
158 32 67 0 
159 91 250 0 
160 85 73 0 
161 53 135 0 
162 23 28 0 
163 52 53 0 
164 61 96 0 
165 92 216 0 
166 21 41 0 
167 82 52 0 
168 90 201 0 
169 68 162 0 
170 64 163 0 
171 31 91 0 
172 91 119 0 
173 86 239 0 
174 70 209 0 
175 30 64 0 
176 98 175 0 
177 52 147 0 
178 73 61 0 
179 95 160 0 
180 33 68 0 
181 64 109 0 
182 56 43 0 
183 45 117 0 
184 93 116 0 
185 38 114 0 
186 57 168 0 
187 45 49 0 
188 34 34 0 
189 23 33 0 
190 77 128 0 
191 60 157 0 
192 95 145 0 
193 26 59 0 
194 53 103 0 
195 91 174 0 
196 95 157 0 
197 40 72 0 
198 69 36 0 
199 84 222 0 
