NAME GBP_INSTANCES\prob_1_A_3_5_1.txt
COMMENT
BINTYPES 3
ITEMS 200
BINS_SECTIONS
0 100 100 0 99 
1 120 120 0 83 
2 150 150 0 66 
ITEMS_SECTIONS
0 73 103 0 
1 74 206 0 
2 67 40 0 
3 43 118 0 
4 75 95 0 
5 81 50 0 
6 52 63 0 
7 94 122 0 
8 84 70 0 
9 23 35 0 
10 43 101 0 
11 7 14 0 
12 87 176 0 
13 31 89 0 
14 64 187 0 
15 83 233 0 
16 7 21 0 
17 52 56 0 
18 90 179 0 
19 3 2 0 
20 84 174 0 
21 79 93 0 
22 12 34 0 
23 64 110 0 
24 20 31 0 
25 95 75 0 
26 93 186 0 
27 88 107 0 
28 9 7 0 
29 36 56 0 
30 34 65 0 
31 46 101 0 
32 84 227 0 
33 26 26 0 
34 9 14 0 
35 49 146 0 
36 8 20 0 
37 13 24 0 
38 17 43 0 
39 92 92 0 
40 88 201 0 
41 39 29 0 
42 89 47 0 
43 82 174 0 
44 17 23 0 
45 78 174 0 
46 13 23 0 
47 23 41 0 
48 64 63 0 
49 80 161 0 
50 96 121 0 
51 17 49 0 
52 31 68 0 
53 49 34 0 
54 48 58 0 
55 45 109 0 
56 15 30 0 
57 2 6 0 
58 99 184 0 
59 69 43 0 
60 65 137 0 
61 20 22 0 
62 15 13 0 
63 40 31 0 
64 9 27 0 
65 60 35 0 
66 61 96 0 
67 41 117 0 
68 96 84 0 
69 27 81 0 
70 48 106 0 
71 66 132 0 
72 73 209 0 
73 58 92 0 
74 18 49 0 
75 45 86 0 
76 5 8 0 
77 58 68 0 
78 3 8 0 
79 19 48 0 
80 73 94 0 
81 9 21 0 
82 34 73 0 
83 85 186 0 
84 85 229 0 
85 89 75 0 
86 2 3 0 
87 16 40 0 
88 75 109 0 
89 52 114 0 
90 59 154 0 
91 56 137 0 
92 68 201 0 
93 67 164 0 
94 81 210 0 
95 21 42 0 
96 97 127 0 
97 2 3 0 
98 57 132 0 
99 90 97 0 
100 7 14 0 
101 25 70 0 
102 26 51 0 
103 12 25 0 
104 55 97 0 
105 29 19 0 
106 40 56 0 
107 40 95 0 
108 63 40 0 
109 36 71 0 
110 79 48 0 
111 79 137 0 
112 86 108 0 
113 88 257 0 
114 72 136 0 
115 98 162 0 
116 83 59 0 
117 5 10 0 
118 59 33 0 
119 64 74 0 
120 63 108 0 
121 76 154 0 
122 72 74 0 
123 58 162 0 
124 53 137 0 
125 100 246 0 
126 41 121 0 
127 39 51 0 
128 2 4 0 
129 29 64 0 
130 4 9 0 
131 3 7 0 
132 45 103 0 
133 18 20 0 
134 47 55 0 
135 14 31 0 
136 46 127 0 
137 59 143 0 
138 44 109 0 
139 41 118 0 
140 51 114 0 
141 87 131 0 
142 10 28 0 
143 93 80 0 
144 50 125 0 
145 30 38 0 
146 51 30 0 
147 77 154 0 
148 8 12 0 
149 12 12 0 
150 30 27 0 
151 66 159 0 
152 40 42 0 
153 61 158 0 
154 12 9 0 
155 19 41 0 
156 2 4 0 
157 48 58 0 
158 20 20 0 
159 26 61 0 
160 68 53 0 
161 83 82 0 
162 76 65 0 
163 19 28 0 
164 68 177 0 
165 26 71 0 
166 33 35 0 
167 37 24 0 
168 54 137 0 
169 18 42 0 
170 86 190 0 
171 62 67 0 
172 73 186 0 
173 96 92 0 
174 81 56 0 
175 38 23 0 
176 12 33 0 
177 4 8 0 
178 85 170 0 
179 81 100 0 
180 87 113 0 
181 33 34 0 
182 47 51 0 
183 79 160 0 
184 62 110 0 
185 56 130 0 
186 20 20 0 
187 18 13 0 
188 42 26 0 
189 49 78 0 
190 68 122 0 
191 98 163 0 
192 42 123 0 
193 65 67 0 
194 25 24 0 
195 14 12 0 
196 79 40 0 
197 76 178 0 
198 25 16 0 
199 32 41 0 
