NAME GBP_INSTANCES\prob_3_A_1_4_1.txt
COMMENT
BINTYPES 3
ITEMS 50
BINS_SECTIONS
0 100 100 0 39 
1 120 120 0 32 
2 150 150 0 26 
ITEMS_SECTIONS
0 94 176 0 
1 60 150 0 
2 95 67 0 
3 60 112 0 
4 64 51 0 
5 85 49 0 
6 86 84 0 
7 95 73 0 
8 74 107 0 
9 57 81 0 
10 61 95 0 
11 92 231 0 
12 67 68 0 
13 93 263 0 
14 87 142 0 
15 62 176 0 
16 64 78 0 
17 88 229 0 
18 57 75 0 
19 68 109 0 
20 92 178 0 
21 84 163 0 
22 87 94 0 
23 87 130 0 
24 62 165 0 
25 51 113 0 
26 57 119 0 
27 63 179 0 
28 100 211 0 
29 85 74 0 
30 60 69 0 
31 93 233 0 
32 60 104 0 
33 97 206 0 
34 92 215 0 
35 69 72 0 
36 55 65 0 
37 72 80 0 
38 92 81 0 
39 63 104 0 
40 92 147 0 
41 84 238 0 
42 70 109 0 
43 73 189 0 
44 98 156 0 
45 70 165 0 
46 92 86 0 
47 78 108 0 
48 73 175 0 
49 55 146 0 
