NAME GBP_INSTANCES\prob_3_B_0_6_1.txt
COMMENT
BINTYPES 5
ITEMS 25
BINS_SECTIONS
0 60 60 0 33 
1 80 80 0 25 
2 100 100 0 20 
3 120 120 0 17 
4 150 150 0 14 
ITEMS_SECTIONS
0 74 139 0 
1 100 254 0 
2 83 49 0 
3 55 112 0 
4 74 42 0 
5 59 33 0 
6 67 96 0 
7 62 186 0 
8 95 165 0 
9 97 192 0 
10 70 90 0 
11 65 128 0 
12 83 129 0 
13 74 152 0 
14 81 196 0 
15 56 85 0 
16 93 265 0 
17 94 185 0 
18 87 208 0 
19 97 176 0 
20 86 62 0 
21 92 103 0 
22 100 127 0 
23 55 71 0 
24 62 140 0 
