NAME GBP_INSTANCES\prob_1_A_2_6_1.txt
COMMENT
BINTYPES 3
ITEMS 100
BINS_SECTIONS
0 100 100 0 49 
1 120 120 0 41 
2 150 150 0 33 
ITEMS_SECTIONS
0 43 23 0 
1 67 140 0 
2 22 41 0 
3 80 102 0 
4 15 45 0 
5 37 106 0 
6 80 201 0 
7 44 107 0 
8 63 72 0 
9 50 45 0 
10 22 29 0 
11 12 25 0 
12 71 78 0 
13 42 99 0 
14 39 96 0 
15 46 114 0 
16 19 19 0 
17 52 86 0 
18 58 51 0 
19 30 51 0 
20 38 97 0 
21 29 83 0 
22 70 184 0 
23 88 210 0 
24 77 174 0 
25 18 32 0 
26 41 44 0 
27 76 176 0 
28 2 2 0 
29 30 56 0 
30 24 42 0 
31 11 31 0 
32 48 134 0 
33 64 109 0 
34 46 76 0 
35 95 217 0 
36 57 140 0 
37 80 114 0 
38 85 73 0 
39 2 4 0 
40 8 6 0 
41 97 94 0 
42 24 30 0 
43 58 162 0 
44 75 85 0 
45 6 12 0 
46 79 207 0 
47 33 19 0 
48 21 23 0 
49 75 126 0 
50 6 12 0 
51 18 11 0 
52 66 82 0 
53 51 103 0 
54 68 201 0 
55 41 91 0 
56 36 74 0 
57 7 15 0 
58 83 109 0 
59 3 6 0 
60 24 22 0 
61 54 101 0 
62 26 30 0 
63 40 43 0 
64 79 196 0 
65 84 93 0 
66 89 79 0 
67 53 132 0 
68 58 72 0 
69 39 98 0 
70 13 27 0 
71 68 139 0 
72 34 33 0 
73 61 143 0 
74 55 149 0 
75 86 231 0 
76 21 12 0 
77 67 168 0 
78 28 42 0 
79 82 196 0 
80 2 2 0 
81 58 171 0 
82 64 119 0 
83 9 21 0 
84 10 21 0 
85 15 32 0 
86 52 29 0 
87 78 200 0 
88 58 52 0 
89 13 15 0 
90 86 116 0 
91 57 135 0 
92 68 200 0 
93 83 90 0 
94 81 182 0 
95 61 95 0 
96 91 114 0 
97 65 78 0 
98 4 8 0 
99 83 178 0 
