NAME GBP_INSTANCES\prob_1_A_4_7_1.txt
COMMENT
BINTYPES 3
ITEMS 500
BINS_SECTIONS
0 100 100 0 251 
1 120 120 0 209 
2 150 150 0 167 
ITEMS_SECTIONS
0 70 113 0 
1 89 201 0 
2 15 14 0 
3 30 21 0 
4 24 55 0 
5 14 12 0 
6 10 17 0 
7 32 85 0 
8 8 13 0 
9 26 49 0 
10 47 31 0 
11 50 75 0 
12 86 140 0 
13 9 18 0 
14 11 24 0 
15 48 117 0 
16 20 46 0 
17 74 187 0 
18 27 77 0 
19 73 218 0 
20 26 65 0 
21 40 78 0 
22 65 130 0 
23 35 52 0 
24 29 64 0 
25 76 52 0 
26 32 38 0 
27 51 32 0 
28 6 18 0 
29 53 51 0 
30 27 23 0 
31 5 12 0 
32 49 52 0 
33 28 80 0 
34 95 240 0 
35 78 212 0 
36 84 196 0 
37 8 22 0 
38 37 72 0 
39 16 26 0 
40 43 55 0 
41 11 21 0 
42 96 210 0 
43 79 199 0 
44 23 19 0 
45 77 104 0 
46 14 16 0 
47 64 171 0 
48 69 57 0 
49 54 43 0 
50 43 97 0 
51 16 31 0 
52 69 188 0 
53 82 136 0 
54 27 37 0 
55 21 36 0 
56 18 40 0 
57 42 47 0 
58 38 78 0 
59 37 40 0 
60 41 62 0 
61 64 163 0 
62 60 115 0 
63 95 111 0 
64 31 54 0 
65 58 107 0 
66 37 46 0 
67 72 139 0 
68 86 240 0 
69 95 221 0 
70 57 171 0 
71 49 90 0 
72 9 19 0 
73 59 70 0 
74 92 95 0 
75 57 68 0 
76 42 27 0 
77 29 74 0 
78 66 152 0 
79 37 37 0 
80 13 15 0 
81 95 52 0 
82 79 93 0 
83 93 256 0 
84 68 143 0 
85 81 164 0 
86 55 117 0 
87 89 138 0 
88 43 28 0 
89 63 131 0 
90 22 46 0 
91 53 111 0 
92 78 198 0 
93 60 174 0 
94 30 32 0 
95 36 93 0 
96 12 12 0 
97 98 285 0 
98 91 104 0 
99 15 10 0 
100 56 70 0 
101 18 27 0 
102 36 54 0 
103 57 143 0 
104 5 10 0 
105 6 12 0 
106 4 9 0 
107 44 46 0 
108 57 128 0 
109 56 87 0 
110 37 33 0 
111 85 76 0 
112 24 29 0 
113 23 16 0 
114 99 67 0 
115 3 7 0 
116 95 149 0 
117 58 71 0 
118 97 149 0 
119 32 70 0 
120 26 23 0 
121 27 54 0 
122 14 30 0 
123 3 9 0 
124 29 56 0 
125 63 157 0 
126 42 59 0 
127 61 102 0 
128 39 83 0 
129 77 85 0 
130 29 48 0 
131 92 198 0 
132 17 28 0 
133 74 52 0 
134 5 15 0 
135 95 165 0 
136 73 159 0 
137 92 175 0 
138 20 19 0 
139 85 164 0 
140 77 141 0 
141 12 10 0 
142 65 77 0 
143 61 179 0 
144 21 14 0 
145 67 121 0 
146 85 55 0 
147 23 31 0 
148 25 72 0 
149 92 57 0 
150 75 86 0 
151 70 91 0 
152 35 83 0 
153 30 61 0 
154 64 64 0 
155 73 169 0 
156 2 5 0 
157 56 163 0 
158 71 127 0 
159 41 40 0 
160 3 3 0 
161 30 20 0 
162 45 91 0 
163 75 101 0 
164 87 132 0 
165 27 40 0 
166 70 62 0 
167 55 47 0 
168 7 18 0 
169 70 74 0 
170 54 32 0 
171 10 30 0 
172 9 7 0 
173 10 27 0 
174 62 143 0 
175 52 41 0 
176 68 110 0 
177 71 158 0 
178 42 71 0 
179 15 32 0 
180 23 51 0 
181 24 54 0 
182 80 158 0 
183 63 75 0 
184 83 89 0 
185 79 123 0 
186 47 85 0 
187 37 29 0 
188 99 264 0 
189 82 111 0 
190 64 160 0 
191 79 152 0 
192 43 55 0 
193 4 5 0 
194 55 44 0 
195 21 49 0 
196 85 189 0 
197 94 190 0 
198 12 8 0 
199 61 53 0 
200 42 85 0 
201 100 152 0 
202 40 116 0 
203 33 37 0 
204 55 41 0 
205 20 50 0 
206 14 13 0 
207 79 130 0 
208 78 210 0 
209 85 173 0 
210 95 157 0 
211 29 74 0 
212 55 99 0 
213 52 61 0 
214 77 71 0 
215 4 9 0 
216 34 62 0 
217 90 94 0 
218 56 45 0 
219 50 48 0 
220 26 19 0 
221 41 96 0 
222 43 103 0 
223 17 22 0 
224 45 55 0 
225 54 114 0 
226 96 187 0 
227 67 133 0 
228 23 27 0 
229 54 55 0 
230 79 44 0 
231 74 103 0 
232 65 55 0 
233 55 30 0 
234 33 31 0 
235 53 87 0 
236 17 17 0 
237 74 60 0 
238 72 146 0 
239 100 156 0 
240 12 31 0 
241 70 97 0 
242 96 79 0 
243 95 119 0 
244 82 159 0 
245 36 27 0 
246 2 5 0 
247 19 26 0 
248 93 172 0 
249 88 75 0 
250 9 14 0 
251 54 52 0 
252 78 90 0 
253 95 48 0 
254 96 253 0 
255 25 38 0 
256 41 86 0 
257 47 137 0 
258 31 69 0 
259 40 118 0 
260 12 18 0 
261 46 59 0 
262 93 270 0 
263 87 178 0 
264 8 5 0 
265 12 35 0 
266 11 33 0 
267 52 56 0 
268 90 49 0 
269 64 43 0 
270 67 149 0 
271 4 12 0 
272 72 118 0 
273 95 93 0 
274 15 29 0 
275 33 49 0 
276 65 90 0 
277 91 179 0 
278 60 55 0 
279 70 166 0 
280 20 41 0 
281 9 18 0 
282 44 115 0 
283 72 160 0 
284 53 102 0 
285 64 67 0 
286 88 219 0 
287 11 26 0 
288 11 28 0 
289 56 49 0 
290 38 58 0 
291 47 124 0 
292 58 36 0 
293 67 110 0 
294 48 122 0 
295 31 87 0 
296 48 59 0 
297 62 174 0 
298 74 91 0 
299 98 132 0 
300 70 210 0 
301 38 85 0 
302 97 114 0 
303 15 31 0 
304 15 18 0 
305 40 107 0 
306 43 99 0 
307 40 57 0 
308 57 125 0 
309 97 282 0 
310 34 24 0 
311 53 75 0 
312 13 28 0 
313 94 234 0 
314 21 37 0 
315 15 37 0 
316 42 101 0 
317 27 28 0 
318 55 153 0 
319 18 52 0 
320 81 160 0 
321 65 156 0 
322 22 14 0 
323 82 151 0 
324 66 184 0 
325 74 203 0 
326 10 27 0 
327 67 121 0 
328 13 18 0 
329 4 6 0 
330 43 96 0 
331 43 110 0 
332 47 55 0 
333 6 9 0 
334 34 30 0 
335 92 142 0 
336 38 40 0 
337 93 190 0 
338 95 106 0 
339 3 5 0 
340 13 15 0 
341 91 119 0 
342 74 200 0 
343 97 74 0 
344 22 29 0 
345 100 83 0 
346 24 56 0 
347 76 113 0 
348 34 42 0 
349 24 28 0 
350 3 4 0 
351 21 23 0 
352 26 62 0 
353 68 186 0 
354 8 15 0 
355 23 57 0 
356 38 112 0 
357 83 219 0 
358 16 36 0 
359 92 175 0 
360 72 142 0 
361 45 116 0 
362 61 171 0 
363 22 20 0 
364 8 5 0 
365 37 81 0 
366 19 24 0 
367 30 60 0 
368 89 253 0 
369 52 51 0 
370 9 11 0 
371 91 76 0 
372 80 221 0 
373 66 175 0 
374 4 6 0 
375 68 165 0 
376 43 108 0 
377 87 52 0 
378 55 125 0 
379 34 85 0 
380 17 26 0 
381 51 64 0 
382 11 11 0 
383 31 37 0 
384 63 113 0 
385 66 61 0 
386 43 129 0 
387 29 78 0 
388 69 191 0 
389 71 129 0 
390 74 211 0 
391 40 88 0 
392 47 84 0 
393 3 6 0 
394 94 92 0 
395 56 141 0 
396 38 110 0 
397 57 56 0 
398 67 186 0 
399 56 96 0 
400 61 90 0 
401 25 54 0 
402 40 36 0 
403 59 81 0 
404 7 20 0 
405 80 121 0 
406 19 57 0 
407 64 106 0 
408 20 40 0 
409 29 38 0 
410 43 69 0 
411 51 37 0 
412 71 111 0 
413 68 86 0 
414 29 59 0 
415 93 248 0 
416 61 126 0 
417 73 84 0 
418 97 58 0 
419 49 37 0 
420 56 140 0 
421 71 66 0 
422 68 37 0 
423 74 81 0 
424 4 11 0 
425 5 6 0 
426 29 17 0 
427 49 91 0 
428 19 33 0 
429 56 123 0 
430 67 95 0 
431 32 83 0 
432 94 215 0 
433 28 39 0 
434 70 73 0 
435 45 123 0 
436 34 84 0 
437 47 36 0 
438 85 113 0 
439 19 21 0 
440 41 68 0 
441 7 8 0 
442 34 70 0 
443 74 40 0 
444 78 178 0 
445 91 99 0 
446 79 64 0 
447 88 129 0 
448 34 45 0 
449 10 26 0 
450 61 45 0 
451 12 21 0 
452 90 133 0 
453 78 186 0 
454 49 86 0 
455 97 208 0 
456 55 30 0 
457 86 163 0 
458 74 216 0 
459 91 134 0 
460 28 16 0 
461 80 82 0 
462 75 148 0 
463 54 145 0 
464 77 225 0 
465 86 236 0 
466 2 4 0 
467 70 124 0 
468 4 8 0 
469 40 119 0 
470 44 90 0 
471 99 197 0 
472 43 128 0 
473 11 22 0 
474 97 190 0 
475 35 24 0 
476 15 10 0 
477 98 93 0 
478 59 110 0 
479 28 21 0 
480 41 25 0 
481 7 16 0 
482 47 134 0 
483 34 83 0 
484 60 67 0 
485 47 133 0 
486 43 34 0 
487 43 128 0 
488 61 56 0 
489 94 186 0 
490 61 40 0 
491 55 58 0 
492 41 106 0 
493 34 67 0 
494 23 57 0 
495 54 88 0 
496 43 99 0 
497 37 23 0 
498 58 98 0 
499 44 124 0 
