NAME GBP_INSTANCES\prob_3_A_3_0_1.txt
COMMENT
BINTYPES 3
ITEMS 200
BINS_SECTIONS
0 100 100 0 152 
1 120 120 0 127 
2 150 150 0 101 
ITEMS_SECTIONS
0 93 189 0 
1 89 151 0 
2 81 90 0 
3 56 131 0 
4 83 108 0 
5 55 50 0 
6 81 62 0 
7 53 91 0 
8 63 120 0 
9 82 126 0 
10 87 135 0 
11 80 115 0 
12 77 98 0 
13 98 167 0 
14 72 150 0 
15 76 161 0 
16 97 266 0 
17 69 94 0 
18 97 223 0 
19 71 85 0 
20 79 55 0 
21 71 87 0 
22 54 161 0 
23 68 68 0 
24 56 44 0 
25 100 273 0 
26 67 184 0 
27 95 132 0 
28 60 102 0 
29 93 263 0 
30 73 38 0 
31 68 187 0 
32 59 56 0 
33 76 67 0 
34 51 151 0 
35 73 48 0 
36 81 226 0 
37 58 46 0 
38 82 49 0 
39 76 128 0 
40 90 86 0 
41 80 64 0 
42 53 42 0 
43 59 57 0 
44 66 153 0 
45 51 151 0 
46 87 50 0 
47 90 151 0 
48 51 147 0 
49 74 165 0 
50 68 189 0 
51 86 151 0 
52 83 100 0 
53 82 112 0 
54 86 153 0 
55 63 107 0 
56 57 69 0 
57 66 78 0 
58 74 107 0 
59 87 107 0 
60 55 33 0 
61 84 46 0 
62 59 31 0 
63 79 232 0 
64 71 153 0 
65 99 174 0 
66 59 140 0 
67 74 56 0 
68 74 115 0 
69 88 103 0 
70 87 234 0 
71 97 102 0 
72 93 87 0 
73 55 105 0 
74 97 207 0 
75 97 182 0 
76 56 115 0 
77 61 85 0 
78 82 140 0 
79 65 117 0 
80 80 56 0 
81 81 229 0 
82 66 41 0 
83 63 100 0 
84 84 196 0 
85 66 120 0 
86 95 73 0 
87 100 60 0 
88 71 135 0 
89 76 44 0 
90 62 106 0 
91 78 139 0 
92 58 154 0 
93 87 147 0 
94 83 47 0 
95 90 195 0 
96 99 232 0 
97 60 86 0 
98 55 29 0 
99 57 108 0 
100 73 205 0 
101 75 43 0 
102 56 130 0 
103 64 167 0 
104 96 53 0 
105 100 293 0 
106 84 206 0 
107 54 95 0 
108 55 28 0 
109 65 107 0 
110 76 168 0 
111 78 75 0 
112 100 94 0 
113 58 58 0 
114 59 61 0 
115 58 132 0 
116 79 112 0 
117 57 62 0 
118 95 143 0 
119 72 193 0 
120 96 130 0 
121 64 180 0 
122 91 123 0 
123 59 122 0 
124 90 78 0 
125 68 161 0 
126 95 157 0 
127 100 237 0 
128 55 111 0 
129 94 94 0 
130 75 205 0 
131 86 55 0 
132 59 69 0 
133 56 103 0 
134 60 107 0 
135 67 73 0 
136 69 41 0 
137 86 169 0 
138 67 91 0 
139 54 48 0 
140 95 278 0 
141 56 106 0 
142 99 189 0 
143 98 277 0 
144 74 184 0 
145 55 72 0 
146 52 88 0 
147 94 199 0 
148 86 140 0 
149 91 233 0 
150 63 113 0 
151 68 175 0 
152 75 66 0 
153 90 199 0 
154 53 80 0 
155 91 237 0 
156 93 76 0 
157 97 78 0 
158 55 139 0 
159 100 265 0 
160 54 153 0 
161 64 128 0 
162 91 134 0 
163 92 113 0 
164 88 259 0 
165 71 104 0 
166 79 188 0 
167 90 163 0 
168 81 243 0 
169 67 119 0 
170 83 78 0 
171 89 68 0 
172 81 177 0 
173 83 179 0 
174 90 215 0 
175 89 69 0 
176 66 58 0 
177 99 204 0 
178 85 110 0 
179 62 44 0 
180 96 280 0 
181 63 185 0 
182 85 242 0 
183 64 95 0 
184 53 35 0 
185 97 206 0 
186 81 122 0 
187 98 113 0 
188 84 135 0 
189 100 133 0 
190 83 99 0 
191 72 76 0 
192 57 156 0 
193 63 129 0 
194 63 70 0 
195 76 46 0 
196 87 207 0 
197 64 93 0 
198 56 80 0 
199 55 111 0 
