NAME GBP_INSTANCES\prob_3_B_4_9_1.txt
COMMENT
BINTYPES 5
ITEMS 500
BINS_SECTIONS
0 60 60 0 638 
1 80 80 0 479 
2 100 100 0 383 
3 120 120 0 319 
4 150 150 0 255 
ITEMS_SECTIONS
0 65 42 0 
1 72 55 0 
2 83 229 0 
3 99 103 0 
4 62 56 0 
5 71 49 0 
6 87 159 0 
7 100 281 0 
8 93 173 0 
9 82 128 0 
10 88 219 0 
11 79 198 0 
12 92 95 0 
13 99 289 0 
14 73 199 0 
15 58 166 0 
16 94 78 0 
17 69 188 0 
18 53 59 0 
19 75 213 0 
20 64 72 0 
21 65 37 0 
22 90 132 0 
23 75 84 0 
24 90 150 0 
25 91 243 0 
26 81 239 0 
27 85 220 0 
28 81 205 0 
29 66 90 0 
30 58 149 0 
31 81 160 0 
32 76 143 0 
33 53 77 0 
34 72 41 0 
35 69 92 0 
36 65 53 0 
37 72 82 0 
38 63 147 0 
39 95 256 0 
40 53 151 0 
41 71 37 0 
42 85 224 0 
43 54 48 0 
44 94 171 0 
45 96 221 0 
46 93 273 0 
47 61 47 0 
48 62 148 0 
49 61 125 0 
50 100 102 0 
51 55 103 0 
52 83 52 0 
53 94 221 0 
54 74 152 0 
55 51 118 0 
56 59 142 0 
57 88 216 0 
58 74 39 0 
59 62 88 0 
60 99 260 0 
61 77 190 0 
62 95 102 0 
63 94 106 0 
64 82 97 0 
65 92 237 0 
66 85 62 0 
67 52 65 0 
68 81 100 0 
69 89 231 0 
70 79 130 0 
71 61 179 0 
72 64 174 0 
73 76 221 0 
74 81 78 0 
75 65 85 0 
76 99 296 0 
77 63 58 0 
78 93 156 0 
79 86 110 0 
80 90 191 0 
81 72 40 0 
82 57 132 0 
83 98 250 0 
84 56 98 0 
85 85 216 0 
86 63 74 0 
87 88 95 0 
88 94 235 0 
89 60 161 0 
90 94 71 0 
91 71 38 0 
92 83 106 0 
93 87 218 0 
94 67 55 0 
95 76 70 0 
96 58 102 0 
97 76 158 0 
98 74 40 0 
99 63 162 0 
100 83 99 0 
101 100 203 0 
102 87 234 0 
103 61 82 0 
104 91 137 0 
105 70 103 0 
106 100 176 0 
107 58 156 0 
108 62 140 0 
109 81 233 0 
110 94 157 0 
111 98 189 0 
112 69 158 0 
113 96 127 0 
114 61 70 0 
115 72 51 0 
116 59 85 0 
117 60 140 0 
118 82 170 0 
119 89 240 0 
120 53 89 0 
121 64 41 0 
122 79 128 0 
123 89 80 0 
124 68 186 0 
125 97 234 0 
126 93 181 0 
127 57 30 0 
128 63 126 0 
129 60 64 0 
130 62 43 0 
131 71 61 0 
132 51 128 0 
133 70 190 0 
134 90 118 0 
135 87 177 0 
136 84 72 0 
137 92 226 0 
138 94 221 0 
139 85 228 0 
140 98 123 0 
141 72 143 0 
142 66 185 0 
143 92 154 0 
144 77 148 0 
145 98 132 0 
146 74 155 0 
147 98 59 0 
148 81 235 0 
149 82 104 0 
150 58 131 0 
151 88 176 0 
152 80 189 0 
153 72 210 0 
154 91 76 0 
155 93 159 0 
156 52 112 0 
157 100 104 0 
158 93 82 0 
159 97 221 0 
160 94 270 0 
161 66 82 0 
162 99 60 0 
163 51 139 0 
164 79 182 0 
165 61 34 0 
166 86 147 0 
167 64 170 0 
168 79 109 0 
169 51 128 0 
170 85 190 0 
171 53 126 0 
172 85 150 0 
173 100 105 0 
174 77 227 0 
175 92 210 0 
176 80 75 0 
177 58 160 0 
178 81 225 0 
179 53 118 0 
180 71 159 0 
181 57 34 0 
182 65 79 0 
183 97 249 0 
184 53 33 0 
185 77 190 0 
186 63 120 0 
187 68 126 0 
188 92 206 0 
189 82 109 0 
190 85 147 0 
191 86 145 0 
192 84 150 0 
193 82 182 0 
194 55 42 0 
195 80 164 0 
196 72 125 0 
197 73 108 0 
198 75 158 0 
199 94 188 0 
200 100 110 0 
201 70 108 0 
202 69 116 0 
203 72 117 0 
204 60 109 0 
205 71 158 0 
206 93 99 0 
207 51 108 0 
208 78 154 0 
209 73 165 0 
210 90 177 0 
211 68 118 0 
212 86 79 0 
213 83 207 0 
214 75 63 0 
215 59 111 0 
216 90 220 0 
217 86 82 0 
218 54 42 0 
219 51 68 0 
220 57 69 0 
221 70 152 0 
222 82 219 0 
223 90 181 0 
224 51 130 0 
225 65 95 0 
226 78 123 0 
227 92 152 0 
228 94 218 0 
229 51 61 0 
230 51 85 0 
231 59 176 0 
232 55 162 0 
233 91 206 0 
234 67 64 0 
235 58 58 0 
236 74 95 0 
237 83 123 0 
238 79 155 0 
239 54 66 0 
240 56 71 0 
241 58 163 0 
242 83 176 0 
243 79 162 0 
244 99 280 0 
245 51 62 0 
246 58 153 0 
247 95 59 0 
248 90 198 0 
249 75 175 0 
250 96 85 0 
251 86 68 0 
252 75 104 0 
253 83 166 0 
254 51 148 0 
255 60 46 0 
256 99 95 0 
257 88 242 0 
258 84 233 0 
259 76 159 0 
260 72 166 0 
261 82 121 0 
262 62 136 0 
263 71 98 0 
264 89 203 0 
265 73 175 0 
266 70 64 0 
267 83 181 0 
268 85 242 0 
269 78 44 0 
270 99 156 0 
271 63 184 0 
272 87 47 0 
273 94 274 0 
274 66 130 0 
275 75 166 0 
276 91 237 0 
277 92 93 0 
278 84 190 0 
279 59 69 0 
280 93 173 0 
281 85 51 0 
282 94 87 0 
283 71 101 0 
284 88 182 0 
285 83 168 0 
286 53 128 0 
287 72 84 0 
288 69 189 0 
289 91 105 0 
290 66 195 0 
291 74 94 0 
292 91 49 0 
293 94 151 0 
294 99 275 0 
295 72 62 0 
296 82 57 0 
297 92 106 0 
298 97 90 0 
299 70 171 0 
300 66 113 0 
301 87 131 0 
302 64 80 0 
303 71 195 0 
304 80 67 0 
305 82 146 0 
306 67 150 0 
307 51 125 0 
308 53 71 0 
309 83 51 0 
310 71 115 0 
311 81 183 0 
312 71 160 0 
313 76 221 0 
314 76 124 0 
315 58 160 0 
316 96 259 0 
317 74 51 0 
318 99 57 0 
319 85 87 0 
320 87 231 0 
321 82 102 0 
322 90 189 0 
323 83 138 0 
324 51 54 0 
325 57 75 0 
326 55 130 0 
327 83 54 0 
328 100 128 0 
329 91 224 0 
330 87 197 0 
331 99 293 0 
332 96 180 0 
333 87 218 0 
334 85 193 0 
335 51 87 0 
336 78 171 0 
337 86 132 0 
338 89 215 0 
339 59 37 0 
340 90 112 0 
341 88 155 0 
342 85 67 0 
343 72 177 0 
344 83 233 0 
345 76 211 0 
346 93 240 0 
347 55 55 0 
348 63 64 0 
349 52 108 0 
350 100 142 0 
351 86 199 0 
352 64 149 0 
353 87 186 0 
354 94 98 0 
355 55 34 0 
356 59 139 0 
357 86 130 0 
358 70 72 0 
359 56 116 0 
360 96 142 0 
361 80 85 0 
362 54 137 0 
363 56 46 0 
364 70 187 0 
365 94 221 0 
366 70 140 0 
367 56 166 0 
368 62 156 0 
369 92 171 0 
370 57 43 0 
371 51 76 0 
372 65 133 0 
373 68 63 0 
374 89 251 0 
375 75 156 0 
376 75 196 0 
377 78 160 0 
378 71 141 0 
379 72 138 0 
380 61 96 0 
381 55 96 0 
382 62 159 0 
383 93 50 0 
384 99 236 0 
385 96 76 0 
386 92 65 0 
387 98 105 0 
388 86 196 0 
389 84 163 0 
390 83 197 0 
391 71 52 0 
392 58 36 0 
393 88 133 0 
394 84 74 0 
395 79 155 0 
396 91 247 0 
397 67 76 0 
398 76 174 0 
399 66 149 0 
400 98 176 0 
401 98 55 0 
402 71 202 0 
403 88 180 0 
404 54 90 0 
405 74 65 0 
406 98 279 0 
407 59 71 0 
408 79 159 0 
409 93 54 0 
410 60 62 0 
411 78 77 0 
412 74 203 0 
413 65 81 0 
414 92 94 0 
415 51 72 0 
416 76 219 0 
417 69 42 0 
418 68 80 0 
419 72 179 0 
420 61 47 0 
421 99 199 0 
422 81 134 0 
423 89 182 0 
424 61 181 0 
425 59 37 0 
426 89 49 0 
427 63 189 0 
428 74 213 0 
429 59 58 0 
430 60 107 0 
431 95 164 0 
432 87 148 0 
433 73 146 0 
434 52 128 0 
435 82 212 0 
436 93 56 0 
437 99 123 0 
438 73 100 0 
439 74 121 0 
440 61 152 0 
441 100 210 0 
442 80 122 0 
443 92 80 0 
444 98 73 0 
445 53 152 0 
446 95 105 0 
447 88 104 0 
448 64 163 0 
449 83 152 0 
450 82 220 0 
451 94 266 0 
452 78 116 0 
453 70 113 0 
454 100 187 0 
455 100 63 0 
456 63 34 0 
457 54 111 0 
458 52 74 0 
459 55 161 0 
460 94 186 0 
461 63 148 0 
462 74 186 0 
463 83 238 0 
464 67 137 0 
465 52 45 0 
466 98 233 0 
467 53 126 0 
468 79 128 0 
469 79 123 0 
470 73 142 0 
471 51 74 0 
472 74 48 0 
473 95 50 0 
474 78 43 0 
475 91 215 0 
476 89 160 0 
477 85 159 0 
478 74 159 0 
479 60 76 0 
480 70 200 0 
481 81 96 0 
482 67 195 0 
483 85 180 0 
484 88 113 0 
485 80 95 0 
486 74 167 0 
487 74 84 0 
488 63 157 0 
489 54 90 0 
490 80 135 0 
491 60 166 0 
492 87 207 0 
493 65 64 0 
494 71 140 0 
495 51 104 0 
496 62 132 0 
497 87 252 0 
498 77 110 0 
499 73 139 0 
