NAME GBP_INSTANCES\prob_1_A_3_7_1.txt
COMMENT
BINTYPES 3
ITEMS 200
BINS_SECTIONS
0 100 100 0 105 
1 120 120 0 87 
2 150 150 0 70 
ITEMS_SECTIONS
0 33 90 0 
1 92 90 0 
2 70 161 0 
3 31 29 0 
4 18 28 0 
5 36 30 0 
6 91 188 0 
7 43 49 0 
8 49 119 0 
9 38 62 0 
10 92 185 0 
11 82 189 0 
12 57 42 0 
13 47 85 0 
14 11 22 0 
15 92 101 0 
16 66 35 0 
17 60 55 0 
18 18 36 0 
19 62 146 0 
20 5 5 0 
21 67 68 0 
22 42 117 0 
23 22 32 0 
24 72 66 0 
25 31 37 0 
26 66 195 0 
27 28 35 0 
28 88 98 0 
29 21 14 0 
30 21 51 0 
31 10 16 0 
32 35 41 0 
33 77 110 0 
34 46 25 0 
35 23 61 0 
36 28 53 0 
37 85 186 0 
38 37 27 0 
39 85 199 0 
40 22 23 0 
41 43 55 0 
42 56 79 0 
43 36 38 0 
44 92 224 0 
45 22 37 0 
46 25 55 0 
47 3 3 0 
48 96 194 0 
49 80 77 0 
50 70 39 0 
51 97 281 0 
52 48 76 0 
53 41 24 0 
54 49 126 0 
55 53 56 0 
56 17 24 0 
57 90 115 0 
58 16 34 0 
59 6 4 0 
60 90 178 0 
61 11 15 0 
62 68 102 0 
63 20 28 0 
64 4 8 0 
65 98 190 0 
66 31 92 0 
67 3 7 0 
68 67 83 0 
69 92 155 0 
70 96 119 0 
71 64 113 0 
72 14 29 0 
73 56 94 0 
74 17 48 0 
75 82 151 0 
76 87 118 0 
77 26 75 0 
78 39 54 0 
79 50 128 0 
80 88 162 0 
81 98 265 0 
82 76 123 0 
83 29 84 0 
84 15 28 0 
85 43 86 0 
86 30 64 0 
87 12 28 0 
88 94 225 0 
89 24 69 0 
90 35 25 0 
91 7 14 0 
92 58 81 0 
93 20 33 0 
94 48 65 0 
95 52 113 0 
96 53 86 0 
97 19 56 0 
98 55 159 0 
99 73 203 0 
100 36 83 0 
101 75 99 0 
102 21 24 0 
103 81 239 0 
104 52 99 0 
105 20 48 0 
106 37 111 0 
107 43 105 0 
108 39 91 0 
109 94 96 0 
110 22 59 0 
111 97 238 0 
112 54 107 0 
113 8 12 0 
114 3 5 0 
115 77 139 0 
116 77 186 0 
117 95 192 0 
118 47 34 0 
119 91 165 0 
120 80 114 0 
121 49 95 0 
122 72 119 0 
123 21 18 0 
124 12 36 0 
125 38 23 0 
126 87 222 0 
127 8 12 0 
128 93 181 0 
129 62 83 0 
130 25 72 0 
131 68 158 0 
132 77 160 0 
133 62 96 0 
134 82 138 0 
135 25 13 0 
136 59 58 0 
137 34 75 0 
138 52 84 0 
139 73 117 0 
140 92 273 0 
141 67 61 0 
142 62 72 0 
143 89 216 0 
144 3 7 0 
145 62 142 0 
146 90 134 0 
147 94 251 0 
148 53 36 0 
149 31 17 0 
150 82 87 0 
151 72 38 0 
152 45 51 0 
153 48 80 0 
154 47 88 0 
155 72 46 0 
156 19 39 0 
157 61 141 0 
158 39 72 0 
159 75 174 0 
160 33 54 0 
161 12 14 0 
162 15 40 0 
163 59 96 0 
164 84 251 0 
165 88 169 0 
166 75 151 0 
167 65 149 0 
168 55 34 0 
169 58 126 0 
170 67 158 0 
171 67 76 0 
172 38 95 0 
173 97 148 0 
174 74 221 0 
175 56 57 0 
176 41 24 0 
177 73 40 0 
178 50 145 0 
179 66 46 0 
180 7 6 0 
181 91 142 0 
182 43 72 0 
183 17 9 0 
184 56 71 0 
185 60 62 0 
186 53 140 0 
187 20 22 0 
188 93 261 0 
189 95 160 0 
190 75 117 0 
191 26 17 0 
192 77 90 0 
193 10 9 0 
194 72 58 0 
195 50 87 0 
196 95 194 0 
197 2 4 0 
198 15 19 0 
199 58 107 0 
