NAME GBP_INSTANCES\prob_3_B_0_9_1.txt
COMMENT
BINTYPES 5
ITEMS 25
BINS_SECTIONS
0 60 60 0 30 
1 80 80 0 23 
2 100 100 0 18 
3 120 120 0 15 
4 150 150 0 12 
ITEMS_SECTIONS
0 51 116 0 
1 57 84 0 
2 60 54 0 
3 78 91 0 
4 94 128 0 
5 58 83 0 
6 83 248 0 
7 71 173 0 
8 56 83 0 
9 60 131 0 
10 54 125 0 
11 71 161 0 
12 87 123 0 
13 67 117 0 
14 87 113 0 
15 81 110 0 
16 89 260 0 
17 91 189 0 
18 62 76 0 
19 77 196 0 
20 60 140 0 
21 72 92 0 
22 53 144 0 
23 77 53 0 
24 88 60 0 
