NAME GBP_INSTANCES\prob_3_B_2_6_1.txt
COMMENT
BINTYPES 5
ITEMS 100
BINS_SECTIONS
0 60 60 0 128 
1 80 80 0 96 
2 100 100 0 77 
3 120 120 0 64 
4 150 150 0 51 
ITEMS_SECTIONS
0 68 64 0 
1 70 72 0 
2 91 78 0 
3 94 207 0 
4 57 160 0 
5 94 91 0 
6 90 136 0 
7 65 104 0 
8 67 131 0 
9 57 50 0 
10 100 92 0 
11 93 110 0 
12 100 220 0 
13 58 151 0 
14 76 148 0 
15 56 145 0 
16 68 39 0 
17 85 140 0 
18 87 235 0 
19 67 129 0 
20 66 96 0 
21 89 74 0 
22 75 222 0 
23 93 58 0 
24 61 81 0 
25 91 137 0 
26 90 260 0 
27 66 66 0 
28 81 211 0 
29 94 193 0 
30 84 168 0 
31 82 105 0 
32 61 127 0 
33 98 190 0 
34 67 68 0 
35 64 190 0 
36 83 204 0 
37 69 157 0 
38 87 216 0 
39 63 176 0 
40 83 111 0 
41 69 109 0 
42 85 215 0 
43 54 106 0 
44 88 112 0 
45 57 144 0 
46 64 99 0 
47 96 51 0 
48 68 178 0 
49 60 100 0 
50 91 189 0 
51 80 232 0 
52 68 105 0 
53 68 68 0 
54 89 129 0 
55 70 110 0 
56 97 165 0 
57 59 135 0 
58 85 171 0 
59 73 176 0 
60 55 144 0 
61 69 63 0 
62 68 36 0 
63 80 150 0 
64 100 291 0 
65 84 48 0 
66 80 165 0 
67 70 177 0 
68 55 151 0 
69 98 123 0 
70 79 183 0 
71 74 154 0 
72 57 81 0 
73 51 78 0 
74 66 125 0 
75 86 85 0 
76 89 145 0 
77 88 55 0 
78 100 84 0 
79 65 176 0 
80 98 216 0 
81 64 134 0 
82 55 153 0 
83 70 54 0 
84 95 254 0 
85 70 131 0 
86 82 226 0 
87 69 149 0 
88 91 152 0 
89 72 136 0 
90 82 54 0 
91 68 112 0 
92 60 60 0 
93 82 57 0 
94 65 129 0 
95 51 67 0 
96 79 207 0 
97 94 221 0 
98 88 84 0 
99 64 63 0 
