NAME GBP_INSTANCES\prob_3_A_4_3_1.txt
COMMENT
BINTYPES 3
ITEMS 500
BINS_SECTIONS
0 100 100 0 381 
1 120 120 0 317 
2 150 150 0 254 
ITEMS_SECTIONS
0 63 78 0 
1 76 43 0 
2 72 187 0 
3 88 182 0 
4 83 242 0 
5 99 124 0 
6 93 47 0 
7 73 219 0 
8 100 177 0 
9 84 106 0 
10 74 158 0 
11 54 33 0 
12 54 56 0 
13 62 61 0 
14 61 43 0 
15 81 235 0 
16 98 97 0 
17 77 53 0 
18 63 36 0 
19 56 77 0 
20 70 108 0 
21 96 200 0 
22 63 71 0 
23 98 178 0 
24 96 148 0 
25 98 252 0 
26 92 147 0 
27 74 156 0 
28 61 78 0 
29 71 169 0 
30 89 223 0 
31 84 220 0 
32 97 60 0 
33 57 50 0 
34 63 183 0 
35 82 81 0 
36 55 49 0 
37 100 247 0 
38 53 81 0 
39 61 156 0 
40 65 38 0 
41 83 86 0 
42 83 48 0 
43 77 81 0 
44 53 84 0 
45 81 131 0 
46 51 77 0 
47 53 80 0 
48 67 93 0 
49 57 39 0 
50 76 65 0 
51 78 67 0 
52 87 132 0 
53 55 138 0 
54 66 150 0 
55 97 161 0 
56 59 86 0 
57 58 134 0 
58 89 70 0 
59 100 174 0 
60 86 107 0 
61 91 71 0 
62 70 113 0 
63 71 37 0 
64 67 171 0 
65 71 198 0 
66 84 172 0 
67 87 185 0 
68 69 148 0 
69 81 95 0 
70 69 128 0 
71 91 184 0 
72 58 76 0 
73 79 89 0 
74 83 221 0 
75 72 211 0 
76 94 119 0 
77 63 184 0 
78 85 184 0 
79 78 104 0 
80 57 147 0 
81 59 93 0 
82 98 261 0 
83 51 29 0 
84 99 241 0 
85 99 128 0 
86 94 80 0 
87 94 158 0 
88 60 113 0 
89 55 40 0 
90 61 177 0 
91 78 165 0 
92 79 215 0 
93 92 169 0 
94 93 66 0 
95 92 157 0 
96 86 80 0 
97 69 106 0 
98 96 260 0 
99 79 229 0 
100 68 182 0 
101 97 206 0 
102 75 187 0 
103 92 213 0 
104 79 233 0 
105 67 46 0 
106 84 185 0 
107 83 105 0 
108 55 123 0 
109 75 55 0 
110 91 155 0 
111 72 116 0 
112 93 75 0 
113 57 74 0 
114 70 148 0 
115 70 158 0 
116 100 65 0 
117 98 160 0 
118 99 142 0 
119 76 185 0 
120 85 208 0 
121 86 256 0 
122 72 112 0 
123 96 215 0 
124 91 98 0 
125 81 106 0 
126 74 97 0 
127 95 91 0 
128 91 52 0 
129 54 41 0 
130 70 128 0 
131 76 194 0 
132 97 50 0 
133 81 95 0 
134 93 269 0 
135 60 169 0 
136 51 140 0 
137 95 276 0 
138 52 42 0 
139 94 50 0 
140 59 40 0 
141 66 137 0 
142 78 52 0 
143 66 118 0 
144 72 95 0 
145 84 201 0 
146 95 211 0 
147 75 107 0 
148 83 103 0 
149 100 105 0 
150 72 114 0 
151 100 273 0 
152 94 186 0 
153 53 69 0 
154 95 229 0 
155 85 218 0 
156 71 173 0 
157 97 183 0 
158 70 153 0 
159 96 188 0 
160 91 160 0 
161 85 183 0 
162 89 194 0 
163 88 224 0 
164 97 86 0 
165 98 194 0 
166 81 193 0 
167 60 147 0 
168 71 166 0 
169 67 177 0 
170 67 181 0 
171 82 179 0 
172 79 214 0 
173 64 132 0 
174 95 185 0 
175 61 76 0 
176 66 167 0 
177 75 190 0 
178 84 71 0 
179 97 82 0 
180 90 270 0 
181 84 242 0 
182 88 193 0 
183 87 125 0 
184 71 37 0 
185 61 160 0 
186 65 108 0 
187 68 47 0 
188 66 134 0 
189 56 48 0 
190 71 145 0 
191 78 205 0 
192 69 207 0 
193 75 189 0 
194 96 178 0 
195 67 78 0 
196 61 110 0 
197 92 160 0 
198 81 241 0 
199 73 144 0 
200 60 138 0 
201 93 252 0 
202 69 205 0 
203 66 150 0 
204 88 257 0 
205 76 159 0 
206 76 68 0 
207 72 185 0 
208 71 200 0 
209 72 115 0 
210 63 108 0 
211 60 175 0 
212 60 122 0 
213 58 121 0 
214 59 135 0 
215 77 192 0 
216 73 143 0 
217 72 189 0 
218 77 149 0 
219 60 113 0 
220 72 81 0 
221 57 149 0 
222 53 153 0 
223 92 163 0 
224 82 212 0 
225 93 163 0 
226 96 220 0 
227 58 102 0 
228 77 48 0 
229 85 54 0 
230 74 41 0 
231 96 140 0 
232 60 73 0 
233 83 174 0 
234 58 149 0 
235 59 78 0 
236 56 105 0 
237 88 123 0 
238 91 236 0 
239 84 246 0 
240 53 95 0 
241 70 193 0 
242 66 148 0 
243 79 113 0 
244 83 184 0 
245 61 152 0 
246 80 42 0 
247 78 176 0 
248 80 155 0 
249 100 88 0 
250 88 121 0 
251 69 202 0 
252 83 148 0 
253 76 218 0 
254 78 219 0 
255 55 39 0 
256 60 155 0 
257 61 43 0 
258 54 125 0 
259 97 188 0 
260 81 243 0 
261 81 124 0 
262 73 194 0 
263 96 286 0 
264 90 267 0 
265 57 123 0 
266 98 67 0 
267 62 181 0 
268 100 82 0 
269 69 144 0 
270 93 108 0 
271 97 115 0 
272 55 120 0 
273 68 179 0 
274 90 223 0 
275 62 110 0 
276 95 183 0 
277 62 174 0 
278 86 252 0 
279 63 79 0 
280 95 163 0 
281 66 95 0 
282 65 158 0 
283 94 234 0 
284 92 183 0 
285 70 199 0 
286 96 158 0 
287 52 138 0 
288 56 102 0 
289 57 148 0 
290 97 237 0 
291 65 158 0 
292 62 159 0 
293 63 86 0 
294 82 123 0 
295 54 30 0 
296 89 77 0 
297 87 127 0 
298 60 166 0 
299 72 54 0 
300 87 163 0 
301 63 80 0 
302 76 190 0 
303 80 88 0 
304 92 186 0 
305 72 95 0 
306 90 187 0 
307 59 153 0 
308 81 189 0 
309 56 49 0 
310 96 229 0 
311 73 213 0 
312 97 269 0 
313 94 84 0 
314 87 54 0 
315 77 174 0 
316 90 192 0 
317 75 49 0 
318 91 195 0 
319 84 110 0 
320 97 215 0 
321 62 146 0 
322 62 169 0 
323 80 163 0 
324 52 86 0 
325 93 97 0 
326 85 143 0 
327 71 62 0 
328 71 180 0 
329 99 113 0 
330 79 141 0 
331 78 198 0 
332 84 113 0 
333 97 145 0 
334 66 114 0 
335 69 120 0 
336 52 32 0 
337 92 205 0 
338 84 167 0 
339 62 96 0 
340 74 120 0 
341 73 78 0 
342 65 69 0 
343 67 65 0 
344 85 95 0 
345 64 99 0 
346 92 116 0 
347 53 34 0 
348 67 195 0 
349 56 138 0 
350 83 249 0 
351 70 118 0 
352 83 209 0 
353 65 158 0 
354 97 278 0 
355 58 105 0 
356 85 56 0 
357 63 85 0 
358 57 147 0 
359 64 43 0 
360 75 123 0 
361 76 177 0 
362 98 75 0 
363 58 172 0 
364 53 48 0 
365 78 139 0 
366 76 111 0 
367 65 185 0 
368 98 82 0 
369 91 270 0 
370 53 125 0 
371 57 61 0 
372 58 161 0 
373 68 133 0 
374 83 124 0 
375 71 47 0 
376 84 66 0 
377 60 170 0 
378 80 44 0 
379 97 55 0 
380 60 98 0 
381 60 165 0 
382 77 138 0 
383 96 99 0 
384 88 132 0 
385 56 49 0 
386 61 143 0 
387 53 72 0 
388 93 235 0 
389 95 240 0 
390 57 125 0 
391 68 64 0 
392 60 105 0 
393 54 74 0 
394 75 176 0 
395 86 132 0 
396 57 93 0 
397 90 117 0 
398 56 123 0 
399 89 115 0 
400 65 147 0 
401 88 193 0 
402 84 68 0 
403 68 70 0 
404 62 32 0 
405 78 167 0 
406 78 164 0 
407 77 217 0 
408 92 88 0 
409 71 87 0 
410 64 187 0 
411 78 165 0 
412 56 97 0 
413 62 170 0 
414 67 180 0 
415 67 193 0 
416 59 113 0 
417 81 158 0 
418 75 94 0 
419 64 68 0 
420 54 87 0 
421 91 70 0 
422 79 124 0 
423 82 117 0 
424 61 158 0 
425 74 174 0 
426 74 212 0 
427 76 90 0 
428 57 132 0 
429 99 289 0 
430 92 170 0 
431 77 226 0 
432 61 181 0 
433 58 129 0 
434 78 172 0 
435 66 167 0 
436 66 167 0 
437 70 169 0 
438 63 33 0 
439 95 275 0 
440 79 86 0 
441 90 269 0 
442 65 91 0 
443 56 63 0 
444 90 54 0 
445 67 85 0 
446 81 114 0 
447 52 44 0 
448 67 70 0 
449 92 137 0 
450 69 90 0 
451 79 205 0 
452 98 200 0 
453 81 234 0 
454 54 78 0 
455 77 150 0 
456 86 164 0 
457 82 194 0 
458 75 127 0 
459 84 72 0 
460 61 79 0 
461 99 192 0 
462 53 39 0 
463 84 93 0 
464 70 51 0 
465 77 204 0 
466 98 262 0 
467 60 73 0 
468 96 176 0 
469 89 159 0 
470 87 221 0 
471 53 55 0 
472 90 160 0 
473 65 112 0 
474 66 50 0 
475 85 250 0 
476 95 238 0 
477 59 143 0 
478 82 187 0 
479 89 188 0 
480 56 118 0 
481 94 219 0 
482 86 232 0 
483 82 169 0 
484 100 103 0 
485 77 68 0 
486 100 193 0 
487 87 64 0 
488 65 150 0 
489 79 139 0 
490 65 44 0 
491 60 134 0 
492 77 64 0 
493 65 109 0 
494 97 52 0 
495 80 84 0 
496 96 124 0 
497 80 193 0 
498 65 96 0 
499 55 98 0 
