NAME GBP_INSTANCES\prob_2_B_4_0_1.txt
COMMENT
BINTYPES 5
ITEMS 500
BINS_SECTIONS
0 60 60 0 496 
1 80 80 0 372 
2 100 100 0 298 
3 120 120 0 248 
4 150 150 0 199 
ITEMS_SECTIONS
0 78 108 0 
1 94 268 0 
2 31 23 0 
3 70 188 0 
4 26 56 0 
5 65 187 0 
6 66 58 0 
7 85 89 0 
8 66 192 0 
9 59 72 0 
10 68 156 0 
11 80 120 0 
12 62 102 0 
13 65 70 0 
14 22 25 0 
15 41 47 0 
16 35 105 0 
17 60 148 0 
18 50 74 0 
19 23 23 0 
20 100 96 0 
21 94 205 0 
22 97 67 0 
23 80 162 0 
24 77 74 0 
25 60 153 0 
26 38 107 0 
27 90 172 0 
28 70 103 0 
29 100 203 0 
30 29 57 0 
31 92 141 0 
32 92 104 0 
33 75 72 0 
34 27 69 0 
35 33 30 0 
36 94 161 0 
37 77 198 0 
38 77 151 0 
39 73 142 0 
40 61 103 0 
41 25 54 0 
42 35 18 0 
43 28 20 0 
44 42 107 0 
45 84 150 0 
46 100 292 0 
47 85 93 0 
48 75 142 0 
49 89 128 0 
50 96 230 0 
51 48 122 0 
52 39 28 0 
53 58 140 0 
54 71 98 0 
55 85 214 0 
56 41 111 0 
57 47 103 0 
58 90 100 0 
59 63 52 0 
60 79 89 0 
61 55 152 0 
62 96 159 0 
63 25 71 0 
64 84 44 0 
65 100 58 0 
66 40 40 0 
67 41 80 0 
68 27 41 0 
69 38 85 0 
70 31 68 0 
71 55 67 0 
72 74 146 0 
73 37 85 0 
74 78 149 0 
75 42 120 0 
76 96 86 0 
77 21 14 0 
78 40 87 0 
79 47 116 0 
80 90 128 0 
81 25 15 0 
82 84 207 0 
83 40 61 0 
84 32 79 0 
85 80 225 0 
86 30 41 0 
87 21 49 0 
88 82 231 0 
89 80 103 0 
90 32 92 0 
91 81 57 0 
92 48 29 0 
93 70 82 0 
94 31 79 0 
95 44 107 0 
96 81 201 0 
97 43 46 0 
98 88 202 0 
99 80 114 0 
100 67 95 0 
101 22 13 0 
102 90 196 0 
103 77 153 0 
104 79 203 0 
105 63 111 0 
106 55 64 0 
107 40 51 0 
108 81 158 0 
109 79 225 0 
110 73 125 0 
111 96 119 0 
112 56 145 0 
113 75 65 0 
114 93 231 0 
115 70 153 0 
116 90 220 0 
117 67 105 0 
118 95 78 0 
119 78 173 0 
120 82 97 0 
121 24 25 0 
122 64 156 0 
123 26 30 0 
124 43 97 0 
125 62 94 0 
126 65 132 0 
127 22 29 0 
128 89 153 0 
129 45 80 0 
130 72 189 0 
131 65 90 0 
132 76 170 0 
133 92 62 0 
134 96 172 0 
135 73 170 0 
136 25 23 0 
137 23 48 0 
138 25 53 0 
139 28 55 0 
140 32 54 0 
141 45 49 0 
142 30 86 0 
143 47 38 0 
144 87 143 0 
145 75 66 0 
146 80 144 0 
147 56 58 0 
148 83 176 0 
149 77 196 0 
150 66 144 0 
151 93 251 0 
152 61 106 0 
153 91 194 0 
154 22 13 0 
155 27 22 0 
156 67 71 0 
157 92 164 0 
158 27 16 0 
159 36 19 0 
160 92 265 0 
161 33 94 0 
162 86 118 0 
163 78 211 0 
164 90 173 0 
165 56 125 0 
166 47 66 0 
167 22 28 0 
168 80 85 0 
169 21 45 0 
170 84 203 0 
171 22 65 0 
172 81 134 0 
173 96 90 0 
174 59 133 0 
175 81 103 0 
176 35 67 0 
177 46 33 0 
178 40 34 0 
179 84 105 0 
180 58 31 0 
181 70 88 0 
182 61 85 0 
183 29 87 0 
184 94 113 0 
185 39 47 0 
186 100 135 0 
187 63 120 0 
188 63 119 0 
189 51 92 0 
190 63 112 0 
191 52 76 0 
192 49 96 0 
193 45 59 0 
194 25 64 0 
195 49 59 0 
196 85 67 0 
197 32 80 0 
198 99 205 0 
199 33 82 0 
200 69 115 0 
201 30 38 0 
202 44 87 0 
203 42 105 0 
204 57 148 0 
205 77 77 0 
206 64 91 0 
207 28 55 0 
208 51 71 0 
209 38 82 0 
210 86 129 0 
211 87 127 0 
212 77 178 0 
213 80 110 0 
214 32 77 0 
215 58 126 0 
216 75 114 0 
217 55 80 0 
218 50 125 0 
219 39 37 0 
220 67 102 0 
221 55 121 0 
222 78 189 0 
223 85 133 0 
224 59 159 0 
225 63 174 0 
226 60 42 0 
227 75 117 0 
228 55 46 0 
229 45 124 0 
230 84 136 0 
231 21 57 0 
232 35 42 0 
233 51 104 0 
234 76 64 0 
235 37 72 0 
236 49 72 0 
237 57 121 0 
238 28 29 0 
239 87 67 0 
240 99 127 0 
241 50 34 0 
242 47 35 0 
243 86 189 0 
244 64 111 0 
245 43 93 0 
246 94 239 0 
247 80 161 0 
248 35 47 0 
249 33 74 0 
250 61 174 0 
251 27 67 0 
252 57 65 0 
253 51 43 0 
254 52 38 0 
255 35 81 0 
256 37 59 0 
257 98 240 0 
258 80 182 0 
259 100 120 0 
260 88 206 0 
261 25 15 0 
262 74 82 0 
263 29 67 0 
264 76 155 0 
265 32 33 0 
266 68 106 0 
267 43 97 0 
268 79 228 0 
269 97 111 0 
270 92 251 0 
271 21 57 0 
272 46 104 0 
273 24 57 0 
274 31 20 0 
275 30 76 0 
276 36 58 0 
277 45 26 0 
278 34 32 0 
279 42 57 0 
280 63 91 0 
281 55 93 0 
282 40 42 0 
283 28 36 0 
284 25 31 0 
285 51 87 0 
286 45 51 0 
287 92 86 0 
288 37 34 0 
289 30 56 0 
290 89 116 0 
291 76 131 0 
292 54 148 0 
293 52 153 0 
294 56 55 0 
295 68 152 0 
296 32 78 0 
297 28 42 0 
298 25 59 0 
299 26 67 0 
300 32 79 0 
301 82 73 0 
302 72 100 0 
303 44 94 0 
304 52 69 0 
305 94 158 0 
306 23 31 0 
307 34 75 0 
308 31 68 0 
309 80 158 0 
310 40 114 0 
311 97 202 0 
312 65 192 0 
313 70 111 0 
314 91 235 0 
315 50 53 0 
316 62 176 0 
317 55 48 0 
318 32 94 0 
319 90 105 0 
320 90 216 0 
321 83 74 0 
322 53 125 0 
323 44 109 0 
324 76 216 0 
325 34 42 0 
326 97 55 0 
327 35 99 0 
328 37 25 0 
329 41 28 0 
330 71 147 0 
331 35 82 0 
332 46 105 0 
333 46 97 0 
334 25 28 0 
335 94 275 0 
336 98 202 0 
337 100 272 0 
338 44 92 0 
339 62 93 0 
340 23 43 0 
341 47 69 0 
342 57 68 0 
343 48 132 0 
344 85 83 0 
345 54 90 0 
346 36 75 0 
347 27 35 0 
348 37 79 0 
349 50 69 0 
350 69 135 0 
351 75 48 0 
352 42 101 0 
353 32 26 0 
354 52 104 0 
355 50 98 0 
356 59 37 0 
357 25 54 0 
358 100 86 0 
359 37 53 0 
360 43 23 0 
361 23 37 0 
362 45 134 0 
363 51 79 0 
364 38 37 0 
365 90 105 0 
366 83 84 0 
367 81 80 0 
368 59 172 0 
369 68 145 0 
370 75 121 0 
371 85 204 0 
372 82 188 0 
373 77 92 0 
374 27 60 0 
375 64 165 0 
376 64 132 0 
377 92 194 0 
378 54 148 0 
379 63 180 0 
380 75 214 0 
381 91 107 0 
382 45 94 0 
383 57 57 0 
384 41 37 0 
385 78 225 0 
386 44 103 0 
387 69 174 0 
388 82 89 0 
389 66 95 0 
390 46 127 0 
391 66 179 0 
392 60 154 0 
393 30 40 0 
394 65 137 0 
395 59 50 0 
396 24 50 0 
397 64 169 0 
398 56 71 0 
399 38 83 0 
400 31 69 0 
401 53 115 0 
402 52 76 0 
403 80 223 0 
404 58 119 0 
405 43 111 0 
406 48 34 0 
407 42 54 0 
408 81 169 0 
409 56 133 0 
410 41 60 0 
411 27 63 0 
412 81 236 0 
413 61 83 0 
414 91 147 0 
415 94 52 0 
416 49 86 0 
417 49 36 0 
418 26 28 0 
419 82 234 0 
420 84 183 0 
421 28 79 0 
422 73 166 0 
423 83 157 0 
424 76 128 0 
425 69 37 0 
426 48 102 0 
427 54 94 0 
428 34 94 0 
429 43 120 0 
430 71 207 0 
431 47 81 0 
432 84 51 0 
433 58 167 0 
434 32 45 0 
435 34 44 0 
436 58 138 0 
437 49 34 0 
438 59 152 0 
439 85 192 0 
440 33 79 0 
441 84 145 0 
442 92 192 0 
443 38 52 0 
444 54 136 0 
445 71 183 0 
446 92 78 0 
447 54 152 0 
448 86 239 0 
449 40 30 0 
450 31 63 0 
451 80 138 0 
452 98 181 0 
453 87 49 0 
454 76 46 0 
455 96 62 0 
456 55 109 0 
457 93 172 0 
458 26 76 0 
459 37 91 0 
460 40 106 0 
461 92 66 0 
462 94 134 0 
463 80 157 0 
464 29 53 0 
465 32 76 0 
466 26 55 0 
467 100 217 0 
468 46 130 0 
469 27 65 0 
470 73 131 0 
471 26 56 0 
472 32 34 0 
473 22 52 0 
474 99 110 0 
475 60 116 0 
476 94 274 0 
477 57 138 0 
478 92 179 0 
479 89 97 0 
480 71 142 0 
481 96 165 0 
482 51 49 0 
483 59 42 0 
484 99 144 0 
485 87 220 0 
486 29 54 0 
487 80 135 0 
488 21 21 0 
489 81 65 0 
490 69 55 0 
491 97 67 0 
492 28 32 0 
493 22 20 0 
494 87 217 0 
495 72 61 0 
496 53 97 0 
497 33 71 0 
498 83 169 0 
499 39 43 0 
