NAME GBP_INSTANCES\prob_2_B_4_9_1.txt
COMMENT
BINTYPES 5
ITEMS 500
BINS_SECTIONS
0 60 60 0 508 
1 80 80 0 381 
2 100 100 0 305 
3 120 120 0 254 
4 150 150 0 203 
ITEMS_SECTIONS
0 51 98 0 
1 64 162 0 
2 29 76 0 
3 49 27 0 
4 68 121 0 
5 31 65 0 
6 76 154 0 
7 93 248 0 
8 83 176 0 
9 60 98 0 
10 38 57 0 
11 85 155 0 
12 58 97 0 
13 80 76 0 
14 48 65 0 
15 79 119 0 
16 52 146 0 
17 74 124 0 
18 67 166 0 
19 96 144 0 
20 63 180 0 
21 34 34 0 
22 36 99 0 
23 49 104 0 
24 41 102 0 
25 22 54 0 
26 29 74 0 
27 57 131 0 
28 40 92 0 
29 49 106 0 
30 40 29 0 
31 28 25 0 
32 51 27 0 
33 61 98 0 
34 52 46 0 
35 80 193 0 
36 61 86 0 
37 89 252 0 
38 88 247 0 
39 48 90 0 
40 95 62 0 
41 32 18 0 
42 25 53 0 
43 39 39 0 
44 87 126 0 
45 22 45 0 
46 59 124 0 
47 58 157 0 
48 45 66 0 
49 47 101 0 
50 91 172 0 
51 91 105 0 
52 44 70 0 
53 70 64 0 
54 44 53 0 
55 29 20 0 
56 25 40 0 
57 77 187 0 
58 86 218 0 
59 38 58 0 
60 55 76 0 
61 78 84 0 
62 68 180 0 
63 89 244 0 
64 76 128 0 
65 37 29 0 
66 95 191 0 
67 77 140 0 
68 99 114 0 
69 24 18 0 
70 34 21 0 
71 42 49 0 
72 52 27 0 
73 68 199 0 
74 29 66 0 
75 57 123 0 
76 61 167 0 
77 77 74 0 
78 62 94 0 
79 46 136 0 
80 62 144 0 
81 50 111 0 
82 82 235 0 
83 44 121 0 
84 88 63 0 
85 39 94 0 
86 95 227 0 
87 34 27 0 
88 29 73 0 
89 21 22 0 
90 52 52 0 
91 47 52 0 
92 66 112 0 
93 21 28 0 
94 57 127 0 
95 50 106 0 
96 28 81 0 
97 69 97 0 
98 91 56 0 
99 78 93 0 
100 34 27 0 
101 33 40 0 
102 82 112 0 
103 47 27 0 
104 68 111 0 
105 93 95 0 
106 91 119 0 
107 98 257 0 
108 35 85 0 
109 75 198 0 
110 85 194 0 
111 47 126 0 
112 93 187 0 
113 73 175 0 
114 91 116 0 
115 60 105 0 
116 36 81 0 
117 27 32 0 
118 56 145 0 
119 80 177 0 
120 56 38 0 
121 51 41 0 
122 45 29 0 
123 68 175 0 
124 78 51 0 
125 43 104 0 
126 96 208 0 
127 80 58 0 
128 65 112 0 
129 64 150 0 
130 50 50 0 
131 91 116 0 
132 95 193 0 
133 95 270 0 
134 38 79 0 
135 45 62 0 
136 38 35 0 
137 21 26 0 
138 90 233 0 
139 93 123 0 
140 44 80 0 
141 34 78 0 
142 34 32 0 
143 74 173 0 
144 66 103 0 
145 97 266 0 
146 87 74 0 
147 48 63 0 
148 25 45 0 
149 71 153 0 
150 74 62 0 
151 31 66 0 
152 51 93 0 
153 35 74 0 
154 24 40 0 
155 55 123 0 
156 71 191 0 
157 96 64 0 
158 67 198 0 
159 34 56 0 
160 45 33 0 
161 74 212 0 
162 59 118 0 
163 89 123 0 
164 86 188 0 
165 61 58 0 
166 68 57 0 
167 22 28 0 
168 32 52 0 
169 69 160 0 
170 62 164 0 
171 96 286 0 
172 97 156 0 
173 81 229 0 
174 94 59 0 
175 67 174 0 
176 86 79 0 
177 88 179 0 
178 34 40 0 
179 46 127 0 
180 91 176 0 
181 73 112 0 
182 91 238 0 
183 79 139 0 
184 51 140 0 
185 66 60 0 
186 24 36 0 
187 86 111 0 
188 86 113 0 
189 79 117 0 
190 55 121 0 
191 96 285 0 
192 81 132 0 
193 60 43 0 
194 42 57 0 
195 94 153 0 
196 34 27 0 
197 47 83 0 
198 53 74 0 
199 54 90 0 
200 58 137 0 
201 48 87 0 
202 42 44 0 
203 52 149 0 
204 23 37 0 
205 48 61 0 
206 85 172 0 
207 52 47 0 
208 36 75 0 
209 81 135 0 
210 58 121 0 
211 60 55 0 
212 85 80 0 
213 44 113 0 
214 88 170 0 
215 21 26 0 
216 35 20 0 
217 66 129 0 
218 77 103 0 
219 50 28 0 
220 59 161 0 
221 81 240 0 
222 98 89 0 
223 58 127 0 
224 65 62 0 
225 50 77 0 
226 80 43 0 
227 96 108 0 
228 97 63 0 
229 37 28 0 
230 72 40 0 
231 64 179 0 
232 63 72 0 
233 70 50 0 
234 61 158 0 
235 32 68 0 
236 27 76 0 
237 38 72 0 
238 25 26 0 
239 64 151 0 
240 56 125 0 
241 98 140 0 
242 37 79 0 
243 64 141 0 
244 77 134 0 
245 22 61 0 
246 83 73 0 
247 66 122 0 
248 77 164 0 
249 22 24 0 
250 54 141 0 
251 41 30 0 
252 65 42 0 
253 56 165 0 
254 35 67 0 
255 36 75 0 
256 66 40 0 
257 61 94 0 
258 95 207 0 
259 51 63 0 
260 96 121 0 
261 43 114 0 
262 81 100 0 
263 61 44 0 
264 90 99 0 
265 80 115 0 
266 68 55 0 
267 75 183 0 
268 52 67 0 
269 98 207 0 
270 51 119 0 
271 65 146 0 
272 64 48 0 
273 68 116 0 
274 91 122 0 
275 76 167 0 
276 36 66 0 
277 71 101 0 
278 51 66 0 
279 26 33 0 
280 28 43 0 
281 72 116 0 
282 61 34 0 
283 41 31 0 
284 75 49 0 
285 65 127 0 
286 59 143 0 
287 77 169 0 
288 90 128 0 
289 94 158 0 
290 82 223 0 
291 43 125 0 
292 66 162 0 
293 24 61 0 
294 76 107 0 
295 64 94 0 
296 39 92 0 
297 87 241 0 
298 88 61 0 
299 26 30 0 
300 100 187 0 
301 65 169 0 
302 97 66 0 
303 24 52 0 
304 76 189 0 
305 68 68 0 
306 95 201 0 
307 87 160 0 
308 66 81 0 
309 45 135 0 
310 85 67 0 
311 43 79 0 
312 80 70 0 
313 100 210 0 
314 45 100 0 
315 81 122 0 
316 40 27 0 
317 40 74 0 
318 84 101 0 
319 74 128 0 
320 82 173 0 
321 62 186 0 
322 37 23 0 
323 45 65 0 
324 21 51 0 
325 47 136 0 
326 87 223 0 
327 98 217 0 
328 70 45 0 
329 88 241 0 
330 66 197 0 
331 99 186 0 
332 67 54 0 
333 41 119 0 
334 53 106 0 
335 79 184 0 
336 43 76 0 
337 82 86 0 
338 83 122 0 
339 50 148 0 
340 90 211 0 
341 64 56 0 
342 75 192 0 
343 27 61 0 
344 39 61 0 
345 56 135 0 
346 28 20 0 
347 78 49 0 
348 44 106 0 
349 96 174 0 
350 58 148 0 
351 89 248 0 
352 82 183 0 
353 21 58 0 
354 30 67 0 
355 76 153 0 
356 33 33 0 
357 45 48 0 
358 23 68 0 
359 36 101 0 
360 38 35 0 
361 69 93 0 
362 24 38 0 
363 75 206 0 
364 71 210 0 
365 79 164 0 
366 88 120 0 
367 55 161 0 
368 97 242 0 
369 83 121 0 
370 85 59 0 
371 50 31 0 
372 87 145 0 
373 36 39 0 
374 30 52 0 
375 53 34 0 
376 49 65 0 
377 40 38 0 
378 31 82 0 
379 77 199 0 
380 74 147 0 
381 59 60 0 
382 50 87 0 
383 28 30 0 
384 71 213 0 
385 98 161 0 
386 53 131 0 
387 42 125 0 
388 70 148 0 
389 60 131 0 
390 73 200 0 
391 77 184 0 
392 56 52 0 
393 82 161 0 
394 60 76 0 
395 24 24 0 
396 43 65 0 
397 96 256 0 
398 88 53 0 
399 23 18 0 
400 65 184 0 
401 30 55 0 
402 50 95 0 
403 56 115 0 
404 95 72 0 
405 57 136 0 
406 75 186 0 
407 46 136 0 
408 34 49 0 
409 57 118 0 
410 69 135 0 
411 89 231 0 
412 91 193 0 
413 22 21 0 
414 84 144 0 
415 50 148 0 
416 44 24 0 
417 86 47 0 
418 91 172 0 
419 58 55 0 
420 78 109 0 
421 81 46 0 
422 59 151 0 
423 29 75 0 
424 96 142 0 
425 87 162 0 
426 30 62 0 
427 61 39 0 
428 54 158 0 
429 38 86 0 
430 56 150 0 
431 63 118 0 
432 32 36 0 
433 30 37 0 
434 82 46 0 
435 87 205 0 
436 49 71 0 
437 89 170 0 
438 53 92 0 
439 97 107 0 
440 91 89 0 
441 23 38 0 
442 80 145 0 
443 96 125 0 
444 34 22 0 
445 22 47 0 
446 63 167 0 
447 75 158 0 
448 96 126 0 
449 86 108 0 
450 49 74 0 
451 46 25 0 
452 61 131 0 
453 46 84 0 
454 84 244 0 
455 28 47 0 
456 66 103 0 
457 33 51 0 
458 29 68 0 
459 30 42 0 
460 73 203 0 
461 39 38 0 
462 35 40 0 
463 22 17 0 
464 22 37 0 
465 97 275 0 
466 47 31 0 
467 49 45 0 
468 22 29 0 
469 42 82 0 
470 84 162 0 
471 65 65 0 
472 100 196 0 
473 77 95 0 
474 75 134 0 
475 45 116 0 
476 60 130 0 
477 49 83 0 
478 86 128 0 
479 36 44 0 
480 99 223 0 
481 26 24 0 
482 70 113 0 
483 54 134 0 
484 81 213 0 
485 78 164 0 
486 46 50 0 
487 57 155 0 
488 52 56 0 
489 93 134 0 
490 68 136 0 
491 62 129 0 
492 45 42 0 
493 21 21 0 
494 22 66 0 
495 75 58 0 
496 74 69 0 
497 73 74 0 
498 43 50 0 
499 53 105 0 
