NAME GBP_INSTANCES\prob_2_B_3_9_1.txt
COMMENT
BINTYPES 5
ITEMS 200
BINS_SECTIONS
0 60 60 0 191 
1 80 80 0 144 
2 100 100 0 115 
3 120 120 0 96 
4 150 150 0 77 
ITEMS_SECTIONS
0 91 239 0 
1 85 148 0 
2 59 55 0 
3 51 26 0 
4 80 78 0 
5 73 69 0 
6 52 154 0 
7 29 48 0 
8 68 102 0 
9 80 142 0 
10 78 130 0 
11 90 112 0 
12 30 55 0 
13 56 159 0 
14 54 109 0 
15 37 37 0 
16 86 127 0 
17 86 164 0 
18 49 123 0 
19 49 31 0 
20 99 224 0 
21 37 23 0 
22 91 111 0 
23 46 83 0 
24 31 32 0 
25 44 42 0 
26 71 67 0 
27 77 127 0 
28 44 74 0 
29 48 70 0 
30 56 132 0 
31 74 204 0 
32 73 57 0 
33 31 79 0 
34 28 15 0 
35 43 44 0 
36 21 23 0 
37 33 48 0 
38 55 119 0 
39 77 53 0 
40 69 171 0 
41 80 126 0 
42 85 148 0 
43 56 73 0 
44 67 56 0 
45 78 206 0 
46 59 124 0 
47 34 92 0 
48 88 156 0 
49 21 44 0 
50 58 72 0 
51 43 90 0 
52 56 150 0 
53 31 80 0 
54 29 56 0 
55 72 136 0 
56 40 24 0 
57 80 118 0 
58 46 65 0 
59 88 217 0 
60 40 36 0 
61 38 49 0 
62 26 43 0 
63 46 39 0 
64 94 269 0 
65 65 135 0 
66 22 39 0 
67 70 194 0 
68 32 36 0 
69 59 84 0 
70 75 74 0 
71 43 120 0 
72 45 45 0 
73 21 13 0 
74 49 77 0 
75 61 114 0 
76 80 158 0 
77 59 164 0 
78 94 131 0 
79 30 66 0 
80 42 79 0 
81 36 103 0 
82 87 198 0 
83 26 76 0 
84 31 17 0 
85 73 71 0 
86 59 124 0 
87 90 86 0 
88 90 229 0 
89 78 83 0 
90 31 47 0 
91 38 80 0 
92 69 118 0 
93 54 135 0 
94 76 62 0 
95 51 77 0 
96 32 45 0 
97 98 224 0 
98 59 78 0 
99 42 123 0 
100 54 116 0 
101 72 203 0 
102 42 33 0 
103 27 20 0 
104 81 135 0 
105 91 217 0 
106 85 108 0 
107 48 62 0 
108 46 36 0 
109 70 56 0 
110 97 148 0 
111 25 36 0 
112 55 85 0 
113 97 75 0 
114 91 243 0 
115 32 70 0 
116 96 134 0 
117 41 55 0 
118 29 69 0 
119 62 40 0 
120 52 78 0 
121 79 168 0 
122 41 42 0 
123 34 48 0 
124 36 55 0 
125 79 134 0 
126 23 14 0 
127 73 133 0 
128 66 98 0 
129 70 142 0 
130 32 85 0 
131 37 87 0 
132 51 71 0 
133 64 104 0 
134 42 90 0 
135 95 153 0 
136 77 135 0 
137 27 68 0 
138 27 56 0 
139 45 122 0 
140 41 103 0 
141 87 177 0 
142 86 98 0 
143 68 56 0 
144 53 152 0 
145 36 96 0 
146 62 74 0 
147 22 42 0 
148 22 39 0 
149 36 22 0 
150 25 49 0 
151 78 181 0 
152 96 185 0 
153 74 188 0 
154 48 72 0 
155 28 58 0 
156 27 26 0 
157 84 101 0 
158 81 86 0 
159 65 104 0 
160 27 65 0 
161 27 26 0 
162 34 38 0 
163 61 161 0 
164 78 189 0 
165 91 272 0 
166 80 195 0 
167 39 62 0 
168 71 70 0 
169 70 161 0 
170 66 84 0 
171 91 198 0 
172 77 207 0 
173 75 103 0 
174 72 56 0 
175 93 196 0 
176 96 226 0 
177 34 18 0 
178 32 38 0 
179 46 93 0 
180 76 123 0 
181 71 96 0 
182 50 51 0 
183 36 27 0 
184 49 112 0 
185 80 65 0 
186 62 40 0 
187 61 178 0 
188 62 74 0 
189 27 34 0 
190 62 104 0 
191 25 26 0 
192 48 28 0 
193 43 78 0 
194 34 84 0 
195 45 60 0 
196 54 140 0 
197 39 48 0 
198 76 91 0 
199 22 12 0 
