NAME GBP_INSTANCES\prob_3_A_2_0_1.txt
COMMENT
BINTYPES 3
ITEMS 100
BINS_SECTIONS
0 100 100 0 76 
1 120 120 0 63 
2 150 150 0 51 
ITEMS_SECTIONS
0 59 43 0 
1 81 81 0 
2 93 171 0 
3 83 214 0 
4 84 73 0 
5 78 177 0 
6 93 267 0 
7 96 60 0 
8 68 49 0 
9 57 119 0 
10 65 122 0 
11 68 127 0 
12 69 191 0 
13 68 44 0 
14 72 182 0 
15 79 219 0 
16 90 178 0 
17 77 222 0 
18 58 64 0 
19 75 165 0 
20 93 153 0 
21 74 112 0 
22 57 88 0 
23 58 75 0 
24 65 103 0 
25 75 187 0 
26 89 235 0 
27 70 44 0 
28 76 149 0 
29 87 160 0 
30 80 109 0 
31 76 185 0 
32 70 143 0 
33 56 101 0 
34 78 170 0 
35 87 89 0 
36 65 184 0 
37 54 95 0 
38 75 97 0 
39 86 210 0 
40 58 74 0 
41 88 89 0 
42 83 67 0 
43 68 83 0 
44 55 101 0 
45 90 129 0 
46 58 58 0 
47 86 139 0 
48 90 154 0 
49 100 97 0 
50 74 64 0 
51 67 181 0 
52 85 110 0 
53 72 213 0 
54 96 222 0 
55 92 181 0 
56 63 150 0 
57 59 84 0 
58 97 93 0 
59 68 140 0 
60 91 178 0 
61 98 213 0 
62 73 180 0 
63 62 33 0 
64 79 194 0 
65 66 172 0 
66 94 275 0 
67 83 120 0 
68 97 230 0 
69 63 182 0 
70 53 31 0 
71 100 130 0 
72 59 118 0 
73 60 55 0 
74 52 85 0 
75 55 31 0 
76 100 226 0 
77 52 92 0 
78 77 135 0 
79 76 192 0 
80 99 294 0 
81 57 125 0 
82 58 157 0 
83 93 80 0 
84 51 38 0 
85 61 160 0 
86 65 186 0 
87 63 69 0 
88 74 189 0 
89 92 118 0 
90 89 87 0 
91 64 74 0 
92 77 139 0 
93 74 167 0 
94 52 38 0 
95 94 204 0 
96 84 122 0 
97 91 244 0 
98 100 63 0 
99 62 82 0 
