NAME GBP_INSTANCES\prob_2_A_3_4_1.txt
COMMENT
BINTYPES 3
ITEMS 200
BINS_SECTIONS
0 100 100 0 113 
1 120 120 0 94 
2 150 150 0 75 
ITEMS_SECTIONS
0 51 98 0 
1 64 82 0 
2 83 176 0 
3 46 90 0 
4 59 43 0 
5 71 45 0 
6 60 128 0 
7 95 207 0 
8 46 28 0 
9 38 66 0 
10 48 32 0 
11 52 59 0 
12 41 66 0 
13 94 134 0 
14 24 50 0 
15 44 106 0 
16 48 85 0 
17 67 193 0 
18 86 78 0 
19 95 271 0 
20 76 194 0 
21 21 42 0 
22 38 70 0 
23 93 262 0 
24 79 71 0 
25 21 34 0 
26 80 152 0 
27 47 42 0 
28 50 65 0 
29 78 111 0 
30 35 36 0 
31 32 44 0 
32 56 147 0 
33 35 104 0 
34 94 71 0 
35 37 20 0 
36 65 45 0 
37 78 73 0 
38 77 39 0 
39 71 183 0 
40 71 89 0 
41 48 61 0 
42 52 32 0 
43 35 71 0 
44 42 40 0 
45 67 183 0 
46 29 41 0 
47 27 73 0 
48 38 94 0 
49 23 30 0 
50 39 43 0 
51 22 65 0 
52 35 71 0 
53 28 43 0 
54 95 89 0 
55 80 134 0 
56 32 67 0 
57 24 36 0 
58 38 49 0 
59 31 82 0 
60 53 124 0 
61 21 30 0 
62 71 54 0 
63 100 184 0 
64 72 205 0 
65 94 100 0 
66 52 27 0 
67 57 97 0 
68 28 17 0 
69 32 62 0 
70 23 40 0 
71 56 146 0 
72 42 26 0 
73 75 131 0 
74 61 134 0 
75 80 132 0 
76 24 30 0 
77 88 157 0 
78 76 106 0 
79 54 150 0 
80 94 278 0 
81 25 28 0 
82 47 104 0 
83 32 45 0 
84 23 38 0 
85 91 156 0 
86 36 48 0 
87 83 80 0 
88 75 43 0 
89 97 102 0 
90 86 257 0 
91 43 53 0 
92 32 35 0 
93 73 181 0 
94 38 86 0 
95 25 55 0 
96 57 71 0 
97 58 125 0 
98 36 59 0 
99 70 142 0 
100 91 226 0 
101 83 209 0 
102 65 35 0 
103 28 66 0 
104 75 156 0 
105 27 52 0 
106 89 133 0 
107 35 81 0 
108 38 37 0 
109 30 21 0 
110 100 86 0 
111 100 192 0 
112 74 114 0 
113 51 118 0 
114 37 95 0 
115 80 170 0 
116 60 142 0 
117 27 49 0 
118 22 59 0 
119 52 113 0 
120 23 26 0 
121 30 27 0 
122 47 89 0 
123 46 56 0 
124 37 57 0 
125 51 105 0 
126 61 153 0 
127 36 92 0 
128 89 182 0 
129 68 66 0 
130 65 150 0 
131 24 30 0 
132 70 163 0 
133 34 36 0 
134 33 73 0 
135 74 126 0 
136 86 243 0 
137 55 74 0 
138 89 188 0 
139 57 128 0 
140 50 71 0 
141 57 146 0 
142 92 151 0 
143 86 108 0 
144 31 92 0 
145 87 194 0 
146 38 103 0 
147 29 49 0 
148 82 165 0 
149 100 239 0 
150 28 22 0 
151 46 38 0 
152 51 106 0 
153 100 223 0 
154 83 143 0 
155 68 199 0 
156 33 42 0 
157 63 154 0 
158 80 178 0 
159 70 163 0 
160 40 76 0 
161 33 32 0 
162 93 71 0 
163 96 209 0 
164 23 66 0 
165 52 113 0 
166 51 126 0 
167 64 164 0 
168 29 37 0 
169 83 219 0 
170 30 69 0 
171 50 45 0 
172 26 22 0 
173 57 148 0 
174 22 26 0 
175 43 129 0 
176 59 61 0 
177 46 33 0 
178 92 93 0 
179 51 95 0 
180 23 34 0 
181 62 117 0 
182 88 108 0 
183 73 190 0 
184 51 123 0 
185 33 84 0 
186 51 111 0 
187 49 28 0 
188 65 80 0 
189 22 52 0 
190 93 55 0 
191 89 62 0 
192 62 139 0 
193 31 48 0 
194 94 193 0 
195 51 53 0 
196 82 91 0 
197 33 73 0 
198 61 176 0 
199 61 90 0 
