NAME GBP_INSTANCES\prob_1_B_2_0_1.txt
COMMENT
BINTYPES 5
ITEMS 100
BINS_SECTIONS
0 60 60 0 82 
1 80 80 0 62 
2 100 100 0 50 
3 120 120 0 41 
4 150 150 0 33 
ITEMS_SECTIONS
0 66 135 0 
1 57 37 0 
2 52 155 0 
3 27 49 0 
4 20 40 0 
5 31 86 0 
6 28 68 0 
7 74 198 0 
8 32 30 0 
9 81 167 0 
10 60 62 0 
11 52 80 0 
12 84 112 0 
13 10 6 0 
14 99 199 0 
15 29 38 0 
16 65 98 0 
17 55 36 0 
18 6 8 0 
19 13 20 0 
20 63 133 0 
21 79 67 0 
22 79 151 0 
23 87 213 0 
24 15 43 0 
25 80 105 0 
26 90 105 0 
27 83 82 0 
28 48 51 0 
29 80 222 0 
30 19 40 0 
31 86 53 0 
32 67 113 0 
33 65 170 0 
34 32 88 0 
35 58 100 0 
36 45 128 0 
37 20 44 0 
38 29 66 0 
39 65 101 0 
40 28 16 0 
41 32 48 0 
42 52 134 0 
43 79 83 0 
44 55 73 0 
45 8 22 0 
46 19 54 0 
47 68 176 0 
48 87 141 0 
49 74 163 0 
50 57 151 0 
51 15 43 0 
52 32 86 0 
53 21 48 0 
54 13 37 0 
55 95 192 0 
56 80 181 0 
57 39 38 0 
58 99 164 0 
59 66 105 0 
60 33 94 0 
61 16 43 0 
62 63 42 0 
63 69 190 0 
64 27 75 0 
65 57 35 0 
66 35 73 0 
67 18 23 0 
68 54 69 0 
69 71 54 0 
70 44 79 0 
71 63 50 0 
72 65 184 0 
73 7 17 0 
74 61 34 0 
75 22 56 0 
76 59 80 0 
77 70 76 0 
78 39 92 0 
79 48 81 0 
80 65 80 0 
81 13 23 0 
82 42 54 0 
83 25 72 0 
84 87 234 0 
85 20 25 0 
86 5 6 0 
87 86 167 0 
88 43 63 0 
89 86 188 0 
90 28 15 0 
91 20 33 0 
92 57 149 0 
93 12 23 0 
94 41 103 0 
95 62 52 0 
96 45 24 0 
97 2 4 0 
98 55 80 0 
99 53 53 0 
