NAME GBP_INSTANCES\prob_2_B_3_0_1.txt
COMMENT
BINTYPES 5
ITEMS 200
BINS_SECTIONS
0 60 60 0 197 
1 80 80 0 148 
2 100 100 0 118 
3 120 120 0 99 
4 150 150 0 79 
ITEMS_SECTIONS
0 42 75 0 
1 66 91 0 
2 85 204 0 
3 75 160 0 
4 56 58 0 
5 50 31 0 
6 61 38 0 
7 82 243 0 
8 37 74 0 
9 38 70 0 
10 81 209 0 
11 73 97 0 
12 77 51 0 
13 33 48 0 
14 52 78 0 
15 38 39 0 
16 41 66 0 
17 44 50 0 
18 91 73 0 
19 98 89 0 
20 79 229 0 
21 58 159 0 
22 42 118 0 
23 35 88 0 
24 63 131 0 
25 44 70 0 
26 90 259 0 
27 83 43 0 
28 55 126 0 
29 30 27 0 
30 78 136 0 
31 96 254 0 
32 87 96 0 
33 59 121 0 
34 40 111 0 
35 34 67 0 
36 95 203 0 
37 78 124 0 
38 30 27 0 
39 75 196 0 
40 44 53 0 
41 38 34 0 
42 79 147 0 
43 30 43 0 
44 33 37 0 
45 29 51 0 
46 50 128 0 
47 31 64 0 
48 29 86 0 
49 73 197 0 
50 53 150 0 
51 98 185 0 
52 56 167 0 
53 46 65 0 
54 67 61 0 
55 77 120 0 
56 94 111 0 
57 85 165 0 
58 88 223 0 
59 33 29 0 
60 97 174 0 
61 86 122 0 
62 70 118 0 
63 22 58 0 
64 44 94 0 
65 23 27 0 
66 28 33 0 
67 58 76 0 
68 21 43 0 
69 27 54 0 
70 57 140 0 
71 76 78 0 
72 91 246 0 
73 85 251 0 
74 57 143 0 
75 60 33 0 
76 36 33 0 
77 77 168 0 
78 58 32 0 
79 68 117 0 
80 69 203 0 
81 96 248 0 
82 41 69 0 
83 70 164 0 
84 63 163 0 
85 76 142 0 
86 71 50 0 
87 59 123 0 
88 67 136 0 
89 36 42 0 
90 51 73 0 
91 41 89 0 
92 47 45 0 
93 46 102 0 
94 57 118 0 
95 96 147 0 
96 28 28 0 
97 33 86 0 
98 86 123 0 
99 64 79 0 
100 23 41 0 
101 35 94 0 
102 21 19 0 
103 80 175 0 
104 38 92 0 
105 70 94 0 
106 93 104 0 
107 53 80 0 
108 90 51 0 
109 79 74 0 
110 66 180 0 
111 68 146 0 
112 64 144 0 
113 43 121 0 
114 71 113 0 
115 96 144 0 
116 57 33 0 
117 37 37 0 
118 50 71 0 
119 41 37 0 
120 71 178 0 
121 81 163 0 
122 74 129 0 
123 39 83 0 
124 36 48 0 
125 88 133 0 
126 27 69 0 
127 99 171 0 
128 50 59 0 
129 30 31 0 
130 48 90 0 
131 58 72 0 
132 67 77 0 
133 63 92 0 
134 40 101 0 
135 52 43 0 
136 39 37 0 
137 74 84 0 
138 61 45 0 
139 67 179 0 
140 56 41 0 
141 86 239 0 
142 59 136 0 
143 77 189 0 
144 55 92 0 
145 28 15 0 
146 38 97 0 
147 27 23 0 
148 93 150 0 
149 46 36 0 
150 81 105 0 
151 51 37 0 
152 90 58 0 
153 34 75 0 
154 49 136 0 
155 50 110 0 
156 53 101 0 
157 55 161 0 
158 45 71 0 
159 22 18 0 
160 100 80 0 
161 66 135 0 
162 27 54 0 
163 54 59 0 
164 58 63 0 
165 63 49 0 
166 67 67 0 
167 83 154 0 
168 71 49 0 
169 41 104 0 
170 31 32 0 
171 87 130 0 
172 52 35 0 
173 56 137 0 
174 22 51 0 
175 29 47 0 
176 61 174 0 
177 37 102 0 
178 31 67 0 
179 38 75 0 
180 84 221 0 
181 47 114 0 
182 78 207 0 
183 84 132 0 
184 86 203 0 
185 55 113 0 
186 67 72 0 
187 22 36 0 
188 27 64 0 
189 99 246 0 
190 93 69 0 
191 62 182 0 
192 65 87 0 
193 56 118 0 
194 92 101 0 
195 73 102 0 
196 77 155 0 
197 53 83 0 
198 55 58 0 
199 74 72 0 
