NAME GBP_INSTANCES\prob_3_B_2_7_1.txt
COMMENT
BINTYPES 5
ITEMS 100
BINS_SECTIONS
0 60 60 0 126 
1 80 80 0 95 
2 100 100 0 76 
3 120 120 0 63 
4 150 150 0 51 
ITEMS_SECTIONS
0 52 156 0 
1 62 85 0 
2 92 179 0 
3 52 149 0 
4 54 139 0 
5 62 176 0 
6 56 139 0 
7 80 80 0 
8 97 204 0 
9 94 204 0 
10 59 121 0 
11 76 124 0 
12 80 142 0 
13 85 52 0 
14 87 125 0 
15 54 67 0 
16 95 183 0 
17 87 47 0 
18 68 53 0 
19 95 68 0 
20 63 109 0 
21 84 214 0 
22 71 112 0 
23 81 115 0 
24 83 142 0 
25 62 52 0 
26 64 46 0 
27 83 121 0 
28 52 29 0 
29 87 171 0 
30 98 158 0 
31 78 48 0 
32 91 212 0 
33 63 85 0 
34 75 46 0 
35 57 110 0 
36 98 283 0 
37 52 63 0 
38 68 46 0 
39 56 168 0 
40 94 246 0 
41 87 74 0 
42 91 224 0 
43 93 268 0 
44 100 87 0 
45 54 58 0 
46 93 146 0 
47 78 131 0 
48 52 123 0 
49 79 214 0 
50 82 178 0 
51 60 44 0 
52 92 248 0 
53 93 217 0 
54 88 70 0 
55 74 170 0 
56 99 163 0 
57 53 53 0 
58 74 214 0 
59 70 73 0 
60 82 85 0 
61 66 103 0 
62 66 198 0 
63 73 121 0 
64 75 99 0 
65 69 73 0 
66 51 44 0 
67 53 157 0 
68 76 159 0 
69 66 90 0 
70 64 177 0 
71 65 141 0 
72 98 113 0 
73 94 278 0 
74 66 161 0 
75 90 210 0 
76 51 124 0 
77 94 249 0 
78 77 126 0 
79 70 75 0 
80 86 111 0 
81 73 131 0 
82 84 51 0 
83 81 193 0 
84 72 87 0 
85 87 53 0 
86 69 164 0 
87 85 129 0 
88 68 60 0 
89 66 47 0 
90 79 138 0 
91 61 56 0 
92 97 245 0 
93 73 74 0 
94 95 202 0 
95 91 161 0 
96 89 115 0 
97 64 133 0 
98 66 154 0 
99 57 97 0 
