NAME GBP_INSTANCES\prob_3_A_3_5_1.txt
COMMENT
BINTYPES 3
ITEMS 200
BINS_SECTIONS
0 100 100 0 151 
1 120 120 0 126 
2 150 150 0 101 
ITEMS_SECTIONS
0 99 181 0 
1 82 177 0 
2 78 89 0 
3 88 200 0 
4 75 176 0 
5 93 234 0 
6 86 50 0 
7 93 139 0 
8 76 176 0 
9 64 156 0 
10 52 122 0 
11 89 255 0 
12 64 38 0 
13 70 116 0 
14 67 147 0 
15 72 60 0 
16 82 188 0 
17 61 84 0 
18 62 72 0 
19 62 55 0 
20 88 118 0 
21 58 100 0 
22 85 55 0 
23 98 150 0 
24 74 109 0 
25 95 127 0 
26 53 143 0 
27 68 115 0 
28 94 71 0 
29 64 108 0 
30 77 183 0 
31 79 135 0 
32 82 70 0 
33 85 74 0 
34 62 127 0 
35 69 112 0 
36 66 176 0 
37 65 138 0 
38 85 219 0 
39 57 115 0 
40 85 147 0 
41 69 207 0 
42 81 56 0 
43 58 95 0 
44 73 97 0 
45 64 180 0 
46 69 116 0 
47 89 59 0 
48 80 87 0 
49 53 40 0 
50 70 135 0 
51 97 153 0 
52 62 66 0 
53 72 92 0 
54 68 182 0 
55 97 172 0 
56 97 89 0 
57 64 79 0 
58 63 97 0 
59 78 165 0 
60 89 172 0 
61 96 155 0 
62 54 124 0 
63 89 264 0 
64 59 106 0 
65 87 118 0 
66 70 106 0 
67 51 121 0 
68 57 167 0 
69 62 136 0 
70 75 148 0 
71 98 201 0 
72 79 81 0 
73 61 137 0 
74 67 122 0 
75 70 50 0 
76 80 102 0 
77 94 214 0 
78 98 54 0 
79 84 72 0 
80 58 107 0 
81 97 51 0 
82 87 209 0 
83 64 126 0 
84 57 54 0 
85 65 179 0 
86 95 185 0 
87 66 64 0 
88 71 196 0 
89 66 181 0 
90 98 74 0 
91 67 70 0 
92 78 191 0 
93 72 39 0 
94 66 84 0 
95 61 106 0 
96 54 51 0 
97 52 58 0 
98 80 101 0 
99 75 111 0 
100 83 148 0 
101 71 134 0 
102 64 182 0 
103 51 143 0 
104 77 225 0 
105 77 157 0 
106 92 86 0 
107 64 85 0 
108 56 66 0 
109 89 225 0 
110 60 138 0 
111 60 148 0 
112 65 53 0 
113 96 151 0 
114 85 227 0 
115 88 243 0 
116 69 114 0 
117 100 201 0 
118 54 150 0 
119 62 160 0 
120 61 81 0 
121 55 40 0 
122 58 144 0 
123 83 60 0 
124 69 94 0 
125 72 47 0 
126 72 52 0 
127 93 120 0 
128 88 66 0 
129 72 201 0 
130 59 121 0 
131 99 90 0 
132 53 104 0 
133 77 160 0 
134 70 63 0 
135 93 49 0 
136 92 50 0 
137 88 253 0 
138 74 160 0 
139 96 74 0 
140 97 257 0 
141 82 181 0 
142 69 143 0 
143 61 42 0 
144 97 140 0 
145 83 138 0 
146 72 71 0 
147 60 60 0 
148 70 81 0 
149 93 86 0 
150 93 141 0 
151 84 56 0 
152 84 199 0 
153 64 80 0 
154 80 96 0 
155 90 65 0 
156 93 226 0 
157 82 182 0 
158 94 280 0 
159 75 176 0 
160 82 69 0 
161 69 199 0 
162 57 49 0 
163 99 225 0 
164 97 101 0 
165 76 138 0 
166 73 130 0 
167 94 108 0 
168 91 86 0 
169 90 85 0 
170 68 109 0 
171 88 175 0 
172 71 166 0 
173 60 172 0 
174 52 90 0 
175 73 50 0 
176 99 117 0 
177 69 95 0 
178 94 67 0 
179 89 125 0 
180 100 96 0 
181 63 172 0 
182 74 130 0 
183 71 166 0 
184 52 109 0 
185 58 139 0 
186 85 44 0 
187 69 179 0 
188 55 137 0 
189 93 127 0 
190 62 107 0 
191 89 52 0 
192 56 69 0 
193 95 178 0 
194 62 148 0 
195 66 162 0 
196 72 119 0 
197 64 169 0 
198 64 36 0 
199 66 44 0 
