NAME GBP_INSTANCES\prob_2_B_3_7_1.txt
COMMENT
BINTYPES 5
ITEMS 200
BINS_SECTIONS
0 60 60 0 205 
1 80 80 0 154 
2 100 100 0 123 
3 120 120 0 103 
4 150 150 0 82 
ITEMS_SECTIONS
0 39 48 0 
1 24 38 0 
2 56 42 0 
3 58 86 0 
4 77 146 0 
5 43 41 0 
6 40 59 0 
7 66 67 0 
8 83 130 0 
9 83 49 0 
10 62 105 0 
11 75 92 0 
12 52 54 0 
13 98 60 0 
14 27 78 0 
15 25 30 0 
16 21 12 0 
17 83 187 0 
18 33 65 0 
19 33 42 0 
20 83 72 0 
21 70 205 0 
22 62 122 0 
23 34 26 0 
24 48 137 0 
25 43 112 0 
26 91 201 0 
27 80 191 0 
28 58 105 0 
29 84 60 0 
30 73 52 0 
31 71 89 0 
32 49 37 0 
33 54 75 0 
34 56 100 0 
35 31 27 0 
36 78 107 0 
37 80 240 0 
38 44 75 0 
39 41 69 0 
40 61 128 0 
41 34 76 0 
42 37 54 0 
43 53 149 0 
44 40 84 0 
45 66 59 0 
46 84 59 0 
47 42 125 0 
48 100 84 0 
49 73 152 0 
50 65 178 0 
51 32 89 0 
52 94 110 0 
53 73 126 0 
54 91 229 0 
55 23 62 0 
56 46 136 0 
57 89 142 0 
58 25 47 0 
59 88 140 0 
60 45 67 0 
61 74 88 0 
62 47 73 0 
63 33 46 0 
64 85 186 0 
65 77 218 0 
66 67 116 0 
67 74 116 0 
68 32 92 0 
69 76 163 0 
70 54 98 0 
71 100 140 0 
72 97 170 0 
73 59 145 0 
74 42 109 0 
75 76 83 0 
76 68 117 0 
77 21 55 0 
78 52 89 0 
79 59 144 0 
80 79 138 0 
81 76 105 0 
82 47 55 0 
83 49 122 0 
84 57 64 0 
85 96 266 0 
86 77 45 0 
87 52 70 0 
88 68 99 0 
89 39 35 0 
90 87 90 0 
91 54 63 0 
92 39 79 0 
93 55 80 0 
94 37 83 0 
95 92 64 0 
96 68 107 0 
97 100 298 0 
98 37 103 0 
99 44 117 0 
100 24 26 0 
101 70 63 0 
102 30 54 0 
103 67 123 0 
104 37 40 0 
105 83 163 0 
106 83 206 0 
107 74 86 0 
108 55 55 0 
109 28 79 0 
110 21 40 0 
111 83 132 0 
112 26 32 0 
113 73 126 0 
114 27 47 0 
115 63 102 0 
116 27 78 0 
117 52 53 0 
118 58 44 0 
119 49 30 0 
120 66 182 0 
121 71 99 0 
122 24 62 0 
123 72 216 0 
124 48 90 0 
125 87 48 0 
126 92 197 0 
127 79 176 0 
128 56 113 0 
129 80 100 0 
130 32 50 0 
131 45 92 0 
132 75 214 0 
133 88 71 0 
134 90 257 0 
135 54 97 0 
136 23 15 0 
137 60 78 0 
138 47 115 0 
139 62 41 0 
140 98 243 0 
141 62 57 0 
142 77 46 0 
143 89 261 0 
144 67 193 0 
145 75 51 0 
146 88 109 0 
147 62 134 0 
148 75 117 0 
149 80 152 0 
150 71 164 0 
151 72 56 0 
152 53 67 0 
153 72 54 0 
154 99 223 0 
155 81 212 0 
156 98 267 0 
157 58 66 0 
158 96 203 0 
159 33 94 0 
160 83 170 0 
161 78 67 0 
162 75 88 0 
163 27 42 0 
164 65 135 0 
165 63 179 0 
166 29 70 0 
167 62 76 0 
168 92 97 0 
169 47 54 0 
170 94 178 0 
171 63 141 0 
172 69 48 0 
173 83 152 0 
174 66 105 0 
175 97 120 0 
176 68 49 0 
177 38 104 0 
178 31 71 0 
179 42 120 0 
180 48 72 0 
181 68 36 0 
182 69 138 0 
183 62 130 0 
184 95 268 0 
185 33 66 0 
186 54 86 0 
187 28 33 0 
188 70 85 0 
189 81 239 0 
190 95 204 0 
191 38 41 0 
192 81 108 0 
193 26 37 0 
194 65 56 0 
195 31 61 0 
196 52 48 0 
197 77 226 0 
198 40 103 0 
199 58 170 0 
