NAME GBP_INSTANCES\prob_1_A_4_2_1.txt
COMMENT
BINTYPES 3
ITEMS 500
BINS_SECTIONS
0 100 100 0 255 
1 120 120 0 213 
2 150 150 0 170 
ITEMS_SECTIONS
0 77 56 0 
1 30 85 0 
2 36 103 0 
3 30 18 0 
4 81 52 0 
5 38 42 0 
6 21 26 0 
7 8 13 0 
8 43 48 0 
9 24 40 0 
10 63 159 0 
11 28 41 0 
12 54 63 0 
13 67 129 0 
14 67 71 0 
15 70 116 0 
16 66 148 0 
17 58 60 0 
18 28 48 0 
19 5 12 0 
20 65 91 0 
21 38 65 0 
22 69 67 0 
23 62 130 0 
24 23 50 0 
25 40 46 0 
26 22 47 0 
27 62 40 0 
28 96 200 0 
29 45 90 0 
30 33 53 0 
31 37 42 0 
32 68 177 0 
33 87 118 0 
34 99 297 0 
35 24 44 0 
36 64 52 0 
37 52 136 0 
38 41 49 0 
39 81 200 0 
40 53 111 0 
41 93 221 0 
42 77 167 0 
43 89 69 0 
44 81 216 0 
45 12 13 0 
46 45 120 0 
47 92 227 0 
48 22 16 0 
49 22 48 0 
50 18 15 0 
51 37 98 0 
52 6 14 0 
53 40 31 0 
54 46 114 0 
55 88 122 0 
56 9 17 0 
57 44 66 0 
58 8 22 0 
59 46 74 0 
60 70 195 0 
61 15 41 0 
62 64 162 0 
63 62 152 0 
64 10 23 0 
65 13 29 0 
66 20 28 0 
67 77 86 0 
68 10 18 0 
69 19 42 0 
70 90 250 0 
71 72 144 0 
72 52 134 0 
73 70 103 0 
74 59 166 0 
75 70 190 0 
76 62 117 0 
77 24 36 0 
78 37 80 0 
79 62 185 0 
80 45 68 0 
81 98 163 0 
82 5 10 0 
83 97 190 0 
84 73 207 0 
85 100 201 0 
86 60 31 0 
87 30 21 0 
88 20 51 0 
89 4 4 0 
90 31 66 0 
91 40 79 0 
92 75 173 0 
93 76 195 0 
94 87 222 0 
95 28 32 0 
96 58 41 0 
97 38 78 0 
98 21 22 0 
99 11 33 0 
100 59 124 0 
101 28 27 0 
102 14 37 0 
103 100 163 0 
104 10 10 0 
105 65 178 0 
106 65 136 0 
107 11 16 0 
108 37 110 0 
109 7 18 0 
110 4 10 0 
111 60 142 0 
112 89 77 0 
113 52 73 0 
114 51 82 0 
115 24 29 0 
116 84 160 0 
117 12 21 0 
118 66 137 0 
119 3 3 0 
120 72 126 0 
121 7 16 0 
122 34 83 0 
123 51 142 0 
124 74 85 0 
125 88 51 0 
126 25 33 0 
127 56 168 0 
128 70 122 0 
129 56 46 0 
130 2 6 0 
131 78 200 0 
132 4 3 0 
133 73 184 0 
134 77 136 0 
135 72 125 0 
136 93 181 0 
137 47 96 0 
138 24 41 0 
139 85 97 0 
140 95 71 0 
141 71 118 0 
142 30 35 0 
143 50 131 0 
144 12 12 0 
145 3 4 0 
146 89 238 0 
147 87 209 0 
148 2 6 0 
149 74 221 0 
150 40 33 0 
151 2 5 0 
152 84 209 0 
153 5 8 0 
154 29 81 0 
155 23 59 0 
156 81 231 0 
157 16 9 0 
158 23 21 0 
159 52 117 0 
160 95 274 0 
161 17 49 0 
162 31 87 0 
163 70 119 0 
164 76 47 0 
165 61 91 0 
166 67 43 0 
167 77 59 0 
168 66 52 0 
169 44 84 0 
170 35 84 0 
171 5 4 0 
172 71 122 0 
173 37 86 0 
174 23 38 0 
175 81 84 0 
176 59 54 0 
177 32 73 0 
178 26 42 0 
179 93 70 0 
180 33 67 0 
181 98 51 0 
182 81 182 0 
183 12 23 0 
184 65 143 0 
185 5 14 0 
186 5 14 0 
187 32 83 0 
188 52 141 0 
189 34 74 0 
190 48 119 0 
191 8 17 0 
192 83 173 0 
193 32 48 0 
194 50 38 0 
195 8 12 0 
196 62 87 0 
197 8 9 0 
198 95 61 0 
199 89 46 0 
200 88 191 0 
201 45 71 0 
202 69 46 0 
203 12 9 0 
204 46 34 0 
205 35 78 0 
206 9 15 0 
207 86 73 0 
208 80 228 0 
209 81 69 0 
210 38 40 0 
211 83 210 0 
212 35 35 0 
213 4 9 0 
214 11 32 0 
215 97 119 0 
216 24 59 0 
217 74 123 0 
218 17 18 0 
219 89 251 0 
220 94 245 0 
221 28 78 0 
222 88 209 0 
223 97 211 0 
224 80 185 0 
225 71 166 0 
226 72 164 0 
227 49 133 0 
228 88 188 0 
229 36 94 0 
230 93 126 0 
231 68 35 0 
232 18 37 0 
233 96 166 0 
234 72 62 0 
235 87 121 0 
236 49 110 0 
237 4 9 0 
238 37 57 0 
239 81 231 0 
240 19 48 0 
241 50 117 0 
242 73 214 0 
243 31 66 0 
244 12 27 0 
245 20 39 0 
246 70 66 0 
247 11 31 0 
248 67 37 0 
249 42 28 0 
250 95 262 0 
251 42 119 0 
252 58 101 0 
253 90 223 0 
254 54 86 0 
255 80 172 0 
256 27 48 0 
257 65 89 0 
258 83 47 0 
259 86 137 0 
260 34 35 0 
261 80 153 0 
262 13 16 0 
263 56 54 0 
264 8 7 0 
265 8 10 0 
266 59 63 0 
267 43 124 0 
268 55 145 0 
269 92 237 0 
270 79 52 0 
271 70 52 0 
272 16 29 0 
273 97 96 0 
274 55 97 0 
275 46 103 0 
276 12 36 0 
277 85 251 0 
278 25 51 0 
279 86 51 0 
280 97 261 0 
281 93 187 0 
282 43 89 0 
283 69 84 0 
284 44 82 0 
285 26 43 0 
286 78 233 0 
287 2 2 0 
288 64 117 0 
289 3 3 0 
290 40 48 0 
291 46 45 0 
292 19 45 0 
293 84 193 0 
294 31 76 0 
295 80 134 0 
296 9 10 0 
297 43 109 0 
298 17 44 0 
299 27 69 0 
300 88 113 0 
301 59 104 0 
302 30 39 0 
303 37 24 0 
304 9 26 0 
305 43 85 0 
306 75 196 0 
307 71 153 0 
308 32 59 0 
309 48 112 0 
310 61 34 0 
311 45 67 0 
312 14 36 0 
313 75 186 0 
314 31 61 0 
315 85 181 0 
316 97 273 0 
317 48 44 0 
318 15 12 0 
319 88 105 0 
320 27 59 0 
321 31 67 0 
322 71 213 0 
323 88 79 0 
324 16 18 0 
325 100 217 0 
326 44 31 0 
327 54 114 0 
328 70 164 0 
329 28 56 0 
330 5 14 0 
331 20 60 0 
332 16 14 0 
333 72 105 0 
334 4 9 0 
335 53 123 0 
336 31 20 0 
337 62 77 0 
338 98 274 0 
339 85 120 0 
340 16 31 0 
341 64 132 0 
342 86 156 0 
343 88 78 0 
344 12 10 0 
345 91 152 0 
346 7 14 0 
347 40 67 0 
348 11 17 0 
349 76 68 0 
350 41 120 0 
351 53 146 0 
352 49 26 0 
353 58 158 0 
354 77 151 0 
355 8 14 0 
356 41 32 0 
357 91 165 0 
358 70 140 0 
359 71 136 0 
360 35 85 0 
361 48 110 0 
362 53 151 0 
363 38 31 0 
364 55 113 0 
365 7 15 0 
366 37 100 0 
367 72 142 0 
368 16 34 0 
369 95 128 0 
370 62 93 0 
371 99 86 0 
372 54 109 0 
373 3 5 0 
374 32 68 0 
375 7 17 0 
376 85 147 0 
377 9 10 0 
378 86 203 0 
379 16 29 0 
380 23 59 0 
381 45 71 0 
382 53 137 0 
383 93 136 0 
384 60 146 0 
385 51 66 0 
386 31 84 0 
387 35 60 0 
388 58 67 0 
389 27 60 0 
390 53 130 0 
391 15 42 0 
392 46 100 0 
393 49 64 0 
394 67 86 0 
395 32 80 0 
396 69 190 0 
397 50 46 0 
398 88 75 0 
399 35 29 0 
400 90 66 0 
401 37 39 0 
402 74 94 0 
403 60 92 0 
404 83 174 0 
405 38 71 0 
406 48 75 0 
407 71 123 0 
408 24 65 0 
409 49 56 0 
410 60 176 0 
411 31 31 0 
412 22 12 0 
413 93 129 0 
414 71 162 0 
415 90 127 0 
416 86 91 0 
417 37 86 0 
418 77 109 0 
419 32 51 0 
420 77 213 0 
421 89 233 0 
422 53 141 0 
423 47 25 0 
424 41 53 0 
425 32 45 0 
426 21 20 0 
427 86 197 0 
428 68 180 0 
429 97 291 0 
430 41 65 0 
431 64 176 0 
432 80 206 0 
433 45 49 0 
434 15 44 0 
435 50 35 0 
436 88 175 0 
437 55 145 0 
438 11 8 0 
439 41 96 0 
440 16 10 0 
441 97 105 0 
442 86 117 0 
443 37 58 0 
444 41 83 0 
445 72 137 0 
446 39 39 0 
447 10 20 0 
448 52 152 0 
449 2 6 0 
450 32 71 0 
451 97 238 0 
452 57 90 0 
453 67 171 0 
454 57 65 0 
455 20 46 0 
456 55 103 0 
457 62 171 0 
458 61 129 0 
459 22 56 0 
460 8 17 0 
461 54 122 0 
462 95 285 0 
463 67 164 0 
464 8 23 0 
465 33 56 0 
466 37 50 0 
467 82 180 0 
468 100 223 0 
469 51 140 0 
470 13 35 0 
471 56 29 0 
472 43 97 0 
473 96 96 0 
474 100 109 0 
475 21 40 0 
476 59 92 0 
477 41 55 0 
478 18 24 0 
479 100 51 0 
480 76 135 0 
481 89 204 0 
482 83 156 0 
483 65 180 0 
484 2 5 0 
485 62 121 0 
486 69 135 0 
487 65 35 0 
488 22 35 0 
489 62 178 0 
490 6 11 0 
491 90 208 0 
492 93 195 0 
493 34 64 0 
494 76 104 0 
495 37 106 0 
496 91 202 0 
497 77 121 0 
498 64 175 0 
499 8 24 0 
