NAME GBP_INSTANCES\prob_1_B_3_4_1.txt
COMMENT
BINTYPES 5
ITEMS 200
BINS_SECTIONS
0 60 60 0 170 
1 80 80 0 127 
2 100 100 0 102 
3 120 120 0 85 
4 150 150 0 68 
ITEMS_SECTIONS
0 3 8 0 
1 37 43 0 
2 59 78 0 
3 45 30 0 
4 95 203 0 
5 78 121 0 
6 95 160 0 
7 66 124 0 
8 54 66 0 
9 32 40 0 
10 30 89 0 
11 44 62 0 
12 13 15 0 
13 22 53 0 
14 92 243 0 
15 93 268 0 
16 72 201 0 
17 36 87 0 
18 32 49 0 
19 10 30 0 
20 59 137 0 
21 77 228 0 
22 72 135 0 
23 45 135 0 
24 20 14 0 
25 71 100 0 
26 99 271 0 
27 83 96 0 
28 23 17 0 
29 54 102 0 
30 20 23 0 
31 38 43 0 
32 87 72 0 
33 44 128 0 
34 83 87 0 
35 14 11 0 
36 100 255 0 
37 19 31 0 
38 28 28 0 
39 57 146 0 
40 68 186 0 
41 86 207 0 
42 30 51 0 
43 41 28 0 
44 50 51 0 
45 76 171 0 
46 19 44 0 
47 3 7 0 
48 9 6 0 
49 52 54 0 
50 46 69 0 
51 98 271 0 
52 49 33 0 
53 67 106 0 
54 54 94 0 
55 64 73 0 
56 56 42 0 
57 41 76 0 
58 53 125 0 
59 68 63 0 
60 25 45 0 
61 19 28 0 
62 32 30 0 
63 40 66 0 
64 83 82 0 
65 60 160 0 
66 26 21 0 
67 59 101 0 
68 86 218 0 
69 26 14 0 
70 67 65 0 
71 90 147 0 
72 15 39 0 
73 27 51 0 
74 22 42 0 
75 38 49 0 
76 29 17 0 
77 70 188 0 
78 67 97 0 
79 30 54 0 
80 26 26 0 
81 7 10 0 
82 94 237 0 
83 82 85 0 
84 39 108 0 
85 78 214 0 
86 89 101 0 
87 59 92 0 
88 40 85 0 
89 91 73 0 
90 95 117 0 
91 85 89 0 
92 78 91 0 
93 16 16 0 
94 86 62 0 
95 26 34 0 
96 9 7 0 
97 13 21 0 
98 68 69 0 
99 84 63 0 
100 60 91 0 
101 21 56 0 
102 41 68 0 
103 34 97 0 
104 78 192 0 
105 87 72 0 
106 25 51 0 
107 40 90 0 
108 11 31 0 
109 72 168 0 
110 90 160 0 
111 83 68 0 
112 50 68 0 
113 16 43 0 
114 6 8 0 
115 45 98 0 
116 21 36 0 
117 100 245 0 
118 28 24 0 
119 52 56 0 
120 18 37 0 
121 99 281 0 
122 42 32 0 
123 69 169 0 
124 77 196 0 
125 29 43 0 
126 8 5 0 
127 8 18 0 
128 2 2 0 
129 11 29 0 
130 87 108 0 
131 49 43 0 
132 96 67 0 
133 58 69 0 
134 25 74 0 
135 66 74 0 
136 68 93 0 
137 88 200 0 
138 51 122 0 
139 11 20 0 
140 27 15 0 
141 83 141 0 
142 84 150 0 
143 81 213 0 
144 33 28 0 
145 82 209 0 
146 8 13 0 
147 25 65 0 
148 55 138 0 
149 56 137 0 
150 67 195 0 
151 77 164 0 
152 57 48 0 
153 26 66 0 
154 7 7 0 
155 14 15 0 
156 92 172 0 
157 77 51 0 
158 68 45 0 
159 10 29 0 
160 24 52 0 
161 49 71 0 
162 58 147 0 
163 76 176 0 
164 45 48 0 
165 27 16 0 
166 37 41 0 
167 75 132 0 
168 12 11 0 
169 32 61 0 
170 12 29 0 
171 73 124 0 
172 81 112 0 
173 38 94 0 
174 96 73 0 
175 52 117 0 
176 47 114 0 
177 93 145 0 
178 22 41 0 
179 26 20 0 
180 78 129 0 
181 2 5 0 
182 51 128 0 
183 76 85 0 
184 49 90 0 
185 16 28 0 
186 98 279 0 
187 71 153 0 
188 61 86 0 
189 13 39 0 
190 85 215 0 
191 63 132 0 
192 59 152 0 
193 7 11 0 
194 52 120 0 
195 46 40 0 
196 25 43 0 
197 52 112 0 
198 47 85 0 
199 58 76 0 
