NAME GBP_INSTANCES\prob_2_A_1_1_5.txt
COMMENT
BINTYPES 3
ITEMS 50
BINS_SECTIONS
0 100 100 0 30 
1 120 120 0 25 
2 150 150 0 20 
ITEMS_SECTIONS
0 85 120 0
1 90 138 0
2 30 44 0
3 38 27 0
4 72 206 0
5 30 42 0
6 96 210 0
7 73 82 0
8 98 159 0
9 71 149 0
10 40 114 0
11 37 123 0
12 87 208 0
13 83 48 0
14 74 155 0
15 61 84 0
16 87 114 0
17 81 283 0
18 31 23 0
19 89 296 0
20 40 133 0
21 43 23 0
22 31 90 0
23 80 118 0
24 74 42 0
25 36 97 0
26 27 85 0
27 99 243 0
28 79 152 0
29 74 135 0
30 54 44 0
31 25 55 0
32 54 77 0
33 61 171 0
34 26 68 0
35 72 194 0
36 49 121 0
37 38 31 0
38 46 116 0
39 25 74 0
40 71 220 0
41 55 137 0
42 46 125 0
43 62 40 0
44 57 188 0
45 38 115 0
46 53 120 0
47 36 107 0
48 52 74 0
49 92 147 0
