NAME GBP_INSTANCES\prob_1_A_3_2_1.txt
COMMENT
BINTYPES 3
ITEMS 200
BINS_SECTIONS
0 100 100 0 105 
1 120 120 0 88 
2 150 150 0 70 
ITEMS_SECTIONS
0 41 107 0 
1 26 21 0 
2 11 20 0 
3 27 17 0 
4 3 9 0 
5 29 19 0 
6 42 75 0 
7 61 94 0 
8 34 72 0 
9 4 8 0 
10 30 28 0 
11 74 190 0 
12 56 97 0 
13 68 143 0 
14 80 113 0 
15 70 111 0 
16 57 166 0 
17 19 40 0 
18 24 35 0 
19 61 62 0 
20 24 33 0 
21 40 116 0 
22 49 138 0 
23 88 64 0 
24 51 101 0 
25 69 106 0 
26 7 15 0 
27 71 163 0 
28 71 129 0 
29 25 18 0 
30 77 99 0 
31 89 114 0 
32 98 134 0 
33 54 62 0 
34 94 261 0 
35 15 21 0 
36 46 91 0 
37 12 21 0 
38 38 108 0 
39 90 168 0 
40 98 106 0 
41 39 70 0 
42 64 153 0 
43 89 169 0 
44 98 79 0 
45 32 67 0 
46 7 18 0 
47 33 68 0 
48 34 18 0 
49 75 225 0 
50 7 13 0 
51 97 218 0 
52 87 191 0 
53 46 35 0 
54 6 16 0 
55 16 29 0 
56 23 47 0 
57 42 57 0 
58 63 168 0 
59 81 145 0 
60 81 225 0 
61 54 106 0 
62 32 70 0 
63 56 162 0 
64 59 47 0 
65 32 95 0 
66 49 30 0 
67 12 36 0 
68 37 99 0 
69 56 109 0 
70 78 195 0 
71 88 106 0 
72 38 104 0 
73 78 120 0 
74 65 58 0 
75 5 7 0 
76 75 80 0 
77 38 101 0 
78 36 92 0 
79 7 12 0 
80 77 80 0 
81 12 23 0 
82 100 67 0 
83 83 67 0 
84 41 101 0 
85 7 15 0 
86 93 55 0 
87 41 102 0 
88 14 42 0 
89 60 127 0 
90 17 45 0 
91 67 182 0 
92 43 102 0 
93 51 136 0 
94 11 17 0 
95 66 77 0 
96 96 150 0 
97 82 43 0 
98 22 29 0 
99 7 9 0 
100 94 60 0 
101 50 123 0 
102 92 230 0 
103 58 62 0 
104 63 131 0 
105 45 24 0 
106 37 29 0 
107 55 120 0 
108 34 74 0 
109 15 33 0 
110 41 105 0 
111 79 224 0 
112 9 14 0 
113 28 77 0 
114 40 28 0 
115 75 125 0 
116 28 48 0 
117 64 107 0 
118 3 4 0 
119 9 27 0 
120 32 38 0 
121 76 190 0 
122 7 12 0 
123 81 152 0 
124 75 205 0 
125 46 113 0 
126 96 74 0 
127 99 193 0 
128 82 185 0 
129 85 54 0 
130 34 80 0 
131 24 25 0 
132 89 149 0 
133 90 226 0 
134 32 63 0 
135 86 161 0 
136 82 78 0 
137 21 59 0 
138 54 104 0 
139 12 30 0 
140 64 174 0 
141 96 88 0 
142 16 47 0 
143 22 27 0 
144 47 112 0 
145 83 164 0 
146 30 69 0 
147 64 173 0 
148 39 76 0 
149 70 74 0 
150 47 43 0 
151 48 115 0 
152 84 125 0 
153 4 7 0 
154 44 122 0 
155 12 20 0 
156 44 47 0 
157 83 64 0 
158 94 110 0 
159 20 12 0 
160 84 48 0 
161 79 45 0 
162 77 157 0 
163 23 21 0 
164 34 29 0 
165 83 104 0 
166 69 58 0 
167 47 68 0 
168 100 117 0 
169 49 118 0 
170 65 51 0 
171 77 104 0 
172 6 13 0 
173 32 84 0 
174 75 178 0 
175 88 210 0 
176 11 33 0 
177 98 194 0 
178 49 33 0 
179 76 39 0 
180 13 32 0 
181 86 96 0 
182 58 167 0 
183 74 97 0 
184 74 75 0 
185 14 21 0 
186 15 17 0 
187 79 184 0 
188 61 176 0 
189 13 30 0 
190 32 92 0 
191 74 121 0 
192 69 79 0 
193 65 173 0 
194 17 26 0 
195 93 140 0 
196 89 180 0 
197 46 97 0 
198 99 255 0 
199 95 238 0 
