NAME GBP_INSTANCES\prob_2_A_4_5_1.txt
COMMENT
BINTYPES 3
ITEMS 500
BINS_SECTIONS
0 100 100 0 303 
1 120 120 0 253 
2 150 150 0 202 
ITEMS_SECTIONS
0 42 91 0 
1 91 90 0 
2 34 64 0 
3 34 38 0 
4 61 179 0 
5 81 68 0 
6 50 41 0 
7 41 102 0 
8 53 62 0 
9 67 55 0 
10 43 100 0 
11 79 92 0 
12 61 161 0 
13 45 77 0 
14 47 41 0 
15 23 19 0 
16 33 50 0 
17 47 56 0 
18 45 41 0 
19 40 45 0 
20 73 216 0 
21 88 185 0 
22 75 158 0 
23 29 72 0 
24 55 147 0 
25 23 59 0 
26 85 114 0 
27 78 86 0 
28 69 41 0 
29 26 20 0 
30 31 27 0 
31 72 117 0 
32 31 35 0 
33 71 200 0 
34 24 22 0 
35 22 65 0 
36 73 39 0 
37 100 149 0 
38 87 142 0 
39 29 51 0 
40 55 41 0 
41 42 88 0 
42 32 34 0 
43 27 70 0 
44 55 57 0 
45 92 159 0 
46 54 98 0 
47 68 194 0 
48 91 225 0 
49 96 207 0 
50 21 43 0 
51 60 137 0 
52 59 144 0 
53 62 168 0 
54 94 249 0 
55 75 76 0 
56 59 85 0 
57 56 91 0 
58 44 110 0 
59 50 133 0 
60 85 184 0 
61 88 197 0 
62 65 103 0 
63 60 167 0 
64 66 38 0 
65 79 117 0 
66 27 63 0 
67 84 71 0 
68 27 31 0 
69 26 61 0 
70 60 40 0 
71 41 26 0 
72 67 163 0 
73 73 166 0 
74 62 122 0 
75 53 64 0 
76 99 86 0 
77 25 20 0 
78 47 119 0 
79 33 66 0 
80 80 153 0 
81 28 30 0 
82 47 56 0 
83 67 81 0 
84 38 103 0 
85 28 52 0 
86 64 117 0 
87 69 158 0 
88 65 194 0 
89 50 103 0 
90 35 42 0 
91 82 208 0 
92 60 145 0 
93 28 58 0 
94 88 63 0 
95 94 151 0 
96 37 48 0 
97 34 96 0 
98 92 129 0 
99 53 51 0 
100 52 150 0 
101 31 31 0 
102 44 69 0 
103 42 64 0 
104 92 62 0 
105 81 163 0 
106 70 149 0 
107 27 46 0 
108 23 18 0 
109 49 90 0 
110 55 37 0 
111 28 78 0 
112 91 248 0 
113 64 168 0 
114 84 119 0 
115 29 47 0 
116 76 190 0 
117 42 69 0 
118 30 38 0 
119 91 78 0 
120 73 115 0 
121 29 69 0 
122 23 44 0 
123 58 48 0 
124 44 123 0 
125 55 44 0 
126 58 39 0 
127 41 36 0 
128 76 128 0 
129 64 47 0 
130 89 180 0 
131 32 29 0 
132 75 48 0 
133 56 64 0 
134 53 31 0 
135 66 100 0 
136 47 34 0 
137 34 42 0 
138 48 60 0 
139 88 62 0 
140 93 248 0 
141 57 78 0 
142 46 48 0 
143 75 151 0 
144 53 144 0 
145 75 165 0 
146 68 158 0 
147 22 22 0 
148 40 64 0 
149 90 61 0 
150 55 145 0 
151 46 136 0 
152 80 44 0 
153 66 46 0 
154 29 27 0 
155 50 124 0 
156 40 43 0 
157 64 189 0 
158 32 30 0 
159 74 195 0 
160 68 180 0 
161 21 52 0 
162 25 69 0 
163 70 103 0 
164 61 38 0 
165 49 100 0 
166 38 67 0 
167 51 138 0 
168 91 51 0 
169 29 32 0 
170 48 69 0 
171 82 198 0 
172 51 151 0 
173 28 50 0 
174 86 230 0 
175 99 142 0 
176 52 78 0 
177 59 89 0 
178 75 128 0 
179 69 168 0 
180 73 174 0 
181 81 203 0 
182 57 164 0 
183 69 62 0 
184 83 130 0 
185 40 57 0 
186 54 101 0 
187 78 48 0 
188 92 60 0 
189 39 34 0 
190 84 221 0 
191 33 89 0 
192 58 72 0 
193 49 60 0 
194 42 27 0 
195 84 44 0 
196 90 211 0 
197 44 53 0 
198 47 90 0 
199 86 118 0 
200 55 135 0 
201 50 66 0 
202 97 142 0 
203 42 85 0 
204 80 107 0 
205 30 76 0 
206 97 198 0 
207 95 154 0 
208 89 101 0 
209 63 154 0 
210 78 224 0 
211 60 106 0 
212 34 29 0 
213 96 221 0 
214 54 79 0 
215 40 25 0 
216 73 209 0 
217 40 107 0 
218 73 113 0 
219 30 50 0 
220 38 59 0 
221 50 96 0 
222 65 82 0 
223 67 84 0 
224 88 170 0 
225 96 217 0 
226 22 27 0 
227 96 143 0 
228 42 92 0 
229 85 228 0 
230 65 181 0 
231 86 203 0 
232 93 117 0 
233 47 129 0 
234 40 110 0 
235 29 76 0 
236 78 94 0 
237 56 116 0 
238 100 232 0 
239 46 49 0 
240 88 54 0 
241 98 219 0 
242 25 44 0 
243 72 66 0 
244 62 78 0 
245 61 84 0 
246 80 74 0 
247 69 126 0 
248 40 109 0 
249 39 23 0 
250 42 32 0 
251 60 50 0 
252 76 131 0 
253 97 175 0 
254 84 165 0 
255 71 64 0 
256 39 64 0 
257 79 195 0 
258 64 104 0 
259 80 49 0 
260 74 179 0 
261 62 32 0 
262 98 271 0 
263 34 72 0 
264 32 93 0 
265 100 155 0 
266 22 22 0 
267 52 81 0 
268 60 135 0 
269 29 39 0 
270 53 145 0 
271 79 121 0 
272 44 88 0 
273 65 49 0 
274 86 245 0 
275 52 119 0 
276 92 71 0 
277 69 192 0 
278 28 19 0 
279 92 159 0 
280 53 121 0 
281 61 63 0 
282 52 112 0 
283 30 33 0 
284 41 61 0 
285 24 51 0 
286 29 50 0 
287 89 191 0 
288 26 45 0 
289 43 121 0 
290 83 247 0 
291 34 45 0 
292 61 126 0 
293 31 80 0 
294 84 134 0 
295 58 167 0 
296 100 151 0 
297 94 238 0 
298 82 59 0 
299 67 198 0 
300 81 177 0 
301 38 56 0 
302 91 176 0 
303 73 66 0 
304 35 69 0 
305 73 79 0 
306 83 228 0 
307 52 122 0 
308 97 88 0 
309 61 145 0 
310 48 60 0 
311 33 66 0 
312 96 185 0 
313 96 204 0 
314 92 125 0 
315 70 127 0 
316 45 119 0 
317 85 161 0 
318 43 50 0 
319 71 110 0 
320 84 44 0 
321 79 194 0 
322 55 78 0 
323 65 114 0 
324 73 55 0 
325 60 128 0 
326 64 189 0 
327 38 26 0 
328 39 111 0 
329 43 27 0 
330 78 101 0 
331 57 107 0 
332 71 147 0 
333 21 21 0 
334 46 94 0 
335 52 33 0 
336 54 88 0 
337 37 101 0 
338 62 64 0 
339 72 187 0 
340 88 47 0 
341 68 113 0 
342 66 173 0 
343 42 81 0 
344 72 122 0 
345 100 114 0 
346 49 51 0 
347 98 281 0 
348 79 224 0 
349 61 167 0 
350 47 56 0 
351 35 40 0 
352 85 197 0 
353 86 132 0 
354 90 242 0 
355 67 48 0 
356 59 118 0 
357 60 100 0 
358 92 112 0 
359 77 119 0 
360 72 128 0 
361 88 250 0 
362 87 110 0 
363 33 84 0 
364 80 190 0 
365 82 129 0 
366 89 249 0 
367 28 22 0 
368 90 213 0 
369 80 173 0 
370 40 54 0 
371 61 64 0 
372 32 65 0 
373 46 69 0 
374 28 51 0 
375 100 112 0 
376 41 46 0 
377 78 52 0 
378 28 55 0 
379 58 89 0 
380 89 150 0 
381 60 51 0 
382 61 145 0 
383 67 98 0 
384 60 47 0 
385 92 53 0 
386 36 86 0 
387 41 23 0 
388 88 152 0 
389 31 64 0 
390 82 147 0 
391 29 22 0 
392 97 263 0 
393 98 95 0 
394 82 165 0 
395 34 26 0 
396 32 29 0 
397 94 237 0 
398 88 168 0 
399 80 140 0 
400 54 60 0 
401 52 112 0 
402 96 271 0 
403 73 157 0 
404 96 232 0 
405 38 61 0 
406 55 68 0 
407 91 187 0 
408 61 109 0 
409 84 126 0 
410 30 58 0 
411 82 190 0 
412 60 114 0 
413 38 28 0 
414 41 40 0 
415 80 227 0 
416 34 29 0 
417 90 115 0 
418 40 117 0 
419 97 65 0 
420 22 62 0 
421 61 80 0 
422 45 104 0 
423 53 93 0 
424 91 125 0 
425 69 70 0 
426 92 257 0 
427 46 122 0 
428 52 106 0 
429 95 227 0 
430 88 229 0 
431 35 61 0 
432 90 115 0 
433 91 151 0 
434 44 91 0 
435 32 54 0 
436 81 174 0 
437 95 164 0 
438 46 28 0 
439 51 95 0 
440 27 46 0 
441 57 46 0 
442 35 43 0 
443 90 230 0 
444 94 122 0 
445 39 55 0 
446 42 125 0 
447 56 106 0 
448 32 81 0 
449 43 91 0 
450 66 111 0 
451 51 47 0 
452 84 133 0 
453 86 213 0 
454 90 64 0 
455 58 31 0 
456 27 67 0 
457 45 45 0 
458 46 88 0 
459 82 223 0 
460 61 127 0 
461 53 139 0 
462 72 170 0 
463 28 24 0 
464 21 44 0 
465 64 169 0 
466 77 204 0 
467 48 107 0 
468 69 174 0 
469 38 40 0 
470 81 214 0 
471 79 170 0 
472 72 71 0 
473 63 130 0 
474 80 150 0 
475 29 54 0 
476 92 234 0 
477 33 32 0 
478 54 73 0 
479 41 51 0 
480 77 48 0 
481 39 86 0 
482 54 77 0 
483 68 85 0 
484 52 73 0 
485 48 41 0 
486 22 21 0 
487 98 189 0 
488 37 90 0 
489 37 100 0 
490 90 125 0 
491 23 16 0 
492 98 268 0 
493 23 43 0 
494 39 117 0 
495 100 203 0 
496 69 188 0 
497 43 74 0 
498 46 47 0 
499 98 177 0 
