NAME GBP_INSTANCES\prob_3_A_1_2_1.txt
COMMENT
BINTYPES 3
ITEMS 50
BINS_SECTIONS
0 100 100 0 39 
1 120 120 0 33 
2 150 150 0 26 
ITEMS_SECTIONS
0 72 58 0 
1 55 51 0 
2 93 182 0 
3 64 130 0 
4 70 114 0 
5 57 95 0 
6 95 255 0 
7 58 62 0 
8 83 47 0 
9 85 241 0 
10 63 39 0 
11 98 142 0 
12 76 216 0 
13 88 51 0 
14 95 166 0 
15 62 174 0 
16 95 284 0 
17 80 61 0 
18 90 95 0 
19 94 178 0 
20 53 64 0 
21 83 113 0 
22 61 45 0 
23 58 34 0 
24 72 158 0 
25 98 169 0 
26 100 150 0 
27 70 154 0 
28 74 104 0 
29 66 44 0 
30 70 181 0 
31 52 81 0 
32 56 91 0 
33 98 146 0 
34 100 254 0 
35 70 135 0 
36 87 136 0 
37 74 159 0 
38 90 53 0 
39 97 164 0 
40 62 74 0 
41 94 122 0 
42 77 117 0 
43 71 70 0 
44 92 70 0 
45 88 253 0 
46 62 99 0 
47 96 68 0 
48 80 117 0 
49 64 122 0 
