NAME GBP_INSTANCES\prob_3_A_1_1_1.txt
COMMENT
BINTYPES 3
ITEMS 50
BINS_SECTIONS
0 100 100 0 38 
1 120 120 0 32 
2 150 150 0 25 
ITEMS_SECTIONS
0 59 103 0 
1 95 226 0 
2 59 134 0 
3 89 86 0 
4 73 166 0 
5 97 204 0 
6 84 225 0 
7 84 49 0 
8 59 107 0 
9 54 82 0 
10 92 66 0 
11 51 31 0 
12 95 251 0 
13 70 108 0 
14 65 166 0 
15 93 250 0 
16 70 67 0 
17 92 86 0 
18 92 155 0 
19 52 122 0 
20 56 62 0 
21 94 278 0 
22 97 151 0 
23 68 69 0 
24 66 54 0 
25 63 70 0 
26 56 159 0 
27 64 180 0 
28 95 250 0 
29 51 51 0 
30 82 227 0 
31 61 104 0 
32 98 120 0 
33 96 111 0 
34 61 141 0 
35 60 141 0 
36 89 240 0 
37 64 94 0 
38 77 85 0 
39 81 169 0 
40 81 209 0 
41 68 148 0 
42 63 151 0 
43 55 41 0 
44 89 60 0 
45 77 212 0 
46 58 155 0 
47 63 90 0 
48 73 82 0 
49 98 67 0 
