NAME GBP_INSTANCES\prob_2_A_3_5_1.txt
COMMENT
BINTYPES 3
ITEMS 200
BINS_SECTIONS
0 100 100 0 118 
1 120 120 0 99 
2 150 150 0 79 
ITEMS_SECTIONS
0 54 116 0 
1 40 75 0 
2 59 56 0 
3 64 124 0 
4 89 170 0 
5 49 123 0 
6 76 226 0 
7 28 29 0 
8 47 120 0 
9 89 64 0 
10 22 49 0 
11 62 92 0 
12 57 76 0 
13 32 66 0 
14 54 57 0 
15 87 184 0 
16 32 56 0 
17 42 78 0 
18 68 53 0 
19 72 60 0 
20 93 244 0 
21 48 63 0 
22 75 66 0 
23 86 52 0 
24 23 15 0 
25 67 180 0 
26 57 44 0 
27 41 87 0 
28 57 109 0 
29 79 115 0 
30 64 54 0 
31 71 146 0 
32 28 22 0 
33 21 30 0 
34 21 22 0 
35 59 177 0 
36 38 53 0 
37 97 74 0 
38 100 63 0 
39 45 26 0 
40 82 116 0 
41 65 155 0 
42 66 82 0 
43 50 70 0 
44 32 20 0 
45 97 202 0 
46 73 161 0 
47 68 111 0 
48 40 32 0 
49 26 33 0 
50 26 41 0 
51 51 47 0 
52 78 81 0 
53 71 204 0 
54 60 148 0 
55 77 58 0 
56 69 84 0 
57 72 94 0 
58 71 189 0 
59 45 75 0 
60 78 147 0 
61 21 63 0 
62 37 94 0 
63 51 34 0 
64 97 147 0 
65 50 135 0 
66 99 79 0 
67 62 132 0 
68 72 216 0 
69 74 48 0 
70 74 111 0 
71 47 31 0 
72 50 70 0 
73 69 58 0 
74 81 85 0 
75 67 85 0 
76 35 88 0 
77 71 193 0 
78 33 55 0 
79 27 68 0 
80 81 232 0 
81 54 129 0 
82 78 234 0 
83 46 122 0 
84 55 44 0 
85 67 188 0 
86 58 94 0 
87 30 50 0 
88 64 145 0 
89 66 116 0 
90 81 167 0 
91 30 73 0 
92 30 88 0 
93 58 173 0 
94 95 236 0 
95 63 178 0 
96 44 77 0 
97 80 116 0 
98 92 50 0 
99 85 94 0 
100 66 87 0 
101 60 87 0 
102 38 49 0 
103 94 88 0 
104 33 81 0 
105 45 43 0 
106 22 40 0 
107 74 55 0 
108 71 126 0 
109 56 147 0 
110 37 58 0 
111 79 85 0 
112 35 77 0 
113 41 83 0 
114 71 48 0 
115 23 69 0 
116 58 101 0 
117 59 103 0 
118 58 82 0 
119 97 113 0 
120 69 139 0 
121 76 94 0 
122 50 41 0 
123 31 72 0 
124 36 67 0 
125 34 65 0 
126 90 237 0 
127 37 59 0 
128 90 176 0 
129 69 128 0 
130 56 44 0 
131 51 137 0 
132 51 56 0 
133 21 56 0 
134 90 150 0 
135 32 37 0 
136 69 144 0 
137 23 42 0 
138 99 264 0 
139 99 70 0 
140 62 77 0 
141 42 41 0 
142 86 85 0 
143 49 36 0 
144 62 53 0 
145 68 146 0 
146 31 48 0 
147 99 176 0 
148 39 86 0 
149 39 26 0 
150 25 21 0 
151 60 72 0 
152 22 20 0 
153 57 36 0 
154 37 62 0 
155 69 205 0 
156 57 84 0 
157 83 160 0 
158 92 276 0 
159 91 208 0 
160 92 193 0 
161 63 109 0 
162 68 82 0 
163 27 55 0 
164 59 173 0 
165 54 141 0 
166 63 96 0 
167 57 163 0 
168 78 150 0 
169 42 89 0 
170 61 113 0 
171 78 225 0 
172 87 186 0 
173 65 67 0 
174 79 236 0 
175 29 29 0 
176 38 105 0 
177 68 124 0 
178 82 121 0 
179 55 102 0 
180 26 54 0 
181 45 127 0 
182 62 84 0 
183 47 52 0 
184 60 44 0 
185 50 30 0 
186 42 82 0 
187 74 150 0 
188 51 145 0 
189 66 154 0 
190 70 67 0 
191 51 32 0 
192 26 73 0 
193 37 46 0 
194 58 129 0 
195 71 54 0 
196 37 85 0 
197 60 141 0 
198 89 231 0 
199 71 66 0 
