NAME GBP_INSTANCES\prob_2_B_0_5_1.txt
COMMENT
BINTYPES 5
ITEMS 25
BINS_SECTIONS
0 60 60 0 23 
1 80 80 0 18 
2 100 100 0 14 
3 120 120 0 12 
4 150 150 0 10 
ITEMS_SECTIONS
0 63 141 0 
1 61 31 0 
2 88 107 0 
3 82 105 0 
4 46 93 0 
5 34 87 0 
6 73 160 0 
7 33 45 0 
8 48 78 0 
9 98 212 0 
10 23 31 0 
11 37 35 0 
12 40 28 0 
13 34 21 0 
14 72 174 0 
15 94 244 0 
16 43 36 0 
17 52 69 0 
18 30 29 0 
19 41 50 0 
20 46 26 0 
21 85 217 0 
22 50 102 0 
23 80 213 0 
24 25 69 0 
