NAME GBP_INSTANCES\prob_1_A_1_8_1.txt
COMMENT
BINTYPES 3
ITEMS 50
BINS_SECTIONS
0 100 100 0 26 
1 120 120 0 22 
2 150 150 0 18 
ITEMS_SECTIONS
0 57 110 0 
1 27 24 0 
2 68 155 0 
3 94 159 0 
4 57 82 0 
5 94 262 0 
6 70 47 0 
7 77 153 0 
8 5 15 0 
9 96 134 0 
10 63 117 0 
11 83 101 0 
12 25 16 0 
13 3 2 0 
14 24 65 0 
15 88 234 0 
16 55 85 0 
17 46 68 0 
18 34 39 0 
19 35 82 0 
20 5 15 0 
21 34 32 0 
22 76 118 0 
23 12 20 0 
24 28 76 0 
25 84 65 0 
26 76 118 0 
27 39 108 0 
28 79 57 0 
29 75 202 0 
30 78 212 0 
31 81 55 0 
32 10 9 0 
33 88 197 0 
34 53 37 0 
35 82 88 0 
36 10 23 0 
37 27 33 0 
38 39 38 0 
39 51 77 0 
40 24 18 0 
41 3 5 0 
42 3 2 0 
43 82 215 0 
44 53 84 0 
45 63 182 0 
46 30 89 0 
47 53 129 0 
48 88 219 0 
49 62 162 0 
