NAME GBP_INSTANCES\prob_3_A_3_7_1.txt
COMMENT
BINTYPES 3
ITEMS 200
BINS_SECTIONS
0 100 100 0 150 
1 120 120 0 125 
2 150 150 0 100 
ITEMS_SECTIONS
0 83 218 0 
1 58 78 0 
2 85 227 0 
3 88 74 0 
4 77 45 0 
5 75 105 0 
6 61 169 0 
7 97 255 0 
8 88 61 0 
9 51 135 0 
10 77 161 0 
11 52 87 0 
12 54 159 0 
13 63 45 0 
14 79 171 0 
15 88 47 0 
16 91 107 0 
17 92 164 0 
18 52 148 0 
19 63 137 0 
20 64 170 0 
21 86 212 0 
22 88 241 0 
23 94 58 0 
24 80 201 0 
25 82 218 0 
26 68 94 0 
27 92 159 0 
28 80 44 0 
29 100 207 0 
30 72 208 0 
31 51 78 0 
32 79 217 0 
33 87 191 0 
34 95 147 0 
35 54 88 0 
36 72 211 0 
37 64 149 0 
38 88 117 0 
39 86 189 0 
40 62 177 0 
41 53 113 0 
42 65 175 0 
43 74 156 0 
44 83 230 0 
45 94 194 0 
46 64 48 0 
47 94 266 0 
48 56 34 0 
49 83 117 0 
50 78 169 0 
51 64 146 0 
52 67 171 0 
53 74 201 0 
54 95 117 0 
55 67 99 0 
56 100 167 0 
57 90 88 0 
58 91 59 0 
59 67 170 0 
60 59 126 0 
61 88 114 0 
62 87 106 0 
63 59 136 0 
64 81 57 0 
65 60 89 0 
66 56 122 0 
67 79 179 0 
68 91 56 0 
69 75 111 0 
70 88 137 0 
71 56 89 0 
72 81 199 0 
73 93 279 0 
74 54 67 0 
75 80 234 0 
76 53 126 0 
77 100 262 0 
78 70 71 0 
79 73 89 0 
80 54 143 0 
81 56 32 0 
82 66 186 0 
83 87 52 0 
84 100 172 0 
85 92 180 0 
86 95 219 0 
87 65 185 0 
88 58 140 0 
89 56 108 0 
90 94 161 0 
91 82 113 0 
92 97 279 0 
93 100 127 0 
94 86 190 0 
95 63 138 0 
96 67 151 0 
97 86 233 0 
98 73 41 0 
99 95 235 0 
100 63 118 0 
101 77 204 0 
102 80 117 0 
103 69 192 0 
104 93 151 0 
105 82 177 0 
106 75 71 0 
107 72 50 0 
108 55 56 0 
109 69 58 0 
110 89 65 0 
111 79 132 0 
112 88 137 0 
113 60 81 0 
114 63 63 0 
115 98 289 0 
116 52 138 0 
117 85 158 0 
118 89 266 0 
119 72 50 0 
120 51 33 0 
121 56 154 0 
122 79 229 0 
123 97 272 0 
124 70 91 0 
125 76 137 0 
126 65 112 0 
127 62 91 0 
128 65 91 0 
129 53 143 0 
130 86 154 0 
131 99 132 0 
132 88 247 0 
133 90 131 0 
134 94 201 0 
135 79 159 0 
136 94 205 0 
137 60 31 0 
138 97 76 0 
139 72 102 0 
140 52 56 0 
141 92 255 0 
142 72 55 0 
143 59 119 0 
144 60 70 0 
145 73 173 0 
146 51 51 0 
147 78 131 0 
148 84 68 0 
149 53 131 0 
150 87 201 0 
151 62 89 0 
152 74 143 0 
153 95 66 0 
154 79 182 0 
155 94 107 0 
156 78 145 0 
157 60 138 0 
158 83 209 0 
159 99 167 0 
160 51 124 0 
161 80 173 0 
162 70 86 0 
163 57 97 0 
164 90 185 0 
165 91 91 0 
166 71 197 0 
167 83 201 0 
168 79 149 0 
169 96 205 0 
170 73 113 0 
171 68 118 0 
172 80 235 0 
173 65 96 0 
174 82 213 0 
175 52 129 0 
176 71 63 0 
177 54 102 0 
178 100 181 0 
179 75 72 0 
180 84 138 0 
181 99 201 0 
182 60 56 0 
183 56 129 0 
184 72 96 0 
185 56 122 0 
186 68 184 0 
187 69 73 0 
188 94 111 0 
189 51 55 0 
190 56 143 0 
191 59 172 0 
192 51 39 0 
193 65 122 0 
194 87 179 0 
195 51 104 0 
196 69 69 0 
197 63 125 0 
198 64 174 0 
199 71 130 0 
