NAME GBP_INSTANCES\prob_3_B_2_9_1.txt
COMMENT
BINTYPES 5
ITEMS 100
BINS_SECTIONS
0 60 60 0 131 
1 80 80 0 98 
2 100 100 0 79 
3 120 120 0 66 
4 150 150 0 53 
ITEMS_SECTIONS
0 73 170 0 
1 89 125 0 
2 71 169 0 
3 55 159 0 
4 63 122 0 
5 87 141 0 
6 92 276 0 
7 79 214 0 
8 98 270 0 
9 86 92 0 
10 74 40 0 
11 52 109 0 
12 51 60 0 
13 89 94 0 
14 93 115 0 
15 64 99 0 
16 88 162 0 
17 89 229 0 
18 99 259 0 
19 98 284 0 
20 86 204 0 
21 94 231 0 
22 57 42 0 
23 58 120 0 
24 79 196 0 
25 90 220 0 
26 99 81 0 
27 95 238 0 
28 54 136 0 
29 59 130 0 
30 96 148 0 
31 91 246 0 
32 72 126 0 
33 97 274 0 
34 69 170 0 
35 79 124 0 
36 84 145 0 
37 96 254 0 
38 87 130 0 
39 93 143 0 
40 73 60 0 
41 83 185 0 
42 74 43 0 
43 55 39 0 
44 85 240 0 
45 81 171 0 
46 74 73 0 
47 62 45 0 
48 83 199 0 
49 98 126 0 
50 59 96 0 
51 51 89 0 
52 85 94 0 
53 79 73 0 
54 51 101 0 
55 99 179 0 
56 78 132 0 
57 59 118 0 
58 66 192 0 
59 85 208 0 
60 56 158 0 
61 87 140 0 
62 98 98 0 
63 66 68 0 
64 85 114 0 
65 51 59 0 
66 87 230 0 
67 57 164 0 
68 87 228 0 
69 97 76 0 
70 57 129 0 
71 58 142 0 
72 99 160 0 
73 99 222 0 
74 58 133 0 
75 59 65 0 
76 99 180 0 
77 82 173 0 
78 51 82 0 
79 94 203 0 
80 97 200 0 
81 62 174 0 
82 59 142 0 
83 97 81 0 
84 51 54 0 
85 92 96 0 
86 98 201 0 
87 85 231 0 
88 90 236 0 
89 88 75 0 
90 90 187 0 
91 92 175 0 
92 51 131 0 
93 73 70 0 
94 71 69 0 
95 58 57 0 
96 81 161 0 
97 99 268 0 
98 60 50 0 
99 94 58 0 
