NAME GBP_INSTANCES\prob_1_B_3_8_1.txt
COMMENT
BINTYPES 5
ITEMS 200
BINS_SECTIONS
0 60 60 0 169 
1 80 80 0 127 
2 100 100 0 102 
3 120 120 0 85 
4 150 150 0 68 
ITEMS_SECTIONS
0 89 181 0 
1 39 52 0 
2 59 33 0 
3 59 137 0 
4 93 209 0 
5 91 63 0 
6 39 91 0 
7 65 34 0 
8 24 54 0 
9 79 95 0 
10 58 118 0 
11 100 75 0 
12 25 27 0 
13 45 69 0 
14 62 44 0 
15 25 55 0 
16 70 115 0 
17 34 29 0 
18 96 169 0 
19 14 8 0 
20 57 163 0 
21 60 135 0 
22 38 26 0 
23 36 107 0 
24 15 28 0 
25 4 9 0 
26 37 87 0 
27 19 42 0 
28 90 160 0 
29 71 211 0 
30 87 53 0 
31 91 141 0 
32 34 97 0 
33 8 7 0 
34 59 129 0 
35 81 130 0 
36 63 48 0 
37 91 199 0 
38 12 25 0 
39 64 135 0 
40 15 31 0 
41 90 131 0 
42 89 80 0 
43 33 70 0 
44 69 43 0 
45 33 34 0 
46 67 145 0 
47 90 178 0 
48 61 50 0 
49 54 108 0 
50 10 15 0 
51 29 40 0 
52 52 39 0 
53 67 143 0 
54 23 24 0 
55 4 4 0 
56 85 147 0 
57 42 124 0 
58 66 143 0 
59 54 111 0 
60 95 282 0 
61 18 18 0 
62 5 10 0 
63 99 93 0 
64 91 140 0 
65 46 64 0 
66 57 102 0 
67 49 58 0 
68 94 156 0 
69 89 182 0 
70 32 31 0 
71 43 38 0 
72 40 85 0 
73 61 42 0 
74 10 30 0 
75 91 96 0 
76 22 53 0 
77 45 123 0 
78 41 26 0 
79 7 5 0 
80 7 6 0 
81 74 82 0 
82 48 90 0 
83 100 275 0 
84 75 67 0 
85 9 10 0 
86 86 207 0 
87 51 93 0 
88 28 25 0 
89 88 248 0 
90 43 114 0 
91 90 154 0 
92 16 35 0 
93 10 29 0 
94 46 79 0 
95 42 67 0 
96 26 67 0 
97 87 261 0 
98 54 98 0 
99 48 120 0 
100 88 67 0 
101 66 60 0 
102 100 206 0 
103 6 11 0 
104 29 56 0 
105 37 101 0 
106 58 73 0 
107 66 63 0 
108 40 68 0 
109 9 20 0 
110 6 11 0 
111 18 53 0 
112 82 202 0 
113 24 70 0 
114 61 63 0 
115 95 203 0 
116 15 45 0 
117 32 45 0 
118 51 100 0 
119 37 85 0 
120 35 96 0 
121 31 52 0 
122 4 4 0 
123 46 26 0 
124 44 67 0 
125 90 200 0 
126 9 22 0 
127 66 42 0 
128 23 26 0 
129 52 54 0 
130 51 49 0 
131 25 16 0 
132 18 48 0 
133 37 97 0 
134 61 74 0 
135 63 74 0 
136 38 83 0 
137 44 117 0 
138 71 177 0 
139 5 14 0 
140 51 77 0 
141 84 148 0 
142 33 92 0 
143 76 73 0 
144 85 119 0 
145 12 30 0 
146 96 167 0 
147 37 77 0 
148 28 47 0 
149 18 47 0 
150 87 123 0 
151 28 76 0 
152 22 42 0 
153 38 92 0 
154 82 240 0 
155 100 128 0 
156 45 65 0 
157 39 57 0 
158 35 97 0 
159 30 39 0 
160 91 190 0 
161 45 120 0 
162 44 36 0 
163 84 126 0 
164 29 60 0 
165 49 57 0 
166 9 13 0 
167 39 40 0 
168 43 48 0 
169 96 201 0 
170 80 83 0 
171 15 28 0 
172 57 95 0 
173 65 118 0 
174 39 99 0 
175 44 112 0 
176 34 27 0 
177 37 64 0 
178 99 283 0 
179 12 20 0 
180 48 135 0 
181 83 150 0 
182 12 18 0 
183 2 2 0 
184 26 45 0 
185 65 68 0 
186 12 8 0 
187 89 132 0 
188 55 93 0 
189 67 63 0 
190 18 16 0 
191 100 266 0 
192 62 55 0 
193 53 138 0 
194 25 68 0 
195 91 166 0 
196 39 59 0 
197 86 191 0 
198 81 164 0 
199 63 177 0 
