NAME GBP_INSTANCES\prob_2_B_1_5_1.txt
COMMENT
BINTYPES 5
ITEMS 50
BINS_SECTIONS
0 60 60 0 52 
1 80 80 0 39 
2 100 100 0 31 
3 120 120 0 26 
4 150 150 0 21 
ITEMS_SECTIONS
0 90 91 0 
1 86 143 0 
2 67 140 0 
3 71 41 0 
4 21 26 0 
5 61 158 0 
6 68 125 0 
7 82 184 0 
8 56 151 0 
9 85 93 0 
10 25 37 0 
11 57 116 0 
12 72 111 0 
13 23 62 0 
14 37 48 0 
15 62 158 0 
16 22 41 0 
17 70 194 0 
18 47 72 0 
19 47 50 0 
20 86 225 0 
21 83 157 0 
22 78 85 0 
23 99 144 0 
24 22 54 0 
25 91 238 0 
26 97 215 0 
27 51 99 0 
28 81 227 0 
29 58 123 0 
30 96 146 0 
31 40 77 0 
32 41 109 0 
33 62 119 0 
34 98 207 0 
35 33 28 0 
36 80 60 0 
37 38 22 0 
38 60 163 0 
39 70 137 0 
40 44 27 0 
41 67 107 0 
42 30 80 0 
43 60 75 0 
44 22 25 0 
45 34 22 0 
46 95 281 0 
47 67 76 0 
48 79 116 0 
49 62 56 0 
