NAME GBP_INSTANCES\prob_2_B_3_6_1.txt
COMMENT
BINTYPES 5
ITEMS 200
BINS_SECTIONS
0 60 60 0 198 
1 80 80 0 148 
2 100 100 0 119 
3 120 120 0 99 
4 150 150 0 79 
ITEMS_SECTIONS
0 29 67 0 
1 40 55 0 
2 78 211 0 
3 88 201 0 
4 90 50 0 
5 62 120 0 
6 55 64 0 
7 80 104 0 
8 32 64 0 
9 76 198 0 
10 87 154 0 
11 33 77 0 
12 61 49 0 
13 87 202 0 
14 57 165 0 
15 74 129 0 
16 57 120 0 
17 28 25 0 
18 27 76 0 
19 55 47 0 
20 96 229 0 
21 50 132 0 
22 93 141 0 
23 89 89 0 
24 35 67 0 
25 38 72 0 
26 28 68 0 
27 55 103 0 
28 84 175 0 
29 26 70 0 
30 75 49 0 
31 35 75 0 
32 36 45 0 
33 89 49 0 
34 53 134 0 
35 89 100 0 
36 55 83 0 
37 25 47 0 
38 35 76 0 
39 64 39 0 
40 100 246 0 
41 55 117 0 
42 28 40 0 
43 71 83 0 
44 24 54 0 
45 46 89 0 
46 48 103 0 
47 93 195 0 
48 72 185 0 
49 90 217 0 
50 39 114 0 
51 72 70 0 
52 46 48 0 
53 93 157 0 
54 62 119 0 
55 68 102 0 
56 60 98 0 
57 22 17 0 
58 38 110 0 
59 75 69 0 
60 39 104 0 
61 55 104 0 
62 43 124 0 
63 27 58 0 
64 85 153 0 
65 43 112 0 
66 23 64 0 
67 94 129 0 
68 63 143 0 
69 93 78 0 
70 25 17 0 
71 21 57 0 
72 42 119 0 
73 76 159 0 
74 39 116 0 
75 79 89 0 
76 38 74 0 
77 29 62 0 
78 72 69 0 
79 82 243 0 
80 47 44 0 
81 56 112 0 
82 23 48 0 
83 82 68 0 
84 88 70 0 
85 28 20 0 
86 73 94 0 
87 44 127 0 
88 59 97 0 
89 67 47 0 
90 27 27 0 
91 68 148 0 
92 73 64 0 
93 45 123 0 
94 82 84 0 
95 44 126 0 
96 47 83 0 
97 46 106 0 
98 32 30 0 
99 64 39 0 
100 79 235 0 
101 94 133 0 
102 89 54 0 
103 91 57 0 
104 74 211 0 
105 64 122 0 
106 85 135 0 
107 26 63 0 
108 85 184 0 
109 69 38 0 
110 24 18 0 
111 64 68 0 
112 43 104 0 
113 85 83 0 
114 83 93 0 
115 48 99 0 
116 38 32 0 
117 74 198 0 
118 71 212 0 
119 59 125 0 
120 77 211 0 
121 70 161 0 
122 54 122 0 
123 50 87 0 
124 57 35 0 
125 65 147 0 
126 85 125 0 
127 51 116 0 
128 90 154 0 
129 33 34 0 
130 83 128 0 
131 46 54 0 
132 85 88 0 
133 82 214 0 
134 50 29 0 
135 58 88 0 
136 68 53 0 
137 48 139 0 
138 84 136 0 
139 53 43 0 
140 81 149 0 
141 27 53 0 
142 36 80 0 
143 23 35 0 
144 95 102 0 
145 45 72 0 
146 39 72 0 
147 23 33 0 
148 46 131 0 
149 39 85 0 
150 76 121 0 
151 41 49 0 
152 54 42 0 
153 34 41 0 
154 60 180 0 
155 43 103 0 
156 34 74 0 
157 89 68 0 
158 24 72 0 
159 57 55 0 
160 40 38 0 
161 44 30 0 
162 52 138 0 
163 93 88 0 
164 82 67 0 
165 99 121 0 
166 49 146 0 
167 75 141 0 
168 34 73 0 
169 86 241 0 
170 76 187 0 
171 66 40 0 
172 41 92 0 
173 73 92 0 
174 79 155 0 
175 77 142 0 
176 58 72 0 
177 70 53 0 
178 67 182 0 
179 63 80 0 
180 42 93 0 
181 39 113 0 
182 29 66 0 
183 49 136 0 
184 70 140 0 
185 72 186 0 
186 22 27 0 
187 78 182 0 
188 69 89 0 
189 81 191 0 
190 27 57 0 
191 43 23 0 
192 99 210 0 
193 69 203 0 
194 97 231 0 
195 28 69 0 
196 88 197 0 
197 94 265 0 
198 65 159 0 
199 24 18 0 
