NAME GBP_INSTANCES\prob_2_B_1_1_6.txt
COMMENT
BINTYPES 5
ITEMS 50
BINS_SECTIONS
0 60 60 0 50 
1 80 80 0 38 
2 100 100 0 30 
3 120 120 0 25 
4 150 150 0 20 
ITEMS_SECTIONS
0 27 48 0
1 76 150 0
2 51 85 0
3 44 150 0
4 83 254 0
5 36 76 0
6 48 65 0
7 82 48 0
8 47 74 0
9 28 41 0
10 93 236 0
11 83 220 0
12 64 125 0
13 89 96 0
14 31 65 0
15 79 52 0
16 31 66 0
17 21 58 0
18 46 125 0
19 74 160 0
20 57 134 0
21 59 188 0
22 38 77 0
23 31 55 0
24 36 20 0
25 27 52 0
26 51 102 0
27 88 116 0
28 36 79 0
29 94 86 0
30 69 128 0
31 80 94 0
32 47 43 0
33 99 327 0
34 26 61 0
35 66 166 0
36 53 139 0
37 96 223 0
38 90 255 0
39 61 159 0
40 98 259 0
41 55 141 0
42 77 205 0
43 31 88 0
44 34 95 0
45 57 94 0
46 69 43 0
47 100 217 0
48 59 195 0
49 77 189 0
