NAME GBP_INSTANCES\prob_1_A_2_3_1.txt
COMMENT
BINTYPES 3
ITEMS 100
BINS_SECTIONS
0 100 100 0 48 
1 120 120 0 40 
2 150 150 0 32 
ITEMS_SECTIONS
0 3 5 0 
1 17 45 0 
2 18 16 0 
3 8 23 0 
4 90 139 0 
5 37 86 0 
6 2 3 0 
7 50 54 0 
8 12 10 0 
9 20 43 0 
10 28 35 0 
11 79 143 0 
12 26 22 0 
13 6 14 0 
14 55 95 0 
15 5 7 0 
16 36 57 0 
17 19 12 0 
18 73 80 0 
19 88 143 0 
20 57 103 0 
21 94 263 0 
22 15 40 0 
23 85 164 0 
24 71 47 0 
25 69 52 0 
26 6 13 0 
27 23 17 0 
28 55 162 0 
29 17 30 0 
30 31 79 0 
31 48 45 0 
32 45 72 0 
33 23 58 0 
34 28 60 0 
35 35 27 0 
36 18 20 0 
37 64 136 0 
38 86 65 0 
39 77 226 0 
40 55 32 0 
41 100 70 0 
42 74 145 0 
43 57 95 0 
44 62 63 0 
45 40 39 0 
46 63 189 0 
47 21 31 0 
48 13 9 0 
49 89 94 0 
50 75 190 0 
51 51 143 0 
52 99 52 0 
53 37 107 0 
54 14 38 0 
55 60 70 0 
56 53 88 0 
57 93 208 0 
58 20 11 0 
59 98 66 0 
60 4 6 0 
61 42 42 0 
62 5 10 0 
63 14 26 0 
64 56 56 0 
65 5 14 0 
66 94 231 0 
67 27 78 0 
68 61 54 0 
69 88 106 0 
70 55 127 0 
71 88 247 0 
72 34 50 0 
73 24 49 0 
74 15 8 0 
75 71 204 0 
76 13 32 0 
77 42 118 0 
78 62 179 0 
79 56 61 0 
80 17 14 0 
81 16 9 0 
82 43 85 0 
83 76 200 0 
84 80 176 0 
85 19 53 0 
86 14 8 0 
87 76 204 0 
88 29 72 0 
89 98 280 0 
90 97 103 0 
91 39 50 0 
92 82 137 0 
93 51 60 0 
94 86 156 0 
95 53 96 0 
96 41 85 0 
97 74 47 0 
98 41 73 0 
99 76 163 0 
