NAME GBP_INSTANCES\prob_3_A_1_9_1.txt
COMMENT
BINTYPES 3
ITEMS 50
BINS_SECTIONS
0 100 100 0 37 
1 120 120 0 31 
2 150 150 0 25 
ITEMS_SECTIONS
0 70 159 0 
1 62 119 0 
2 77 109 0 
3 93 173 0 
4 58 93 0 
5 85 252 0 
6 78 216 0 
7 98 207 0 
8 58 153 0 
9 83 139 0 
10 93 271 0 
11 53 152 0 
12 84 69 0 
13 61 145 0 
14 54 72 0 
15 80 206 0 
16 51 96 0 
17 64 190 0 
18 97 230 0 
19 87 53 0 
20 68 101 0 
21 96 180 0 
22 56 105 0 
23 73 159 0 
24 67 135 0 
25 74 207 0 
26 73 187 0 
27 64 101 0 
28 97 136 0 
29 56 164 0 
30 82 211 0 
31 57 137 0 
32 58 61 0 
33 56 40 0 
34 77 224 0 
35 96 197 0 
36 96 260 0 
37 62 116 0 
38 69 61 0 
39 77 78 0 
40 80 126 0 
41 83 141 0 
42 64 86 0 
43 69 204 0 
44 95 285 0 
45 64 61 0 
46 88 108 0 
47 57 127 0 
48 57 138 0 
49 94 193 0 
