NAME GBP_INSTANCES\prob_3_B_3_1_1.txt
COMMENT
BINTYPES 5
ITEMS 200
BINS_SECTIONS
0 60 60 0 256 
1 80 80 0 192 
2 100 100 0 154 
3 120 120 0 128 
4 150 150 0 103 
ITEMS_SECTIONS
0 56 156 0 
1 75 204 0 
2 75 49 0 
3 81 83 0 
4 77 120 0 
5 91 227 0 
6 76 57 0 
7 68 183 0 
8 93 256 0 
9 53 131 0 
10 78 135 0 
11 99 134 0 
12 97 106 0 
13 97 124 0 
14 91 134 0 
15 58 45 0 
16 80 206 0 
17 73 129 0 
18 52 85 0 
19 76 152 0 
20 82 170 0 
21 81 161 0 
22 85 213 0 
23 73 125 0 
24 77 188 0 
25 62 53 0 
26 80 75 0 
27 61 103 0 
28 71 143 0 
29 85 141 0 
30 84 65 0 
31 68 101 0 
32 73 75 0 
33 93 270 0 
34 70 55 0 
35 53 70 0 
36 81 128 0 
37 55 46 0 
38 96 59 0 
39 86 76 0 
40 89 258 0 
41 87 171 0 
42 67 107 0 
43 54 69 0 
44 56 140 0 
45 95 162 0 
46 98 238 0 
47 53 89 0 
48 87 104 0 
49 82 101 0 
50 65 183 0 
51 54 44 0 
52 75 88 0 
53 100 182 0 
54 67 196 0 
55 88 73 0 
56 59 158 0 
57 69 161 0 
58 56 168 0 
59 79 53 0 
60 86 142 0 
61 51 42 0 
62 99 172 0 
63 92 220 0 
64 76 128 0 
65 52 28 0 
66 75 218 0 
67 59 63 0 
68 52 120 0 
69 83 145 0 
70 81 80 0 
71 100 223 0 
72 66 122 0 
73 70 55 0 
74 90 69 0 
75 64 140 0 
76 78 66 0 
77 69 120 0 
78 97 284 0 
79 96 143 0 
80 93 279 0 
81 97 99 0 
82 82 128 0 
83 58 119 0 
84 86 238 0 
85 75 163 0 
86 86 140 0 
87 59 63 0 
88 83 181 0 
89 97 258 0 
90 75 89 0 
91 76 48 0 
92 83 230 0 
93 77 200 0 
94 89 150 0 
95 68 88 0 
96 82 116 0 
97 65 148 0 
98 53 90 0 
99 65 180 0 
100 76 51 0 
101 63 67 0 
102 91 191 0 
103 82 161 0 
104 72 213 0 
105 70 198 0 
106 76 171 0 
107 95 69 0 
108 75 152 0 
109 81 239 0 
110 57 116 0 
111 81 118 0 
112 71 146 0 
113 77 196 0 
114 88 107 0 
115 92 68 0 
116 94 250 0 
117 76 200 0 
118 61 164 0 
119 87 253 0 
120 78 232 0 
121 87 112 0 
122 64 139 0 
123 82 58 0 
124 95 220 0 
125 84 56 0 
126 59 169 0 
127 91 148 0 
128 68 173 0 
129 91 220 0 
130 61 141 0 
131 65 190 0 
132 74 144 0 
133 98 75 0 
134 58 40 0 
135 60 79 0 
136 71 110 0 
137 98 289 0 
138 53 102 0 
139 95 246 0 
140 96 166 0 
141 57 133 0 
142 73 119 0 
143 57 125 0 
144 53 88 0 
145 76 111 0 
146 66 165 0 
147 92 259 0 
148 62 130 0 
149 91 109 0 
150 86 207 0 
151 77 228 0 
152 88 141 0 
153 69 139 0 
154 51 137 0 
155 60 150 0 
156 87 224 0 
157 55 124 0 
158 91 216 0 
159 61 75 0 
160 73 202 0 
161 77 137 0 
162 58 48 0 
163 84 148 0 
164 54 159 0 
165 61 102 0 
166 87 84 0 
167 69 207 0 
168 84 56 0 
169 56 138 0 
170 97 254 0 
171 88 243 0 
172 75 60 0 
173 91 202 0 
174 64 126 0 
175 76 119 0 
176 83 200 0 
177 88 106 0 
178 98 174 0 
179 71 174 0 
180 91 80 0 
181 76 227 0 
182 80 227 0 
183 91 82 0 
184 65 52 0 
185 69 198 0 
186 60 145 0 
187 99 234 0 
188 62 161 0 
189 96 279 0 
190 91 248 0 
191 84 226 0 
192 95 171 0 
193 66 51 0 
194 98 128 0 
195 75 150 0 
196 57 38 0 
197 89 220 0 
198 59 84 0 
199 94 279 0 
