NAME GBP_INSTANCES\prob_1_A_2_2_1.txt
COMMENT
BINTYPES 3
ITEMS 100
BINS_SECTIONS
0 100 100 0 51 
1 120 120 0 43 
2 150 150 0 34 
ITEMS_SECTIONS
0 68 168 0 
1 6 15 0 
2 25 50 0 
3 72 142 0 
4 58 56 0 
5 43 36 0 
6 100 274 0 
7 59 124 0 
8 63 154 0 
9 75 54 0 
10 91 152 0 
11 92 161 0 
12 15 17 0 
13 35 55 0 
14 6 12 0 
15 71 157 0 
16 49 114 0 
17 65 110 0 
18 99 112 0 
19 72 124 0 
20 6 11 0 
21 91 96 0 
22 29 30 0 
23 99 294 0 
24 36 30 0 
25 48 47 0 
26 91 272 0 
27 62 112 0 
28 72 166 0 
29 38 107 0 
30 81 215 0 
31 62 185 0 
32 51 85 0 
33 23 26 0 
34 33 39 0 
35 33 26 0 
36 46 58 0 
37 18 16 0 
38 73 178 0 
39 2 5 0 
40 89 53 0 
41 68 134 0 
42 49 121 0 
43 22 64 0 
44 52 74 0 
45 18 13 0 
46 56 61 0 
47 51 138 0 
48 58 166 0 
49 22 35 0 
50 47 105 0 
51 16 24 0 
52 92 84 0 
53 16 23 0 
54 31 41 0 
55 37 47 0 
56 100 254 0 
57 6 14 0 
58 33 67 0 
59 68 121 0 
60 15 15 0 
61 77 192 0 
62 60 44 0 
63 12 12 0 
64 16 32 0 
65 91 134 0 
66 7 7 0 
67 60 139 0 
68 72 102 0 
69 80 227 0 
70 59 55 0 
71 38 78 0 
72 56 161 0 
73 89 121 0 
74 50 138 0 
75 92 173 0 
76 72 74 0 
77 87 170 0 
78 79 56 0 
79 96 247 0 
80 20 20 0 
81 93 79 0 
82 3 4 0 
83 20 18 0 
84 7 14 0 
85 45 130 0 
86 72 206 0 
87 39 98 0 
88 32 69 0 
89 46 53 0 
90 26 15 0 
91 21 51 0 
92 77 163 0 
93 27 78 0 
94 47 57 0 
95 77 72 0 
96 5 14 0 
97 55 51 0 
98 47 58 0 
99 4 12 0 
