NAME GBP_INSTANCES\prob_3_B_0_5_1.txt
COMMENT
BINTYPES 5
ITEMS 25
BINS_SECTIONS
0 60 60 0 32 
1 80 80 0 24 
2 100 100 0 19 
3 120 120 0 16 
4 150 150 0 13 
ITEMS_SECTIONS
0 82 149 0 
1 78 173 0 
2 72 107 0 
3 86 113 0 
4 72 44 0 
5 93 253 0 
6 64 155 0 
7 72 151 0 
8 65 151 0 
9 64 102 0 
10 76 109 0 
11 77 91 0 
12 100 145 0 
13 81 102 0 
14 53 147 0 
15 62 82 0 
16 79 139 0 
17 66 42 0 
18 64 124 0 
19 98 276 0 
20 81 153 0 
21 79 227 0 
22 63 35 0 
23 64 161 0 
24 75 213 0 
