NAME GBP_INSTANCES\prob_3_B_1_8_1.txt
COMMENT
BINTYPES 5
ITEMS 50
BINS_SECTIONS
0 60 60 0 64 
1 80 80 0 48 
2 100 100 0 39 
3 120 120 0 32 
4 150 150 0 26 
ITEMS_SECTIONS
0 55 75 0 
1 92 185 0 
2 77 221 0 
3 70 58 0 
4 78 234 0 
5 94 277 0 
6 73 121 0 
7 94 83 0 
8 57 71 0 
9 74 199 0 
10 72 152 0 
11 91 258 0 
12 77 219 0 
13 82 86 0 
14 59 143 0 
15 85 222 0 
16 83 182 0 
17 98 217 0 
18 69 128 0 
19 95 74 0 
20 84 192 0 
21 68 59 0 
22 70 159 0 
23 98 235 0 
24 81 86 0 
25 69 135 0 
26 93 249 0 
27 69 45 0 
28 83 213 0 
29 84 66 0 
30 89 52 0 
31 56 167 0 
32 95 185 0 
33 82 136 0 
34 86 195 0 
35 66 48 0 
36 79 48 0 
37 66 50 0 
38 59 156 0 
39 69 123 0 
40 97 84 0 
41 76 187 0 
42 64 108 0 
43 98 204 0 
44 67 90 0 
45 77 180 0 
46 60 92 0 
47 55 149 0 
48 51 92 0 
49 56 116 0 
