NAME GBP_INSTANCES\prob_2_A_4_4_1.txt
COMMENT
BINTYPES 3
ITEMS 500
BINS_SECTIONS
0 100 100 0 293 
1 120 120 0 244 
2 150 150 0 195 
ITEMS_SECTIONS
0 78 72 0 
1 39 29 0 
2 85 181 0 
3 67 48 0 
4 38 43 0 
5 81 194 0 
6 77 124 0 
7 29 36 0 
8 67 135 0 
9 53 51 0 
10 36 40 0 
11 97 63 0 
12 47 110 0 
13 69 46 0 
14 69 122 0 
15 29 37 0 
16 65 115 0 
17 91 204 0 
18 92 196 0 
19 42 83 0 
20 42 40 0 
21 69 60 0 
22 78 142 0 
23 27 77 0 
24 73 53 0 
25 44 24 0 
26 70 100 0 
27 30 76 0 
28 26 34 0 
29 32 95 0 
30 86 139 0 
31 81 151 0 
32 64 132 0 
33 80 128 0 
34 87 220 0 
35 25 72 0 
36 55 150 0 
37 76 122 0 
38 85 179 0 
39 80 116 0 
40 23 30 0 
41 29 77 0 
42 70 125 0 
43 44 113 0 
44 79 225 0 
45 81 44 0 
46 62 127 0 
47 57 110 0 
48 68 80 0 
49 77 128 0 
50 64 190 0 
51 92 243 0 
52 96 151 0 
53 43 117 0 
54 57 70 0 
55 62 164 0 
56 77 201 0 
57 46 25 0 
58 46 60 0 
59 38 44 0 
60 51 59 0 
61 48 104 0 
62 61 128 0 
63 50 81 0 
64 23 66 0 
65 75 53 0 
66 50 88 0 
67 92 65 0 
68 52 36 0 
69 43 29 0 
70 44 71 0 
71 52 89 0 
72 63 78 0 
73 35 50 0 
74 41 78 0 
75 99 292 0 
76 91 127 0 
77 35 34 0 
78 77 202 0 
79 49 86 0 
80 55 52 0 
81 26 34 0 
82 100 103 0 
83 78 158 0 
84 74 164 0 
85 75 187 0 
86 21 19 0 
87 38 55 0 
88 25 60 0 
89 24 70 0 
90 38 81 0 
91 55 92 0 
92 85 106 0 
93 42 38 0 
94 23 20 0 
95 50 145 0 
96 64 157 0 
97 27 37 0 
98 44 24 0 
99 99 79 0 
100 79 219 0 
101 87 56 0 
102 34 45 0 
103 33 35 0 
104 56 113 0 
105 85 112 0 
106 33 77 0 
107 61 174 0 
108 43 56 0 
109 76 77 0 
110 39 44 0 
111 88 79 0 
112 32 73 0 
113 30 52 0 
114 38 70 0 
115 66 115 0 
116 67 146 0 
117 93 95 0 
118 36 90 0 
119 99 161 0 
120 44 124 0 
121 39 35 0 
122 21 18 0 
123 73 197 0 
124 89 148 0 
125 23 45 0 
126 86 146 0 
127 22 55 0 
128 94 85 0 
129 30 78 0 
130 76 133 0 
131 26 36 0 
132 25 69 0 
133 38 73 0 
134 32 62 0 
135 59 77 0 
136 67 88 0 
137 45 26 0 
138 69 37 0 
139 35 39 0 
140 52 141 0 
141 76 171 0 
142 90 262 0 
143 48 49 0 
144 45 33 0 
145 22 64 0 
146 56 98 0 
147 28 31 0 
148 81 82 0 
149 71 163 0 
150 70 64 0 
151 92 167 0 
152 58 83 0 
153 77 58 0 
154 64 56 0 
155 72 202 0 
156 98 247 0 
157 48 126 0 
158 100 93 0 
159 91 203 0 
160 56 53 0 
161 22 37 0 
162 93 224 0 
163 79 84 0 
164 94 210 0 
165 94 199 0 
166 72 80 0 
167 33 51 0 
168 39 34 0 
169 26 31 0 
170 27 21 0 
171 36 34 0 
172 74 172 0 
173 36 52 0 
174 30 46 0 
175 69 188 0 
176 96 138 0 
177 26 45 0 
178 27 40 0 
179 87 53 0 
180 42 64 0 
181 31 39 0 
182 66 84 0 
183 54 137 0 
184 29 74 0 
185 55 147 0 
186 97 162 0 
187 99 198 0 
188 66 176 0 
189 59 145 0 
190 54 137 0 
191 89 193 0 
192 90 110 0 
193 31 38 0 
194 56 85 0 
195 54 161 0 
196 91 64 0 
197 99 266 0 
198 89 65 0 
199 45 68 0 
200 33 20 0 
201 66 145 0 
202 46 132 0 
203 64 49 0 
204 61 65 0 
205 82 167 0 
206 35 40 0 
207 76 68 0 
208 64 39 0 
209 73 47 0 
210 82 135 0 
211 28 23 0 
212 30 30 0 
213 41 103 0 
214 25 57 0 
215 50 38 0 
216 35 66 0 
217 54 62 0 
218 66 194 0 
219 31 86 0 
220 24 15 0 
221 49 89 0 
222 73 53 0 
223 40 49 0 
224 57 39 0 
225 92 177 0 
226 26 27 0 
227 52 66 0 
228 56 53 0 
229 29 45 0 
230 71 182 0 
231 53 158 0 
232 66 113 0 
233 53 47 0 
234 40 89 0 
235 29 73 0 
236 44 80 0 
237 70 167 0 
238 99 205 0 
239 26 52 0 
240 28 53 0 
241 42 49 0 
242 52 60 0 
243 30 48 0 
244 46 41 0 
245 59 161 0 
246 86 212 0 
247 91 146 0 
248 34 55 0 
249 86 117 0 
250 93 88 0 
251 49 96 0 
252 83 131 0 
253 56 79 0 
254 100 278 0 
255 70 64 0 
256 90 231 0 
257 85 247 0 
258 81 64 0 
259 82 64 0 
260 27 78 0 
261 62 137 0 
262 65 72 0 
263 42 98 0 
264 35 72 0 
265 39 67 0 
266 100 66 0 
267 67 122 0 
268 49 136 0 
269 62 42 0 
270 34 22 0 
271 61 146 0 
272 21 54 0 
273 58 90 0 
274 22 40 0 
275 93 81 0 
276 87 203 0 
277 89 153 0 
278 46 90 0 
279 56 149 0 
280 21 49 0 
281 88 86 0 
282 79 100 0 
283 83 96 0 
284 27 79 0 
285 85 68 0 
286 56 49 0 
287 96 151 0 
288 46 53 0 
289 62 97 0 
290 76 90 0 
291 62 57 0 
292 41 96 0 
293 27 49 0 
294 98 174 0 
295 25 49 0 
296 31 25 0 
297 88 88 0 
298 98 235 0 
299 62 59 0 
300 23 54 0 
301 88 58 0 
302 30 52 0 
303 29 44 0 
304 36 51 0 
305 95 277 0 
306 96 81 0 
307 50 52 0 
308 66 150 0 
309 23 48 0 
310 77 170 0 
311 93 134 0 
312 25 24 0 
313 85 83 0 
314 24 20 0 
315 51 55 0 
316 41 114 0 
317 31 93 0 
318 79 236 0 
319 61 140 0 
320 53 137 0 
321 79 177 0 
322 45 130 0 
323 56 87 0 
324 49 93 0 
325 40 26 0 
326 92 229 0 
327 43 56 0 
328 26 20 0 
329 26 27 0 
330 79 134 0 
331 45 35 0 
332 68 114 0 
333 65 146 0 
334 94 75 0 
335 49 139 0 
336 23 19 0 
337 53 134 0 
338 76 155 0 
339 39 98 0 
340 57 38 0 
341 40 45 0 
342 92 125 0 
343 54 97 0 
344 37 22 0 
345 30 62 0 
346 23 64 0 
347 98 165 0 
348 66 148 0 
349 75 221 0 
350 45 79 0 
351 96 231 0 
352 41 123 0 
353 41 35 0 
354 36 41 0 
355 35 34 0 
356 84 167 0 
357 23 68 0 
358 25 60 0 
359 83 61 0 
360 28 78 0 
361 92 102 0 
362 29 38 0 
363 35 33 0 
364 43 67 0 
365 38 71 0 
366 50 62 0 
367 25 73 0 
368 49 90 0 
369 81 179 0 
370 100 106 0 
371 24 17 0 
372 48 102 0 
373 47 69 0 
374 59 51 0 
375 62 33 0 
376 84 251 0 
377 42 29 0 
378 29 69 0 
379 37 49 0 
380 41 65 0 
381 46 105 0 
382 46 56 0 
383 41 114 0 
384 57 70 0 
385 99 231 0 
386 39 111 0 
387 40 54 0 
388 94 176 0 
389 27 18 0 
390 97 120 0 
391 81 66 0 
392 81 150 0 
393 49 117 0 
394 29 55 0 
395 37 47 0 
396 47 119 0 
397 100 222 0 
398 100 77 0 
399 49 54 0 
400 59 52 0 
401 95 185 0 
402 87 103 0 
403 40 43 0 
404 27 54 0 
405 78 98 0 
406 84 227 0 
407 25 16 0 
408 69 81 0 
409 91 199 0 
410 94 161 0 
411 67 79 0 
412 63 136 0 
413 59 149 0 
414 74 95 0 
415 80 210 0 
416 22 58 0 
417 94 267 0 
418 57 168 0 
419 97 54 0 
420 23 40 0 
421 70 130 0 
422 82 195 0 
423 79 218 0 
424 29 52 0 
425 68 68 0 
426 100 199 0 
427 47 64 0 
428 95 145 0 
429 70 190 0 
430 22 53 0 
431 81 137 0 
432 36 96 0 
433 98 104 0 
434 49 60 0 
435 27 36 0 
436 58 164 0 
437 55 148 0 
438 92 192 0 
439 41 65 0 
440 95 122 0 
441 71 102 0 
442 46 94 0 
443 57 158 0 
444 65 188 0 
445 38 92 0 
446 96 184 0 
447 28 83 0 
448 60 72 0 
449 32 88 0 
450 35 82 0 
451 61 114 0 
452 56 32 0 
453 58 53 0 
454 51 71 0 
455 69 174 0 
456 72 186 0 
457 89 261 0 
458 39 77 0 
459 45 104 0 
460 39 107 0 
461 56 127 0 
462 55 165 0 
463 29 66 0 
464 78 74 0 
465 100 242 0 
466 98 203 0 
467 73 97 0 
468 43 82 0 
469 27 31 0 
470 62 161 0 
471 74 87 0 
472 60 85 0 
473 44 76 0 
474 50 35 0 
475 21 45 0 
476 59 121 0 
477 35 30 0 
478 58 31 0 
479 44 131 0 
480 87 186 0 
481 89 247 0 
482 93 204 0 
483 93 179 0 
484 53 127 0 
485 23 28 0 
486 57 39 0 
487 67 106 0 
488 48 103 0 
489 57 87 0 
490 59 52 0 
491 81 106 0 
492 50 108 0 
493 53 142 0 
494 92 247 0 
495 67 150 0 
496 85 216 0 
497 41 31 0 
498 43 102 0 
499 94 66 0 
