NAME GBP_INSTANCES\prob_1_A_2_4_1.txt
COMMENT
BINTYPES 3
ITEMS 100
BINS_SECTIONS
0 100 100 0 52 
1 120 120 0 43 
2 150 150 0 35 
ITEMS_SECTIONS
0 39 59 0 
1 84 56 0 
2 32 31 0 
3 33 45 0 
4 25 74 0 
5 94 57 0 
6 66 36 0 
7 47 51 0 
8 58 32 0 
9 11 13 0 
10 56 99 0 
11 29 16 0 
12 76 50 0 
13 67 50 0 
14 61 68 0 
15 99 194 0 
16 16 23 0 
17 44 60 0 
18 74 95 0 
19 100 299 0 
20 48 117 0 
21 94 75 0 
22 65 73 0 
23 60 64 0 
24 20 11 0 
25 27 76 0 
26 67 67 0 
27 55 67 0 
28 50 103 0 
29 57 43 0 
30 15 29 0 
31 59 76 0 
32 67 64 0 
33 86 147 0 
34 15 42 0 
35 94 129 0 
36 53 157 0 
37 26 31 0 
38 69 115 0 
39 95 91 0 
40 75 80 0 
41 11 7 0 
42 21 58 0 
43 96 210 0 
44 65 121 0 
45 21 23 0 
46 38 46 0 
47 39 75 0 
48 20 22 0 
49 76 135 0 
50 27 76 0 
51 36 19 0 
52 9 12 0 
53 98 184 0 
54 75 208 0 
55 65 69 0 
56 43 62 0 
57 12 15 0 
58 9 17 0 
59 42 93 0 
60 80 131 0 
61 85 244 0 
62 82 169 0 
63 37 89 0 
64 57 46 0 
65 87 94 0 
66 69 126 0 
67 92 241 0 
68 89 56 0 
69 41 87 0 
70 85 161 0 
71 12 17 0 
72 40 75 0 
73 60 145 0 
74 5 9 0 
75 47 35 0 
76 4 10 0 
77 65 128 0 
78 2 3 0 
79 97 157 0 
80 6 6 0 
81 40 23 0 
82 74 211 0 
83 17 19 0 
84 58 35 0 
85 39 47 0 
86 98 110 0 
87 42 69 0 
88 73 171 0 
89 4 12 0 
90 47 85 0 
91 69 43 0 
92 75 172 0 
93 2 5 0 
94 36 92 0 
95 54 111 0 
96 21 29 0 
97 41 58 0 
98 36 56 0 
99 79 45 0 
