NAME GBP_INSTANCES\prob_1_A_2_0_1.txt
COMMENT
BINTYPES 3
ITEMS 100
BINS_SECTIONS
0 100 100 0 56 
1 120 120 0 46 
2 150 150 0 37 
ITEMS_SECTIONS
0 57 104 0 
1 74 210 0 
2 78 102 0 
3 20 46 0 
4 77 81 0 
5 60 160 0 
6 76 207 0 
7 24 47 0 
8 81 216 0 
9 65 178 0 
10 14 25 0 
11 100 182 0 
12 42 64 0 
13 96 80 0 
14 93 87 0 
15 28 22 0 
16 64 93 0 
17 72 56 0 
18 27 47 0 
19 4 8 0 
20 34 71 0 
21 81 83 0 
22 74 54 0 
23 14 14 0 
24 85 108 0 
25 86 228 0 
26 32 46 0 
27 61 133 0 
28 33 64 0 
29 42 45 0 
30 98 68 0 
31 41 106 0 
32 64 175 0 
33 14 35 0 
34 72 124 0 
35 89 78 0 
36 42 82 0 
37 95 124 0 
38 20 45 0 
39 93 53 0 
40 18 33 0 
41 84 117 0 
42 74 150 0 
43 99 162 0 
44 90 204 0 
45 29 61 0 
46 100 197 0 
47 100 57 0 
48 20 20 0 
49 3 8 0 
50 81 126 0 
51 39 80 0 
52 36 104 0 
53 16 45 0 
54 54 88 0 
55 6 17 0 
56 39 80 0 
57 30 60 0 
58 81 73 0 
59 77 223 0 
60 44 122 0 
61 70 113 0 
62 54 66 0 
63 65 182 0 
64 63 91 0 
65 12 23 0 
66 19 17 0 
67 23 12 0 
68 64 86 0 
69 39 56 0 
70 43 126 0 
71 86 75 0 
72 22 48 0 
73 36 87 0 
74 90 58 0 
75 83 210 0 
76 84 94 0 
77 29 65 0 
78 27 34 0 
79 5 3 0 
80 80 239 0 
81 28 70 0 
82 36 95 0 
83 58 60 0 
84 80 78 0 
85 77 61 0 
86 55 100 0 
87 98 233 0 
88 39 114 0 
89 91 70 0 
90 14 23 0 
91 71 58 0 
92 49 90 0 
93 55 131 0 
94 89 116 0 
95 39 106 0 
96 4 8 0 
97 80 205 0 
98 58 158 0 
99 44 80 0 
