NAME GBP_INSTANCES\prob_1_A_2_9_1.txt
COMMENT
BINTYPES 3
ITEMS 100
BINS_SECTIONS
0 100 100 0 52 
1 120 120 0 43 
2 150 150 0 35 
ITEMS_SECTIONS
0 87 114 0 
1 77 137 0 
2 30 59 0 
3 44 50 0 
4 71 117 0 
5 53 116 0 
6 93 183 0 
7 49 99 0 
8 46 38 0 
9 30 80 0 
10 37 108 0 
11 57 108 0 
12 78 73 0 
13 86 75 0 
14 71 46 0 
15 91 223 0 
16 56 74 0 
17 86 184 0 
18 89 156 0 
19 53 75 0 
20 68 187 0 
21 58 116 0 
22 15 21 0 
23 83 110 0 
24 39 63 0 
25 95 189 0 
26 18 13 0 
27 65 71 0 
28 30 62 0 
29 58 150 0 
30 72 110 0 
31 5 14 0 
32 46 56 0 
33 73 176 0 
34 80 183 0 
35 76 221 0 
36 57 171 0 
37 85 122 0 
38 28 82 0 
39 59 131 0 
40 61 33 0 
41 90 239 0 
42 5 10 0 
43 53 124 0 
44 7 19 0 
45 89 98 0 
46 43 102 0 
47 18 53 0 
48 4 10 0 
49 82 44 0 
50 21 58 0 
51 2 6 0 
52 36 29 0 
53 62 51 0 
54 77 137 0 
55 7 18 0 
56 7 12 0 
57 10 7 0 
58 79 232 0 
59 74 50 0 
60 30 22 0 
61 60 31 0 
62 2 5 0 
63 21 18 0 
64 93 149 0 
65 44 46 0 
66 53 114 0 
67 8 24 0 
68 18 51 0 
69 61 45 0 
70 99 135 0 
71 85 148 0 
72 31 72 0 
73 100 294 0 
74 36 53 0 
75 94 203 0 
76 75 123 0 
77 64 66 0 
78 50 123 0 
79 50 30 0 
80 81 237 0 
81 4 5 0 
82 22 18 0 
83 5 6 0 
84 15 22 0 
85 29 58 0 
86 10 12 0 
87 20 39 0 
88 34 61 0 
89 94 57 0 
90 71 94 0 
91 29 56 0 
92 63 83 0 
93 41 36 0 
94 65 65 0 
95 27 20 0 
96 25 17 0 
97 67 67 0 
98 70 40 0 
99 72 50 0 
