NAME GBP_INSTANCES\prob_2_A_1_1_1.txt
COMMENT
BINTYPES 3
ITEMS 50
BINS_SECTIONS
0 100 100 0 33 
1 120 120 0 28 
2 150 150 0 22 
ITEMS_SECTIONS
0 61 95 0 
1 79 70 0 
2 62 157 0 
3 35 36 0 
4 95 108 0 
5 44 59 0 
6 64 38 0 
7 33 61 0 
8 72 178 0 
9 92 176 0 
10 47 33 0 
11 66 68 0 
12 77 107 0 
13 90 213 0 
14 53 144 0 
15 85 44 0 
16 96 152 0 
17 88 55 0 
18 47 87 0 
19 60 69 0 
20 36 19 0 
21 64 162 0 
22 97 183 0 
23 80 177 0 
24 90 270 0 
25 77 221 0 
26 77 206 0 
27 78 146 0 
28 29 42 0 
29 29 60 0 
30 86 64 0 
31 31 47 0 
32 100 269 0 
33 80 43 0 
34 95 194 0 
35 92 129 0 
36 57 110 0 
37 53 69 0 
38 26 41 0 
39 50 145 0 
40 31 68 0 
41 65 124 0 
42 58 117 0 
43 53 148 0 
44 75 158 0 
45 81 181 0 
46 43 54 0 
47 80 149 0 
48 45 86 0 
49 74 134 0 
