NAME GBP_INSTANCES\prob_1_A_4_3_1.txt
COMMENT
BINTYPES 3
ITEMS 500
BINS_SECTIONS
0 100 100 0 249 
1 120 120 0 207 
2 150 150 0 166 
ITEMS_SECTIONS
0 96 155 0 
1 28 34 0 
2 74 93 0 
3 43 44 0 
4 87 190 0 
5 48 37 0 
6 6 14 0 
7 3 6 0 
8 5 14 0 
9 69 71 0 
10 94 225 0 
11 99 161 0 
12 78 152 0 
13 5 15 0 
14 92 176 0 
15 2 3 0 
16 62 90 0 
17 80 129 0 
18 21 31 0 
19 2 6 0 
20 69 91 0 
21 12 26 0 
22 47 140 0 
23 80 121 0 
24 73 149 0 
25 60 79 0 
26 32 76 0 
27 49 126 0 
28 47 53 0 
29 13 27 0 
30 93 258 0 
31 11 16 0 
32 2 6 0 
33 99 229 0 
34 33 49 0 
35 11 15 0 
36 26 22 0 
37 14 25 0 
38 79 56 0 
39 38 105 0 
40 51 126 0 
41 34 56 0 
42 76 64 0 
43 23 29 0 
44 72 101 0 
45 13 37 0 
46 90 121 0 
47 7 9 0 
48 37 92 0 
49 42 86 0 
50 59 43 0 
51 32 39 0 
52 24 71 0 
53 55 64 0 
54 46 74 0 
55 15 19 0 
56 47 69 0 
57 67 167 0 
58 28 79 0 
59 66 58 0 
60 87 168 0 
61 31 62 0 
62 91 238 0 
63 9 16 0 
64 88 70 0 
65 89 193 0 
66 52 50 0 
67 55 36 0 
68 32 41 0 
69 15 11 0 
70 69 172 0 
71 16 20 0 
72 19 23 0 
73 25 35 0 
74 91 184 0 
75 75 94 0 
76 68 145 0 
77 36 83 0 
78 80 100 0 
79 17 10 0 
80 71 98 0 
81 74 188 0 
82 59 99 0 
83 42 92 0 
84 8 5 0 
85 90 251 0 
86 38 100 0 
87 49 66 0 
88 58 165 0 
89 97 224 0 
90 57 168 0 
91 33 29 0 
92 22 33 0 
93 86 201 0 
94 99 205 0 
95 54 65 0 
96 74 53 0 
97 29 81 0 
98 13 24 0 
99 55 46 0 
100 79 77 0 
101 32 82 0 
102 95 260 0 
103 61 176 0 
104 77 75 0 
105 38 41 0 
106 92 260 0 
107 45 124 0 
108 74 201 0 
109 58 80 0 
110 40 51 0 
111 2 3 0 
112 56 67 0 
113 15 43 0 
114 14 38 0 
115 4 5 0 
116 40 22 0 
117 79 108 0 
118 29 62 0 
119 75 63 0 
120 97 122 0 
121 2 5 0 
122 30 67 0 
123 79 97 0 
124 56 70 0 
125 90 249 0 
126 29 16 0 
127 36 99 0 
128 26 27 0 
129 61 152 0 
130 21 26 0 
131 74 221 0 
132 34 24 0 
133 4 11 0 
134 51 61 0 
135 31 78 0 
136 39 38 0 
137 79 194 0 
138 52 39 0 
139 3 4 0 
140 94 189 0 
141 20 11 0 
142 16 22 0 
143 67 158 0 
144 32 74 0 
145 8 20 0 
146 38 39 0 
147 72 47 0 
148 39 103 0 
149 40 64 0 
150 96 89 0 
151 19 29 0 
152 4 5 0 
153 41 31 0 
154 81 99 0 
155 19 56 0 
156 95 205 0 
157 16 38 0 
158 62 129 0 
159 75 72 0 
160 53 28 0 
161 37 78 0 
162 4 9 0 
163 59 143 0 
164 61 62 0 
165 30 30 0 
166 100 116 0 
167 19 18 0 
168 66 178 0 
169 66 72 0 
170 65 47 0 
171 5 7 0 
172 33 41 0 
173 23 56 0 
174 27 26 0 
175 50 50 0 
176 83 192 0 
177 11 18 0 
178 72 40 0 
179 88 197 0 
180 18 13 0 
181 52 75 0 
182 91 243 0 
183 39 116 0 
184 61 66 0 
185 87 49 0 
186 66 194 0 
187 50 109 0 
188 39 58 0 
189 93 146 0 
190 56 45 0 
191 27 43 0 
192 18 32 0 
193 15 43 0 
194 9 17 0 
195 43 59 0 
196 25 71 0 
197 68 122 0 
198 77 62 0 
199 52 86 0 
200 68 199 0 
201 23 12 0 
202 48 28 0 
203 91 80 0 
204 86 119 0 
205 28 79 0 
206 66 105 0 
207 24 21 0 
208 44 107 0 
209 88 209 0 
210 73 164 0 
211 75 51 0 
212 85 251 0 
213 54 113 0 
214 34 20 0 
215 31 90 0 
216 3 6 0 
217 20 36 0 
218 63 41 0 
219 56 106 0 
220 82 68 0 
221 13 35 0 
222 37 53 0 
223 81 45 0 
224 25 46 0 
225 67 56 0 
226 9 16 0 
227 42 88 0 
228 80 178 0 
229 39 79 0 
230 91 89 0 
231 90 199 0 
232 99 245 0 
233 84 236 0 
234 40 109 0 
235 89 108 0 
236 51 68 0 
237 56 92 0 
238 95 252 0 
239 97 191 0 
240 91 227 0 
241 16 28 0 
242 26 32 0 
243 42 75 0 
244 51 141 0 
245 43 81 0 
246 20 55 0 
247 23 18 0 
248 5 8 0 
249 27 72 0 
250 70 154 0 
251 4 5 0 
252 22 64 0 
253 25 75 0 
254 4 12 0 
255 64 89 0 
256 27 46 0 
257 71 48 0 
258 94 229 0 
259 56 31 0 
260 86 253 0 
261 16 31 0 
262 22 60 0 
263 32 54 0 
264 62 86 0 
265 94 170 0 
266 100 83 0 
267 8 5 0 
268 20 22 0 
269 86 155 0 
270 50 64 0 
271 11 22 0 
272 54 103 0 
273 76 50 0 
274 31 58 0 
275 82 233 0 
276 17 30 0 
277 75 151 0 
278 15 15 0 
279 76 130 0 
280 95 227 0 
281 10 22 0 
282 11 19 0 
283 46 36 0 
284 47 138 0 
285 39 50 0 
286 29 18 0 
287 35 64 0 
288 24 68 0 
289 17 44 0 
290 81 83 0 
291 72 74 0 
292 94 251 0 
293 39 65 0 
294 20 23 0 
295 5 5 0 
296 5 13 0 
297 7 9 0 
298 13 11 0 
299 39 88 0 
300 80 54 0 
301 57 40 0 
302 37 24 0 
303 42 113 0 
304 4 3 0 
305 62 83 0 
306 15 32 0 
307 72 84 0 
308 84 107 0 
309 67 108 0 
310 54 140 0 
311 90 199 0 
312 46 131 0 
313 73 104 0 
314 28 28 0 
315 18 33 0 
316 46 125 0 
317 24 72 0 
318 54 135 0 
319 84 180 0 
320 63 182 0 
321 2 5 0 
322 6 10 0 
323 58 68 0 
324 53 139 0 
325 2 5 0 
326 10 29 0 
327 74 64 0 
328 24 43 0 
329 83 47 0 
330 81 123 0 
331 62 35 0 
332 19 15 0 
333 68 166 0 
334 36 81 0 
335 99 270 0 
336 61 176 0 
337 77 72 0 
338 25 30 0 
339 74 154 0 
340 52 110 0 
341 95 179 0 
342 48 143 0 
343 96 132 0 
344 76 127 0 
345 38 39 0 
346 85 124 0 
347 40 67 0 
348 3 5 0 
349 7 21 0 
350 95 266 0 
351 43 90 0 
352 37 38 0 
353 32 96 0 
354 25 28 0 
355 69 147 0 
356 9 18 0 
357 60 164 0 
358 85 133 0 
359 40 37 0 
360 62 170 0 
361 97 65 0 
362 31 57 0 
363 41 108 0 
364 20 24 0 
365 76 42 0 
366 96 79 0 
367 31 46 0 
368 93 185 0 
369 34 79 0 
370 30 82 0 
371 35 61 0 
372 14 23 0 
373 94 72 0 
374 78 132 0 
375 61 141 0 
376 51 117 0 
377 28 25 0 
378 71 196 0 
379 17 17 0 
380 99 258 0 
381 74 207 0 
382 39 99 0 
383 72 100 0 
384 86 158 0 
385 25 20 0 
386 20 18 0 
387 44 108 0 
388 6 7 0 
389 29 66 0 
390 16 9 0 
391 34 79 0 
392 10 19 0 
393 31 88 0 
394 12 23 0 
395 20 23 0 
396 63 136 0 
397 97 164 0 
398 43 109 0 
399 14 19 0 
400 14 34 0 
401 52 94 0 
402 21 47 0 
403 84 180 0 
404 62 143 0 
405 59 99 0 
406 98 113 0 
407 83 216 0 
408 85 243 0 
409 81 165 0 
410 94 248 0 
411 38 47 0 
412 14 21 0 
413 75 194 0 
414 42 27 0 
415 68 139 0 
416 99 78 0 
417 8 12 0 
418 91 86 0 
419 4 9 0 
420 83 77 0 
421 82 233 0 
422 38 33 0 
423 25 43 0 
424 2 6 0 
425 72 96 0 
426 91 77 0 
427 32 76 0 
428 24 65 0 
429 11 30 0 
430 68 116 0 
431 61 146 0 
432 83 189 0 
433 64 138 0 
434 11 15 0 
435 38 102 0 
436 84 246 0 
437 42 87 0 
438 33 70 0 
439 99 228 0 
440 38 50 0 
441 44 69 0 
442 86 203 0 
443 76 127 0 
444 21 51 0 
445 15 34 0 
446 37 45 0 
447 62 81 0 
448 9 6 0 
449 15 17 0 
450 64 119 0 
451 56 154 0 
452 78 79 0 
453 55 128 0 
454 64 182 0 
455 14 31 0 
456 22 15 0 
457 24 25 0 
458 64 92 0 
459 92 247 0 
460 76 133 0 
461 49 30 0 
462 39 44 0 
463 24 48 0 
464 10 11 0 
465 9 6 0 
466 34 45 0 
467 94 105 0 
468 67 201 0 
469 57 120 0 
470 78 146 0 
471 77 46 0 
472 16 11 0 
473 69 42 0 
474 98 294 0 
475 90 228 0 
476 92 274 0 
477 58 78 0 
478 25 49 0 
479 20 37 0 
480 96 70 0 
481 90 169 0 
482 84 85 0 
483 93 67 0 
484 25 31 0 
485 38 70 0 
486 76 110 0 
487 38 86 0 
488 2 4 0 
489 95 188 0 
490 41 112 0 
491 2 4 0 
492 91 134 0 
493 10 17 0 
494 93 197 0 
495 82 219 0 
496 47 122 0 
497 36 68 0 
498 48 105 0 
499 37 71 0 
