NAME GBP_INSTANCES\prob_1_B_3_2_1.txt
COMMENT
BINTYPES 5
ITEMS 200
BINS_SECTIONS
0 60 60 0 169 
1 80 80 0 127 
2 100 100 0 102 
3 120 120 0 85 
4 150 150 0 68 
ITEMS_SECTIONS
0 7 8 0 
1 47 110 0 
2 83 216 0 
3 60 44 0 
4 26 38 0 
5 20 39 0 
6 21 12 0 
7 85 196 0 
8 28 79 0 
9 89 82 0 
10 34 41 0 
11 14 36 0 
12 21 53 0 
13 39 30 0 
14 53 31 0 
15 66 85 0 
16 30 26 0 
17 74 101 0 
18 27 18 0 
19 68 163 0 
20 66 109 0 
21 42 42 0 
22 21 46 0 
23 90 243 0 
24 37 63 0 
25 59 166 0 
26 57 162 0 
27 71 84 0 
28 82 91 0 
29 3 6 0 
30 31 93 0 
31 98 166 0 
32 45 123 0 
33 32 82 0 
34 16 21 0 
35 43 116 0 
36 51 124 0 
37 78 202 0 
38 89 178 0 
39 23 26 0 
40 23 27 0 
41 94 115 0 
42 89 76 0 
43 77 149 0 
44 2 4 0 
45 96 255 0 
46 42 67 0 
47 56 131 0 
48 86 206 0 
49 68 66 0 
50 51 29 0 
51 73 160 0 
52 85 64 0 
53 91 229 0 
54 14 18 0 
55 54 96 0 
56 71 121 0 
57 50 79 0 
58 39 109 0 
59 11 28 0 
60 41 26 0 
61 76 103 0 
62 29 65 0 
63 79 59 0 
64 84 199 0 
65 98 254 0 
66 20 21 0 
67 60 64 0 
68 39 75 0 
69 44 66 0 
70 19 20 0 
71 79 225 0 
72 53 68 0 
73 63 111 0 
74 44 54 0 
75 32 75 0 
76 25 36 0 
77 21 46 0 
78 16 23 0 
79 6 6 0 
80 50 56 0 
81 44 116 0 
82 83 123 0 
83 60 89 0 
84 37 46 0 
85 40 87 0 
86 46 108 0 
87 61 58 0 
88 18 38 0 
89 95 222 0 
90 61 170 0 
91 27 75 0 
92 26 41 0 
93 68 83 0 
94 90 113 0 
95 2 3 0 
96 67 137 0 
97 67 156 0 
98 66 40 0 
99 21 19 0 
100 47 26 0 
101 59 107 0 
102 50 139 0 
103 58 96 0 
104 78 55 0 
105 73 45 0 
106 54 28 0 
107 39 79 0 
108 52 123 0 
109 50 37 0 
110 91 118 0 
111 7 17 0 
112 75 67 0 
113 13 34 0 
114 41 119 0 
115 18 19 0 
116 64 70 0 
117 95 76 0 
118 80 62 0 
119 70 159 0 
120 99 187 0 
121 18 11 0 
122 79 61 0 
123 11 32 0 
124 35 87 0 
125 34 43 0 
126 3 9 0 
127 63 95 0 
128 60 161 0 
129 42 71 0 
130 21 53 0 
131 94 50 0 
132 2 2 0 
133 96 261 0 
134 72 210 0 
135 70 187 0 
136 84 56 0 
137 89 202 0 
138 73 181 0 
139 21 42 0 
140 18 26 0 
141 55 45 0 
142 31 62 0 
143 60 117 0 
144 40 74 0 
145 73 143 0 
146 40 21 0 
147 96 220 0 
148 79 193 0 
149 99 114 0 
150 30 81 0 
151 46 68 0 
152 61 113 0 
153 22 34 0 
154 44 106 0 
155 16 43 0 
156 39 38 0 
157 61 156 0 
158 2 2 0 
159 68 39 0 
160 52 69 0 
161 16 25 0 
162 47 101 0 
163 12 9 0 
164 5 5 0 
165 68 160 0 
166 20 28 0 
167 35 87 0 
168 75 50 0 
169 61 105 0 
170 52 66 0 
171 57 49 0 
172 26 59 0 
173 43 44 0 
174 43 25 0 
175 77 166 0 
176 42 38 0 
177 8 9 0 
178 90 158 0 
179 5 4 0 
180 69 193 0 
181 31 52 0 
182 52 156 0 
183 63 153 0 
184 71 209 0 
185 99 271 0 
186 4 10 0 
187 51 132 0 
188 78 211 0 
189 74 162 0 
190 71 87 0 
191 34 95 0 
192 51 131 0 
193 60 34 0 
194 6 17 0 
195 58 30 0 
196 27 20 0 
197 18 47 0 
198 74 71 0 
199 83 126 0 
