NAME GBP_INSTANCES\prob_1_B_4_6_1.txt
COMMENT
BINTYPES 5
ITEMS 500
BINS_SECTIONS
0 60 60 0 425 
1 80 80 0 319 
2 100 100 0 255 
3 120 120 0 213 
4 150 150 0 170 
ITEMS_SECTIONS
0 91 102 0 
1 73 79 0 
2 55 54 0 
3 25 18 0 
4 83 173 0 
5 34 33 0 
6 46 124 0 
7 68 72 0 
8 35 39 0 
9 93 235 0 
10 72 148 0 
11 3 8 0 
12 5 5 0 
13 37 55 0 
14 43 46 0 
15 5 11 0 
16 15 20 0 
17 76 211 0 
18 89 243 0 
19 19 54 0 
20 12 35 0 
21 6 10 0 
22 99 198 0 
23 79 214 0 
24 94 230 0 
25 61 87 0 
26 55 32 0 
27 27 30 0 
28 60 64 0 
29 10 10 0 
30 3 5 0 
31 28 15 0 
32 86 126 0 
33 58 88 0 
34 70 173 0 
35 70 88 0 
36 45 127 0 
37 15 38 0 
38 54 54 0 
39 24 72 0 
40 47 67 0 
41 84 106 0 
42 6 4 0 
43 42 92 0 
44 97 271 0 
45 40 103 0 
46 26 28 0 
47 8 8 0 
48 82 191 0 
49 41 95 0 
50 4 7 0 
51 80 143 0 
52 69 179 0 
53 53 58 0 
54 9 6 0 
55 56 117 0 
56 21 62 0 
57 29 49 0 
58 68 155 0 
59 5 14 0 
60 14 33 0 
61 7 17 0 
62 45 94 0 
63 83 54 0 
64 82 235 0 
65 96 284 0 
66 42 73 0 
67 92 194 0 
68 42 73 0 
69 98 279 0 
70 51 38 0 
71 85 89 0 
72 38 32 0 
73 30 83 0 
74 73 217 0 
75 85 195 0 
76 74 183 0 
77 91 102 0 
78 26 66 0 
79 20 17 0 
80 50 148 0 
81 79 93 0 
82 66 126 0 
83 39 39 0 
84 79 192 0 
85 48 123 0 
86 48 130 0 
87 19 38 0 
88 6 4 0 
89 26 43 0 
90 26 39 0 
91 10 29 0 
92 96 96 0 
93 18 39 0 
94 57 131 0 
95 47 124 0 
96 31 40 0 
97 73 176 0 
98 78 82 0 
99 73 74 0 
100 49 130 0 
101 56 124 0 
102 30 52 0 
103 91 232 0 
104 100 300 0 
105 99 245 0 
106 94 251 0 
107 92 253 0 
108 42 56 0 
109 83 104 0 
110 34 28 0 
111 92 125 0 
112 30 33 0 
113 21 61 0 
114 85 206 0 
115 9 6 0 
116 53 155 0 
117 76 196 0 
118 81 195 0 
119 10 24 0 
120 55 126 0 
121 14 29 0 
122 96 259 0 
123 80 91 0 
124 100 222 0 
125 3 4 0 
126 52 65 0 
127 25 44 0 
128 5 6 0 
129 63 149 0 
130 85 109 0 
131 55 66 0 
132 15 25 0 
133 92 91 0 
134 27 28 0 
135 86 90 0 
136 50 77 0 
137 50 75 0 
138 86 110 0 
139 83 228 0 
140 79 212 0 
141 41 123 0 
142 88 99 0 
143 86 234 0 
144 54 60 0 
145 79 228 0 
146 62 47 0 
147 60 35 0 
148 72 78 0 
149 60 137 0 
150 21 18 0 
151 79 226 0 
152 96 214 0 
153 42 96 0 
154 45 125 0 
155 17 31 0 
156 90 157 0 
157 54 160 0 
158 93 98 0 
159 34 51 0 
160 99 209 0 
161 21 44 0 
162 64 166 0 
163 40 41 0 
164 59 125 0 
165 44 32 0 
166 31 48 0 
167 27 16 0 
168 27 43 0 
169 21 62 0 
170 63 36 0 
171 36 28 0 
172 36 65 0 
173 24 43 0 
174 74 143 0 
175 72 46 0 
176 79 75 0 
177 52 146 0 
178 97 225 0 
179 24 34 0 
180 94 187 0 
181 55 63 0 
182 27 55 0 
183 88 179 0 
184 78 130 0 
185 43 117 0 
186 33 85 0 
187 76 46 0 
188 100 156 0 
189 98 103 0 
190 87 214 0 
191 98 52 0 
192 32 67 0 
193 86 188 0 
194 13 33 0 
195 88 191 0 
196 72 208 0 
197 86 69 0 
198 72 126 0 
199 78 179 0 
200 88 120 0 
201 36 69 0 
202 33 24 0 
203 88 215 0 
204 33 70 0 
205 27 36 0 
206 23 34 0 
207 31 75 0 
208 83 155 0 
209 24 62 0 
210 89 127 0 
211 92 161 0 
212 46 49 0 
213 52 65 0 
214 6 4 0 
215 7 14 0 
216 71 83 0 
217 32 80 0 
218 19 45 0 
219 78 116 0 
220 39 52 0 
221 97 100 0 
222 91 247 0 
223 54 84 0 
224 39 111 0 
225 87 182 0 
226 27 22 0 
227 20 49 0 
228 19 54 0 
229 26 50 0 
230 32 47 0 
231 15 35 0 
232 17 12 0 
233 5 4 0 
234 6 13 0 
235 40 118 0 
236 65 81 0 
237 77 58 0 
238 14 23 0 
239 51 85 0 
240 66 61 0 
241 61 105 0 
242 31 80 0 
243 13 39 0 
244 27 25 0 
245 75 94 0 
246 9 23 0 
247 14 9 0 
248 68 157 0 
249 10 27 0 
250 59 98 0 
251 98 146 0 
252 86 92 0 
253 47 132 0 
254 7 8 0 
255 44 35 0 
256 83 121 0 
257 31 30 0 
258 99 185 0 
259 14 13 0 
260 32 25 0 
261 4 11 0 
262 35 24 0 
263 20 46 0 
264 16 11 0 
265 20 59 0 
266 83 129 0 
267 45 75 0 
268 97 269 0 
269 40 47 0 
270 71 122 0 
271 31 25 0 
272 49 147 0 
273 16 24 0 
274 13 28 0 
275 96 106 0 
276 7 11 0 
277 84 179 0 
278 37 94 0 
279 96 149 0 
280 82 75 0 
281 62 182 0 
282 6 12 0 
283 74 77 0 
284 94 122 0 
285 77 143 0 
286 81 54 0 
287 23 43 0 
288 47 54 0 
289 11 31 0 
290 20 14 0 
291 11 13 0 
292 21 21 0 
293 97 210 0 
294 55 90 0 
295 87 101 0 
296 11 10 0 
297 58 148 0 
298 67 141 0 
299 22 21 0 
300 67 68 0 
301 11 24 0 
302 68 47 0 
303 79 160 0 
304 74 99 0 
305 23 42 0 
306 23 38 0 
307 12 35 0 
308 30 52 0 
309 71 158 0 
310 36 45 0 
311 55 112 0 
312 51 61 0 
313 59 108 0 
314 9 24 0 
315 2 6 0 
316 85 78 0 
317 53 90 0 
318 12 16 0 
319 51 118 0 
320 33 47 0 
321 7 13 0 
322 72 39 0 
323 7 15 0 
324 62 135 0 
325 17 27 0 
326 13 26 0 
327 20 39 0 
328 49 104 0 
329 83 162 0 
330 56 78 0 
331 45 57 0 
332 84 244 0 
333 22 21 0 
334 25 35 0 
335 14 41 0 
336 9 21 0 
337 5 10 0 
338 46 97 0 
339 86 239 0 
340 10 21 0 
341 65 123 0 
342 100 300 0 
343 96 284 0 
344 32 80 0 
345 54 131 0 
346 14 19 0 
347 36 87 0 
348 55 150 0 
349 72 91 0 
350 42 120 0 
351 4 3 0 
352 68 154 0 
353 81 143 0 
354 42 40 0 
355 62 162 0 
356 10 12 0 
357 8 12 0 
358 75 76 0 
359 30 32 0 
360 99 199 0 
361 39 58 0 
362 44 56 0 
363 50 149 0 
364 30 85 0 
365 39 92 0 
366 7 5 0 
367 60 171 0 
368 39 115 0 
369 64 146 0 
370 63 147 0 
371 7 13 0 
372 35 24 0 
373 29 41 0 
374 69 126 0 
375 36 34 0 
376 6 17 0 
377 85 47 0 
378 63 78 0 
379 91 226 0 
380 71 95 0 
381 69 72 0 
382 60 83 0 
383 60 108 0 
384 100 117 0 
385 79 47 0 
386 8 16 0 
387 91 121 0 
388 83 43 0 
389 48 106 0 
390 55 58 0 
391 37 108 0 
392 53 102 0 
393 58 104 0 
394 23 17 0 
395 31 63 0 
396 57 41 0 
397 63 131 0 
398 27 59 0 
399 55 91 0 
400 72 53 0 
401 91 57 0 
402 53 145 0 
403 21 48 0 
404 62 161 0 
405 57 56 0 
406 32 83 0 
407 100 66 0 
408 74 51 0 
409 76 75 0 
410 98 176 0 
411 43 48 0 
412 71 189 0 
413 11 25 0 
414 3 5 0 
415 12 32 0 
416 100 265 0 
417 35 33 0 
418 46 24 0 
419 73 152 0 
420 78 75 0 
421 53 33 0 
422 15 41 0 
423 73 69 0 
424 23 33 0 
425 53 55 0 
426 80 130 0 
427 42 83 0 
428 90 260 0 
429 29 71 0 
430 44 57 0 
431 45 133 0 
432 42 104 0 
433 59 144 0 
434 90 174 0 
435 35 78 0 
436 23 15 0 
437 82 206 0 
438 21 41 0 
439 25 70 0 
440 61 164 0 
441 33 98 0 
442 57 132 0 
443 24 66 0 
444 68 61 0 
445 98 124 0 
446 54 87 0 
447 59 113 0 
448 59 121 0 
449 61 75 0 
450 32 40 0 
451 42 38 0 
452 61 50 0 
453 70 135 0 
454 60 59 0 
455 79 142 0 
456 44 64 0 
457 26 15 0 
458 3 3 0 
459 96 164 0 
460 27 73 0 
461 5 7 0 
462 67 39 0 
463 83 135 0 
464 99 180 0 
465 26 14 0 
466 47 55 0 
467 14 39 0 
468 19 36 0 
469 68 166 0 
470 18 17 0 
471 55 164 0 
472 12 11 0 
473 48 98 0 
474 70 84 0 
475 26 76 0 
476 43 87 0 
477 70 99 0 
478 44 107 0 
479 12 11 0 
480 90 166 0 
481 60 112 0 
482 34 24 0 
483 93 185 0 
484 70 153 0 
485 82 108 0 
486 46 120 0 
487 3 8 0 
488 72 205 0 
489 58 86 0 
490 72 181 0 
491 66 39 0 
492 36 32 0 
493 95 280 0 
494 49 40 0 
495 36 41 0 
496 20 53 0 
497 34 48 0 
498 93 118 0 
499 82 235 0 
