NAME GBP_INSTANCES\prob_3_B_4_7_1.txt
COMMENT
BINTYPES 5
ITEMS 500
BINS_SECTIONS
0 60 60 0 633 
1 80 80 0 475 
2 100 100 0 380 
3 120 120 0 317 
4 150 150 0 254 
ITEMS_SECTIONS
0 76 154 0 
1 92 136 0 
2 84 180 0 
3 62 116 0 
4 66 162 0 
5 93 107 0 
6 87 201 0 
7 73 164 0 
8 92 252 0 
9 81 120 0 
10 91 104 0 
11 86 66 0 
12 81 65 0 
13 74 123 0 
14 84 53 0 
15 53 150 0 
16 55 154 0 
17 64 97 0 
18 58 116 0 
19 81 174 0 
20 80 151 0 
21 58 100 0 
22 68 104 0 
23 81 143 0 
24 75 74 0 
25 83 175 0 
26 68 47 0 
27 96 159 0 
28 58 86 0 
29 93 84 0 
30 78 54 0 
31 78 44 0 
32 52 86 0 
33 58 40 0 
34 52 96 0 
35 82 192 0 
36 88 226 0 
37 56 101 0 
38 91 151 0 
39 93 201 0 
40 94 76 0 
41 58 82 0 
42 90 60 0 
43 51 69 0 
44 93 221 0 
45 82 233 0 
46 93 136 0 
47 97 220 0 
48 80 188 0 
49 91 77 0 
50 55 30 0 
51 52 138 0 
52 100 177 0 
53 70 182 0 
54 91 152 0 
55 96 271 0 
56 61 182 0 
57 65 63 0 
58 94 55 0 
59 69 185 0 
60 91 120 0 
61 99 143 0 
62 71 120 0 
63 57 126 0 
64 70 38 0 
65 67 111 0 
66 62 53 0 
67 81 92 0 
68 58 153 0 
69 66 178 0 
70 53 114 0 
71 59 109 0 
72 54 89 0 
73 60 41 0 
74 93 241 0 
75 52 77 0 
76 84 129 0 
77 94 226 0 
78 80 81 0 
79 65 33 0 
80 70 188 0 
81 99 250 0 
82 67 176 0 
83 76 192 0 
84 83 152 0 
85 57 154 0 
86 62 121 0 
87 100 264 0 
88 62 115 0 
89 66 47 0 
90 71 90 0 
91 55 135 0 
92 75 215 0 
93 75 181 0 
94 55 37 0 
95 64 148 0 
96 87 49 0 
97 75 48 0 
98 54 47 0 
99 84 234 0 
100 62 186 0 
101 76 99 0 
102 91 116 0 
103 53 58 0 
104 81 86 0 
105 92 189 0 
106 75 114 0 
107 58 135 0 
108 86 164 0 
109 78 191 0 
110 96 192 0 
111 99 64 0 
112 77 162 0 
113 78 177 0 
114 94 92 0 
115 55 52 0 
116 96 65 0 
117 91 266 0 
118 51 57 0 
119 88 205 0 
120 56 165 0 
121 100 207 0 
122 60 144 0 
123 78 146 0 
124 97 179 0 
125 84 95 0 
126 56 161 0 
127 84 207 0 
128 97 75 0 
129 56 93 0 
130 88 250 0 
131 69 58 0 
132 95 111 0 
133 77 145 0 
134 76 161 0 
135 81 93 0 
136 73 49 0 
137 76 57 0 
138 84 157 0 
139 94 226 0 
140 92 267 0 
141 93 233 0 
142 90 210 0 
143 73 44 0 
144 88 80 0 
145 87 205 0 
146 60 78 0 
147 95 164 0 
148 67 44 0 
149 85 242 0 
150 76 155 0 
151 83 180 0 
152 56 135 0 
153 97 71 0 
154 97 70 0 
155 62 69 0 
156 55 73 0 
157 83 249 0 
158 96 238 0 
159 78 158 0 
160 79 147 0 
161 100 214 0 
162 99 182 0 
163 70 206 0 
164 66 190 0 
165 56 149 0 
166 74 59 0 
167 85 148 0 
168 61 42 0 
169 100 87 0 
170 91 55 0 
171 87 80 0 
172 57 68 0 
173 91 214 0 
174 61 92 0 
175 88 74 0 
176 74 66 0 
177 98 217 0 
178 59 55 0 
179 57 119 0 
180 84 52 0 
181 96 202 0 
182 53 126 0 
183 90 157 0 
184 65 165 0 
185 54 79 0 
186 90 259 0 
187 89 225 0 
188 58 66 0 
189 70 99 0 
190 100 81 0 
191 89 257 0 
192 100 125 0 
193 67 150 0 
194 96 262 0 
195 75 163 0 
196 93 215 0 
197 89 183 0 
198 51 73 0 
199 82 69 0 
200 64 79 0 
201 72 72 0 
202 92 65 0 
203 73 69 0 
204 95 251 0 
205 66 178 0 
206 55 163 0 
207 79 175 0 
208 95 113 0 
209 54 112 0 
210 63 107 0 
211 58 173 0 
212 95 169 0 
213 72 64 0 
214 98 63 0 
215 92 52 0 
216 66 117 0 
217 86 57 0 
218 70 131 0 
219 95 271 0 
220 78 233 0 
221 84 160 0 
222 86 93 0 
223 90 64 0 
224 60 110 0 
225 80 156 0 
226 58 44 0 
227 78 106 0 
228 56 60 0 
229 97 217 0 
230 70 173 0 
231 71 163 0 
232 86 149 0 
233 63 122 0 
234 56 37 0 
235 87 221 0 
236 83 111 0 
237 55 153 0 
238 67 170 0 
239 56 91 0 
240 95 120 0 
241 63 37 0 
242 64 191 0 
243 66 146 0 
244 60 47 0 
245 54 45 0 
246 74 180 0 
247 53 58 0 
248 84 232 0 
249 74 107 0 
250 93 155 0 
251 70 204 0 
252 95 231 0 
253 59 70 0 
254 76 139 0 
255 82 127 0 
256 98 282 0 
257 83 141 0 
258 93 139 0 
259 77 173 0 
260 95 215 0 
261 90 94 0 
262 96 152 0 
263 79 235 0 
264 67 50 0 
265 65 88 0 
266 74 187 0 
267 74 72 0 
268 56 88 0 
269 87 152 0 
270 91 206 0 
271 62 117 0 
272 54 41 0 
273 52 94 0 
274 79 51 0 
275 59 43 0 
276 51 114 0 
277 76 189 0 
278 93 147 0 
279 65 142 0 
280 77 63 0 
281 69 103 0 
282 88 180 0 
283 59 59 0 
284 53 72 0 
285 68 183 0 
286 86 190 0 
287 97 55 0 
288 86 235 0 
289 84 211 0 
290 77 153 0 
291 73 166 0 
292 61 93 0 
293 74 192 0 
294 88 82 0 
295 66 155 0 
296 84 53 0 
297 84 134 0 
298 63 182 0 
299 80 54 0 
300 64 44 0 
301 82 214 0 
302 69 100 0 
303 67 116 0 
304 89 107 0 
305 64 171 0 
306 99 148 0 
307 64 118 0 
308 99 253 0 
309 61 87 0 
310 64 192 0 
311 100 158 0 
312 87 132 0 
313 86 222 0 
314 58 163 0 
315 61 164 0 
316 54 77 0 
317 79 152 0 
318 82 101 0 
319 96 52 0 
320 84 136 0 
321 62 95 0 
322 63 55 0 
323 75 89 0 
324 67 181 0 
325 93 61 0 
326 56 108 0 
327 67 152 0 
328 99 61 0 
329 97 185 0 
330 60 66 0 
331 58 168 0 
332 65 81 0 
333 52 115 0 
334 91 153 0 
335 73 219 0 
336 53 87 0 
337 59 127 0 
338 86 54 0 
339 68 65 0 
340 97 239 0 
341 77 114 0 
342 97 93 0 
343 62 158 0 
344 96 272 0 
345 58 136 0 
346 77 198 0 
347 82 82 0 
348 63 89 0 
349 51 54 0 
350 79 202 0 
351 71 119 0 
352 88 83 0 
353 59 52 0 
354 76 51 0 
355 93 132 0 
356 86 213 0 
357 87 213 0 
358 59 135 0 
359 51 116 0 
360 60 67 0 
361 95 190 0 
362 79 159 0 
363 65 43 0 
364 79 116 0 
365 54 159 0 
366 95 152 0 
367 62 148 0 
368 83 209 0 
369 64 51 0 
370 78 99 0 
371 58 107 0 
372 98 139 0 
373 84 83 0 
374 99 238 0 
375 82 117 0 
376 70 158 0 
377 87 176 0 
378 95 135 0 
379 80 92 0 
380 54 140 0 
381 85 149 0 
382 90 55 0 
383 91 59 0 
384 78 84 0 
385 87 217 0 
386 65 102 0 
387 95 155 0 
388 52 150 0 
389 85 229 0 
390 51 123 0 
391 63 176 0 
392 100 88 0 
393 87 72 0 
394 56 38 0 
395 61 181 0 
396 85 120 0 
397 84 188 0 
398 69 137 0 
399 92 62 0 
400 53 54 0 
401 75 63 0 
402 85 132 0 
403 80 133 0 
404 68 87 0 
405 83 46 0 
406 74 178 0 
407 72 133 0 
408 60 37 0 
409 90 124 0 
410 85 227 0 
411 69 65 0 
412 65 167 0 
413 75 159 0 
414 77 217 0 
415 57 147 0 
416 72 202 0 
417 75 217 0 
418 52 129 0 
419 52 100 0 
420 61 93 0 
421 61 84 0 
422 89 171 0 
423 81 148 0 
424 89 230 0 
425 100 117 0 
426 98 91 0 
427 63 69 0 
428 77 117 0 
429 82 124 0 
430 98 262 0 
431 55 48 0 
432 74 147 0 
433 53 129 0 
434 91 105 0 
435 81 174 0 
436 82 216 0 
437 68 43 0 
438 78 149 0 
439 73 99 0 
440 54 131 0 
441 51 145 0 
442 92 158 0 
443 68 64 0 
444 91 143 0 
445 55 120 0 
446 99 270 0 
447 99 226 0 
448 72 152 0 
449 67 200 0 
450 83 139 0 
451 89 234 0 
452 67 160 0 
453 80 45 0 
454 76 44 0 
455 61 35 0 
456 85 150 0 
457 77 50 0 
458 90 115 0 
459 92 156 0 
460 56 60 0 
461 80 129 0 
462 68 66 0 
463 70 140 0 
464 92 209 0 
465 78 74 0 
466 54 57 0 
467 65 99 0 
468 76 178 0 
469 75 63 0 
470 63 59 0 
471 56 134 0 
472 76 169 0 
473 74 152 0 
474 86 237 0 
475 99 77 0 
476 92 134 0 
477 54 153 0 
478 64 130 0 
479 77 226 0 
480 69 170 0 
481 77 187 0 
482 76 166 0 
483 87 169 0 
484 89 119 0 
485 98 165 0 
486 62 159 0 
487 88 198 0 
488 77 208 0 
489 79 205 0 
490 88 56 0 
491 74 159 0 
492 86 68 0 
493 51 44 0 
494 59 157 0 
495 86 186 0 
496 89 258 0 
497 96 133 0 
498 54 99 0 
499 89 111 0 
