NAME GBP_INSTANCES\prob_3_B_2_3_1.txt
COMMENT
BINTYPES 5
ITEMS 100
BINS_SECTIONS
0 60 60 0 129 
1 80 80 0 97 
2 100 100 0 77 
3 120 120 0 65 
4 150 150 0 52 
ITEMS_SECTIONS
0 98 115 0 
1 86 209 0 
2 83 169 0 
3 74 97 0 
4 59 127 0 
5 59 56 0 
6 83 111 0 
7 67 46 0 
8 97 264 0 
9 90 270 0 
10 75 89 0 
11 90 56 0 
12 62 168 0 
13 60 52 0 
14 90 108 0 
15 81 134 0 
16 57 59 0 
17 72 77 0 
18 68 204 0 
19 56 70 0 
20 57 128 0 
21 79 131 0 
22 86 128 0 
23 73 184 0 
24 76 112 0 
25 68 144 0 
26 68 170 0 
27 79 95 0 
28 76 111 0 
29 75 47 0 
30 61 76 0 
31 73 84 0 
32 85 93 0 
33 60 65 0 
34 70 47 0 
35 85 61 0 
36 95 237 0 
37 88 64 0 
38 79 212 0 
39 60 166 0 
40 65 72 0 
41 65 132 0 
42 99 288 0 
43 92 124 0 
44 100 110 0 
45 92 145 0 
46 87 219 0 
47 85 150 0 
48 95 234 0 
49 93 256 0 
50 96 89 0 
51 63 106 0 
52 85 230 0 
53 59 110 0 
54 78 134 0 
55 91 178 0 
56 62 91 0 
57 80 133 0 
58 95 49 0 
59 66 66 0 
60 51 34 0 
61 52 36 0 
62 91 184 0 
63 67 152 0 
64 94 225 0 
65 83 206 0 
66 52 48 0 
67 56 48 0 
68 94 192 0 
69 80 138 0 
70 53 57 0 
71 66 85 0 
72 56 126 0 
73 97 117 0 
74 56 160 0 
75 82 158 0 
76 93 138 0 
77 73 104 0 
78 71 86 0 
79 90 122 0 
80 76 213 0 
81 88 108 0 
82 93 243 0 
83 55 48 0 
84 86 59 0 
85 75 220 0 
86 64 126 0 
87 96 241 0 
88 70 89 0 
89 100 89 0 
90 98 196 0 
91 86 135 0 
92 89 83 0 
93 62 173 0 
94 89 108 0 
95 70 79 0 
96 63 100 0 
97 75 134 0 
98 58 131 0 
99 98 286 0 
