NAME GBP_INSTANCES\prob_2_B_0_7_1.txt
COMMENT
BINTYPES 5
ITEMS 25
BINS_SECTIONS
0 60 60 0 29 
1 80 80 0 22 
2 100 100 0 18 
3 120 120 0 15 
4 150 150 0 12 
ITEMS_SECTIONS
0 43 67 0 
1 32 69 0 
2 66 196 0 
3 87 177 0 
4 38 104 0 
5 94 76 0 
6 39 89 0 
7 98 260 0 
8 74 143 0 
9 86 88 0 
10 86 231 0 
11 88 263 0 
12 32 51 0 
13 63 53 0 
14 89 220 0 
15 73 142 0 
16 47 110 0 
17 66 151 0 
18 77 209 0 
19 48 114 0 
20 100 204 0 
21 55 98 0 
22 69 142 0 
23 61 92 0 
24 100 60 0 
