NAME GBP_INSTANCES\prob_2_B_4_5_1.txt
COMMENT
BINTYPES 5
ITEMS 500
BINS_SECTIONS
0 60 60 0 518 
1 80 80 0 389 
2 100 100 0 311 
3 120 120 0 259 
4 150 150 0 207 
ITEMS_SECTIONS
0 35 22 0 
1 54 51 0 
2 59 33 0 
3 42 73 0 
4 57 107 0 
5 93 171 0 
6 95 115 0 
7 87 186 0 
8 46 70 0 
9 41 55 0 
10 35 22 0 
11 58 37 0 
12 100 128 0 
13 76 83 0 
14 77 160 0 
15 78 150 0 
16 44 24 0 
17 78 160 0 
18 79 50 0 
19 61 39 0 
20 93 170 0 
21 95 194 0 
22 27 66 0 
23 85 154 0 
24 66 196 0 
25 39 49 0 
26 66 72 0 
27 52 139 0 
28 63 37 0 
29 88 249 0 
30 66 171 0 
31 57 135 0 
32 84 201 0 
33 95 240 0 
34 71 136 0 
35 91 51 0 
36 63 153 0 
37 31 24 0 
38 62 122 0 
39 40 46 0 
40 41 43 0 
41 98 117 0 
42 95 62 0 
43 99 273 0 
44 38 25 0 
45 48 80 0 
46 21 30 0 
47 28 83 0 
48 38 77 0 
49 28 54 0 
50 92 173 0 
51 80 200 0 
52 90 251 0 
53 81 149 0 
54 76 194 0 
55 91 79 0 
56 25 49 0 
57 75 184 0 
58 77 119 0 
59 68 64 0 
60 85 199 0 
61 63 94 0 
62 69 138 0 
63 40 35 0 
64 48 113 0 
65 34 23 0 
66 52 140 0 
67 88 217 0 
68 53 35 0 
69 46 130 0 
70 71 143 0 
71 99 223 0 
72 83 170 0 
73 78 82 0 
74 93 89 0 
75 78 153 0 
76 96 194 0 
77 35 100 0 
78 24 28 0 
79 73 159 0 
80 99 267 0 
81 56 101 0 
82 99 289 0 
83 77 110 0 
84 53 74 0 
85 98 167 0 
86 86 78 0 
87 75 220 0 
88 39 40 0 
89 90 97 0 
90 97 135 0 
91 44 36 0 
92 22 18 0 
93 95 103 0 
94 90 171 0 
95 76 175 0 
96 95 241 0 
97 89 57 0 
98 52 37 0 
99 24 54 0 
100 85 223 0 
101 92 185 0 
102 28 50 0 
103 50 107 0 
104 32 82 0 
105 87 85 0 
106 69 186 0 
107 29 37 0 
108 99 142 0 
109 70 144 0 
110 53 121 0 
111 69 121 0 
112 84 215 0 
113 55 143 0 
114 27 47 0 
115 26 40 0 
116 29 41 0 
117 74 125 0 
118 60 162 0 
119 25 54 0 
120 98 215 0 
121 63 149 0 
122 82 168 0 
123 35 56 0 
124 44 50 0 
125 71 109 0 
126 72 205 0 
127 23 34 0 
128 91 70 0 
129 68 204 0 
130 34 36 0 
131 96 170 0 
132 35 66 0 
133 73 125 0 
134 35 25 0 
135 83 119 0 
136 88 120 0 
137 60 59 0 
138 56 86 0 
139 31 36 0 
140 83 130 0 
141 51 130 0 
142 28 73 0 
143 39 83 0 
144 27 71 0 
145 67 49 0 
146 40 96 0 
147 29 48 0 
148 41 62 0 
149 47 136 0 
150 41 73 0 
151 96 49 0 
152 51 129 0 
153 41 88 0 
154 65 120 0 
155 65 150 0 
156 60 161 0 
157 65 33 0 
158 76 169 0 
159 68 78 0 
160 78 100 0 
161 85 81 0 
162 44 25 0 
163 71 54 0 
164 75 166 0 
165 78 217 0 
166 73 157 0 
167 78 134 0 
168 69 106 0 
169 77 130 0 
170 88 101 0 
171 52 61 0 
172 68 160 0 
173 66 155 0 
174 70 119 0 
175 94 51 0 
176 58 103 0 
177 39 87 0 
178 61 66 0 
179 74 105 0 
180 91 146 0 
181 80 229 0 
182 26 46 0 
183 52 70 0 
184 84 192 0 
185 60 43 0 
186 78 134 0 
187 45 120 0 
188 36 46 0 
189 96 217 0 
190 41 115 0 
191 87 193 0 
192 36 52 0 
193 82 246 0 
194 40 110 0 
195 81 63 0 
196 35 88 0 
197 67 154 0 
198 81 57 0 
199 81 198 0 
200 49 136 0 
201 48 144 0 
202 35 91 0 
203 26 38 0 
204 46 103 0 
205 71 72 0 
206 97 165 0 
207 32 22 0 
208 88 167 0 
209 68 106 0 
210 89 235 0 
211 38 94 0 
212 77 166 0 
213 25 16 0 
214 54 32 0 
215 61 92 0 
216 80 98 0 
217 62 160 0 
218 71 177 0 
219 93 157 0 
220 75 214 0 
221 55 98 0 
222 23 13 0 
223 41 113 0 
224 44 71 0 
225 68 176 0 
226 63 95 0 
227 66 171 0 
228 42 101 0 
229 23 59 0 
230 32 46 0 
231 66 156 0 
232 41 106 0 
233 29 68 0 
234 84 122 0 
235 95 266 0 
236 70 97 0 
237 47 141 0 
238 63 36 0 
239 60 108 0 
240 42 49 0 
241 76 138 0 
242 40 117 0 
243 87 221 0 
244 37 95 0 
245 81 56 0 
246 38 35 0 
247 62 103 0 
248 100 296 0 
249 57 40 0 
250 68 145 0 
251 57 50 0 
252 97 71 0 
253 96 90 0 
254 36 75 0 
255 60 49 0 
256 36 87 0 
257 41 33 0 
258 67 126 0 
259 96 212 0 
260 42 40 0 
261 41 98 0 
262 21 35 0 
263 95 275 0 
264 74 87 0 
265 63 36 0 
266 21 24 0 
267 51 100 0 
268 89 216 0 
269 84 63 0 
270 41 36 0 
271 70 176 0 
272 25 19 0 
273 55 129 0 
274 70 152 0 
275 31 63 0 
276 62 131 0 
277 75 68 0 
278 90 71 0 
279 80 144 0 
280 62 68 0 
281 43 40 0 
282 95 246 0 
283 69 101 0 
284 80 218 0 
285 83 84 0 
286 50 80 0 
287 41 50 0 
288 45 64 0 
289 64 118 0 
290 86 93 0 
291 45 84 0 
292 36 50 0 
293 80 196 0 
294 98 182 0 
295 75 183 0 
296 35 47 0 
297 22 57 0 
298 28 38 0 
299 50 72 0 
300 30 36 0 
301 59 42 0 
302 59 136 0 
303 43 43 0 
304 78 55 0 
305 61 178 0 
306 90 160 0 
307 50 125 0 
308 65 90 0 
309 21 16 0 
310 38 76 0 
311 68 135 0 
312 63 186 0 
313 85 135 0 
314 92 76 0 
315 70 144 0 
316 60 136 0 
317 67 166 0 
318 75 151 0 
319 49 71 0 
320 42 59 0 
321 30 88 0 
322 70 83 0 
323 76 145 0 
324 85 65 0 
325 48 133 0 
326 30 18 0 
327 85 201 0 
328 69 78 0 
329 85 242 0 
330 45 115 0 
331 56 165 0 
332 37 40 0 
333 37 35 0 
334 26 52 0 
335 48 51 0 
336 21 12 0 
337 62 73 0 
338 91 215 0 
339 51 103 0 
340 95 194 0 
341 40 95 0 
342 71 204 0 
343 66 113 0 
344 56 153 0 
345 76 135 0 
346 79 234 0 
347 50 104 0 
348 50 44 0 
349 47 31 0 
350 76 209 0 
351 75 63 0 
352 95 221 0 
353 59 81 0 
354 48 71 0 
355 80 98 0 
356 67 142 0 
357 41 91 0 
358 24 44 0 
359 48 82 0 
360 98 59 0 
361 98 136 0 
362 90 203 0 
363 83 205 0 
364 73 134 0 
365 31 51 0 
366 47 78 0 
367 81 75 0 
368 89 127 0 
369 89 211 0 
370 58 93 0 
371 68 136 0 
372 97 247 0 
373 42 67 0 
374 91 212 0 
375 41 45 0 
376 91 122 0 
377 55 145 0 
378 71 130 0 
379 45 75 0 
380 40 97 0 
381 49 36 0 
382 57 93 0 
383 40 28 0 
384 48 82 0 
385 96 131 0 
386 46 132 0 
387 75 130 0 
388 75 68 0 
389 21 45 0 
390 82 227 0 
391 55 80 0 
392 62 146 0 
393 55 141 0 
394 98 212 0 
395 31 53 0 
396 76 215 0 
397 79 147 0 
398 23 37 0 
399 64 165 0 
400 58 114 0 
401 85 123 0 
402 57 100 0 
403 23 38 0 
404 76 166 0 
405 43 115 0 
406 42 38 0 
407 49 48 0 
408 78 59 0 
409 50 117 0 
410 83 227 0 
411 57 105 0 
412 80 66 0 
413 46 110 0 
414 59 94 0 
415 30 53 0 
416 84 240 0 
417 77 151 0 
418 86 204 0 
419 46 131 0 
420 24 72 0 
421 59 83 0 
422 84 211 0 
423 45 121 0 
424 77 188 0 
425 97 150 0 
426 83 84 0 
427 86 207 0 
428 43 105 0 
429 90 269 0 
430 55 62 0 
431 89 190 0 
432 38 94 0 
433 56 79 0 
434 69 199 0 
435 44 107 0 
436 92 144 0 
437 88 132 0 
438 61 62 0 
439 73 52 0 
440 21 34 0 
441 76 67 0 
442 47 73 0 
443 59 151 0 
444 34 96 0 
445 39 90 0 
446 80 109 0 
447 60 37 0 
448 85 217 0 
449 83 103 0 
450 30 55 0 
451 27 58 0 
452 42 116 0 
453 93 260 0 
454 29 79 0 
455 45 74 0 
456 40 91 0 
457 33 48 0 
458 52 50 0 
459 84 65 0 
460 29 38 0 
461 78 180 0 
462 40 89 0 
463 94 198 0 
464 78 146 0 
465 80 213 0 
466 75 96 0 
467 70 86 0 
468 24 46 0 
469 88 82 0 
470 86 139 0 
471 23 41 0 
472 25 30 0 
473 56 111 0 
474 50 102 0 
475 69 168 0 
476 65 72 0 
477 57 63 0 
478 77 78 0 
479 71 102 0 
480 27 80 0 
481 24 72 0 
482 56 91 0 
483 98 57 0 
484 78 228 0 
485 88 190 0 
486 32 59 0 
487 89 73 0 
488 21 34 0 
489 59 143 0 
490 96 83 0 
491 67 118 0 
492 66 36 0 
493 85 139 0 
494 73 194 0 
495 25 65 0 
496 85 74 0 
497 58 76 0 
498 50 77 0 
499 83 244 0 
