NAME GBP_INSTANCES\prob_3_B_3_8_1.txt
COMMENT
BINTYPES 5
ITEMS 200
BINS_SECTIONS
0 60 60 0 255 
1 80 80 0 191 
2 100 100 0 153 
3 120 120 0 128 
4 150 150 0 102 
ITEMS_SECTIONS
0 76 223 0 
1 79 128 0 
2 94 60 0 
3 76 52 0 
4 60 166 0 
5 81 144 0 
6 57 80 0 
7 68 137 0 
8 52 60 0 
9 80 133 0 
10 59 164 0 
11 81 69 0 
12 68 128 0 
13 81 78 0 
14 73 126 0 
15 74 215 0 
16 100 78 0 
17 76 199 0 
18 83 185 0 
19 62 125 0 
20 91 231 0 
21 67 93 0 
22 60 135 0 
23 74 211 0 
24 83 111 0 
25 60 72 0 
26 77 105 0 
27 78 87 0 
28 89 125 0 
29 66 180 0 
30 67 109 0 
31 53 93 0 
32 91 188 0 
33 90 142 0 
34 94 186 0 
35 68 52 0 
36 52 74 0 
37 71 120 0 
38 75 46 0 
39 82 194 0 
40 55 45 0 
41 79 125 0 
42 54 65 0 
43 94 87 0 
44 57 161 0 
45 75 184 0 
46 89 207 0 
47 95 126 0 
48 57 97 0 
49 85 110 0 
50 59 52 0 
51 54 84 0 
52 80 79 0 
53 89 210 0 
54 70 76 0 
55 88 238 0 
56 80 150 0 
57 91 140 0 
58 95 260 0 
59 59 77 0 
60 92 201 0 
61 64 181 0 
62 74 99 0 
63 81 102 0 
64 60 78 0 
65 83 92 0 
66 88 155 0 
67 86 95 0 
68 55 116 0 
69 91 117 0 
70 63 95 0 
71 100 128 0 
72 71 191 0 
73 64 175 0 
74 51 145 0 
75 93 210 0 
76 57 50 0 
77 70 169 0 
78 83 108 0 
79 83 123 0 
80 65 89 0 
81 78 61 0 
82 66 105 0 
83 55 39 0 
84 95 180 0 
85 88 67 0 
86 67 184 0 
87 100 197 0 
88 93 178 0 
89 52 138 0 
90 71 158 0 
91 72 187 0 
92 97 54 0 
93 81 176 0 
94 94 154 0 
95 89 175 0 
96 82 142 0 
97 60 86 0 
98 89 233 0 
99 91 118 0 
100 96 243 0 
101 100 260 0 
102 85 199 0 
103 70 36 0 
104 98 53 0 
105 58 37 0 
106 90 213 0 
107 99 228 0 
108 85 255 0 
109 57 82 0 
110 95 223 0 
111 68 172 0 
112 57 152 0 
113 80 143 0 
114 65 158 0 
115 87 226 0 
116 79 201 0 
117 79 40 0 
118 52 80 0 
119 58 168 0 
120 76 163 0 
121 60 75 0 
122 74 172 0 
123 76 158 0 
124 64 96 0 
125 94 211 0 
126 80 220 0 
127 86 187 0 
128 70 58 0 
129 70 210 0 
130 54 84 0 
131 68 109 0 
132 85 115 0 
133 73 178 0 
134 79 113 0 
135 95 233 0 
136 94 243 0 
137 74 155 0 
138 62 45 0 
139 65 181 0 
140 92 120 0 
141 97 285 0 
142 89 245 0 
143 83 129 0 
144 76 205 0 
145 59 168 0 
146 64 84 0 
147 54 112 0 
148 64 95 0 
149 96 262 0 
150 100 288 0 
151 67 154 0 
152 94 114 0 
153 75 159 0 
154 66 164 0 
155 63 104 0 
156 87 223 0 
157 97 253 0 
158 57 144 0 
159 82 75 0 
160 98 266 0 
161 98 171 0 
162 93 173 0 
163 85 196 0 
164 72 216 0 
165 100 153 0 
166 60 44 0 
167 82 124 0 
168 80 217 0 
169 66 71 0 
170 56 164 0 
171 69 131 0 
172 68 173 0 
173 69 40 0 
174 52 80 0 
175 67 162 0 
176 75 104 0 
177 74 45 0 
178 71 156 0 
179 86 117 0 
180 65 166 0 
181 90 268 0 
182 62 32 0 
183 87 177 0 
184 70 143 0 
185 96 278 0 
186 61 35 0 
187 54 157 0 
188 99 267 0 
189 51 77 0 
190 74 197 0 
191 95 190 0 
192 100 179 0 
193 77 186 0 
194 60 105 0 
195 89 142 0 
196 90 253 0 
197 92 233 0 
198 61 58 0 
199 90 78 0 
