NAME GBP_INSTANCES\prob_3_B_3_3_1.txt
COMMENT
BINTYPES 5
ITEMS 200
BINS_SECTIONS
0 60 60 0 250 
1 80 80 0 188 
2 100 100 0 150 
3 120 120 0 125 
4 150 150 0 100 
ITEMS_SECTIONS
0 82 121 0 
1 89 93 0 
2 69 196 0 
3 52 82 0 
4 85 164 0 
5 79 106 0 
6 85 44 0 
7 73 215 0 
8 78 214 0 
9 97 205 0 
10 86 234 0 
11 80 206 0 
12 98 266 0 
13 100 236 0 
14 63 114 0 
15 93 129 0 
16 56 112 0 
17 92 168 0 
18 92 182 0 
19 53 158 0 
20 57 67 0 
21 66 127 0 
22 57 121 0 
23 51 88 0 
24 55 47 0 
25 99 262 0 
26 76 165 0 
27 89 156 0 
28 55 153 0 
29 67 68 0 
30 82 219 0 
31 77 57 0 
32 92 154 0 
33 90 115 0 
34 87 185 0 
35 100 292 0 
36 60 94 0 
37 56 120 0 
38 65 133 0 
39 52 102 0 
40 59 82 0 
41 71 157 0 
42 92 112 0 
43 83 182 0 
44 51 39 0 
45 56 93 0 
46 74 119 0 
47 87 208 0 
48 64 128 0 
49 85 44 0 
50 63 187 0 
51 94 84 0 
52 61 63 0 
53 68 97 0 
54 77 65 0 
55 82 86 0 
56 62 77 0 
57 91 256 0 
58 74 112 0 
59 81 243 0 
60 57 163 0 
61 60 84 0 
62 60 154 0 
63 88 205 0 
64 88 262 0 
65 58 150 0 
66 75 123 0 
67 92 120 0 
68 63 67 0 
69 71 157 0 
70 76 133 0 
71 58 116 0 
72 77 131 0 
73 79 175 0 
74 75 107 0 
75 98 197 0 
76 78 98 0 
77 81 92 0 
78 98 208 0 
79 93 218 0 
80 76 133 0 
81 97 62 0 
82 62 181 0 
83 82 82 0 
84 93 125 0 
85 55 84 0 
86 56 59 0 
87 79 204 0 
88 59 106 0 
89 66 107 0 
90 61 93 0 
91 57 89 0 
92 92 184 0 
93 51 29 0 
94 79 48 0 
95 79 205 0 
96 73 62 0 
97 60 165 0 
98 97 230 0 
99 92 186 0 
100 52 47 0 
101 99 162 0 
102 68 111 0 
103 97 290 0 
104 92 108 0 
105 66 196 0 
106 96 256 0 
107 62 174 0 
108 93 175 0 
109 100 159 0 
110 73 200 0 
111 61 169 0 
112 53 91 0 
113 93 218 0 
114 78 132 0 
115 68 126 0 
116 55 70 0 
117 89 54 0 
118 59 31 0 
119 78 83 0 
120 89 166 0 
121 92 127 0 
122 95 114 0 
123 68 186 0 
124 89 163 0 
125 73 69 0 
126 67 106 0 
127 54 79 0 
128 62 48 0 
129 54 80 0 
130 69 65 0 
131 88 242 0 
132 75 206 0 
133 85 189 0 
134 68 187 0 
135 81 194 0 
136 79 92 0 
137 72 209 0 
138 62 154 0 
139 94 265 0 
140 93 180 0 
141 53 126 0 
142 62 91 0 
143 98 67 0 
144 62 127 0 
145 76 128 0 
146 100 167 0 
147 83 177 0 
148 86 81 0 
149 95 153 0 
150 71 162 0 
151 68 92 0 
152 56 128 0 
153 77 222 0 
154 85 225 0 
155 97 112 0 
156 65 131 0 
157 77 222 0 
158 70 106 0 
159 73 72 0 
160 78 93 0 
161 91 152 0 
162 55 95 0 
163 53 130 0 
164 60 114 0 
165 90 200 0 
166 73 113 0 
167 78 148 0 
168 71 211 0 
169 78 142 0 
170 80 52 0 
171 90 208 0 
172 62 164 0 
173 52 65 0 
174 52 107 0 
175 67 95 0 
176 86 181 0 
177 94 59 0 
178 67 150 0 
179 88 231 0 
180 59 110 0 
181 71 61 0 
182 53 120 0 
183 92 211 0 
184 74 54 0 
185 73 73 0 
186 86 245 0 
187 56 53 0 
188 72 66 0 
189 80 141 0 
190 63 131 0 
191 98 279 0 
192 60 93 0 
193 66 75 0 
194 64 48 0 
195 86 220 0 
196 77 134 0 
197 92 167 0 
198 57 140 0 
199 57 159 0 
