NAME GBP_INSTANCES\prob_2_A_2_7_1.txt
COMMENT
BINTYPES 3
ITEMS 100
BINS_SECTIONS
0 100 100 0 59 
1 120 120 0 49 
2 150 150 0 40 
ITEMS_SECTIONS
0 68 91 0 
1 92 238 0 
2 83 188 0 
3 69 194 0 
4 71 153 0 
5 72 92 0 
6 59 131 0 
7 28 48 0 
8 71 77 0 
9 76 112 0 
10 55 135 0 
11 74 165 0 
12 35 66 0 
13 84 115 0 
14 87 65 0 
15 90 84 0 
16 81 173 0 
17 71 81 0 
18 53 107 0 
19 44 120 0 
20 55 69 0 
21 88 255 0 
22 32 40 0 
23 21 58 0 
24 31 81 0 
25 57 144 0 
26 38 107 0 
27 38 31 0 
28 91 111 0 
29 65 63 0 
30 73 135 0 
31 98 157 0 
32 96 240 0 
33 30 58 0 
34 96 233 0 
35 21 45 0 
36 47 46 0 
37 78 140 0 
38 50 41 0 
39 21 45 0 
40 82 110 0 
41 23 67 0 
42 46 123 0 
43 37 104 0 
44 58 79 0 
45 25 71 0 
46 28 18 0 
47 59 44 0 
48 74 147 0 
49 72 65 0 
50 82 49 0 
51 23 27 0 
52 63 151 0 
53 65 157 0 
54 52 97 0 
55 76 56 0 
56 38 112 0 
57 56 76 0 
58 41 51 0 
59 36 73 0 
60 80 144 0 
61 27 80 0 
62 51 91 0 
63 99 99 0 
64 55 35 0 
65 42 113 0 
66 24 35 0 
67 45 99 0 
68 73 64 0 
69 61 47 0 
70 56 31 0 
71 36 83 0 
72 64 171 0 
73 32 48 0 
74 45 123 0 
75 66 152 0 
76 53 136 0 
77 22 64 0 
78 78 141 0 
79 75 118 0 
80 71 73 0 
81 39 52 0 
82 71 97 0 
83 86 181 0 
84 78 214 0 
85 21 40 0 
86 71 104 0 
87 57 40 0 
88 34 89 0 
89 57 92 0 
90 50 91 0 
91 98 81 0 
92 97 84 0 
93 34 32 0 
94 29 56 0 
95 91 53 0 
96 53 83 0 
97 43 97 0 
98 93 156 0 
99 92 165 0 
