NAME GBP_INSTANCES\prob_3_A_1_5_1.txt
COMMENT
BINTYPES 3
ITEMS 50
BINS_SECTIONS
0 100 100 0 36 
1 120 120 0 30 
2 150 150 0 24 
ITEMS_SECTIONS
0 84 59 0 
1 59 116 0 
2 58 57 0 
3 57 96 0 
4 52 95 0 
5 85 80 0 
6 90 109 0 
7 86 241 0 
8 65 94 0 
9 79 161 0 
10 61 58 0 
11 52 33 0 
12 94 125 0 
13 65 53 0 
14 75 61 0 
15 51 40 0 
16 76 203 0 
17 90 151 0 
18 81 101 0 
19 56 114 0 
20 64 107 0 
21 91 201 0 
22 84 167 0 
23 52 142 0 
24 57 103 0 
25 57 72 0 
26 88 232 0 
27 75 90 0 
28 69 68 0 
29 85 170 0 
30 59 122 0 
31 73 212 0 
32 58 133 0 
33 87 53 0 
34 80 69 0 
35 55 139 0 
36 58 45 0 
37 60 170 0 
38 94 158 0 
39 52 84 0 
40 63 48 0 
41 64 172 0 
42 73 174 0 
43 89 170 0 
44 51 56 0 
45 69 44 0 
46 87 86 0 
47 69 190 0 
48 67 189 0 
49 70 126 0 
