NAME GBP_INSTANCES\prob_3_B_1_5_1.txt
COMMENT
BINTYPES 5
ITEMS 50
BINS_SECTIONS
0 60 60 0 62 
1 80 80 0 47 
2 100 100 0 38 
3 120 120 0 31 
4 150 150 0 25 
ITEMS_SECTIONS
0 81 64 0 
1 94 180 0 
2 86 256 0 
3 97 64 0 
4 78 172 0 
5 90 128 0 
6 60 145 0 
7 80 78 0 
8 97 53 0 
9 84 47 0 
10 71 209 0 
11 60 140 0 
12 78 107 0 
13 57 156 0 
14 56 86 0 
15 71 152 0 
16 68 106 0 
17 62 183 0 
18 64 149 0 
19 54 136 0 
20 63 171 0 
21 90 165 0 
22 81 175 0 
23 85 104 0 
24 63 113 0 
25 88 165 0 
26 54 109 0 
27 57 89 0 
28 97 113 0 
29 84 156 0 
30 91 65 0 
31 71 78 0 
32 92 180 0 
33 96 179 0 
34 54 149 0 
35 71 147 0 
36 64 107 0 
37 76 114 0 
38 78 194 0 
39 59 122 0 
40 89 47 0 
41 82 151 0 
42 84 180 0 
43 72 54 0 
44 65 97 0 
45 61 115 0 
46 56 32 0 
47 75 192 0 
48 73 173 0 
49 52 41 0 
