NAME GBP_INSTANCES\prob_1_A_2_1_1.txt
COMMENT
BINTYPES 3
ITEMS 100
BINS_SECTIONS
0 100 100 0 54 
1 120 120 0 45 
2 150 150 0 36 
ITEMS_SECTIONS
0 27 37 0 
1 6 8 0 
2 57 150 0 
3 77 130 0 
4 53 60 0 
5 6 9 0 
6 34 82 0 
7 96 238 0 
8 7 16 0 
9 26 67 0 
10 99 202 0 
11 73 48 0 
12 93 161 0 
13 87 142 0 
14 69 146 0 
15 100 230 0 
16 25 51 0 
17 86 98 0 
18 97 212 0 
19 59 42 0 
20 96 137 0 
21 39 40 0 
22 86 128 0 
23 55 67 0 
24 51 73 0 
25 81 237 0 
26 92 236 0 
27 38 45 0 
28 30 62 0 
29 88 209 0 
30 5 14 0 
31 9 19 0 
32 59 123 0 
33 20 20 0 
34 94 117 0 
35 25 24 0 
36 69 123 0 
37 43 39 0 
38 48 80 0 
39 19 24 0 
40 84 222 0 
41 60 167 0 
42 68 36 0 
43 24 50 0 
44 100 248 0 
45 83 232 0 
46 31 19 0 
47 43 99 0 
48 70 92 0 
49 72 108 0 
50 23 69 0 
51 37 101 0 
52 17 26 0 
53 99 250 0 
54 28 54 0 
55 74 208 0 
56 5 4 0 
57 42 79 0 
58 75 170 0 
59 21 61 0 
60 85 224 0 
61 67 92 0 
62 42 23 0 
63 11 22 0 
64 38 72 0 
65 17 34 0 
66 7 21 0 
67 73 209 0 
68 24 56 0 
69 54 95 0 
70 49 141 0 
71 61 172 0 
72 94 104 0 
73 80 86 0 
74 5 9 0 
75 57 124 0 
76 45 78 0 
77 72 114 0 
78 40 69 0 
79 91 233 0 
80 68 54 0 
81 72 184 0 
82 96 111 0 
83 67 194 0 
84 100 300 0 
85 59 126 0 
86 41 117 0 
87 9 15 0 
88 8 15 0 
89 41 78 0 
90 69 58 0 
91 32 73 0 
92 9 13 0 
93 4 4 0 
94 28 71 0 
95 74 56 0 
96 85 163 0 
97 38 44 0 
98 69 180 0 
99 48 133 0 
