NAME GBP_INSTANCES\prob_3_A_4_4_1.txt
COMMENT
BINTYPES 3
ITEMS 500
BINS_SECTIONS
0 100 100 0 377 
1 120 120 0 314 
2 150 150 0 251 
ITEMS_SECTIONS
0 80 42 0 
1 62 51 0 
2 83 170 0 
3 95 279 0 
4 92 255 0 
5 100 167 0 
6 60 153 0 
7 58 53 0 
8 52 106 0 
9 53 149 0 
10 71 46 0 
11 83 144 0 
12 93 81 0 
13 97 68 0 
14 78 71 0 
15 96 160 0 
16 86 225 0 
17 69 83 0 
18 68 133 0 
19 67 173 0 
20 54 110 0 
21 69 191 0 
22 93 256 0 
23 94 225 0 
24 62 110 0 
25 51 53 0 
26 67 39 0 
27 55 64 0 
28 70 196 0 
29 53 92 0 
30 64 111 0 
31 96 198 0 
32 90 126 0 
33 94 232 0 
34 73 215 0 
35 83 244 0 
36 78 176 0 
37 52 97 0 
38 54 133 0 
39 64 109 0 
40 93 152 0 
41 94 190 0 
42 82 195 0 
43 56 125 0 
44 69 56 0 
45 67 53 0 
46 59 122 0 
47 88 48 0 
48 80 203 0 
49 77 60 0 
50 98 71 0 
51 85 146 0 
52 80 131 0 
53 63 125 0 
54 71 79 0 
55 70 99 0 
56 69 55 0 
57 92 154 0 
58 92 158 0 
59 65 68 0 
60 92 221 0 
61 90 265 0 
62 87 156 0 
63 70 48 0 
64 100 157 0 
65 70 71 0 
66 64 181 0 
67 94 174 0 
68 61 114 0 
69 82 65 0 
70 62 143 0 
71 82 142 0 
72 95 62 0 
73 54 113 0 
74 90 87 0 
75 98 147 0 
76 98 180 0 
77 73 186 0 
78 54 79 0 
79 67 67 0 
80 52 83 0 
81 52 44 0 
82 63 103 0 
83 79 58 0 
84 95 125 0 
85 75 179 0 
86 69 166 0 
87 63 161 0 
88 51 118 0 
89 51 73 0 
90 86 84 0 
91 81 81 0 
92 91 208 0 
93 86 236 0 
94 91 249 0 
95 56 30 0 
96 82 165 0 
97 54 86 0 
98 98 109 0 
99 76 107 0 
100 80 185 0 
101 59 69 0 
102 61 142 0 
103 82 124 0 
104 85 222 0 
105 87 260 0 
106 100 134 0 
107 65 67 0 
108 69 111 0 
109 89 73 0 
110 99 245 0 
111 83 68 0 
112 75 94 0 
113 73 143 0 
114 76 57 0 
115 54 153 0 
116 74 43 0 
117 75 179 0 
118 70 203 0 
119 90 218 0 
120 59 157 0 
121 70 142 0 
122 51 100 0 
123 95 193 0 
124 65 80 0 
125 95 241 0 
126 92 178 0 
127 78 159 0 
128 54 150 0 
129 91 215 0 
130 53 59 0 
131 91 109 0 
132 96 78 0 
133 53 106 0 
134 89 140 0 
135 80 169 0 
136 90 194 0 
137 77 122 0 
138 57 136 0 
139 80 86 0 
140 92 274 0 
141 94 240 0 
142 90 115 0 
143 79 134 0 
144 67 184 0 
145 99 150 0 
146 81 142 0 
147 82 123 0 
148 65 56 0 
149 86 108 0 
150 66 168 0 
151 62 48 0 
152 94 93 0 
153 74 218 0 
154 73 196 0 
155 63 41 0 
156 87 63 0 
157 71 213 0 
158 66 160 0 
159 98 171 0 
160 84 181 0 
161 56 81 0 
162 95 166 0 
163 69 55 0 
164 95 225 0 
165 91 115 0 
166 95 77 0 
167 80 145 0 
168 83 171 0 
169 86 251 0 
170 91 158 0 
171 85 69 0 
172 52 79 0 
173 73 62 0 
174 86 177 0 
175 91 132 0 
176 94 67 0 
177 69 49 0 
178 62 122 0 
179 51 112 0 
180 90 124 0 
181 87 242 0 
182 63 115 0 
183 81 104 0 
184 53 53 0 
185 65 135 0 
186 75 153 0 
187 59 175 0 
188 53 89 0 
189 77 153 0 
190 53 39 0 
191 74 133 0 
192 90 70 0 
193 52 37 0 
194 73 219 0 
195 59 101 0 
196 85 237 0 
197 55 101 0 
198 89 227 0 
199 82 113 0 
200 85 208 0 
201 57 62 0 
202 66 36 0 
203 87 148 0 
204 58 165 0 
205 63 178 0 
206 54 136 0 
207 95 257 0 
208 73 61 0 
209 52 121 0 
210 86 211 0 
211 68 177 0 
212 94 155 0 
213 62 172 0 
214 74 131 0 
215 90 262 0 
216 83 194 0 
217 75 142 0 
218 66 188 0 
219 77 50 0 
220 84 251 0 
221 78 186 0 
222 100 160 0 
223 53 42 0 
224 86 172 0 
225 63 119 0 
226 73 163 0 
227 74 102 0 
228 98 176 0 
229 78 214 0 
230 90 165 0 
231 74 58 0 
232 69 197 0 
233 62 131 0 
234 86 167 0 
235 62 63 0 
236 90 99 0 
237 58 54 0 
238 74 46 0 
239 62 130 0 
240 67 125 0 
241 97 93 0 
242 59 72 0 
243 56 125 0 
244 95 203 0 
245 98 72 0 
246 76 117 0 
247 77 84 0 
248 79 235 0 
249 66 55 0 
250 89 78 0 
251 73 71 0 
252 72 108 0 
253 94 119 0 
254 69 61 0 
255 76 40 0 
256 86 53 0 
257 52 28 0 
258 69 199 0 
259 97 123 0 
260 89 179 0 
261 53 136 0 
262 80 208 0 
263 90 108 0 
264 54 34 0 
265 53 38 0 
266 86 223 0 
267 52 97 0 
268 54 75 0 
269 55 92 0 
270 86 214 0 
271 53 116 0 
272 90 237 0 
273 81 79 0 
274 70 99 0 
275 54 132 0 
276 87 194 0 
277 88 124 0 
278 55 78 0 
279 69 73 0 
280 84 242 0 
281 79 61 0 
282 76 126 0 
283 75 134 0 
284 85 84 0 
285 51 75 0 
286 79 153 0 
287 77 46 0 
288 100 253 0 
289 61 150 0 
290 67 103 0 
291 76 183 0 
292 88 63 0 
293 74 100 0 
294 51 125 0 
295 54 144 0 
296 56 94 0 
297 61 55 0 
298 91 109 0 
299 67 62 0 
300 79 97 0 
301 57 51 0 
302 92 212 0 
303 73 214 0 
304 52 138 0 
305 62 96 0 
306 95 283 0 
307 72 51 0 
308 83 212 0 
309 80 144 0 
310 60 109 0 
311 87 127 0 
312 91 256 0 
313 88 220 0 
314 92 237 0 
315 75 118 0 
316 62 96 0 
317 78 184 0 
318 62 40 0 
319 80 181 0 
320 91 231 0 
321 64 49 0 
322 63 178 0 
323 79 101 0 
324 95 226 0 
325 91 139 0 
326 58 145 0 
327 83 113 0 
328 93 109 0 
329 98 251 0 
330 60 109 0 
331 84 186 0 
332 65 45 0 
333 71 107 0 
334 55 93 0 
335 66 163 0 
336 63 92 0 
337 78 215 0 
338 97 267 0 
339 83 163 0 
340 74 211 0 
341 75 116 0 
342 100 107 0 
343 95 284 0 
344 89 227 0 
345 91 200 0 
346 91 150 0 
347 84 143 0 
348 66 103 0 
349 61 98 0 
350 62 89 0 
351 52 27 0 
352 65 66 0 
353 62 93 0 
354 86 132 0 
355 88 159 0 
356 88 67 0 
357 57 64 0 
358 63 50 0 
359 86 115 0 
360 78 157 0 
361 54 116 0 
362 88 219 0 
363 96 137 0 
364 88 54 0 
365 59 147 0 
366 96 134 0 
367 73 202 0 
368 81 176 0 
369 95 218 0 
370 74 88 0 
371 81 169 0 
372 71 84 0 
373 81 227 0 
374 93 269 0 
375 97 273 0 
376 67 113 0 
377 71 67 0 
378 59 168 0 
379 80 132 0 
380 86 123 0 
381 87 258 0 
382 82 182 0 
383 53 80 0 
384 81 210 0 
385 89 172 0 
386 53 102 0 
387 54 118 0 
388 64 108 0 
389 83 69 0 
390 93 232 0 
391 64 80 0 
392 74 170 0 
393 51 101 0 
394 57 63 0 
395 64 129 0 
396 97 137 0 
397 88 56 0 
398 51 50 0 
399 72 62 0 
400 62 179 0 
401 61 99 0 
402 59 161 0 
403 73 147 0 
404 61 120 0 
405 59 100 0 
406 71 208 0 
407 90 190 0 
408 63 99 0 
409 88 160 0 
410 73 85 0 
411 57 152 0 
412 81 49 0 
413 51 94 0 
414 87 180 0 
415 84 164 0 
416 93 254 0 
417 54 51 0 
418 65 93 0 
419 95 103 0 
420 98 256 0 
421 83 72 0 
422 83 217 0 
423 61 36 0 
424 94 195 0 
425 88 154 0 
426 83 142 0 
427 68 41 0 
428 65 114 0 
429 78 202 0 
430 65 129 0 
431 87 81 0 
432 60 52 0 
433 52 136 0 
434 73 158 0 
435 87 251 0 
436 52 80 0 
437 75 152 0 
438 76 100 0 
439 65 195 0 
440 62 105 0 
441 82 186 0 
442 91 128 0 
443 77 42 0 
444 86 252 0 
445 52 80 0 
446 52 145 0 
447 90 258 0 
448 57 153 0 
449 100 170 0 
450 60 174 0 
451 95 77 0 
452 84 132 0 
453 74 180 0 
454 81 242 0 
455 63 118 0 
456 96 284 0 
457 96 218 0 
458 70 156 0 
459 52 139 0 
460 86 104 0 
461 56 59 0 
462 94 179 0 
463 83 121 0 
464 80 65 0 
465 74 128 0 
466 71 183 0 
467 65 193 0 
468 78 182 0 
469 100 144 0 
470 59 95 0 
471 53 83 0 
472 99 271 0 
473 72 113 0 
474 60 109 0 
475 70 119 0 
476 57 46 0 
477 93 240 0 
478 64 81 0 
479 56 29 0 
480 74 157 0 
481 98 195 0 
482 62 102 0 
483 58 76 0 
484 92 210 0 
485 79 75 0 
486 93 135 0 
487 96 250 0 
488 90 155 0 
489 85 179 0 
490 57 155 0 
491 80 195 0 
492 80 179 0 
493 52 101 0 
494 54 140 0 
495 66 104 0 
496 72 43 0 
497 64 90 0 
498 95 56 0 
499 70 141 0 
