NAME GBP_INSTANCES\prob_1_B_4_2_1.txt
COMMENT
BINTYPES 5
ITEMS 500
BINS_SECTIONS
0 60 60 0 432 
1 80 80 0 324 
2 100 100 0 259 
3 120 120 0 216 
4 150 150 0 173 
ITEMS_SECTIONS
0 36 90 0 
1 29 51 0 
2 86 85 0 
3 45 113 0 
4 4 12 0 
5 92 199 0 
6 76 95 0 
7 63 52 0 
8 100 141 0 
9 47 75 0 
10 57 72 0 
11 52 53 0 
12 64 144 0 
13 6 18 0 
14 42 37 0 
15 22 62 0 
16 88 219 0 
17 35 98 0 
18 34 49 0 
19 57 134 0 
20 58 133 0 
21 70 72 0 
22 86 222 0 
23 24 19 0 
24 96 187 0 
25 45 98 0 
26 17 24 0 
27 91 77 0 
28 86 89 0 
29 61 34 0 
30 14 41 0 
31 65 55 0 
32 16 39 0 
33 93 198 0 
34 64 181 0 
35 4 3 0 
36 92 172 0 
37 57 110 0 
38 5 13 0 
39 21 33 0 
40 61 125 0 
41 24 39 0 
42 33 59 0 
43 39 99 0 
44 95 52 0 
45 24 18 0 
46 3 8 0 
47 95 136 0 
48 87 112 0 
49 11 28 0 
50 5 7 0 
51 66 162 0 
52 96 273 0 
53 34 56 0 
54 86 189 0 
55 16 25 0 
56 96 254 0 
57 93 167 0 
58 100 270 0 
59 35 82 0 
60 78 233 0 
61 20 55 0 
62 29 39 0 
63 64 146 0 
64 34 61 0 
65 55 160 0 
66 85 255 0 
67 80 137 0 
68 96 127 0 
69 76 121 0 
70 41 22 0 
71 40 94 0 
72 62 34 0 
73 39 65 0 
74 60 133 0 
75 50 103 0 
76 50 27 0 
77 86 225 0 
78 12 23 0 
79 66 132 0 
80 39 37 0 
81 93 176 0 
82 34 82 0 
83 83 146 0 
84 44 55 0 
85 94 188 0 
86 20 20 0 
87 31 51 0 
88 62 45 0 
89 67 166 0 
90 93 139 0 
91 20 16 0 
92 42 109 0 
93 15 15 0 
94 53 110 0 
95 68 149 0 
96 24 56 0 
97 30 69 0 
98 55 131 0 
99 46 110 0 
100 99 295 0 
101 71 205 0 
102 99 51 0 
103 71 173 0 
104 32 77 0 
105 39 105 0 
106 5 12 0 
107 84 222 0 
108 91 180 0 
109 84 154 0 
110 30 56 0 
111 50 143 0 
112 37 76 0 
113 40 101 0 
114 25 25 0 
115 12 36 0 
116 22 56 0 
117 93 151 0 
118 73 215 0 
119 24 36 0 
120 30 40 0 
121 7 5 0 
122 11 12 0 
123 25 60 0 
124 26 40 0 
125 5 13 0 
126 73 125 0 
127 46 51 0 
128 41 78 0 
129 15 40 0 
130 72 37 0 
131 33 54 0 
132 56 95 0 
133 97 90 0 
134 37 59 0 
135 74 92 0 
136 19 23 0 
137 56 136 0 
138 28 54 0 
139 100 234 0 
140 55 97 0 
141 47 45 0 
142 65 127 0 
143 73 70 0 
144 98 167 0 
145 90 137 0 
146 74 42 0 
147 12 19 0 
148 20 14 0 
149 2 6 0 
150 78 233 0 
151 61 117 0 
152 59 96 0 
153 37 107 0 
154 60 149 0 
155 87 168 0 
156 52 123 0 
157 85 224 0 
158 21 34 0 
159 79 152 0 
160 63 142 0 
161 93 55 0 
162 35 50 0 
163 32 94 0 
164 93 103 0 
165 46 52 0 
166 61 100 0 
167 19 22 0 
168 92 178 0 
169 7 12 0 
170 87 96 0 
171 16 40 0 
172 49 138 0 
173 34 74 0 
174 74 57 0 
175 70 132 0 
176 63 62 0 
177 70 198 0 
178 78 123 0 
179 2 6 0 
180 3 9 0 
181 28 53 0 
182 15 27 0 
183 16 17 0 
184 32 84 0 
185 65 162 0 
186 51 33 0 
187 6 9 0 
188 16 21 0 
189 84 141 0 
190 73 124 0 
191 56 101 0 
192 91 148 0 
193 33 98 0 
194 36 26 0 
195 90 269 0 
196 11 18 0 
197 41 59 0 
198 24 47 0 
199 85 220 0 
200 47 130 0 
201 91 133 0 
202 41 91 0 
203 8 12 0 
204 53 152 0 
205 42 39 0 
206 59 156 0 
207 84 227 0 
208 91 66 0 
209 88 85 0 
210 30 36 0 
211 63 133 0 
212 5 14 0 
213 13 30 0 
214 11 28 0 
215 71 71 0 
216 53 114 0 
217 85 67 0 
218 86 208 0 
219 37 93 0 
220 80 201 0 
221 65 46 0 
222 57 124 0 
223 77 206 0 
224 45 126 0 
225 84 152 0 
226 66 73 0 
227 21 16 0 
228 80 219 0 
229 42 110 0 
230 26 59 0 
231 61 149 0 
232 96 120 0 
233 97 80 0 
234 40 92 0 
235 13 39 0 
236 19 12 0 
237 100 273 0 
238 67 84 0 
239 69 172 0 
240 64 166 0 
241 40 97 0 
242 18 34 0 
243 35 84 0 
244 33 94 0 
245 34 60 0 
246 37 76 0 
247 23 14 0 
248 45 110 0 
249 74 219 0 
250 67 78 0 
251 96 271 0 
252 83 191 0 
253 25 53 0 
254 46 95 0 
255 48 77 0 
256 69 148 0 
257 85 73 0 
258 15 45 0 
259 89 80 0 
260 44 43 0 
261 42 33 0 
262 13 18 0 
263 45 126 0 
264 76 192 0 
265 91 87 0 
266 34 57 0 
267 27 59 0 
268 69 138 0 
269 75 48 0 
270 96 252 0 
271 88 224 0 
272 86 193 0 
273 100 281 0 
274 28 66 0 
275 15 15 0 
276 66 55 0 
277 2 3 0 
278 15 45 0 
279 72 107 0 
280 58 35 0 
281 94 68 0 
282 91 225 0 
283 60 154 0 
284 37 63 0 
285 94 91 0 
286 57 110 0 
287 88 131 0 
288 28 26 0 
289 54 108 0 
290 64 111 0 
291 26 75 0 
292 16 20 0 
293 69 47 0 
294 79 59 0 
295 44 25 0 
296 45 133 0 
297 30 73 0 
298 69 87 0 
299 7 7 0 
300 100 152 0 
301 63 46 0 
302 87 88 0 
303 13 33 0 
304 84 246 0 
305 36 78 0 
306 44 119 0 
307 60 144 0 
308 56 86 0 
309 60 139 0 
310 11 17 0 
311 31 42 0 
312 59 104 0 
313 91 130 0 
314 55 35 0 
315 64 134 0 
316 19 13 0 
317 41 32 0 
318 57 32 0 
319 24 54 0 
320 10 7 0 
321 97 233 0 
322 97 283 0 
323 16 30 0 
324 84 141 0 
325 85 106 0 
326 64 123 0 
327 74 177 0 
328 82 186 0 
329 50 97 0 
330 88 194 0 
331 64 97 0 
332 79 218 0 
333 99 297 0 
334 31 27 0 
335 24 15 0 
336 7 15 0 
337 90 236 0 
338 45 38 0 
339 88 198 0 
340 24 59 0 
341 89 230 0 
342 39 30 0 
343 21 15 0 
344 41 49 0 
345 95 49 0 
346 47 101 0 
347 3 2 0 
348 84 212 0 
349 65 100 0 
350 60 91 0 
351 90 168 0 
352 21 33 0 
353 4 4 0 
354 91 61 0 
355 8 20 0 
356 8 24 0 
357 87 136 0 
358 57 53 0 
359 62 83 0 
360 91 141 0 
361 74 221 0 
362 33 34 0 
363 76 213 0 
364 44 87 0 
365 51 135 0 
366 64 77 0 
367 14 40 0 
368 23 60 0 
369 96 206 0 
370 9 6 0 
371 76 217 0 
372 65 157 0 
373 3 3 0 
374 59 125 0 
375 72 184 0 
376 15 38 0 
377 23 67 0 
378 58 110 0 
379 28 19 0 
380 58 166 0 
381 100 154 0 
382 25 71 0 
383 35 102 0 
384 95 166 0 
385 45 71 0 
386 23 66 0 
387 7 15 0 
388 15 42 0 
389 6 15 0 
390 89 137 0 
391 43 117 0 
392 95 250 0 
393 11 26 0 
394 38 53 0 
395 75 179 0 
396 7 6 0 
397 20 53 0 
398 69 189 0 
399 82 222 0 
400 24 43 0 
401 70 165 0 
402 7 18 0 
403 58 146 0 
404 46 27 0 
405 49 49 0 
406 81 96 0 
407 25 39 0 
408 17 41 0 
409 72 72 0 
410 72 139 0 
411 54 112 0 
412 36 75 0 
413 18 13 0 
414 59 135 0 
415 11 7 0 
416 83 236 0 
417 81 162 0 
418 63 123 0 
419 78 125 0 
420 10 18 0 
421 7 5 0 
422 45 95 0 
423 62 141 0 
424 40 64 0 
425 50 72 0 
426 38 67 0 
427 53 46 0 
428 49 68 0 
429 42 119 0 
430 76 221 0 
431 39 80 0 
432 25 17 0 
433 12 27 0 
434 12 16 0 
435 32 33 0 
436 5 6 0 
437 11 29 0 
438 58 160 0 
439 30 20 0 
440 2 4 0 
441 27 51 0 
442 72 201 0 
443 54 31 0 
444 88 107 0 
445 19 41 0 
446 16 45 0 
447 83 141 0 
448 61 74 0 
449 54 158 0 
450 80 190 0 
451 47 38 0 
452 65 140 0 
453 88 107 0 
454 49 85 0 
455 73 143 0 
456 92 176 0 
457 67 35 0 
458 64 43 0 
459 64 60 0 
460 27 45 0 
461 88 182 0 
462 64 104 0 
463 3 6 0 
464 59 90 0 
465 4 7 0 
466 90 111 0 
467 50 57 0 
468 51 142 0 
469 4 8 0 
470 90 211 0 
471 45 35 0 
472 50 50 0 
473 55 143 0 
474 37 94 0 
475 59 124 0 
476 54 47 0 
477 43 33 0 
478 95 50 0 
479 26 63 0 
480 24 52 0 
481 90 176 0 
482 42 66 0 
483 98 208 0 
484 29 54 0 
485 86 150 0 
486 78 61 0 
487 40 86 0 
488 43 72 0 
489 25 17 0 
490 43 115 0 
491 18 40 0 
492 65 143 0 
493 65 88 0 
494 55 55 0 
495 2 5 0 
496 86 90 0 
497 17 26 0 
498 7 20 0 
499 27 24 0 
