NAME GBP_INSTANCES\prob_2_A_2_8_1.txt
COMMENT
BINTYPES 3
ITEMS 100
BINS_SECTIONS
0 100 100 0 62 
1 120 120 0 52 
2 150 150 0 41 
ITEMS_SECTIONS
0 93 119 0 
1 29 71 0 
2 87 80 0 
3 75 88 0 
4 73 61 0 
5 96 223 0 
6 84 83 0 
7 67 83 0 
8 64 107 0 
9 35 67 0 
10 42 24 0 
11 44 74 0 
12 59 172 0 
13 29 42 0 
14 76 210 0 
15 76 199 0 
16 63 132 0 
17 89 126 0 
18 68 84 0 
19 75 216 0 
20 74 63 0 
21 81 152 0 
22 45 98 0 
23 65 72 0 
24 86 212 0 
25 49 138 0 
26 60 113 0 
27 56 158 0 
28 32 59 0 
29 73 139 0 
30 27 35 0 
31 58 106 0 
32 89 267 0 
33 77 162 0 
34 94 243 0 
35 44 62 0 
36 83 240 0 
37 21 42 0 
38 90 237 0 
39 52 152 0 
40 91 104 0 
41 30 28 0 
42 63 126 0 
43 22 46 0 
44 21 49 0 
45 67 161 0 
46 49 66 0 
47 23 19 0 
48 99 164 0 
49 87 243 0 
50 40 82 0 
51 74 74 0 
52 51 54 0 
53 35 45 0 
54 63 131 0 
55 44 132 0 
56 27 31 0 
57 43 92 0 
58 56 106 0 
59 41 38 0 
60 96 111 0 
61 63 136 0 
62 87 175 0 
63 27 17 0 
64 80 145 0 
65 67 151 0 
66 41 21 0 
67 79 227 0 
68 64 120 0 
69 58 144 0 
70 48 93 0 
71 63 87 0 
72 94 49 0 
73 62 148 0 
74 62 152 0 
75 49 106 0 
76 97 117 0 
77 67 174 0 
78 80 120 0 
79 66 170 0 
80 64 119 0 
81 83 99 0 
82 82 205 0 
83 61 183 0 
84 94 219 0 
85 34 58 0 
86 38 38 0 
87 89 183 0 
88 97 239 0 
89 74 148 0 
90 26 34 0 
91 83 247 0 
92 24 44 0 
93 69 123 0 
94 32 82 0 
95 31 58 0 
96 42 66 0 
97 31 26 0 
98 72 54 0 
99 63 122 0 
