NAME GBP_INSTANCES\prob_2_A_4_6_1.txt
COMMENT
BINTYPES 3
ITEMS 500
BINS_SECTIONS
0 100 100 0 303 
1 120 120 0 253 
2 150 150 0 202 
ITEMS_SECTIONS
0 97 180 0 
1 92 189 0 
2 92 222 0 
3 26 76 0 
4 85 97 0 
5 59 113 0 
6 99 126 0 
7 35 27 0 
8 71 148 0 
9 79 198 0 
10 87 256 0 
11 72 59 0 
12 27 75 0 
13 55 119 0 
14 85 161 0 
15 99 241 0 
16 64 142 0 
17 57 90 0 
18 65 180 0 
19 55 125 0 
20 90 141 0 
21 23 31 0 
22 27 81 0 
23 99 200 0 
24 78 209 0 
25 66 75 0 
26 89 197 0 
27 41 74 0 
28 51 69 0 
29 68 157 0 
30 97 261 0 
31 29 71 0 
32 81 94 0 
33 91 165 0 
34 32 65 0 
35 47 130 0 
36 34 23 0 
37 47 86 0 
38 84 78 0 
39 28 47 0 
40 85 112 0 
41 82 48 0 
42 87 96 0 
43 93 164 0 
44 60 171 0 
45 36 20 0 
46 53 65 0 
47 43 55 0 
48 53 81 0 
49 72 197 0 
50 60 34 0 
51 41 81 0 
52 72 172 0 
53 30 31 0 
54 37 29 0 
55 83 199 0 
56 34 83 0 
57 92 57 0 
58 96 171 0 
59 28 47 0 
60 24 36 0 
61 68 130 0 
62 36 88 0 
63 33 84 0 
64 54 61 0 
65 37 33 0 
66 31 71 0 
67 46 70 0 
68 45 104 0 
69 76 154 0 
70 84 172 0 
71 40 47 0 
72 67 102 0 
73 36 82 0 
74 99 182 0 
75 32 43 0 
76 31 16 0 
77 54 136 0 
78 73 126 0 
79 66 54 0 
80 72 45 0 
81 56 33 0 
82 25 54 0 
83 71 120 0 
84 28 20 0 
85 51 146 0 
86 39 28 0 
87 22 23 0 
88 39 109 0 
89 99 72 0 
90 33 30 0 
91 65 159 0 
92 41 35 0 
93 98 245 0 
94 44 53 0 
95 90 187 0 
96 86 158 0 
97 99 171 0 
98 76 144 0 
99 75 137 0 
100 80 47 0 
101 85 152 0 
102 46 97 0 
103 47 48 0 
104 67 160 0 
105 22 24 0 
106 23 45 0 
107 50 100 0 
108 31 20 0 
109 67 191 0 
110 75 135 0 
111 44 99 0 
112 49 55 0 
113 64 61 0 
114 76 123 0 
115 72 184 0 
116 77 61 0 
117 47 29 0 
118 87 84 0 
119 64 186 0 
120 41 97 0 
121 90 79 0 
122 50 115 0 
123 65 188 0 
124 71 45 0 
125 21 16 0 
126 43 106 0 
127 49 128 0 
128 45 92 0 
129 53 72 0 
130 91 231 0 
131 91 205 0 
132 99 124 0 
133 57 60 0 
134 54 95 0 
135 54 126 0 
136 92 190 0 
137 47 84 0 
138 100 95 0 
139 51 96 0 
140 70 73 0 
141 83 231 0 
142 49 45 0 
143 37 34 0 
144 32 22 0 
145 75 124 0 
146 26 73 0 
147 37 43 0 
148 100 56 0 
149 28 63 0 
150 56 103 0 
151 69 120 0 
152 25 23 0 
153 79 197 0 
154 75 116 0 
155 86 220 0 
156 85 169 0 
157 68 198 0 
158 89 164 0 
159 24 47 0 
160 76 143 0 
161 83 108 0 
162 99 139 0 
163 43 33 0 
164 60 87 0 
165 25 73 0 
166 91 61 0 
167 94 115 0 
168 27 28 0 
169 48 138 0 
170 25 51 0 
171 89 251 0 
172 75 223 0 
173 75 137 0 
174 41 23 0 
175 55 99 0 
176 23 56 0 
177 77 174 0 
178 27 19 0 
179 24 33 0 
180 53 114 0 
181 49 46 0 
182 36 70 0 
183 83 73 0 
184 96 218 0 
185 84 55 0 
186 54 38 0 
187 95 161 0 
188 47 105 0 
189 36 38 0 
190 57 157 0 
191 79 182 0 
192 44 39 0 
193 60 48 0 
194 60 107 0 
195 23 67 0 
196 78 163 0 
197 69 140 0 
198 36 104 0 
199 65 114 0 
200 34 83 0 
201 49 57 0 
202 72 207 0 
203 44 66 0 
204 50 82 0 
205 66 191 0 
206 74 133 0 
207 54 146 0 
208 66 135 0 
209 65 79 0 
210 87 79 0 
211 81 81 0 
212 50 135 0 
213 54 161 0 
214 95 71 0 
215 99 96 0 
216 74 182 0 
217 52 46 0 
218 28 71 0 
219 48 96 0 
220 81 241 0 
221 92 271 0 
222 41 99 0 
223 63 116 0 
224 87 256 0 
225 25 41 0 
226 30 69 0 
227 32 64 0 
228 26 23 0 
229 77 46 0 
230 65 91 0 
231 56 52 0 
232 72 137 0 
233 79 188 0 
234 54 135 0 
235 25 57 0 
236 77 199 0 
237 45 40 0 
238 70 191 0 
239 99 204 0 
240 79 115 0 
241 42 68 0 
242 71 128 0 
243 85 196 0 
244 41 51 0 
245 33 47 0 
246 38 102 0 
247 58 46 0 
248 58 157 0 
249 99 291 0 
250 59 91 0 
251 46 116 0 
252 67 190 0 
253 48 130 0 
254 29 83 0 
255 95 243 0 
256 64 168 0 
257 22 38 0 
258 84 97 0 
259 60 117 0 
260 93 189 0 
261 63 48 0 
262 93 178 0 
263 21 16 0 
264 60 142 0 
265 98 211 0 
266 39 35 0 
267 47 34 0 
268 77 125 0 
269 48 66 0 
270 88 139 0 
271 40 113 0 
272 99 152 0 
273 98 251 0 
274 24 68 0 
275 57 137 0 
276 56 143 0 
277 27 17 0 
278 49 93 0 
279 89 234 0 
280 24 22 0 
281 26 54 0 
282 65 105 0 
283 98 209 0 
284 44 43 0 
285 85 77 0 
286 70 129 0 
287 81 151 0 
288 31 69 0 
289 26 69 0 
290 75 178 0 
291 83 157 0 
292 68 135 0 
293 91 219 0 
294 92 122 0 
295 22 16 0 
296 33 22 0 
297 71 111 0 
298 34 22 0 
299 34 80 0 
300 45 65 0 
301 81 89 0 
302 83 160 0 
303 78 170 0 
304 41 113 0 
305 91 248 0 
306 85 141 0 
307 86 134 0 
308 42 22 0 
309 40 22 0 
310 48 93 0 
311 28 73 0 
312 65 89 0 
313 44 88 0 
314 60 32 0 
315 42 50 0 
316 48 81 0 
317 31 87 0 
318 28 65 0 
319 32 23 0 
320 80 125 0 
321 99 130 0 
322 32 24 0 
323 64 170 0 
324 56 95 0 
325 29 44 0 
326 90 87 0 
327 69 105 0 
328 61 70 0 
329 51 79 0 
330 62 56 0 
331 55 57 0 
332 57 61 0 
333 33 41 0 
334 69 113 0 
335 38 74 0 
336 95 108 0 
337 46 52 0 
338 94 216 0 
339 92 99 0 
340 22 43 0 
341 47 93 0 
342 93 278 0 
343 58 165 0 
344 73 103 0 
345 48 47 0 
346 77 41 0 
347 21 48 0 
348 31 87 0 
349 81 143 0 
350 65 84 0 
351 70 69 0 
352 22 45 0 
353 69 113 0 
354 82 107 0 
355 35 47 0 
356 78 143 0 
357 35 89 0 
358 96 143 0 
359 40 38 0 
360 96 135 0 
361 100 194 0 
362 86 209 0 
363 90 133 0 
364 25 18 0 
365 86 99 0 
366 38 90 0 
367 95 118 0 
368 91 164 0 
369 75 56 0 
370 67 181 0 
371 59 161 0 
372 97 283 0 
373 68 118 0 
374 60 106 0 
375 70 95 0 
376 57 101 0 
377 23 69 0 
378 87 234 0 
379 88 105 0 
380 25 16 0 
381 78 133 0 
382 83 166 0 
383 22 55 0 
384 24 18 0 
385 93 56 0 
386 50 94 0 
387 96 218 0 
388 76 144 0 
389 74 154 0 
390 93 272 0 
391 78 166 0 
392 45 127 0 
393 46 123 0 
394 84 152 0 
395 24 47 0 
396 97 247 0 
397 66 172 0 
398 39 36 0 
399 51 44 0 
400 57 111 0 
401 60 150 0 
402 36 29 0 
403 39 79 0 
404 47 38 0 
405 93 173 0 
406 42 76 0 
407 62 120 0 
408 62 158 0 
409 43 126 0 
410 77 94 0 
411 42 98 0 
412 57 128 0 
413 73 55 0 
414 38 35 0 
415 64 91 0 
416 53 41 0 
417 95 180 0 
418 98 108 0 
419 91 235 0 
420 67 102 0 
421 78 106 0 
422 43 29 0 
423 37 52 0 
424 92 261 0 
425 44 37 0 
426 53 132 0 
427 50 85 0 
428 21 59 0 
429 86 62 0 
430 97 80 0 
431 55 132 0 
432 55 40 0 
433 47 67 0 
434 53 32 0 
435 72 116 0 
436 48 74 0 
437 78 216 0 
438 30 60 0 
439 62 72 0 
440 91 251 0 
441 25 27 0 
442 53 62 0 
443 70 117 0 
444 74 56 0 
445 84 178 0 
446 25 74 0 
447 78 160 0 
448 31 49 0 
449 86 222 0 
450 86 187 0 
451 95 108 0 
452 66 40 0 
453 28 33 0 
454 46 44 0 
455 35 35 0 
456 59 111 0 
457 98 87 0 
458 86 252 0 
459 29 52 0 
460 22 50 0 
461 69 207 0 
462 57 88 0 
463 42 73 0 
464 27 41 0 
465 92 194 0 
466 26 55 0 
467 27 32 0 
468 33 85 0 
469 25 28 0 
470 72 211 0 
471 42 103 0 
472 27 53 0 
473 58 124 0 
474 38 43 0 
475 27 56 0 
476 99 71 0 
477 97 105 0 
478 37 31 0 
479 55 126 0 
480 78 97 0 
481 86 230 0 
482 51 50 0 
483 89 179 0 
484 86 190 0 
485 31 32 0 
486 98 129 0 
487 61 128 0 
488 48 97 0 
489 58 30 0 
490 57 169 0 
491 49 63 0 
492 81 211 0 
493 65 155 0 
494 59 163 0 
495 58 94 0 
496 34 42 0 
497 98 290 0 
498 41 86 0 
499 78 60 0 
