NAME GBP_INSTANCES\prob_1_B_2_2_1.txt
COMMENT
BINTYPES 5
ITEMS 100
BINS_SECTIONS
0 60 60 0 96 
1 80 80 0 72 
2 100 100 0 58 
3 120 120 0 48 
4 150 150 0 39 
ITEMS_SECTIONS
0 98 67 0 
1 33 70 0 
2 16 31 0 
3 78 157 0 
4 82 236 0 
5 10 14 0 
6 76 78 0 
7 75 217 0 
8 72 167 0 
9 21 26 0 
10 9 5 0 
11 14 35 0 
12 65 47 0 
13 53 100 0 
14 4 9 0 
15 3 8 0 
16 58 127 0 
17 95 165 0 
18 61 171 0 
19 74 92 0 
20 38 48 0 
21 59 94 0 
22 6 14 0 
23 46 115 0 
24 54 104 0 
25 89 76 0 
26 74 180 0 
27 41 96 0 
28 50 119 0 
29 37 89 0 
30 27 30 0 
31 70 36 0 
32 65 161 0 
33 30 82 0 
34 74 153 0 
35 42 89 0 
36 86 161 0 
37 25 48 0 
38 72 163 0 
39 97 95 0 
40 73 191 0 
41 88 224 0 
42 80 186 0 
43 38 108 0 
44 23 56 0 
45 59 167 0 
46 28 44 0 
47 57 73 0 
48 94 78 0 
49 73 85 0 
50 81 149 0 
51 26 40 0 
52 80 94 0 
53 82 133 0 
54 74 217 0 
55 56 122 0 
56 22 57 0 
57 53 119 0 
58 79 104 0 
59 86 56 0 
60 64 108 0 
61 85 44 0 
62 79 232 0 
63 5 4 0 
64 56 58 0 
65 22 55 0 
66 35 59 0 
67 75 194 0 
68 80 128 0 
69 95 202 0 
70 84 237 0 
71 63 111 0 
72 22 37 0 
73 97 220 0 
74 92 138 0 
75 38 67 0 
76 55 89 0 
77 90 92 0 
78 73 215 0 
79 38 69 0 
80 76 212 0 
81 63 107 0 
82 97 110 0 
83 80 75 0 
84 35 29 0 
85 57 147 0 
86 33 75 0 
87 10 10 0 
88 5 12 0 
89 44 99 0 
90 98 211 0 
91 56 114 0 
92 65 116 0 
93 91 256 0 
94 100 251 0 
95 98 288 0 
96 94 197 0 
97 16 33 0 
98 35 33 0 
99 11 10 0 
