NAME GBP_INSTANCES\prob_2_A_1_6_1.txt
COMMENT
BINTYPES 3
ITEMS 50
BINS_SECTIONS
0 100 100 0 29 
1 120 120 0 24 
2 150 150 0 19 
ITEMS_SECTIONS
0 79 213 0 
1 63 153 0 
2 50 69 0 
3 26 62 0 
4 91 98 0 
5 34 92 0 
6 26 64 0 
7 40 37 0 
8 46 24 0 
9 92 152 0 
10 33 55 0 
11 88 242 0 
12 50 142 0 
13 72 138 0 
14 90 187 0 
15 24 24 0 
16 46 29 0 
17 63 45 0 
18 33 55 0 
19 33 77 0 
20 66 115 0 
21 48 134 0 
22 52 120 0 
23 25 41 0 
24 47 90 0 
25 92 240 0 
26 53 85 0 
27 50 84 0 
28 84 140 0 
29 63 63 0 
30 21 14 0 
31 82 51 0 
32 44 89 0 
33 29 69 0 
34 95 59 0 
35 48 102 0 
36 51 114 0 
37 90 255 0 
38 24 28 0 
39 35 23 0 
40 45 56 0 
41 60 45 0 
42 99 173 0 
43 47 128 0 
44 94 250 0 
45 74 99 0 
46 99 244 0 
47 21 60 0 
48 46 119 0 
49 63 51 0 
