NAME GBP_INSTANCES\prob_2_B_4_2_1.txt
COMMENT
BINTYPES 5
ITEMS 500
BINS_SECTIONS
0 60 60 0 512 
1 80 80 0 384 
2 100 100 0 308 
3 120 120 0 256 
4 150 150 0 205 
ITEMS_SECTIONS
0 21 50 0 
1 55 29 0 
2 99 197 0 
3 65 107 0 
4 49 117 0 
5 88 122 0 
6 86 237 0 
7 49 88 0 
8 30 57 0 
9 78 151 0 
10 26 49 0 
11 88 133 0 
12 51 34 0 
13 98 163 0 
14 94 138 0 
15 97 218 0 
16 42 43 0 
17 66 104 0 
18 77 73 0 
19 34 62 0 
20 45 106 0 
21 53 33 0 
22 90 261 0 
23 66 81 0 
24 90 241 0 
25 62 181 0 
26 94 252 0 
27 79 44 0 
28 33 79 0 
29 84 60 0 
30 28 75 0 
31 94 222 0 
32 30 85 0 
33 47 139 0 
34 51 32 0 
35 72 169 0 
36 88 161 0 
37 47 78 0 
38 76 154 0 
39 54 102 0 
40 92 157 0 
41 96 280 0 
42 91 273 0 
43 62 130 0 
44 98 204 0 
45 88 90 0 
46 45 72 0 
47 61 48 0 
48 60 166 0 
49 86 134 0 
50 74 91 0 
51 66 193 0 
52 59 46 0 
53 50 106 0 
54 93 194 0 
55 45 24 0 
56 40 89 0 
57 67 159 0 
58 75 87 0 
59 99 174 0 
60 43 106 0 
61 21 49 0 
62 58 34 0 
63 88 256 0 
64 22 37 0 
65 32 49 0 
66 69 171 0 
67 80 155 0 
68 70 181 0 
69 33 59 0 
70 56 161 0 
71 56 78 0 
72 68 164 0 
73 34 74 0 
74 89 240 0 
75 86 235 0 
76 54 48 0 
77 37 89 0 
78 40 26 0 
79 70 46 0 
80 91 209 0 
81 88 230 0 
82 54 147 0 
83 73 114 0 
84 55 126 0 
85 63 126 0 
86 54 123 0 
87 44 108 0 
88 27 41 0 
89 27 29 0 
90 66 178 0 
91 29 30 0 
92 48 115 0 
93 88 79 0 
94 94 276 0 
95 53 150 0 
96 73 198 0 
97 34 73 0 
98 56 167 0 
99 81 44 0 
100 76 123 0 
101 99 254 0 
102 22 35 0 
103 93 188 0 
104 38 50 0 
105 71 177 0 
106 63 117 0 
107 65 155 0 
108 73 124 0 
109 26 64 0 
110 43 73 0 
111 28 39 0 
112 40 110 0 
113 68 55 0 
114 99 287 0 
115 91 133 0 
116 80 153 0 
117 99 56 0 
118 48 45 0 
119 47 37 0 
120 79 59 0 
121 57 55 0 
122 88 234 0 
123 98 123 0 
124 50 103 0 
125 40 53 0 
126 60 162 0 
127 36 99 0 
128 75 60 0 
129 24 64 0 
130 33 57 0 
131 72 143 0 
132 43 73 0 
133 48 143 0 
134 46 74 0 
135 94 72 0 
136 58 93 0 
137 95 178 0 
138 92 255 0 
139 68 49 0 
140 88 48 0 
141 43 41 0 
142 98 263 0 
143 43 77 0 
144 27 44 0 
145 50 119 0 
146 87 151 0 
147 83 77 0 
148 41 104 0 
149 72 79 0 
150 64 131 0 
151 84 152 0 
152 41 92 0 
153 58 157 0 
154 39 35 0 
155 59 94 0 
156 70 153 0 
157 100 93 0 
158 38 88 0 
159 48 140 0 
160 58 37 0 
161 78 202 0 
162 57 86 0 
163 62 117 0 
164 85 146 0 
165 67 137 0 
166 37 23 0 
167 33 57 0 
168 83 69 0 
169 99 295 0 
170 54 50 0 
171 93 135 0 
172 47 37 0 
173 63 100 0 
174 83 154 0 
175 32 79 0 
176 72 92 0 
177 87 70 0 
178 96 227 0 
179 98 218 0 
180 22 50 0 
181 46 109 0 
182 93 217 0 
183 75 207 0 
184 57 99 0 
185 37 97 0 
186 96 234 0 
187 76 40 0 
188 65 89 0 
189 76 148 0 
190 24 52 0 
191 71 165 0 
192 29 54 0 
193 62 130 0 
194 64 83 0 
195 63 113 0 
196 94 133 0 
197 93 215 0 
198 65 191 0 
199 92 191 0 
200 45 134 0 
201 27 27 0 
202 24 61 0 
203 68 91 0 
204 76 190 0 
205 49 88 0 
206 35 94 0 
207 40 116 0 
208 90 158 0 
209 97 194 0 
210 79 131 0 
211 35 85 0 
212 42 77 0 
213 70 135 0 
214 41 87 0 
215 65 47 0 
216 87 215 0 
217 32 54 0 
218 71 181 0 
219 77 94 0 
220 90 145 0 
221 86 155 0 
222 96 219 0 
223 52 63 0 
224 53 81 0 
225 30 38 0 
226 27 67 0 
227 97 179 0 
228 60 88 0 
229 50 66 0 
230 34 83 0 
231 22 57 0 
232 93 250 0 
233 89 221 0 
234 33 41 0 
235 85 106 0 
236 80 197 0 
237 33 70 0 
238 69 67 0 
239 79 168 0 
240 56 111 0 
241 28 46 0 
242 29 64 0 
243 39 36 0 
244 61 103 0 
245 23 65 0 
246 52 146 0 
247 69 72 0 
248 69 149 0 
249 24 29 0 
250 57 153 0 
251 80 107 0 
252 58 64 0 
253 73 146 0 
254 85 134 0 
255 67 177 0 
256 93 274 0 
257 61 110 0 
258 36 32 0 
259 33 43 0 
260 70 63 0 
261 89 201 0 
262 86 186 0 
263 99 263 0 
264 33 64 0 
265 41 35 0 
266 72 153 0 
267 85 151 0 
268 60 143 0 
269 33 19 0 
270 57 123 0 
271 47 105 0 
272 81 68 0 
273 92 153 0 
274 54 40 0 
275 22 21 0 
276 54 103 0 
277 88 73 0 
278 26 19 0 
279 66 182 0 
280 79 159 0 
281 26 41 0 
282 22 47 0 
283 29 70 0 
284 60 103 0 
285 51 117 0 
286 64 143 0 
287 80 120 0 
288 89 71 0 
289 24 20 0 
290 59 78 0 
291 68 78 0 
292 69 53 0 
293 29 28 0 
294 43 89 0 
295 90 197 0 
296 51 148 0 
297 68 85 0 
298 89 151 0 
299 96 287 0 
300 36 31 0 
301 53 144 0 
302 28 34 0 
303 51 152 0 
304 92 252 0 
305 52 111 0 
306 61 33 0 
307 65 133 0 
308 94 85 0 
309 39 20 0 
310 23 28 0 
311 87 67 0 
312 91 86 0 
313 76 118 0 
314 51 102 0 
315 37 56 0 
316 43 29 0 
317 98 269 0 
318 100 87 0 
319 100 192 0 
320 38 46 0 
321 53 40 0 
322 21 13 0 
323 86 169 0 
324 99 171 0 
325 76 156 0 
326 40 31 0 
327 45 45 0 
328 68 50 0 
329 62 134 0 
330 67 184 0 
331 75 179 0 
332 43 25 0 
333 88 160 0 
334 90 107 0 
335 86 218 0 
336 77 217 0 
337 97 157 0 
338 75 188 0 
339 95 80 0 
340 34 45 0 
341 36 33 0 
342 100 198 0 
343 47 33 0 
344 53 52 0 
345 80 179 0 
346 28 83 0 
347 62 179 0 
348 53 50 0 
349 41 78 0 
350 99 60 0 
351 25 37 0 
352 75 41 0 
353 72 189 0 
354 47 69 0 
355 57 140 0 
356 60 144 0 
357 24 22 0 
358 54 148 0 
359 66 157 0 
360 64 180 0 
361 24 15 0 
362 29 53 0 
363 64 86 0 
364 56 100 0 
365 38 36 0 
366 26 43 0 
367 34 65 0 
368 80 92 0 
369 43 100 0 
370 77 46 0 
371 48 47 0 
372 60 109 0 
373 66 169 0 
374 69 47 0 
375 70 92 0 
376 56 112 0 
377 51 58 0 
378 35 42 0 
379 72 136 0 
380 72 80 0 
381 95 182 0 
382 44 63 0 
383 42 99 0 
384 73 183 0 
385 32 81 0 
386 55 134 0 
387 42 108 0 
388 29 73 0 
389 55 59 0 
390 57 120 0 
391 59 117 0 
392 74 64 0 
393 60 165 0 
394 35 52 0 
395 34 33 0 
396 67 194 0 
397 31 22 0 
398 100 181 0 
399 63 171 0 
400 41 123 0 
401 54 122 0 
402 87 239 0 
403 26 32 0 
404 60 83 0 
405 24 43 0 
406 64 165 0 
407 87 121 0 
408 83 113 0 
409 31 92 0 
410 30 47 0 
411 43 104 0 
412 21 61 0 
413 61 74 0 
414 76 73 0 
415 63 44 0 
416 42 98 0 
417 69 160 0 
418 85 221 0 
419 26 74 0 
420 100 86 0 
421 96 109 0 
422 100 267 0 
423 59 83 0 
424 35 55 0 
425 65 97 0 
426 23 27 0 
427 45 118 0 
428 84 201 0 
429 23 32 0 
430 90 204 0 
431 70 176 0 
432 39 68 0 
433 83 175 0 
434 80 178 0 
435 59 69 0 
436 96 161 0 
437 33 50 0 
438 51 63 0 
439 76 175 0 
440 99 99 0 
441 88 202 0 
442 89 183 0 
443 34 19 0 
444 78 58 0 
445 50 35 0 
446 93 123 0 
447 48 107 0 
448 48 119 0 
449 29 21 0 
450 50 68 0 
451 83 157 0 
452 66 62 0 
453 66 198 0 
454 69 196 0 
455 69 84 0 
456 97 175 0 
457 42 100 0 
458 47 104 0 
459 80 95 0 
460 54 109 0 
461 37 27 0 
462 94 70 0 
463 81 164 0 
464 51 66 0 
465 28 22 0 
466 71 180 0 
467 26 31 0 
468 89 243 0 
469 43 59 0 
470 79 232 0 
471 64 146 0 
472 44 106 0 
473 77 43 0 
474 86 245 0 
475 37 59 0 
476 37 86 0 
477 77 141 0 
478 71 179 0 
479 86 93 0 
480 58 161 0 
481 26 21 0 
482 66 54 0 
483 55 91 0 
484 56 139 0 
485 26 60 0 
486 91 158 0 
487 59 101 0 
488 69 101 0 
489 100 61 0 
490 39 88 0 
491 55 48 0 
492 21 27 0 
493 84 234 0 
494 45 92 0 
495 86 226 0 
496 29 40 0 
497 57 164 0 
498 33 86 0 
499 51 100 0 
