NAME GBP_INSTANCES\prob_1_B_2_1_1.txt
COMMENT
BINTYPES 5
ITEMS 100
BINS_SECTIONS
0 60 60 0 82 
1 80 80 0 61 
2 100 100 0 49 
3 120 120 0 41 
4 150 150 0 33 
ITEMS_SECTIONS
0 47 115 0 
1 11 22 0 
2 27 47 0 
3 49 41 0 
4 35 34 0 
5 7 10 0 
6 40 44 0 
7 57 57 0 
8 76 217 0 
9 94 278 0 
10 62 45 0 
11 10 29 0 
12 60 42 0 
13 81 210 0 
14 51 124 0 
15 20 53 0 
16 66 153 0 
17 20 41 0 
18 83 234 0 
19 44 72 0 
20 6 15 0 
21 17 42 0 
22 78 136 0 
23 2 2 0 
24 86 144 0 
25 29 19 0 
26 78 152 0 
27 63 157 0 
28 42 40 0 
29 48 40 0 
30 83 188 0 
31 75 43 0 
32 93 136 0 
33 95 162 0 
34 76 71 0 
35 10 11 0 
36 53 155 0 
37 18 12 0 
38 44 111 0 
39 21 58 0 
40 58 107 0 
41 11 24 0 
42 38 93 0 
43 9 11 0 
44 52 127 0 
45 72 152 0 
46 75 207 0 
47 42 31 0 
48 74 207 0 
49 95 75 0 
50 22 52 0 
51 63 46 0 
52 94 106 0 
53 6 15 0 
54 52 47 0 
55 27 72 0 
56 58 92 0 
57 65 171 0 
58 47 26 0 
59 81 86 0 
60 62 72 0 
61 34 89 0 
62 7 6 0 
63 52 156 0 
64 38 25 0 
65 21 18 0 
66 39 30 0 
67 43 30 0 
68 55 97 0 
69 8 9 0 
70 20 19 0 
71 10 13 0 
72 29 72 0 
73 82 133 0 
74 61 87 0 
75 7 13 0 
76 48 124 0 
77 64 156 0 
78 100 208 0 
79 86 183 0 
80 90 121 0 
81 58 125 0 
82 39 72 0 
83 45 29 0 
84 55 103 0 
85 17 20 0 
86 48 67 0 
87 73 50 0 
88 81 131 0 
89 53 44 0 
90 68 111 0 
91 33 49 0 
92 71 77 0 
93 80 211 0 
94 10 9 0 
95 11 15 0 
96 94 160 0 
97 14 20 0 
98 10 24 0 
99 58 100 0 
