NAME GBP_INSTANCES\prob_2_A_2_5_1.txt
COMMENT
BINTYPES 3
ITEMS 100
BINS_SECTIONS
0 100 100 0 62 
1 120 120 0 52 
2 150 150 0 41 
ITEMS_SECTIONS
0 33 94 0 
1 42 76 0 
2 95 221 0 
3 72 87 0 
4 36 99 0 
5 77 222 0 
6 59 40 0 
7 64 165 0 
8 59 151 0 
9 78 104 0 
10 70 72 0 
11 52 63 0 
12 66 140 0 
13 70 132 0 
14 31 22 0 
15 22 22 0 
16 66 188 0 
17 21 59 0 
18 58 37 0 
19 74 216 0 
20 82 73 0 
21 98 291 0 
22 74 130 0 
23 98 102 0 
24 66 116 0 
25 64 133 0 
26 24 54 0 
27 47 123 0 
28 75 198 0 
29 34 88 0 
30 23 69 0 
31 79 86 0 
32 32 71 0 
33 29 84 0 
34 83 142 0 
35 98 146 0 
36 94 196 0 
37 70 57 0 
38 86 154 0 
39 70 100 0 
40 89 197 0 
41 73 215 0 
42 45 113 0 
43 76 50 0 
44 72 118 0 
45 35 23 0 
46 59 75 0 
47 97 92 0 
48 60 64 0 
49 64 81 0 
50 61 84 0 
51 52 145 0 
52 46 72 0 
53 35 20 0 
54 53 142 0 
55 51 33 0 
56 32 94 0 
57 33 38 0 
58 62 83 0 
59 40 77 0 
60 42 117 0 
61 71 79 0 
62 85 112 0 
63 76 46 0 
64 44 124 0 
65 90 136 0 
66 73 197 0 
67 80 92 0 
68 35 37 0 
69 94 252 0 
70 63 140 0 
71 94 228 0 
72 76 135 0 
73 54 126 0 
74 26 67 0 
75 96 69 0 
76 50 122 0 
77 89 70 0 
78 85 136 0 
79 92 205 0 
80 33 76 0 
81 69 131 0 
82 56 134 0 
83 36 74 0 
84 28 18 0 
85 29 70 0 
86 77 94 0 
87 27 61 0 
88 35 63 0 
89 57 169 0 
90 59 100 0 
91 38 28 0 
92 67 200 0 
93 97 173 0 
94 75 126 0 
95 92 202 0 
96 61 160 0 
97 72 196 0 
98 40 119 0 
99 66 99 0 
