NAME GBP_INSTANCES\prob_1_B_4_7_1.txt
COMMENT
BINTYPES 5
ITEMS 500
BINS_SECTIONS
0 60 60 0 442 
1 80 80 0 332 
2 100 100 0 265 
3 120 120 0 221 
4 150 150 0 177 
ITEMS_SECTIONS
0 25 74 0 
1 17 10 0 
2 50 100 0 
3 44 49 0 
4 93 161 0 
5 95 106 0 
6 70 192 0 
7 3 3 0 
8 52 46 0 
9 96 258 0 
10 49 89 0 
11 88 50 0 
12 29 24 0 
13 16 26 0 
14 21 34 0 
15 81 158 0 
16 17 12 0 
17 7 19 0 
18 74 133 0 
19 5 13 0 
20 87 90 0 
21 19 57 0 
22 66 88 0 
23 83 200 0 
24 57 153 0 
25 39 102 0 
26 90 141 0 
27 76 62 0 
28 98 225 0 
29 10 24 0 
30 93 79 0 
31 25 28 0 
32 87 124 0 
33 59 89 0 
34 92 126 0 
35 56 66 0 
36 96 104 0 
37 38 29 0 
38 85 119 0 
39 64 48 0 
40 20 26 0 
41 81 235 0 
42 93 180 0 
43 19 24 0 
44 34 57 0 
45 96 54 0 
46 56 155 0 
47 21 40 0 
48 80 187 0 
49 92 272 0 
50 93 78 0 
51 51 106 0 
52 87 149 0 
53 60 140 0 
54 63 172 0 
55 40 101 0 
56 4 9 0 
57 8 17 0 
58 38 105 0 
59 86 54 0 
60 55 53 0 
61 64 180 0 
62 11 18 0 
63 85 132 0 
64 23 21 0 
65 66 167 0 
66 68 134 0 
67 63 56 0 
68 32 70 0 
69 19 27 0 
70 38 67 0 
71 83 74 0 
72 47 46 0 
73 66 116 0 
74 49 78 0 
75 38 81 0 
76 83 63 0 
77 55 39 0 
78 2 5 0 
79 84 122 0 
80 17 18 0 
81 27 47 0 
82 97 243 0 
83 22 17 0 
84 97 269 0 
85 19 43 0 
86 34 76 0 
87 85 166 0 
88 59 50 0 
89 8 24 0 
90 86 218 0 
91 59 116 0 
92 29 72 0 
93 93 199 0 
94 5 9 0 
95 67 52 0 
96 23 57 0 
97 40 79 0 
98 43 26 0 
99 49 57 0 
100 33 29 0 
101 67 140 0 
102 51 28 0 
103 89 142 0 
104 2 3 0 
105 23 57 0 
106 33 69 0 
107 96 201 0 
108 79 189 0 
109 30 75 0 
110 14 33 0 
111 6 18 0 
112 51 100 0 
113 31 36 0 
114 30 29 0 
115 3 7 0 
116 59 99 0 
117 16 42 0 
118 50 117 0 
119 30 42 0 
120 80 153 0 
121 79 106 0 
122 78 205 0 
123 97 261 0 
124 83 219 0 
125 76 203 0 
126 31 17 0 
127 32 92 0 
128 47 26 0 
129 18 27 0 
130 35 80 0 
131 5 14 0 
132 54 120 0 
133 95 161 0 
134 42 48 0 
135 71 189 0 
136 28 36 0 
137 60 154 0 
138 10 10 0 
139 48 67 0 
140 43 23 0 
141 43 71 0 
142 50 53 0 
143 75 77 0 
144 80 147 0 
145 56 168 0 
146 78 218 0 
147 89 135 0 
148 40 67 0 
149 57 56 0 
150 75 43 0 
151 44 106 0 
152 95 142 0 
153 99 111 0 
154 99 68 0 
155 11 25 0 
156 100 272 0 
157 77 94 0 
158 44 83 0 
159 2 2 0 
160 31 30 0 
161 70 206 0 
162 6 12 0 
163 31 60 0 
164 73 96 0 
165 4 9 0 
166 25 68 0 
167 80 98 0 
168 38 68 0 
169 22 27 0 
170 90 60 0 
171 60 132 0 
172 22 55 0 
173 99 69 0 
174 59 42 0 
175 46 116 0 
176 75 184 0 
177 93 193 0 
178 78 180 0 
179 88 62 0 
180 28 23 0 
181 32 65 0 
182 76 196 0 
183 55 38 0 
184 5 11 0 
185 77 194 0 
186 85 61 0 
187 21 41 0 
188 87 252 0 
189 44 73 0 
190 94 173 0 
191 57 132 0 
192 78 212 0 
193 5 14 0 
194 63 152 0 
195 39 113 0 
196 87 90 0 
197 71 44 0 
198 14 34 0 
199 23 47 0 
200 20 58 0 
201 83 150 0 
202 34 92 0 
203 7 11 0 
204 80 225 0 
205 91 99 0 
206 92 74 0 
207 28 68 0 
208 77 113 0 
209 66 55 0 
210 14 33 0 
211 16 21 0 
212 32 49 0 
213 16 32 0 
214 11 18 0 
215 53 113 0 
216 78 85 0 
217 58 113 0 
218 19 44 0 
219 57 53 0 
220 71 104 0 
221 11 13 0 
222 28 19 0 
223 39 70 0 
224 68 182 0 
225 61 40 0 
226 64 130 0 
227 47 35 0 
228 20 24 0 
229 66 129 0 
230 16 39 0 
231 68 165 0 
232 29 69 0 
233 58 43 0 
234 46 49 0 
235 74 126 0 
236 8 24 0 
237 94 164 0 
238 93 244 0 
239 91 193 0 
240 97 57 0 
241 31 83 0 
242 13 17 0 
243 94 72 0 
244 83 152 0 
245 66 36 0 
246 38 90 0 
247 83 46 0 
248 62 91 0 
249 19 37 0 
250 28 21 0 
251 60 153 0 
252 2 5 0 
253 94 196 0 
254 88 100 0 
255 47 62 0 
256 48 119 0 
257 13 30 0 
258 12 22 0 
259 86 47 0 
260 11 22 0 
261 40 103 0 
262 37 33 0 
263 43 77 0 
264 97 87 0 
265 89 194 0 
266 77 139 0 
267 55 63 0 
268 16 24 0 
269 66 60 0 
270 6 18 0 
271 66 154 0 
272 24 72 0 
273 79 207 0 
274 53 136 0 
275 59 143 0 
276 37 43 0 
277 28 37 0 
278 11 33 0 
279 55 55 0 
280 70 184 0 
281 73 194 0 
282 88 242 0 
283 76 49 0 
284 51 129 0 
285 96 153 0 
286 18 15 0 
287 41 53 0 
288 41 30 0 
289 70 67 0 
290 55 153 0 
291 93 202 0 
292 26 35 0 
293 26 26 0 
294 80 189 0 
295 33 98 0 
296 25 72 0 
297 59 134 0 
298 28 22 0 
299 53 84 0 
300 36 69 0 
301 51 55 0 
302 67 157 0 
303 40 93 0 
304 12 36 0 
305 38 55 0 
306 56 164 0 
307 52 93 0 
308 66 106 0 
309 26 39 0 
310 80 188 0 
311 33 20 0 
312 91 136 0 
313 68 54 0 
314 23 27 0 
315 66 153 0 
316 12 8 0 
317 3 6 0 
318 53 34 0 
319 40 54 0 
320 38 43 0 
321 76 77 0 
322 92 150 0 
323 18 42 0 
324 51 150 0 
325 45 80 0 
326 45 41 0 
327 85 213 0 
328 85 87 0 
329 82 246 0 
330 44 30 0 
331 82 153 0 
332 22 30 0 
333 77 226 0 
334 16 48 0 
335 63 115 0 
336 90 98 0 
337 67 34 0 
338 93 268 0 
339 28 41 0 
340 70 143 0 
341 73 75 0 
342 94 281 0 
343 43 125 0 
344 84 51 0 
345 86 163 0 
346 99 140 0 
347 95 56 0 
348 98 87 0 
349 84 226 0 
350 29 39 0 
351 21 28 0 
352 5 14 0 
353 10 12 0 
354 65 96 0 
355 16 13 0 
356 95 202 0 
357 2 2 0 
358 26 59 0 
359 6 5 0 
360 24 43 0 
361 6 12 0 
362 18 51 0 
363 62 152 0 
364 51 150 0 
365 58 112 0 
366 83 189 0 
367 42 70 0 
368 61 160 0 
369 62 172 0 
370 81 126 0 
371 46 93 0 
372 67 82 0 
373 66 68 0 
374 98 290 0 
375 69 134 0 
376 80 75 0 
377 43 50 0 
378 36 66 0 
379 42 91 0 
380 50 90 0 
381 94 232 0 
382 76 82 0 
383 21 21 0 
384 77 182 0 
385 81 159 0 
386 65 88 0 
387 54 61 0 
388 87 159 0 
389 82 196 0 
390 19 31 0 
391 57 146 0 
392 58 155 0 
393 15 39 0 
394 88 85 0 
395 27 53 0 
396 21 40 0 
397 89 183 0 
398 99 194 0 
399 44 100 0 
400 95 216 0 
401 53 44 0 
402 83 220 0 
403 80 188 0 
404 99 61 0 
405 84 245 0 
406 33 74 0 
407 58 173 0 
408 81 167 0 
409 89 188 0 
410 94 58 0 
411 90 129 0 
412 24 40 0 
413 73 111 0 
414 24 52 0 
415 38 37 0 
416 66 139 0 
417 38 114 0 
418 29 40 0 
419 10 9 0 
420 80 220 0 
421 61 143 0 
422 11 31 0 
423 65 44 0 
424 77 64 0 
425 26 52 0 
426 44 90 0 
427 17 35 0 
428 50 38 0 
429 53 102 0 
430 91 188 0 
431 96 257 0 
432 39 98 0 
433 3 5 0 
434 12 33 0 
435 10 23 0 
436 28 48 0 
437 94 204 0 
438 37 20 0 
439 13 18 0 
440 64 118 0 
441 9 27 0 
442 85 247 0 
443 39 85 0 
444 2 4 0 
445 45 122 0 
446 97 224 0 
447 27 62 0 
448 49 131 0 
449 61 94 0 
450 42 105 0 
451 67 111 0 
452 47 116 0 
453 95 171 0 
454 91 85 0 
455 14 32 0 
456 42 123 0 
457 90 175 0 
458 16 17 0 
459 80 100 0 
460 82 147 0 
461 16 11 0 
462 82 187 0 
463 83 112 0 
464 7 9 0 
465 10 12 0 
466 22 37 0 
467 25 48 0 
468 38 20 0 
469 44 56 0 
470 45 107 0 
471 95 244 0 
472 75 190 0 
473 23 46 0 
474 65 179 0 
475 90 162 0 
476 86 191 0 
477 17 37 0 
478 18 40 0 
479 5 7 0 
480 80 122 0 
481 66 69 0 
482 33 27 0 
483 22 49 0 
484 83 152 0 
485 26 26 0 
486 43 23 0 
487 43 36 0 
488 84 49 0 
489 96 151 0 
490 85 46 0 
491 79 49 0 
492 81 238 0 
493 26 63 0 
494 93 147 0 
495 51 114 0 
496 88 258 0 
497 7 14 0 
498 20 33 0 
499 26 35 0 
