NAME GBP_INSTANCES\prob_1_A_3_0_1.txt
COMMENT
BINTYPES 3
ITEMS 200
BINS_SECTIONS
0 100 100 0 104 
1 120 120 0 87 
2 150 150 0 70 
ITEMS_SECTIONS
0 26 37 0 
1 31 86 0 
2 90 236 0 
3 36 101 0 
4 50 71 0 
5 53 127 0 
6 70 117 0 
7 78 219 0 
8 44 32 0 
9 15 9 0 
10 82 78 0 
11 91 265 0 
12 58 50 0 
13 33 96 0 
14 23 29 0 
15 92 55 0 
16 27 34 0 
17 86 79 0 
18 80 43 0 
19 98 136 0 
20 37 49 0 
21 96 166 0 
22 94 164 0 
23 67 63 0 
24 87 165 0 
25 33 45 0 
26 86 140 0 
27 44 35 0 
28 82 66 0 
29 31 26 0 
30 75 67 0 
31 93 177 0 
32 53 135 0 
33 5 6 0 
34 59 91 0 
35 51 129 0 
36 60 126 0 
37 50 143 0 
38 70 89 0 
39 82 103 0 
40 69 49 0 
41 4 4 0 
42 99 205 0 
43 78 231 0 
44 50 31 0 
45 61 49 0 
46 81 211 0 
47 79 50 0 
48 90 235 0 
49 25 54 0 
50 34 52 0 
51 50 137 0 
52 81 50 0 
53 73 55 0 
54 73 153 0 
55 11 31 0 
56 58 107 0 
57 30 42 0 
58 65 132 0 
59 26 35 0 
60 54 148 0 
61 31 86 0 
62 36 53 0 
63 75 80 0 
64 63 155 0 
65 52 74 0 
66 31 33 0 
67 7 21 0 
68 48 63 0 
69 3 9 0 
70 21 42 0 
71 72 152 0 
72 5 11 0 
73 51 117 0 
74 38 38 0 
75 83 109 0 
76 18 27 0 
77 90 98 0 
78 72 210 0 
79 61 180 0 
80 21 62 0 
81 94 191 0 
82 82 71 0 
83 18 48 0 
84 78 81 0 
85 88 167 0 
86 52 113 0 
87 65 80 0 
88 26 66 0 
89 81 146 0 
90 69 91 0 
91 61 104 0 
92 77 120 0 
93 73 79 0 
94 39 56 0 
95 9 13 0 
96 22 12 0 
97 3 9 0 
98 9 12 0 
99 12 24 0 
100 50 71 0 
101 32 76 0 
102 26 64 0 
103 95 280 0 
104 99 99 0 
105 40 118 0 
106 100 154 0 
107 12 23 0 
108 72 59 0 
109 31 81 0 
110 95 191 0 
111 21 16 0 
112 29 45 0 
113 4 12 0 
114 13 29 0 
115 78 70 0 
116 87 259 0 
117 20 54 0 
118 97 172 0 
119 22 30 0 
120 41 37 0 
121 98 117 0 
122 42 94 0 
123 73 141 0 
124 33 33 0 
125 72 185 0 
126 94 91 0 
127 67 82 0 
128 88 202 0 
129 43 41 0 
130 62 43 0 
131 12 16 0 
132 48 32 0 
133 66 61 0 
134 14 42 0 
135 85 188 0 
136 2 6 0 
137 11 9 0 
138 66 164 0 
139 5 8 0 
140 68 142 0 
141 100 138 0 
142 72 142 0 
143 25 50 0 
144 24 71 0 
145 19 13 0 
146 82 196 0 
147 43 73 0 
148 13 16 0 
149 50 90 0 
150 97 80 0 
151 56 96 0 
152 48 56 0 
153 52 113 0 
154 94 156 0 
155 21 41 0 
156 51 36 0 
157 53 104 0 
158 34 96 0 
159 11 16 0 
160 21 60 0 
161 22 38 0 
162 37 74 0 
163 84 249 0 
164 69 103 0 
165 47 115 0 
166 35 94 0 
167 60 91 0 
168 54 60 0 
169 61 163 0 
170 83 69 0 
171 35 71 0 
172 10 15 0 
173 32 59 0 
174 44 75 0 
175 24 13 0 
176 13 12 0 
177 68 198 0 
178 21 58 0 
179 58 36 0 
180 6 8 0 
181 73 101 0 
182 63 42 0 
183 27 22 0 
184 88 203 0 
185 72 154 0 
186 13 22 0 
187 93 252 0 
188 9 20 0 
189 49 77 0 
190 11 7 0 
191 81 149 0 
192 71 102 0 
193 45 48 0 
194 47 84 0 
195 42 116 0 
196 91 168 0 
197 22 48 0 
198 60 88 0 
199 20 53 0 
