NAME GBP_INSTANCES\prob_1_A_4_6_1.txt
COMMENT
BINTYPES 3
ITEMS 500
BINS_SECTIONS
0 100 100 0 258 
1 120 120 0 215 
2 150 150 0 172 
ITEMS_SECTIONS
0 32 77 0 
1 46 56 0 
2 12 31 0 
3 3 7 0 
4 7 8 0 
5 2 4 0 
6 41 92 0 
7 2 4 0 
8 17 16 0 
9 59 79 0 
10 9 21 0 
11 45 128 0 
12 86 172 0 
13 63 77 0 
14 98 221 0 
15 27 43 0 
16 55 131 0 
17 42 72 0 
18 16 25 0 
19 2 4 0 
20 71 49 0 
21 19 28 0 
22 61 42 0 
23 44 97 0 
24 23 19 0 
25 100 219 0 
26 68 124 0 
27 34 46 0 
28 47 100 0 
29 60 67 0 
30 17 16 0 
31 43 34 0 
32 15 38 0 
33 80 195 0 
34 6 10 0 
35 67 84 0 
36 27 76 0 
37 53 146 0 
38 3 4 0 
39 77 93 0 
40 44 57 0 
41 2 6 0 
42 41 28 0 
43 27 60 0 
44 74 59 0 
45 41 116 0 
46 81 54 0 
47 13 35 0 
48 17 35 0 
49 26 34 0 
50 27 78 0 
51 100 208 0 
52 31 48 0 
53 93 189 0 
54 89 99 0 
55 21 50 0 
56 95 143 0 
57 75 143 0 
58 4 9 0 
59 54 41 0 
60 27 22 0 
61 75 117 0 
62 86 62 0 
63 2 2 0 
64 52 124 0 
65 74 118 0 
66 36 35 0 
67 70 133 0 
68 70 53 0 
69 74 133 0 
70 79 42 0 
71 50 136 0 
72 13 38 0 
73 39 44 0 
74 39 61 0 
75 34 37 0 
76 39 68 0 
77 45 29 0 
78 49 118 0 
79 52 64 0 
80 78 220 0 
81 96 92 0 
82 88 158 0 
83 54 138 0 
84 45 49 0 
85 11 20 0 
86 49 103 0 
87 32 23 0 
88 46 29 0 
89 49 87 0 
90 21 57 0 
91 15 21 0 
92 2 4 0 
93 84 64 0 
94 4 3 0 
95 18 13 0 
96 8 8 0 
97 71 156 0 
98 23 29 0 
99 77 115 0 
100 60 70 0 
101 39 105 0 
102 83 246 0 
103 64 121 0 
104 45 121 0 
105 43 45 0 
106 4 11 0 
107 7 6 0 
108 52 103 0 
109 13 11 0 
110 81 157 0 
111 99 76 0 
112 99 158 0 
113 27 63 0 
114 54 130 0 
115 47 67 0 
116 9 12 0 
117 49 143 0 
118 62 76 0 
119 14 11 0 
120 46 131 0 
121 73 108 0 
122 6 18 0 
123 24 33 0 
124 65 94 0 
125 78 104 0 
126 8 23 0 
127 87 241 0 
128 41 90 0 
129 74 186 0 
130 56 52 0 
131 92 113 0 
132 63 94 0 
133 29 80 0 
134 47 138 0 
135 51 134 0 
136 62 74 0 
137 45 121 0 
138 3 5 0 
139 19 41 0 
140 33 42 0 
141 89 255 0 
142 79 97 0 
143 92 224 0 
144 40 58 0 
145 49 72 0 
146 50 31 0 
147 100 248 0 
148 62 183 0 
149 95 135 0 
150 72 204 0 
151 88 117 0 
152 67 186 0 
153 56 110 0 
154 12 31 0 
155 22 49 0 
156 59 88 0 
157 59 165 0 
158 60 67 0 
159 89 70 0 
160 8 7 0 
161 45 104 0 
162 95 272 0 
163 53 142 0 
164 95 115 0 
165 37 89 0 
166 26 60 0 
167 22 47 0 
168 84 142 0 
169 34 26 0 
170 79 81 0 
171 78 59 0 
172 44 77 0 
173 34 80 0 
174 65 66 0 
175 51 89 0 
176 53 110 0 
177 55 88 0 
178 74 75 0 
179 67 191 0 
180 95 113 0 
181 46 26 0 
182 45 64 0 
183 62 141 0 
184 74 193 0 
185 68 192 0 
186 69 113 0 
187 84 234 0 
188 71 108 0 
189 39 55 0 
190 47 102 0 
191 88 133 0 
192 62 133 0 
193 6 12 0 
194 76 184 0 
195 31 43 0 
196 20 18 0 
197 63 120 0 
198 96 248 0 
199 75 53 0 
200 24 65 0 
201 58 94 0 
202 49 100 0 
203 28 17 0 
204 97 158 0 
205 11 28 0 
206 84 145 0 
207 83 106 0 
208 91 231 0 
209 97 178 0 
210 94 156 0 
211 38 80 0 
212 44 120 0 
213 8 11 0 
214 69 170 0 
215 23 63 0 
216 32 87 0 
217 39 23 0 
218 77 135 0 
219 21 13 0 
220 38 29 0 
221 38 23 0 
222 72 83 0 
223 33 88 0 
224 53 132 0 
225 38 61 0 
226 4 8 0 
227 31 75 0 
228 45 37 0 
229 18 27 0 
230 58 94 0 
231 93 117 0 
232 95 221 0 
233 27 47 0 
234 95 170 0 
235 44 116 0 
236 53 120 0 
237 95 124 0 
238 5 10 0 
239 79 68 0 
240 4 11 0 
241 86 152 0 
242 54 94 0 
243 34 86 0 
244 90 193 0 
245 92 190 0 
246 54 45 0 
247 46 107 0 
248 99 131 0 
249 55 30 0 
250 9 23 0 
251 76 77 0 
252 39 84 0 
253 86 205 0 
254 64 42 0 
255 55 130 0 
256 29 42 0 
257 82 109 0 
258 55 145 0 
259 93 171 0 
260 27 22 0 
261 22 39 0 
262 31 78 0 
263 43 91 0 
264 6 13 0 
265 9 26 0 
266 77 188 0 
267 39 112 0 
268 15 30 0 
269 73 46 0 
270 13 29 0 
271 15 11 0 
272 35 31 0 
273 91 267 0 
274 65 138 0 
275 14 14 0 
276 65 157 0 
277 28 81 0 
278 32 74 0 
279 89 159 0 
280 35 100 0 
281 65 172 0 
282 6 16 0 
283 29 29 0 
284 5 3 0 
285 23 29 0 
286 73 162 0 
287 74 56 0 
288 33 96 0 
289 38 86 0 
290 78 233 0 
291 94 226 0 
292 68 53 0 
293 4 7 0 
294 58 30 0 
295 73 186 0 
296 60 97 0 
297 30 40 0 
298 25 50 0 
299 58 96 0 
300 34 90 0 
301 37 71 0 
302 21 35 0 
303 48 70 0 
304 28 42 0 
305 43 62 0 
306 13 20 0 
307 69 111 0 
308 43 33 0 
309 47 119 0 
310 56 67 0 
311 97 254 0 
312 91 235 0 
313 75 113 0 
314 84 119 0 
315 90 87 0 
316 10 10 0 
317 95 52 0 
318 69 196 0 
319 89 253 0 
320 7 15 0 
321 64 86 0 
322 95 283 0 
323 42 25 0 
324 20 48 0 
325 2 4 0 
326 4 8 0 
327 22 33 0 
328 63 161 0 
329 77 131 0 
330 39 30 0 
331 81 212 0 
332 11 14 0 
333 91 223 0 
334 60 117 0 
335 24 59 0 
336 22 59 0 
337 30 49 0 
338 54 39 0 
339 26 69 0 
340 48 122 0 
341 92 224 0 
342 100 212 0 
343 97 95 0 
344 22 46 0 
345 52 115 0 
346 33 63 0 
347 11 18 0 
348 76 186 0 
349 65 79 0 
350 46 36 0 
351 88 135 0 
352 86 133 0 
353 80 50 0 
354 100 134 0 
355 80 212 0 
356 77 193 0 
357 64 159 0 
358 54 55 0 
359 7 7 0 
360 13 29 0 
361 96 210 0 
362 92 75 0 
363 24 52 0 
364 91 204 0 
365 48 101 0 
366 85 181 0 
367 70 153 0 
368 53 157 0 
369 100 130 0 
370 19 28 0 
371 45 121 0 
372 49 72 0 
373 18 51 0 
374 64 110 0 
375 99 294 0 
376 71 50 0 
377 22 20 0 
378 11 21 0 
379 69 88 0 
380 75 134 0 
381 96 205 0 
382 20 53 0 
383 42 23 0 
384 8 8 0 
385 63 95 0 
386 57 120 0 
387 85 170 0 
388 84 160 0 
389 48 96 0 
390 17 21 0 
391 32 20 0 
392 6 11 0 
393 93 160 0 
394 33 51 0 
395 34 102 0 
396 68 107 0 
397 30 90 0 
398 72 104 0 
399 99 117 0 
400 53 76 0 
401 62 106 0 
402 8 22 0 
403 22 64 0 
404 65 91 0 
405 83 131 0 
406 65 99 0 
407 2 5 0 
408 87 230 0 
409 68 41 0 
410 48 130 0 
411 83 178 0 
412 21 35 0 
413 67 127 0 
414 27 37 0 
415 3 8 0 
416 100 161 0 
417 51 45 0 
418 2 6 0 
419 71 51 0 
420 31 49 0 
421 20 31 0 
422 23 12 0 
423 86 78 0 
424 35 50 0 
425 32 37 0 
426 74 70 0 
427 95 274 0 
428 80 199 0 
429 67 168 0 
430 20 31 0 
431 9 24 0 
432 54 144 0 
433 82 243 0 
434 91 71 0 
435 85 181 0 
436 59 43 0 
437 62 68 0 
438 45 134 0 
439 83 58 0 
440 9 20 0 
441 37 34 0 
442 48 54 0 
443 3 5 0 
444 77 218 0 
445 64 128 0 
446 27 20 0 
447 12 17 0 
448 95 191 0 
449 41 121 0 
450 43 116 0 
451 84 176 0 
452 55 45 0 
453 57 101 0 
454 24 68 0 
455 43 88 0 
456 90 204 0 
457 37 53 0 
458 8 15 0 
459 26 24 0 
460 14 30 0 
461 3 7 0 
462 48 132 0 
463 79 200 0 
464 80 234 0 
465 86 120 0 
466 17 17 0 
467 98 251 0 
468 41 44 0 
469 34 53 0 
470 67 155 0 
471 10 20 0 
472 76 63 0 
473 31 58 0 
474 86 88 0 
475 13 7 0 
476 54 161 0 
477 81 62 0 
478 98 76 0 
479 91 233 0 
480 17 50 0 
481 88 229 0 
482 62 75 0 
483 5 14 0 
484 41 42 0 
485 43 64 0 
486 92 117 0 
487 58 34 0 
488 60 83 0 
489 92 265 0 
490 94 253 0 
491 76 112 0 
492 4 6 0 
493 85 103 0 
494 96 266 0 
495 76 108 0 
496 57 49 0 
497 62 121 0 
498 99 125 0 
499 61 149 0 
