NAME GBP_INSTANCES\prob_3_B_4_2_1.txt
COMMENT
BINTYPES 5
ITEMS 500
BINS_SECTIONS
0 60 60 0 635 
1 80 80 0 476 
2 100 100 0 381 
3 120 120 0 318 
4 150 150 0 254 
ITEMS_SECTIONS
0 53 70 0 
1 54 57 0 
2 84 70 0 
3 52 86 0 
4 54 114 0 
5 69 96 0 
6 75 105 0 
7 90 97 0 
8 56 76 0 
9 94 280 0 
10 74 44 0 
11 94 254 0 
12 59 140 0 
13 97 72 0 
14 80 213 0 
15 90 75 0 
16 71 70 0 
17 82 136 0 
18 70 120 0 
19 88 144 0 
20 87 177 0 
21 51 120 0 
22 79 136 0 
23 58 47 0 
24 54 78 0 
25 84 43 0 
26 53 139 0 
27 68 96 0 
28 57 132 0 
29 62 170 0 
30 61 177 0 
31 57 135 0 
32 83 180 0 
33 72 120 0 
34 62 79 0 
35 52 114 0 
36 61 99 0 
37 53 113 0 
38 91 222 0 
39 57 152 0 
40 74 146 0 
41 91 235 0 
42 76 218 0 
43 67 145 0 
44 87 94 0 
45 63 171 0 
46 53 107 0 
47 94 212 0 
48 52 102 0 
49 88 55 0 
50 76 101 0 
51 92 230 0 
52 76 93 0 
53 87 215 0 
54 97 159 0 
55 93 59 0 
56 57 53 0 
57 63 34 0 
58 67 50 0 
59 66 133 0 
60 83 197 0 
61 90 205 0 
62 75 64 0 
63 71 202 0 
64 99 128 0 
65 89 118 0 
66 81 96 0 
67 75 187 0 
68 75 103 0 
69 79 118 0 
70 64 80 0 
71 96 173 0 
72 52 78 0 
73 52 59 0 
74 79 106 0 
75 94 175 0 
76 74 79 0 
77 56 139 0 
78 99 89 0 
79 72 183 0 
80 98 205 0 
81 53 40 0 
82 97 164 0 
83 59 87 0 
84 94 174 0 
85 84 89 0 
86 81 141 0 
87 91 254 0 
88 58 90 0 
89 87 239 0 
90 86 64 0 
91 53 81 0 
92 74 59 0 
93 68 167 0 
94 94 251 0 
95 55 150 0 
96 73 38 0 
97 87 237 0 
98 89 75 0 
99 59 63 0 
100 100 192 0 
101 62 139 0 
102 55 148 0 
103 65 122 0 
104 71 141 0 
105 87 88 0 
106 76 147 0 
107 88 75 0 
108 77 193 0 
109 90 228 0 
110 66 91 0 
111 78 150 0 
112 88 227 0 
113 54 36 0 
114 58 166 0 
115 67 154 0 
116 89 180 0 
117 90 79 0 
118 52 106 0 
119 87 140 0 
120 72 177 0 
121 87 60 0 
122 100 217 0 
123 55 127 0 
124 54 70 0 
125 69 142 0 
126 53 28 0 
127 64 157 0 
128 91 180 0 
129 88 79 0 
130 85 238 0 
131 71 88 0 
132 77 191 0 
133 85 70 0 
134 96 75 0 
135 77 137 0 
136 76 180 0 
137 100 59 0 
138 58 56 0 
139 92 273 0 
140 90 101 0 
141 96 69 0 
142 72 151 0 
143 72 57 0 
144 61 132 0 
145 62 168 0 
146 78 99 0 
147 73 100 0 
148 94 258 0 
149 72 170 0 
150 55 139 0 
151 73 149 0 
152 72 68 0 
153 88 215 0 
154 100 57 0 
155 83 208 0 
156 85 170 0 
157 83 197 0 
158 59 119 0 
159 61 81 0 
160 98 293 0 
161 58 113 0 
162 63 146 0 
163 59 38 0 
164 81 168 0 
165 100 101 0 
166 93 256 0 
167 52 144 0 
168 70 130 0 
169 83 136 0 
170 64 109 0 
171 81 55 0 
172 92 140 0 
173 73 204 0 
174 63 120 0 
175 65 126 0 
176 70 140 0 
177 86 134 0 
178 78 109 0 
179 65 186 0 
180 80 200 0 
181 64 49 0 
182 58 32 0 
183 95 83 0 
184 93 147 0 
185 54 46 0 
186 74 54 0 
187 74 147 0 
188 65 36 0 
189 66 82 0 
190 91 95 0 
191 59 95 0 
192 51 97 0 
193 54 45 0 
194 68 110 0 
195 99 276 0 
196 77 152 0 
197 73 85 0 
198 77 208 0 
199 61 129 0 
200 70 145 0 
201 74 98 0 
202 81 215 0 
203 57 122 0 
204 98 256 0 
205 85 255 0 
206 54 154 0 
207 76 63 0 
208 74 180 0 
209 81 50 0 
210 77 57 0 
211 58 158 0 
212 51 69 0 
213 67 153 0 
214 52 63 0 
215 52 77 0 
216 81 157 0 
217 93 132 0 
218 59 137 0 
219 96 181 0 
220 76 146 0 
221 93 76 0 
222 54 83 0 
223 79 160 0 
224 67 75 0 
225 75 203 0 
226 94 234 0 
227 98 261 0 
228 62 39 0 
229 89 236 0 
230 51 51 0 
231 82 122 0 
232 100 265 0 
233 53 119 0 
234 95 144 0 
235 53 125 0 
236 60 161 0 
237 65 123 0 
238 86 90 0 
239 77 225 0 
240 99 223 0 
241 93 257 0 
242 92 238 0 
243 100 208 0 
244 98 122 0 
245 100 290 0 
246 53 94 0 
247 99 155 0 
248 92 79 0 
249 56 70 0 
250 89 231 0 
251 97 249 0 
252 87 104 0 
253 54 46 0 
254 76 209 0 
255 96 277 0 
256 74 61 0 
257 64 161 0 
258 79 110 0 
259 93 200 0 
260 70 44 0 
261 100 227 0 
262 92 140 0 
263 98 226 0 
264 100 78 0 
265 89 65 0 
266 92 194 0 
267 81 115 0 
268 63 127 0 
269 63 85 0 
270 74 82 0 
271 96 59 0 
272 77 150 0 
273 59 113 0 
274 87 186 0 
275 67 155 0 
276 100 242 0 
277 97 120 0 
278 99 247 0 
279 95 81 0 
280 95 192 0 
281 85 74 0 
282 100 163 0 
283 54 100 0 
284 55 100 0 
285 59 88 0 
286 55 104 0 
287 89 130 0 
288 62 186 0 
289 55 154 0 
290 66 172 0 
291 98 266 0 
292 72 49 0 
293 74 178 0 
294 100 283 0 
295 95 244 0 
296 67 116 0 
297 97 76 0 
298 52 95 0 
299 84 75 0 
300 83 187 0 
301 97 204 0 
302 55 143 0 
303 63 53 0 
304 52 107 0 
305 59 166 0 
306 77 193 0 
307 64 132 0 
308 69 191 0 
309 61 40 0 
310 53 45 0 
311 56 167 0 
312 69 59 0 
313 64 70 0 
314 72 39 0 
315 74 156 0 
316 69 121 0 
317 83 83 0 
318 68 57 0 
319 93 161 0 
320 80 50 0 
321 73 78 0 
322 91 221 0 
323 61 73 0 
324 74 125 0 
325 98 278 0 
326 98 240 0 
327 64 185 0 
328 60 49 0 
329 81 197 0 
330 59 39 0 
331 83 131 0 
332 76 83 0 
333 100 56 0 
334 89 50 0 
335 65 169 0 
336 82 77 0 
337 66 140 0 
338 74 80 0 
339 77 197 0 
340 55 149 0 
341 61 116 0 
342 99 236 0 
343 99 268 0 
344 52 29 0 
345 69 121 0 
346 87 54 0 
347 94 127 0 
348 56 134 0 
349 69 109 0 
350 61 126 0 
351 95 238 0 
352 90 70 0 
353 88 96 0 
354 90 236 0 
355 56 96 0 
356 68 190 0 
357 76 161 0 
358 85 109 0 
359 53 52 0 
360 99 245 0 
361 90 67 0 
362 92 216 0 
363 80 210 0 
364 89 57 0 
365 74 195 0 
366 62 122 0 
367 94 112 0 
368 81 235 0 
369 94 78 0 
370 88 77 0 
371 71 207 0 
372 93 199 0 
373 86 63 0 
374 97 92 0 
375 98 88 0 
376 96 80 0 
377 70 66 0 
378 73 191 0 
379 79 85 0 
380 80 223 0 
381 76 190 0 
382 55 117 0 
383 91 237 0 
384 64 146 0 
385 60 165 0 
386 99 228 0 
387 88 63 0 
388 82 80 0 
389 77 231 0 
390 81 221 0 
391 61 143 0 
392 66 129 0 
393 64 163 0 
394 79 227 0 
395 57 141 0 
396 52 44 0 
397 87 61 0 
398 79 93 0 
399 96 210 0 
400 78 175 0 
401 100 159 0 
402 79 105 0 
403 91 97 0 
404 53 38 0 
405 89 73 0 
406 79 172 0 
407 82 165 0 
408 61 48 0 
409 78 76 0 
410 58 160 0 
411 77 176 0 
412 89 107 0 
413 83 97 0 
414 94 216 0 
415 77 99 0 
416 85 52 0 
417 91 214 0 
418 51 73 0 
419 92 202 0 
420 81 209 0 
421 90 233 0 
422 79 217 0 
423 94 53 0 
424 52 96 0 
425 84 192 0 
426 96 203 0 
427 73 213 0 
428 82 210 0 
429 75 192 0 
430 74 88 0 
431 70 75 0 
432 62 50 0 
433 83 53 0 
434 53 122 0 
435 61 98 0 
436 93 270 0 
437 91 167 0 
438 51 41 0 
439 84 111 0 
440 71 197 0 
441 95 112 0 
442 67 57 0 
443 63 188 0 
444 69 163 0 
445 82 165 0 
446 98 293 0 
447 56 68 0 
448 97 103 0 
449 77 121 0 
450 78 185 0 
451 83 237 0 
452 64 42 0 
453 69 93 0 
454 97 66 0 
455 64 119 0 
456 60 41 0 
457 75 93 0 
458 70 150 0 
459 70 102 0 
460 82 227 0 
461 92 243 0 
462 99 92 0 
463 73 79 0 
464 81 104 0 
465 84 121 0 
466 68 113 0 
467 86 49 0 
468 57 58 0 
469 81 74 0 
470 91 133 0 
471 91 70 0 
472 59 106 0 
473 67 87 0 
474 76 165 0 
475 91 84 0 
476 89 140 0 
477 87 233 0 
478 56 154 0 
479 87 130 0 
480 54 120 0 
481 54 53 0 
482 59 58 0 
483 54 80 0 
484 68 82 0 
485 86 194 0 
486 76 121 0 
487 84 112 0 
488 54 146 0 
489 54 48 0 
490 72 100 0 
491 67 57 0 
492 90 249 0 
493 57 49 0 
494 84 71 0 
495 63 36 0 
496 96 81 0 
497 86 132 0 
498 76 141 0 
499 99 219 0 
