NAME GBP_INSTANCES\prob_1_A_1_7_1.txt
COMMENT
BINTYPES 3
ITEMS 50
BINS_SECTIONS
0 100 100 0 28 
1 120 120 0 23 
2 150 150 0 19 
ITEMS_SECTIONS
0 58 74 0 
1 42 76 0 
2 2 3 0 
3 57 63 0 
4 97 66 0 
5 90 46 0 
6 84 181 0 
7 77 59 0 
8 97 160 0 
9 77 128 0 
10 88 59 0 
11 81 239 0 
12 86 250 0 
13 37 82 0 
14 13 38 0 
15 19 57 0 
16 29 72 0 
17 56 132 0 
18 73 134 0 
19 39 108 0 
20 48 143 0 
21 46 63 0 
22 70 52 0 
23 71 160 0 
24 7 17 0 
25 20 21 0 
26 80 84 0 
27 32 66 0 
28 83 152 0 
29 54 95 0 
30 91 139 0 
31 14 25 0 
32 4 11 0 
33 75 186 0 
34 9 21 0 
35 72 40 0 
36 62 178 0 
37 46 70 0 
38 34 84 0 
39 64 51 0 
40 90 257 0 
41 95 109 0 
42 75 71 0 
43 48 49 0 
44 9 17 0 
45 71 209 0 
46 67 50 0 
47 13 34 0 
48 18 20 0 
49 51 30 0 
