NAME GBP_INSTANCES\prob_2_B_0_6_1.txt
COMMENT
BINTYPES 5
ITEMS 25
BINS_SECTIONS
0 60 60 0 27 
1 80 80 0 20 
2 100 100 0 16 
3 120 120 0 14 
4 150 150 0 11 
ITEMS_SECTIONS
0 57 90 0 
1 32 24 0 
2 27 43 0 
3 75 196 0 
4 35 30 0 
5 64 84 0 
6 72 47 0 
7 58 162 0 
8 82 216 0 
9 88 147 0 
10 57 157 0 
11 53 108 0 
12 62 110 0 
13 63 145 0 
14 53 45 0 
15 70 205 0 
16 100 291 0 
17 88 108 0 
18 59 57 0 
19 50 74 0 
20 38 66 0 
21 77 220 0 
22 73 50 0 
23 65 135 0 
24 89 217 0 
