NAME GBP_INSTANCES\prob_1_B_4_4_1.txt
COMMENT
BINTYPES 5
ITEMS 500
BINS_SECTIONS
0 60 60 0 425 
1 80 80 0 319 
2 100 100 0 255 
3 120 120 0 213 
4 150 150 0 170 
ITEMS_SECTIONS
0 68 149 0 
1 55 89 0 
2 83 80 0 
3 4 3 0 
4 82 73 0 
5 51 141 0 
6 83 148 0 
7 20 11 0 
8 62 44 0 
9 19 16 0 
10 95 139 0 
11 73 67 0 
12 39 37 0 
13 58 67 0 
14 71 123 0 
15 17 17 0 
16 84 156 0 
17 9 22 0 
18 45 93 0 
19 53 118 0 
20 19 46 0 
21 67 160 0 
22 80 56 0 
23 26 72 0 
24 51 87 0 
25 59 117 0 
26 53 48 0 
27 25 49 0 
28 17 31 0 
29 5 12 0 
30 3 8 0 
31 91 89 0 
32 55 38 0 
33 53 144 0 
34 49 91 0 
35 7 10 0 
36 72 156 0 
37 29 71 0 
38 31 21 0 
39 51 72 0 
40 33 77 0 
41 70 50 0 
42 52 65 0 
43 18 43 0 
44 37 46 0 
45 97 214 0 
46 84 196 0 
47 68 68 0 
48 18 50 0 
49 83 209 0 
50 37 55 0 
51 97 65 0 
52 20 29 0 
53 79 221 0 
54 14 37 0 
55 22 30 0 
56 87 211 0 
57 73 190 0 
58 85 86 0 
59 46 121 0 
60 29 25 0 
61 96 237 0 
62 98 209 0 
63 15 45 0 
64 90 253 0 
65 2 2 0 
66 28 27 0 
67 15 42 0 
68 92 202 0 
69 6 15 0 
70 30 70 0 
71 32 24 0 
72 69 156 0 
73 10 16 0 
74 68 178 0 
75 26 53 0 
76 72 165 0 
77 21 24 0 
78 86 209 0 
79 30 90 0 
80 62 153 0 
81 54 161 0 
82 3 9 0 
83 36 87 0 
84 63 38 0 
85 68 128 0 
86 87 206 0 
87 70 89 0 
88 98 192 0 
89 87 162 0 
90 19 53 0 
91 32 45 0 
92 80 89 0 
93 82 102 0 
94 46 129 0 
95 82 98 0 
96 78 118 0 
97 66 193 0 
98 89 233 0 
99 68 44 0 
100 34 31 0 
101 42 52 0 
102 94 129 0 
103 68 176 0 
104 45 117 0 
105 9 11 0 
106 49 55 0 
107 38 33 0 
108 91 90 0 
109 32 56 0 
110 15 24 0 
111 47 48 0 
112 32 78 0 
113 79 142 0 
114 57 68 0 
115 85 247 0 
116 26 33 0 
117 56 66 0 
118 40 56 0 
119 32 42 0 
120 18 17 0 
121 16 17 0 
122 54 109 0 
123 53 89 0 
124 54 58 0 
125 84 55 0 
126 57 108 0 
127 45 78 0 
128 47 47 0 
129 92 120 0 
130 98 223 0 
131 66 192 0 
132 62 120 0 
133 29 40 0 
134 86 243 0 
135 77 194 0 
136 53 130 0 
137 23 60 0 
138 95 86 0 
139 57 138 0 
140 15 37 0 
141 69 114 0 
142 55 53 0 
143 76 61 0 
144 66 105 0 
145 96 135 0 
146 17 20 0 
147 27 37 0 
148 58 114 0 
149 6 14 0 
150 55 77 0 
151 76 104 0 
152 2 6 0 
153 57 64 0 
154 93 171 0 
155 41 67 0 
156 6 16 0 
157 58 125 0 
158 91 239 0 
159 63 56 0 
160 43 53 0 
161 14 20 0 
162 16 36 0 
163 66 174 0 
164 12 26 0 
165 95 135 0 
166 15 41 0 
167 84 215 0 
168 13 12 0 
169 93 256 0 
170 8 22 0 
171 43 128 0 
172 33 43 0 
173 7 5 0 
174 41 117 0 
175 83 178 0 
176 25 37 0 
177 32 94 0 
178 89 188 0 
179 97 118 0 
180 82 206 0 
181 10 22 0 
182 65 85 0 
183 84 138 0 
184 28 43 0 
185 94 103 0 
186 33 41 0 
187 86 247 0 
188 63 73 0 
189 93 276 0 
190 55 144 0 
191 8 23 0 
192 39 84 0 
193 46 100 0 
194 2 3 0 
195 87 228 0 
196 90 154 0 
197 100 251 0 
198 33 27 0 
199 23 19 0 
200 61 166 0 
201 46 125 0 
202 79 95 0 
203 17 45 0 
204 10 7 0 
205 52 116 0 
206 52 102 0 
207 41 120 0 
208 87 232 0 
209 93 273 0 
210 83 131 0 
211 94 122 0 
212 92 217 0 
213 97 290 0 
214 50 126 0 
215 46 116 0 
216 95 238 0 
217 95 198 0 
218 66 142 0 
219 39 92 0 
220 25 42 0 
221 15 31 0 
222 100 250 0 
223 57 90 0 
224 27 29 0 
225 90 206 0 
226 11 14 0 
227 6 9 0 
228 78 186 0 
229 42 68 0 
230 45 32 0 
231 38 20 0 
232 60 153 0 
233 89 88 0 
234 4 5 0 
235 57 103 0 
236 80 195 0 
237 46 35 0 
238 14 36 0 
239 35 49 0 
240 60 36 0 
241 73 99 0 
242 2 3 0 
243 75 88 0 
244 54 118 0 
245 31 18 0 
246 33 58 0 
247 58 145 0 
248 26 77 0 
249 12 35 0 
250 85 192 0 
251 9 25 0 
252 61 87 0 
253 82 138 0 
254 28 47 0 
255 99 113 0 
256 22 51 0 
257 32 83 0 
258 96 186 0 
259 59 160 0 
260 28 39 0 
261 49 121 0 
262 99 85 0 
263 81 180 0 
264 90 256 0 
265 18 26 0 
266 70 182 0 
267 4 7 0 
268 51 49 0 
269 66 170 0 
270 99 296 0 
271 57 42 0 
272 66 191 0 
273 50 130 0 
274 47 89 0 
275 56 131 0 
276 4 7 0 
277 9 22 0 
278 88 109 0 
279 31 86 0 
280 63 95 0 
281 78 127 0 
282 76 109 0 
283 63 88 0 
284 17 47 0 
285 88 123 0 
286 83 79 0 
287 33 41 0 
288 58 82 0 
289 40 74 0 
290 8 10 0 
291 42 121 0 
292 61 129 0 
293 86 147 0 
294 91 92 0 
295 18 25 0 
296 57 33 0 
297 10 18 0 
298 64 76 0 
299 54 120 0 
300 2 2 0 
301 22 32 0 
302 30 51 0 
303 10 29 0 
304 54 58 0 
305 84 53 0 
306 17 35 0 
307 12 26 0 
308 50 91 0 
309 61 60 0 
310 35 95 0 
311 80 220 0 
312 72 200 0 
313 16 30 0 
314 26 57 0 
315 31 44 0 
316 6 4 0 
317 61 63 0 
318 61 91 0 
319 65 193 0 
320 95 65 0 
321 69 68 0 
322 89 130 0 
323 12 35 0 
324 74 197 0 
325 53 97 0 
326 64 38 0 
327 19 53 0 
328 86 148 0 
329 26 42 0 
330 69 83 0 
331 67 171 0 
332 81 60 0 
333 59 115 0 
334 71 91 0 
335 7 9 0 
336 92 208 0 
337 24 35 0 
338 5 5 0 
339 79 103 0 
340 77 189 0 
341 56 134 0 
342 38 113 0 
343 34 42 0 
344 40 97 0 
345 30 54 0 
346 13 32 0 
347 98 175 0 
348 15 12 0 
349 64 184 0 
350 2 3 0 
351 13 31 0 
352 14 10 0 
353 57 53 0 
354 87 105 0 
355 81 205 0 
356 34 83 0 
357 81 189 0 
358 8 9 0 
359 65 191 0 
360 27 26 0 
361 16 38 0 
362 65 89 0 
363 58 107 0 
364 16 9 0 
365 57 86 0 
366 38 73 0 
367 67 144 0 
368 73 46 0 
369 97 57 0 
370 3 2 0 
371 51 140 0 
372 36 44 0 
373 92 194 0 
374 12 21 0 
375 28 64 0 
376 76 170 0 
377 9 12 0 
378 18 19 0 
379 14 16 0 
380 3 7 0 
381 91 258 0 
382 91 150 0 
383 100 267 0 
384 16 25 0 
385 27 58 0 
386 39 40 0 
387 25 73 0 
388 79 54 0 
389 41 93 0 
390 58 38 0 
391 48 95 0 
392 47 74 0 
393 9 19 0 
394 29 16 0 
395 6 5 0 
396 95 218 0 
397 29 44 0 
398 90 47 0 
399 24 64 0 
400 8 15 0 
401 22 16 0 
402 99 198 0 
403 81 100 0 
404 52 65 0 
405 6 11 0 
406 16 46 0 
407 7 20 0 
408 10 25 0 
409 26 29 0 
410 15 19 0 
411 82 64 0 
412 99 153 0 
413 75 129 0 
414 65 68 0 
415 66 169 0 
416 23 34 0 
417 86 132 0 
418 83 184 0 
419 77 156 0 
420 21 24 0 
421 32 66 0 
422 99 214 0 
423 68 178 0 
424 39 33 0 
425 22 43 0 
426 34 82 0 
427 44 60 0 
428 90 254 0 
429 23 16 0 
430 36 57 0 
431 16 22 0 
432 31 85 0 
433 94 63 0 
434 80 46 0 
435 84 76 0 
436 22 61 0 
437 65 94 0 
438 57 151 0 
439 27 40 0 
440 95 167 0 
441 40 66 0 
442 75 60 0 
443 70 65 0 
444 8 9 0 
445 81 95 0 
446 4 9 0 
447 53 96 0 
448 83 60 0 
449 26 26 0 
450 53 154 0 
451 30 84 0 
452 42 64 0 
453 91 261 0 
454 60 174 0 
455 36 46 0 
456 18 45 0 
457 54 68 0 
458 50 118 0 
459 68 83 0 
460 37 73 0 
461 22 52 0 
462 30 41 0 
463 92 63 0 
464 100 98 0 
465 100 175 0 
466 27 73 0 
467 32 92 0 
468 15 23 0 
469 73 179 0 
470 88 88 0 
471 52 142 0 
472 7 4 0 
473 93 104 0 
474 70 39 0 
475 3 8 0 
476 100 186 0 
477 10 21 0 
478 34 95 0 
479 16 26 0 
480 63 47 0 
481 22 22 0 
482 78 221 0 
483 36 87 0 
484 97 76 0 
485 89 199 0 
486 19 50 0 
487 68 62 0 
488 17 51 0 
489 90 85 0 
490 45 50 0 
491 34 33 0 
492 45 39 0 
493 43 97 0 
494 73 137 0 
495 14 30 0 
496 94 227 0 
497 8 18 0 
498 20 36 0 
499 55 95 0 
