NAME GBP_INSTANCES\prob_3_B_1_9_1.txt
COMMENT
BINTYPES 5
ITEMS 50
BINS_SECTIONS
0 60 60 0 66 
1 80 80 0 50 
2 100 100 0 40 
3 120 120 0 33 
4 150 150 0 27 
ITEMS_SECTIONS
0 66 52 0 
1 90 244 0 
2 100 299 0 
3 77 169 0 
4 79 84 0 
5 81 151 0 
6 78 54 0 
7 84 211 0 
8 96 124 0 
9 60 41 0 
10 96 119 0 
11 83 89 0 
12 72 100 0 
13 80 82 0 
14 61 183 0 
15 87 154 0 
16 55 145 0 
17 64 135 0 
18 92 266 0 
19 84 102 0 
20 74 134 0 
21 76 126 0 
22 94 62 0 
23 91 170 0 
24 79 58 0 
25 60 43 0 
26 93 69 0 
27 81 45 0 
28 51 103 0 
29 85 64 0 
30 78 86 0 
31 62 98 0 
32 51 55 0 
33 93 208 0 
34 57 151 0 
35 90 51 0 
36 91 207 0 
37 85 170 0 
38 56 138 0 
39 79 125 0 
40 77 150 0 
41 97 219 0 
42 84 170 0 
43 72 165 0 
44 97 85 0 
45 99 106 0 
46 93 189 0 
47 63 58 0 
48 95 245 0 
49 64 153 0 
