NAME GBP_INSTANCES\prob_2_A_3_2_1.txt
COMMENT
BINTYPES 3
ITEMS 200
BINS_SECTIONS
0 100 100 0 124 
1 120 120 0 103 
2 150 150 0 83 
ITEMS_SECTIONS
0 57 59 0 
1 69 149 0 
2 91 98 0 
3 55 147 0 
4 39 80 0 
5 53 130 0 
6 24 53 0 
7 76 212 0 
8 60 55 0 
9 60 147 0 
10 39 45 0 
11 95 257 0 
12 34 100 0 
13 37 98 0 
14 39 28 0 
15 55 39 0 
16 22 27 0 
17 83 78 0 
18 100 265 0 
19 99 129 0 
20 77 39 0 
21 64 101 0 
22 93 278 0 
23 73 137 0 
24 98 83 0 
25 38 32 0 
26 39 60 0 
27 83 53 0 
28 85 104 0 
29 33 84 0 
30 35 60 0 
31 74 44 0 
32 25 33 0 
33 46 60 0 
34 39 25 0 
35 82 208 0 
36 57 76 0 
37 85 219 0 
38 92 261 0 
39 74 85 0 
40 70 113 0 
41 95 279 0 
42 77 66 0 
43 80 65 0 
44 90 68 0 
45 57 33 0 
46 76 103 0 
47 92 267 0 
48 50 146 0 
49 28 49 0 
50 88 187 0 
51 30 86 0 
52 74 177 0 
53 91 181 0 
54 29 70 0 
55 39 22 0 
56 95 73 0 
57 54 39 0 
58 40 108 0 
59 82 71 0 
60 94 248 0 
61 78 110 0 
62 44 90 0 
63 32 79 0 
64 46 111 0 
65 74 63 0 
66 76 118 0 
67 32 61 0 
68 22 45 0 
69 78 195 0 
70 95 243 0 
71 99 62 0 
72 45 87 0 
73 89 117 0 
74 93 129 0 
75 82 203 0 
76 59 63 0 
77 65 184 0 
78 78 134 0 
79 80 149 0 
80 72 201 0 
81 73 47 0 
82 25 28 0 
83 32 53 0 
84 66 73 0 
85 93 110 0 
86 97 94 0 
87 26 57 0 
88 26 31 0 
89 34 85 0 
90 35 34 0 
91 22 23 0 
92 88 49 0 
93 95 167 0 
94 88 183 0 
95 81 176 0 
96 50 79 0 
97 32 62 0 
98 64 105 0 
99 100 135 0 
100 68 54 0 
101 30 66 0 
102 83 202 0 
103 64 52 0 
104 34 48 0 
105 55 115 0 
106 83 157 0 
107 65 72 0 
108 23 64 0 
109 63 153 0 
110 60 105 0 
111 47 49 0 
112 75 119 0 
113 21 22 0 
114 99 283 0 
115 58 116 0 
116 62 111 0 
117 52 104 0 
118 97 173 0 
119 80 137 0 
120 39 97 0 
121 36 71 0 
122 68 183 0 
123 62 53 0 
124 67 201 0 
125 30 78 0 
126 50 141 0 
127 27 34 0 
128 84 146 0 
129 49 72 0 
130 42 93 0 
131 74 101 0 
132 82 246 0 
133 68 172 0 
134 86 128 0 
135 72 183 0 
136 44 100 0 
137 94 113 0 
138 60 50 0 
139 64 105 0 
140 60 103 0 
141 98 266 0 
142 94 177 0 
143 55 65 0 
144 86 239 0 
145 86 152 0 
146 39 32 0 
147 48 30 0 
148 71 39 0 
149 79 171 0 
150 48 93 0 
151 38 84 0 
152 80 61 0 
153 43 107 0 
154 42 52 0 
155 29 81 0 
156 27 79 0 
157 36 75 0 
158 34 31 0 
159 22 43 0 
160 73 127 0 
161 21 41 0 
162 66 97 0 
163 46 82 0 
164 32 96 0 
165 48 116 0 
166 29 65 0 
167 90 106 0 
168 38 79 0 
169 72 53 0 
170 56 42 0 
171 96 68 0 
172 87 98 0 
173 29 82 0 
174 72 90 0 
175 27 66 0 
176 89 145 0 
177 86 208 0 
178 71 118 0 
179 87 118 0 
180 99 93 0 
181 92 170 0 
182 25 59 0 
183 82 147 0 
184 53 45 0 
185 47 59 0 
186 36 40 0 
187 55 60 0 
188 45 80 0 
189 71 155 0 
190 39 79 0 
191 85 210 0 
192 60 136 0 
193 91 169 0 
194 50 120 0 
195 97 133 0 
196 44 129 0 
197 30 21 0 
198 57 129 0 
199 37 48 0 
