NAME GBP_INSTANCES\prob_3_A_4_8_1.txt
COMMENT
BINTYPES 3
ITEMS 500
BINS_SECTIONS
0 100 100 0 385 
1 120 120 0 321 
2 150 150 0 257 
ITEMS_SECTIONS
0 53 143 0 
1 73 137 0 
2 87 170 0 
3 70 125 0 
4 78 57 0 
5 68 56 0 
6 81 204 0 
7 76 211 0 
8 94 153 0 
9 64 93 0 
10 67 165 0 
11 82 106 0 
12 73 99 0 
13 80 151 0 
14 75 102 0 
15 96 145 0 
16 97 279 0 
17 97 282 0 
18 96 137 0 
19 89 94 0 
20 85 195 0 
21 88 259 0 
22 88 56 0 
23 74 69 0 
24 75 138 0 
25 84 158 0 
26 59 39 0 
27 86 105 0 
28 75 93 0 
29 71 102 0 
30 64 56 0 
31 51 34 0 
32 96 85 0 
33 99 290 0 
34 79 78 0 
35 62 143 0 
36 87 161 0 
37 72 201 0 
38 94 90 0 
39 53 47 0 
40 100 72 0 
41 68 203 0 
42 73 204 0 
43 92 152 0 
44 98 131 0 
45 82 108 0 
46 78 147 0 
47 84 74 0 
48 62 66 0 
49 86 54 0 
50 63 127 0 
51 95 51 0 
52 51 103 0 
53 84 171 0 
54 75 129 0 
55 100 261 0 
56 100 127 0 
57 90 214 0 
58 71 185 0 
59 64 54 0 
60 82 116 0 
61 65 97 0 
62 97 172 0 
63 97 260 0 
64 79 180 0 
65 67 60 0 
66 67 121 0 
67 63 35 0 
68 97 106 0 
69 52 102 0 
70 58 81 0 
71 66 61 0 
72 55 83 0 
73 64 146 0 
74 54 107 0 
75 96 76 0 
76 88 77 0 
77 64 154 0 
78 99 250 0 
79 70 180 0 
80 59 85 0 
81 79 173 0 
82 98 282 0 
83 86 188 0 
84 92 89 0 
85 81 182 0 
86 71 161 0 
87 86 104 0 
88 88 229 0 
89 63 37 0 
90 56 79 0 
91 86 170 0 
92 96 74 0 
93 85 106 0 
94 57 130 0 
95 73 51 0 
96 75 210 0 
97 98 267 0 
98 91 234 0 
99 93 251 0 
100 88 166 0 
101 71 192 0 
102 83 240 0 
103 99 114 0 
104 62 97 0 
105 86 239 0 
106 89 145 0 
107 99 226 0 
108 96 244 0 
109 67 66 0 
110 82 228 0 
111 91 187 0 
112 62 126 0 
113 63 43 0 
114 58 120 0 
115 92 73 0 
116 73 149 0 
117 90 235 0 
118 95 214 0 
119 62 176 0 
120 68 53 0 
121 77 157 0 
122 85 92 0 
123 91 158 0 
124 82 161 0 
125 100 216 0 
126 67 115 0 
127 88 243 0 
128 56 141 0 
129 91 271 0 
130 76 171 0 
131 89 54 0 
132 61 59 0 
133 90 219 0 
134 89 208 0 
135 75 164 0 
136 75 191 0 
137 96 124 0 
138 93 66 0 
139 74 103 0 
140 97 284 0 
141 90 257 0 
142 82 90 0 
143 78 191 0 
144 91 91 0 
145 51 77 0 
146 85 162 0 
147 58 51 0 
148 84 94 0 
149 78 59 0 
150 71 213 0 
151 97 106 0 
152 68 134 0 
153 85 47 0 
154 67 201 0 
155 86 62 0 
156 77 218 0 
157 83 156 0 
158 64 131 0 
159 93 164 0 
160 92 205 0 
161 76 108 0 
162 81 181 0 
163 56 114 0 
164 90 247 0 
165 81 124 0 
166 60 128 0 
167 64 117 0 
168 95 68 0 
169 89 56 0 
170 66 186 0 
171 60 130 0 
172 92 177 0 
173 82 199 0 
174 65 71 0 
175 52 140 0 
176 66 81 0 
177 88 158 0 
178 58 102 0 
179 96 137 0 
180 85 116 0 
181 68 167 0 
182 88 257 0 
183 57 72 0 
184 61 121 0 
185 71 91 0 
186 94 199 0 
187 94 192 0 
188 92 128 0 
189 64 136 0 
190 93 144 0 
191 80 206 0 
192 52 144 0 
193 63 121 0 
194 54 155 0 
195 65 77 0 
196 75 136 0 
197 67 155 0 
198 89 258 0 
199 75 70 0 
200 72 139 0 
201 87 246 0 
202 96 227 0 
203 66 118 0 
204 52 103 0 
205 51 135 0 
206 59 69 0 
207 77 149 0 
208 56 59 0 
209 99 281 0 
210 92 133 0 
211 88 100 0 
212 62 43 0 
213 86 170 0 
214 94 241 0 
215 97 192 0 
216 74 85 0 
217 97 132 0 
218 98 116 0 
219 57 170 0 
220 63 178 0 
221 77 83 0 
222 64 183 0 
223 85 74 0 
224 53 112 0 
225 90 206 0 
226 76 193 0 
227 55 122 0 
228 86 241 0 
229 77 137 0 
230 79 88 0 
231 59 80 0 
232 53 124 0 
233 92 117 0 
234 55 123 0 
235 66 127 0 
236 75 88 0 
237 58 107 0 
238 51 126 0 
239 59 58 0 
240 76 168 0 
241 88 146 0 
242 85 55 0 
243 82 82 0 
244 72 198 0 
245 62 93 0 
246 100 57 0 
247 66 129 0 
248 77 97 0 
249 56 72 0 
250 92 225 0 
251 82 173 0 
252 96 134 0 
253 61 137 0 
254 94 248 0 
255 85 116 0 
256 61 133 0 
257 76 179 0 
258 66 175 0 
259 83 56 0 
260 69 74 0 
261 94 138 0 
262 95 244 0 
263 62 178 0 
264 86 59 0 
265 88 124 0 
266 51 76 0 
267 51 28 0 
268 81 124 0 
269 69 111 0 
270 91 141 0 
271 98 54 0 
272 92 231 0 
273 86 117 0 
274 76 189 0 
275 90 248 0 
276 98 143 0 
277 82 117 0 
278 74 157 0 
279 52 87 0 
280 91 100 0 
281 70 111 0 
282 80 148 0 
283 95 93 0 
284 75 158 0 
285 57 57 0 
286 62 134 0 
287 51 93 0 
288 91 149 0 
289 69 149 0 
290 79 136 0 
291 71 102 0 
292 93 61 0 
293 56 121 0 
294 64 78 0 
295 69 156 0 
296 65 136 0 
297 86 117 0 
298 80 179 0 
299 80 110 0 
300 61 80 0 
301 54 59 0 
302 89 213 0 
303 83 209 0 
304 67 87 0 
305 59 128 0 
306 86 119 0 
307 96 225 0 
308 96 67 0 
309 87 226 0 
310 100 54 0 
311 90 123 0 
312 87 146 0 
313 91 142 0 
314 98 252 0 
315 87 127 0 
316 53 56 0 
317 64 90 0 
318 60 176 0 
319 92 77 0 
320 54 128 0 
321 98 218 0 
322 54 154 0 
323 60 142 0 
324 100 202 0 
325 55 155 0 
326 72 208 0 
327 59 163 0 
328 84 187 0 
329 79 177 0 
330 71 138 0 
331 79 105 0 
332 84 248 0 
333 88 61 0 
334 65 76 0 
335 98 87 0 
336 62 127 0 
337 99 135 0 
338 74 176 0 
339 99 271 0 
340 94 237 0 
341 71 94 0 
342 69 142 0 
343 53 117 0 
344 80 96 0 
345 51 146 0 
346 69 182 0 
347 69 204 0 
348 59 67 0 
349 85 47 0 
350 88 204 0 
351 64 85 0 
352 63 45 0 
353 70 101 0 
354 68 48 0 
355 58 130 0 
356 55 143 0 
357 90 236 0 
358 68 169 0 
359 52 103 0 
360 85 61 0 
361 86 239 0 
362 91 194 0 
363 92 209 0 
364 90 211 0 
365 51 149 0 
366 52 71 0 
367 67 173 0 
368 89 137 0 
369 79 105 0 
370 82 139 0 
371 64 134 0 
372 94 142 0 
373 85 102 0 
374 84 144 0 
375 58 167 0 
376 89 49 0 
377 60 50 0 
378 54 151 0 
379 68 72 0 
380 95 48 0 
381 77 146 0 
382 59 130 0 
383 63 178 0 
384 75 103 0 
385 73 51 0 
386 82 236 0 
387 90 79 0 
388 97 79 0 
389 62 142 0 
390 60 124 0 
391 63 156 0 
392 58 137 0 
393 61 56 0 
394 92 141 0 
395 78 211 0 
396 91 184 0 
397 77 141 0 
398 91 150 0 
399 58 74 0 
400 55 43 0 
401 100 173 0 
402 93 173 0 
403 76 57 0 
404 71 144 0 
405 82 148 0 
406 60 49 0 
407 65 172 0 
408 76 161 0 
409 60 87 0 
410 98 82 0 
411 77 94 0 
412 86 61 0 
413 51 35 0 
414 96 96 0 
415 77 133 0 
416 100 89 0 
417 74 51 0 
418 96 141 0 
419 97 124 0 
420 88 57 0 
421 78 165 0 
422 67 188 0 
423 95 149 0 
424 91 248 0 
425 82 76 0 
426 63 185 0 
427 66 116 0 
428 75 152 0 
429 56 123 0 
430 87 204 0 
431 80 188 0 
432 68 104 0 
433 95 269 0 
434 71 138 0 
435 84 177 0 
436 76 43 0 
437 73 118 0 
438 72 79 0 
439 75 171 0 
440 56 67 0 
441 71 159 0 
442 80 146 0 
443 58 172 0 
444 82 69 0 
445 74 103 0 
446 84 190 0 
447 86 136 0 
448 93 137 0 
449 69 199 0 
450 92 233 0 
451 90 55 0 
452 65 127 0 
453 100 80 0 
454 71 176 0 
455 96 269 0 
456 73 194 0 
457 62 84 0 
458 78 45 0 
459 100 65 0 
460 53 120 0 
461 82 60 0 
462 55 57 0 
463 85 114 0 
464 83 212 0 
465 75 59 0 
466 68 82 0 
467 58 114 0 
468 81 243 0 
469 70 60 0 
470 56 143 0 
471 80 229 0 
472 89 118 0 
473 95 126 0 
474 70 71 0 
475 88 119 0 
476 53 61 0 
477 68 110 0 
478 66 81 0 
479 63 59 0 
480 59 34 0 
481 85 132 0 
482 91 112 0 
483 93 63 0 
484 87 231 0 
485 93 123 0 
486 63 132 0 
487 55 84 0 
488 88 116 0 
489 89 137 0 
490 97 235 0 
491 91 146 0 
492 58 158 0 
493 53 119 0 
494 70 85 0 
495 67 90 0 
496 54 46 0 
497 82 107 0 
498 73 95 0 
499 80 220 0 
