NAME GBP_INSTANCES\prob_1_B_3_5_1.txt
COMMENT
BINTYPES 5
ITEMS 200
BINS_SECTIONS
0 60 60 0 170 
1 80 80 0 128 
2 100 100 0 102 
3 120 120 0 85 
4 150 150 0 68 
ITEMS_SECTIONS
0 61 165 0 
1 7 10 0 
2 17 11 0 
3 11 32 0 
4 49 26 0 
5 7 9 0 
6 18 44 0 
7 31 60 0 
8 86 94 0 
9 21 40 0 
10 67 145 0 
11 6 13 0 
12 95 77 0 
13 27 22 0 
14 72 205 0 
15 2 2 0 
16 6 10 0 
17 98 202 0 
18 24 72 0 
19 54 99 0 
20 96 149 0 
21 22 19 0 
22 26 21 0 
23 11 13 0 
24 13 24 0 
25 47 47 0 
26 36 87 0 
27 97 291 0 
28 30 54 0 
29 90 220 0 
30 69 98 0 
31 22 37 0 
32 90 211 0 
33 83 180 0 
34 69 136 0 
35 64 51 0 
36 79 184 0 
37 93 255 0 
38 86 147 0 
39 65 117 0 
40 67 92 0 
41 18 33 0 
42 62 175 0 
43 84 48 0 
44 85 105 0 
45 59 148 0 
46 67 80 0 
47 14 18 0 
48 61 47 0 
49 88 223 0 
50 85 72 0 
51 35 81 0 
52 82 243 0 
53 28 31 0 
54 2 4 0 
55 3 9 0 
56 11 31 0 
57 19 30 0 
58 76 62 0 
59 30 38 0 
60 23 53 0 
61 37 19 0 
62 65 81 0 
63 82 157 0 
64 91 257 0 
65 19 38 0 
66 71 91 0 
67 36 38 0 
68 89 238 0 
69 38 68 0 
70 89 200 0 
71 11 14 0 
72 26 19 0 
73 27 72 0 
74 20 56 0 
75 41 116 0 
76 96 93 0 
77 57 86 0 
78 22 35 0 
79 84 141 0 
80 70 137 0 
81 85 206 0 
82 84 227 0 
83 45 134 0 
84 72 92 0 
85 85 119 0 
86 71 210 0 
87 99 194 0 
88 2 6 0 
89 52 43 0 
90 34 74 0 
91 2 5 0 
92 40 40 0 
93 17 16 0 
94 42 99 0 
95 64 44 0 
96 84 170 0 
97 53 76 0 
98 22 46 0 
99 87 240 0 
100 73 166 0 
101 13 16 0 
102 58 144 0 
103 33 39 0 
104 24 34 0 
105 71 103 0 
106 49 79 0 
107 13 7 0 
108 52 48 0 
109 15 35 0 
110 67 52 0 
111 91 146 0 
112 12 18 0 
113 71 192 0 
114 17 17 0 
115 73 45 0 
116 95 130 0 
117 85 128 0 
118 41 59 0 
119 71 84 0 
120 57 36 0 
121 65 131 0 
122 68 37 0 
123 30 38 0 
124 88 70 0 
125 91 167 0 
126 57 142 0 
127 2 2 0 
128 6 8 0 
129 13 8 0 
130 17 32 0 
131 37 76 0 
132 92 183 0 
133 26 34 0 
134 73 65 0 
135 6 16 0 
136 41 56 0 
137 59 85 0 
138 58 122 0 
139 98 60 0 
140 46 65 0 
141 62 82 0 
142 82 77 0 
143 27 68 0 
144 84 244 0 
145 13 34 0 
146 77 205 0 
147 71 158 0 
148 51 45 0 
149 53 128 0 
150 63 43 0 
151 97 236 0 
152 69 131 0 
153 57 42 0 
154 35 67 0 
155 93 99 0 
156 49 109 0 
157 58 108 0 
158 11 17 0 
159 40 63 0 
160 17 42 0 
161 6 9 0 
162 47 138 0 
163 65 43 0 
164 82 240 0 
165 19 12 0 
166 60 97 0 
167 13 11 0 
168 82 144 0 
169 83 91 0 
170 51 47 0 
171 55 66 0 
172 43 43 0 
173 61 91 0 
174 93 221 0 
175 87 114 0 
176 10 18 0 
177 62 103 0 
178 56 125 0 
179 47 93 0 
180 10 9 0 
181 46 128 0 
182 39 46 0 
183 65 88 0 
184 53 62 0 
185 16 45 0 
186 86 56 0 
187 28 24 0 
188 73 66 0 
189 45 44 0 
190 53 68 0 
191 32 75 0 
192 99 126 0 
193 27 15 0 
194 4 6 0 
195 12 9 0 
196 51 73 0 
197 67 129 0 
198 92 212 0 
199 48 124 0 
