NAME GBP_INSTANCES\prob_1_A_3_1_1.txt
COMMENT
BINTYPES 3
ITEMS 200
BINS_SECTIONS
0 100 100 0 104 
1 120 120 0 87 
2 150 150 0 70 
ITEMS_SECTIONS
0 98 128 0 
1 53 146 0 
2 73 118 0 
3 13 17 0 
4 45 98 0 
5 60 138 0 
6 75 43 0 
7 53 118 0 
8 95 198 0 
9 39 84 0 
10 30 51 0 
11 4 10 0 
12 67 112 0 
13 94 187 0 
14 28 78 0 
15 77 159 0 
16 3 9 0 
17 46 44 0 
18 54 68 0 
19 19 51 0 
20 29 71 0 
21 4 8 0 
22 99 243 0 
23 6 16 0 
24 93 247 0 
25 79 128 0 
26 79 88 0 
27 34 72 0 
28 35 103 0 
29 48 29 0 
30 82 54 0 
31 51 100 0 
32 73 138 0 
33 4 4 0 
34 29 58 0 
35 82 126 0 
36 72 105 0 
37 36 61 0 
38 53 138 0 
39 33 77 0 
40 73 130 0 
41 76 135 0 
42 83 188 0 
43 92 101 0 
44 42 105 0 
45 25 68 0 
46 44 76 0 
47 38 93 0 
48 27 69 0 
49 24 41 0 
50 47 72 0 
51 57 40 0 
52 80 86 0 
53 70 162 0 
54 99 196 0 
55 97 167 0 
56 33 38 0 
57 52 145 0 
58 95 145 0 
59 40 102 0 
60 69 87 0 
61 94 269 0 
62 18 43 0 
63 24 60 0 
64 11 31 0 
65 90 197 0 
66 16 38 0 
67 21 53 0 
68 34 84 0 
69 15 24 0 
70 85 83 0 
71 66 91 0 
72 42 109 0 
73 85 209 0 
74 26 43 0 
75 76 83 0 
76 23 64 0 
77 88 151 0 
78 88 129 0 
79 19 29 0 
80 92 247 0 
81 12 10 0 
82 92 245 0 
83 5 5 0 
84 81 202 0 
85 10 24 0 
86 28 74 0 
87 51 151 0 
88 35 103 0 
89 45 112 0 
90 26 15 0 
91 77 46 0 
92 13 24 0 
93 38 36 0 
94 4 9 0 
95 93 149 0 
96 44 46 0 
97 53 140 0 
98 69 58 0 
99 39 64 0 
100 21 22 0 
101 63 114 0 
102 2 3 0 
103 43 86 0 
104 94 103 0 
105 31 65 0 
106 75 179 0 
107 36 86 0 
108 49 71 0 
109 14 8 0 
110 60 145 0 
111 18 51 0 
112 32 95 0 
113 77 185 0 
114 63 124 0 
115 88 209 0 
116 94 167 0 
117 93 122 0 
118 26 55 0 
119 49 113 0 
120 42 63 0 
121 6 13 0 
122 72 178 0 
123 96 251 0 
124 26 57 0 
125 63 77 0 
126 97 99 0 
127 99 86 0 
128 2 4 0 
129 85 231 0 
130 98 216 0 
131 85 168 0 
132 70 70 0 
133 59 105 0 
134 54 106 0 
135 34 46 0 
136 21 41 0 
137 37 92 0 
138 20 29 0 
139 90 192 0 
140 8 6 0 
141 45 36 0 
142 78 232 0 
143 17 50 0 
144 69 112 0 
145 48 105 0 
146 3 7 0 
147 73 124 0 
148 33 24 0 
149 4 3 0 
150 58 57 0 
151 54 102 0 
152 91 243 0 
153 36 77 0 
154 11 19 0 
155 81 142 0 
156 20 14 0 
157 67 37 0 
158 80 200 0 
159 64 97 0 
160 8 11 0 
161 46 63 0 
162 85 72 0 
163 41 37 0 
164 67 38 0 
165 86 200 0 
166 17 38 0 
167 96 281 0 
168 9 22 0 
169 88 230 0 
170 21 29 0 
171 92 246 0 
172 32 88 0 
173 30 25 0 
174 84 206 0 
175 81 99 0 
176 30 35 0 
177 9 21 0 
178 29 75 0 
179 58 49 0 
180 51 80 0 
181 28 62 0 
182 7 21 0 
183 17 32 0 
184 19 53 0 
185 99 175 0 
186 88 93 0 
187 52 79 0 
188 51 62 0 
189 55 77 0 
190 57 35 0 
191 96 286 0 
192 84 171 0 
193 49 64 0 
194 79 85 0 
195 20 18 0 
196 41 98 0 
197 41 54 0 
198 85 102 0 
199 73 51 0 
