NAME GBP_INSTANCES\prob_2_B_1_1_1.txt
COMMENT
BINTYPES 5
ITEMS 50
BINS_SECTIONS
0 60 60 0 52 
1 80 80 0 39 
2 100 100 0 31 
3 120 120 0 26 
4 150 150 0 21 
ITEMS_SECTIONS
0 26 66 0 
1 24 51 0 
2 54 32 0 
3 63 46 0 
4 69 175 0 
5 39 54 0 
6 54 124 0 
7 87 53 0 
8 75 57 0 
9 71 165 0 
10 95 219 0 
11 98 177 0 
12 81 108 0 
13 54 124 0 
14 40 108 0 
15 92 142 0 
16 46 110 0 
17 53 113 0 
18 88 65 0 
19 71 53 0 
20 49 85 0 
21 51 134 0 
22 56 159 0 
23 47 32 0 
24 96 63 0 
25 81 235 0 
26 89 159 0 
27 65 50 0 
28 54 130 0 
29 82 91 0 
30 28 19 0 
31 70 178 0 
32 35 20 0 
33 88 246 0 
34 46 116 0 
35 61 118 0 
36 52 54 0 
37 98 242 0 
38 85 61 0 
39 99 118 0 
40 88 61 0 
41 29 28 0 
42 80 72 0 
43 53 117 0 
44 31 58 0 
45 40 117 0 
46 24 19 0 
47 24 20 0 
48 50 26 0 
49 29 60 0 
