NAME GBP_INSTANCES\prob_2_A_2_2_1.txt
COMMENT
BINTYPES 3
ITEMS 100
BINS_SECTIONS
0 100 100 0 63 
1 120 120 0 53 
2 150 150 0 42 
ITEMS_SECTIONS
0 94 187 0 
1 27 49 0 
2 62 82 0 
3 50 70 0 
4 48 136 0 
5 57 136 0 
6 24 37 0 
7 100 54 0 
8 78 208 0 
9 29 85 0 
10 88 205 0 
11 58 163 0 
12 45 65 0 
13 63 153 0 
14 52 72 0 
15 32 19 0 
16 47 125 0 
17 58 115 0 
18 53 145 0 
19 54 87 0 
20 53 65 0 
21 83 103 0 
22 94 107 0 
23 88 112 0 
24 45 34 0 
25 66 34 0 
26 80 56 0 
27 71 105 0 
28 30 24 0 
29 87 259 0 
30 26 46 0 
31 59 139 0 
32 47 90 0 
33 99 112 0 
34 61 62 0 
35 93 147 0 
36 69 85 0 
37 69 90 0 
38 38 62 0 
39 40 95 0 
40 93 250 0 
41 83 237 0 
42 47 49 0 
43 35 77 0 
44 88 179 0 
45 46 106 0 
46 61 122 0 
47 36 80 0 
48 82 182 0 
49 39 101 0 
50 72 124 0 
51 78 133 0 
52 60 39 0 
53 86 158 0 
54 73 124 0 
55 57 108 0 
56 39 41 0 
57 80 129 0 
58 52 49 0 
59 63 128 0 
60 72 39 0 
61 45 54 0 
62 63 97 0 
63 21 43 0 
64 54 42 0 
65 53 108 0 
66 65 68 0 
67 51 74 0 
68 62 58 0 
69 58 68 0 
70 73 66 0 
71 79 93 0 
72 48 69 0 
73 75 78 0 
74 69 39 0 
75 97 134 0 
76 98 62 0 
77 94 154 0 
78 67 43 0 
79 88 108 0 
80 88 246 0 
81 71 182 0 
82 86 83 0 
83 62 101 0 
84 92 258 0 
85 29 18 0 
86 33 85 0 
87 81 211 0 
88 60 37 0 
89 56 137 0 
90 55 52 0 
91 98 67 0 
92 59 135 0 
93 62 83 0 
94 69 72 0 
95 39 110 0 
96 41 46 0 
97 49 43 0 
98 78 224 0 
99 33 20 0 
