NAME GBP_INSTANCES\prob_2_B_0_3_1.txt
COMMENT
BINTYPES 5
ITEMS 25
BINS_SECTIONS
0 60 60 0 26 
1 80 80 0 20 
2 100 100 0 16 
3 120 120 0 13 
4 150 150 0 11 
ITEMS_SECTIONS
0 90 211 0 
1 36 48 0 
2 78 126 0 
3 26 41 0 
4 92 225 0 
5 57 102 0 
6 27 57 0 
7 85 172 0 
8 92 73 0 
9 70 61 0 
10 45 31 0 
11 66 178 0 
12 55 38 0 
13 22 43 0 
14 87 100 0 
15 43 28 0 
16 65 86 0 
17 24 31 0 
18 97 216 0 
19 22 42 0 
20 66 115 0 
21 94 251 0 
22 75 103 0 
23 70 90 0 
24 57 84 0 
