NAME GBP_INSTANCES\prob_2_A_4_3_1.txt
COMMENT
BINTYPES 3
ITEMS 500
BINS_SECTIONS
0 100 100 0 308 
1 120 120 0 257 
2 150 150 0 206 
ITEMS_SECTIONS
0 91 186 0 
1 25 26 0 
2 36 89 0 
3 43 30 0 
4 71 98 0 
5 39 85 0 
6 30 33 0 
7 80 180 0 
8 94 219 0 
9 31 27 0 
10 52 61 0 
11 59 69 0 
12 53 157 0 
13 64 151 0 
14 89 105 0 
15 44 131 0 
16 67 110 0 
17 80 61 0 
18 41 83 0 
19 85 46 0 
20 61 88 0 
21 59 144 0 
22 35 59 0 
23 58 85 0 
24 78 65 0 
25 87 178 0 
26 69 99 0 
27 93 97 0 
28 23 40 0 
29 100 122 0 
30 40 96 0 
31 34 87 0 
32 27 64 0 
33 71 110 0 
34 57 126 0 
35 62 57 0 
36 98 216 0 
37 82 70 0 
38 95 77 0 
39 48 86 0 
40 41 71 0 
41 25 47 0 
42 85 172 0 
43 81 85 0 
44 62 126 0 
45 37 23 0 
46 63 64 0 
47 63 48 0 
48 59 115 0 
49 55 157 0 
50 34 46 0 
51 91 247 0 
52 50 113 0 
53 90 151 0 
54 43 85 0 
55 82 215 0 
56 38 28 0 
57 66 86 0 
58 35 79 0 
59 45 42 0 
60 80 168 0 
61 40 34 0 
62 86 97 0 
63 85 112 0 
64 80 73 0 
65 40 72 0 
66 91 128 0 
67 28 77 0 
68 51 118 0 
69 97 272 0 
70 59 97 0 
71 81 69 0 
72 61 124 0 
73 30 18 0 
74 21 16 0 
75 80 189 0 
76 48 122 0 
77 43 31 0 
78 59 165 0 
79 30 77 0 
80 58 168 0 
81 91 91 0 
82 26 58 0 
83 53 50 0 
84 84 129 0 
85 25 69 0 
86 98 153 0 
87 36 84 0 
88 35 104 0 
89 93 89 0 
90 53 119 0 
91 61 130 0 
92 62 48 0 
93 21 29 0 
94 99 290 0 
95 81 60 0 
96 90 186 0 
97 38 34 0 
98 23 27 0 
99 66 65 0 
100 57 106 0 
101 51 48 0 
102 41 51 0 
103 44 85 0 
104 44 73 0 
105 92 167 0 
106 49 41 0 
107 76 143 0 
108 98 180 0 
109 21 27 0 
110 90 93 0 
111 58 162 0 
112 64 69 0 
113 75 212 0 
114 88 158 0 
115 31 75 0 
116 29 59 0 
117 77 121 0 
118 86 146 0 
119 98 250 0 
120 79 155 0 
121 38 54 0 
122 59 73 0 
123 55 62 0 
124 76 206 0 
125 29 72 0 
126 61 101 0 
127 89 152 0 
128 56 115 0 
129 57 94 0 
130 34 46 0 
131 89 234 0 
132 41 46 0 
133 81 191 0 
134 97 218 0 
135 32 45 0 
136 35 67 0 
137 65 46 0 
138 97 248 0 
139 39 32 0 
140 95 101 0 
141 80 43 0 
142 27 20 0 
143 85 177 0 
144 74 69 0 
145 23 25 0 
146 32 35 0 
147 29 70 0 
148 29 29 0 
149 66 89 0 
150 74 60 0 
151 36 97 0 
152 95 160 0 
153 59 141 0 
154 49 73 0 
155 51 153 0 
156 23 62 0 
157 53 109 0 
158 51 40 0 
159 83 189 0 
160 52 122 0 
161 57 56 0 
162 44 23 0 
163 36 93 0 
164 47 111 0 
165 90 83 0 
166 62 144 0 
167 44 121 0 
168 81 44 0 
169 91 128 0 
170 66 143 0 
171 46 93 0 
172 42 118 0 
173 95 254 0 
174 79 149 0 
175 40 105 0 
176 80 207 0 
177 81 218 0 
178 46 91 0 
179 82 166 0 
180 24 69 0 
181 57 94 0 
182 64 116 0 
183 84 111 0 
184 86 109 0 
185 43 86 0 
186 74 93 0 
187 99 295 0 
188 85 70 0 
189 94 269 0 
190 87 131 0 
191 23 54 0 
192 72 213 0 
193 45 55 0 
194 28 44 0 
195 35 49 0 
196 72 162 0 
197 68 142 0 
198 27 58 0 
199 69 135 0 
200 62 70 0 
201 40 108 0 
202 80 81 0 
203 40 42 0 
204 58 127 0 
205 29 60 0 
206 72 172 0 
207 78 225 0 
208 75 153 0 
209 38 88 0 
210 56 45 0 
211 90 117 0 
212 74 202 0 
213 47 95 0 
214 76 127 0 
215 65 155 0 
216 53 50 0 
217 81 175 0 
218 85 175 0 
219 37 88 0 
220 79 148 0 
221 78 184 0 
222 43 71 0 
223 99 149 0 
224 24 35 0 
225 76 117 0 
226 23 50 0 
227 80 133 0 
228 75 102 0 
229 95 285 0 
230 21 61 0 
231 82 106 0 
232 99 89 0 
233 68 55 0 
234 75 130 0 
235 73 134 0 
236 59 128 0 
237 91 96 0 
238 89 249 0 
239 22 15 0 
240 47 118 0 
241 54 114 0 
242 44 37 0 
243 62 51 0 
244 34 74 0 
245 37 65 0 
246 69 148 0 
247 27 58 0 
248 74 110 0 
249 75 176 0 
250 89 101 0 
251 51 90 0 
252 21 43 0 
253 98 165 0 
254 51 119 0 
255 88 89 0 
256 58 149 0 
257 93 192 0 
258 40 98 0 
259 33 56 0 
260 51 85 0 
261 95 254 0 
262 91 180 0 
263 47 53 0 
264 68 153 0 
265 60 41 0 
266 50 144 0 
267 65 119 0 
268 80 54 0 
269 100 264 0 
270 70 195 0 
271 80 110 0 
272 63 95 0 
273 94 55 0 
274 51 116 0 
275 34 90 0 
276 39 27 0 
277 36 68 0 
278 97 258 0 
279 87 244 0 
280 64 186 0 
281 52 118 0 
282 72 149 0 
283 32 40 0 
284 43 105 0 
285 97 261 0 
286 21 50 0 
287 72 119 0 
288 77 71 0 
289 85 131 0 
290 67 168 0 
291 25 72 0 
292 32 58 0 
293 82 45 0 
294 60 86 0 
295 74 140 0 
296 84 101 0 
297 27 52 0 
298 56 76 0 
299 41 120 0 
300 32 53 0 
301 40 91 0 
302 56 96 0 
303 52 144 0 
304 27 64 0 
305 92 167 0 
306 96 144 0 
307 70 43 0 
308 98 227 0 
309 62 171 0 
310 73 59 0 
311 31 74 0 
312 98 216 0 
313 89 225 0 
314 76 179 0 
315 62 176 0 
316 77 79 0 
317 22 58 0 
318 40 43 0 
319 43 101 0 
320 65 167 0 
321 90 264 0 
322 73 219 0 
323 52 60 0 
324 88 127 0 
325 78 222 0 
326 91 100 0 
327 22 13 0 
328 99 217 0 
329 28 47 0 
330 47 107 0 
331 57 125 0 
332 25 55 0 
333 65 71 0 
334 100 155 0 
335 42 36 0 
336 79 43 0 
337 30 50 0 
338 93 212 0 
339 100 299 0 
340 22 26 0 
341 59 148 0 
342 88 142 0 
343 29 28 0 
344 86 244 0 
345 67 176 0 
346 40 90 0 
347 89 253 0 
348 91 104 0 
349 72 177 0 
350 53 136 0 
351 60 71 0 
352 82 135 0 
353 33 81 0 
354 80 91 0 
355 59 44 0 
356 85 97 0 
357 30 75 0 
358 42 46 0 
359 56 76 0 
360 62 185 0 
361 91 175 0 
362 29 50 0 
363 33 59 0 
364 45 60 0 
365 95 200 0 
366 38 58 0 
367 63 93 0 
368 40 38 0 
369 96 97 0 
370 96 108 0 
371 82 101 0 
372 55 163 0 
373 59 122 0 
374 89 143 0 
375 82 124 0 
376 97 104 0 
377 78 208 0 
378 42 109 0 
379 87 220 0 
380 88 106 0 
381 48 57 0 
382 23 23 0 
383 89 159 0 
384 25 15 0 
385 46 114 0 
386 92 255 0 
387 99 268 0 
388 89 56 0 
389 54 82 0 
390 30 20 0 
391 89 57 0 
392 81 164 0 
393 50 132 0 
394 70 202 0 
395 80 52 0 
396 37 80 0 
397 57 65 0 
398 39 67 0 
399 34 88 0 
400 45 28 0 
401 46 118 0 
402 56 153 0 
403 84 124 0 
404 81 81 0 
405 23 52 0 
406 42 120 0 
407 96 59 0 
408 35 21 0 
409 100 115 0 
410 58 100 0 
411 60 177 0 
412 34 61 0 
413 84 86 0 
414 88 110 0 
415 84 211 0 
416 30 60 0 
417 69 189 0 
418 87 192 0 
419 90 51 0 
420 43 112 0 
421 33 91 0 
422 28 32 0 
423 22 61 0 
424 99 61 0 
425 26 76 0 
426 54 158 0 
427 92 267 0 
428 61 101 0 
429 46 136 0 
430 52 136 0 
431 24 71 0 
432 67 36 0 
433 84 198 0 
434 61 173 0 
435 38 65 0 
436 22 47 0 
437 76 145 0 
438 89 87 0 
439 45 93 0 
440 44 80 0 
441 78 147 0 
442 40 115 0 
443 39 99 0 
444 87 245 0 
445 78 211 0 
446 85 172 0 
447 67 60 0 
448 69 55 0 
449 89 230 0 
450 22 53 0 
451 62 139 0 
452 86 156 0 
453 99 217 0 
454 29 56 0 
455 64 35 0 
456 60 52 0 
457 29 62 0 
458 81 173 0 
459 75 120 0 
460 58 152 0 
461 86 174 0 
462 43 34 0 
463 87 112 0 
464 80 194 0 
465 60 98 0 
466 96 245 0 
467 65 136 0 
468 75 176 0 
469 34 28 0 
470 71 211 0 
471 52 62 0 
472 26 66 0 
473 85 48 0 
474 77 170 0 
475 80 50 0 
476 47 101 0 
477 96 237 0 
478 31 55 0 
479 46 59 0 
480 32 66 0 
481 61 103 0 
482 73 105 0 
483 67 178 0 
484 74 112 0 
485 70 203 0 
486 41 87 0 
487 89 108 0 
488 62 105 0 
489 35 68 0 
490 70 168 0 
491 61 113 0 
492 84 125 0 
493 46 29 0 
494 76 103 0 
495 25 18 0 
496 51 124 0 
497 34 77 0 
498 44 25 0 
499 74 53 0 
