NAME GBP_INSTANCES\prob_3_A_2_5_1.txt
COMMENT
BINTYPES 3
ITEMS 100
BINS_SECTIONS
0 100 100 0 77 
1 120 120 0 64 
2 150 150 0 51 
ITEMS_SECTIONS
0 57 96 0 
1 69 73 0 
2 61 58 0 
3 100 145 0 
4 99 72 0 
5 94 95 0 
6 61 48 0 
7 70 171 0 
8 89 236 0 
9 73 123 0 
10 53 68 0 
11 56 33 0 
12 54 136 0 
13 74 210 0 
14 64 189 0 
15 53 103 0 
16 88 217 0 
17 83 97 0 
18 81 194 0 
19 75 206 0 
20 51 120 0 
21 71 173 0 
22 99 131 0 
23 58 99 0 
24 62 183 0 
25 88 187 0 
26 88 191 0 
27 75 147 0 
28 81 205 0 
29 91 147 0 
30 65 96 0 
31 91 227 0 
32 52 67 0 
33 77 98 0 
34 83 245 0 
35 89 208 0 
36 65 96 0 
37 82 193 0 
38 70 37 0 
39 51 80 0 
40 99 90 0 
41 76 57 0 
42 83 86 0 
43 65 138 0 
44 99 166 0 
45 52 114 0 
46 61 135 0 
47 96 180 0 
48 65 150 0 
49 100 124 0 
50 92 155 0 
51 95 178 0 
52 91 212 0 
53 55 50 0 
54 63 61 0 
55 79 65 0 
56 92 219 0 
57 72 112 0 
58 85 146 0 
59 60 138 0 
60 97 232 0 
61 98 107 0 
62 96 59 0 
63 51 52 0 
64 57 161 0 
65 64 122 0 
66 77 211 0 
67 89 131 0 
68 93 276 0 
69 61 111 0 
70 99 100 0 
71 84 207 0 
72 71 88 0 
73 57 133 0 
74 85 216 0 
75 96 287 0 
76 100 172 0 
77 95 68 0 
78 90 106 0 
79 60 162 0 
80 71 140 0 
81 64 170 0 
82 95 82 0 
83 78 200 0 
84 95 80 0 
85 80 86 0 
86 72 170 0 
87 84 73 0 
88 53 64 0 
89 79 195 0 
90 56 72 0 
91 83 236 0 
92 67 129 0 
93 56 81 0 
94 84 70 0 
95 63 165 0 
96 54 85 0 
97 93 181 0 
98 85 227 0 
99 52 151 0 
