NAME GBP_INSTANCES\prob_1_A_4_5_1.txt
COMMENT
BINTYPES 3
ITEMS 500
BINS_SECTIONS
0 100 100 0 257 
1 120 120 0 214 
2 150 150 0 171 
ITEMS_SECTIONS
0 44 94 0 
1 69 201 0 
2 35 75 0 
3 43 96 0 
4 18 31 0 
5 27 37 0 
6 5 3 0 
7 60 88 0 
8 4 5 0 
9 21 36 0 
10 46 107 0 
11 30 88 0 
12 58 174 0 
13 56 140 0 
14 24 62 0 
15 69 160 0 
16 24 17 0 
17 64 107 0 
18 53 39 0 
19 57 168 0 
20 40 103 0 
21 65 76 0 
22 94 69 0 
23 92 244 0 
24 67 36 0 
25 97 264 0 
26 28 58 0 
27 68 191 0 
28 39 64 0 
29 68 132 0 
30 75 112 0 
31 9 15 0 
32 73 40 0 
33 29 25 0 
34 88 149 0 
35 48 143 0 
36 49 140 0 
37 53 110 0 
38 87 68 0 
39 86 110 0 
40 86 139 0 
41 9 15 0 
42 55 157 0 
43 8 11 0 
44 45 71 0 
45 88 119 0 
46 67 158 0 
47 93 256 0 
48 60 35 0 
49 15 37 0 
50 90 246 0 
51 15 9 0 
52 40 71 0 
53 70 125 0 
54 97 87 0 
55 43 32 0 
56 54 112 0 
57 67 194 0 
58 39 41 0 
59 54 111 0 
60 20 20 0 
61 13 27 0 
62 38 40 0 
63 73 158 0 
64 22 25 0 
65 84 68 0 
66 34 82 0 
67 31 69 0 
68 77 61 0 
69 67 78 0 
70 35 55 0 
71 71 85 0 
72 77 190 0 
73 72 189 0 
74 14 16 0 
75 7 20 0 
76 20 36 0 
77 82 211 0 
78 19 20 0 
79 27 16 0 
80 57 141 0 
81 54 147 0 
82 8 24 0 
83 79 159 0 
84 80 170 0 
85 6 4 0 
86 94 219 0 
87 29 75 0 
88 66 85 0 
89 38 27 0 
90 20 11 0 
91 93 233 0 
92 100 119 0 
93 15 44 0 
94 17 46 0 
95 96 94 0 
96 10 29 0 
97 24 68 0 
98 100 56 0 
99 94 253 0 
100 13 38 0 
101 93 269 0 
102 48 100 0 
103 52 136 0 
104 21 61 0 
105 40 42 0 
106 94 201 0 
107 13 18 0 
108 5 14 0 
109 42 102 0 
110 11 32 0 
111 26 21 0 
112 59 48 0 
113 24 20 0 
114 92 274 0 
115 95 118 0 
116 69 101 0 
117 24 37 0 
118 26 53 0 
119 2 6 0 
120 20 11 0 
121 43 108 0 
122 56 88 0 
123 66 83 0 
124 50 60 0 
125 52 83 0 
126 32 60 0 
127 100 293 0 
128 6 14 0 
129 45 41 0 
130 39 114 0 
131 27 19 0 
132 64 35 0 
133 13 12 0 
134 5 11 0 
135 96 127 0 
136 8 21 0 
137 48 131 0 
138 92 275 0 
139 97 66 0 
140 19 15 0 
141 25 36 0 
142 52 124 0 
143 81 127 0 
144 58 150 0 
145 77 74 0 
146 58 55 0 
147 93 71 0 
148 16 47 0 
149 37 82 0 
150 2 2 0 
151 51 64 0 
152 81 50 0 
153 24 29 0 
154 51 43 0 
155 34 72 0 
156 39 30 0 
157 66 41 0 
158 74 168 0 
159 44 66 0 
160 24 70 0 
161 53 130 0 
162 23 39 0 
163 99 89 0 
164 37 54 0 
165 69 118 0 
166 52 52 0 
167 12 21 0 
168 78 152 0 
169 45 26 0 
170 23 41 0 
171 18 16 0 
172 79 98 0 
173 51 61 0 
174 19 19 0 
175 19 26 0 
176 91 244 0 
177 75 136 0 
178 40 36 0 
179 87 145 0 
180 21 62 0 
181 18 13 0 
182 6 7 0 
183 96 94 0 
184 63 182 0 
185 31 26 0 
186 32 46 0 
187 46 43 0 
188 32 94 0 
189 56 29 0 
190 10 22 0 
191 21 53 0 
192 25 65 0 
193 64 153 0 
194 46 96 0 
195 70 178 0 
196 31 28 0 
197 63 92 0 
198 10 22 0 
199 34 72 0 
200 18 44 0 
201 84 154 0 
202 23 48 0 
203 12 18 0 
204 100 67 0 
205 99 253 0 
206 62 71 0 
207 97 247 0 
208 45 65 0 
209 87 214 0 
210 91 269 0 
211 75 132 0 
212 85 147 0 
213 95 252 0 
214 94 211 0 
215 95 279 0 
216 24 16 0 
217 25 37 0 
218 48 57 0 
219 34 96 0 
220 89 244 0 
221 80 190 0 
222 73 190 0 
223 58 76 0 
224 19 16 0 
225 4 11 0 
226 26 14 0 
227 78 84 0 
228 47 71 0 
229 55 37 0 
230 68 102 0 
231 37 28 0 
232 58 163 0 
233 32 34 0 
234 53 92 0 
235 4 7 0 
236 91 255 0 
237 10 19 0 
238 4 5 0 
239 13 34 0 
240 49 37 0 
241 95 134 0 
242 90 222 0 
243 40 24 0 
244 8 13 0 
245 63 137 0 
246 95 150 0 
247 37 27 0 
248 70 133 0 
249 76 41 0 
250 69 187 0 
251 15 38 0 
252 71 99 0 
253 55 92 0 
254 72 124 0 
255 15 36 0 
256 59 94 0 
257 8 9 0 
258 2 6 0 
259 49 36 0 
260 78 191 0 
261 66 64 0 
262 91 221 0 
263 30 89 0 
264 79 194 0 
265 62 170 0 
266 94 254 0 
267 4 8 0 
268 59 155 0 
269 76 62 0 
270 37 66 0 
271 92 101 0 
272 83 171 0 
273 86 115 0 
274 39 97 0 
275 50 69 0 
276 79 61 0 
277 69 111 0 
278 7 16 0 
279 46 32 0 
280 55 108 0 
281 63 153 0 
282 88 112 0 
283 87 186 0 
284 33 29 0 
285 60 39 0 
286 86 166 0 
287 89 45 0 
288 50 61 0 
289 18 39 0 
290 33 73 0 
291 91 232 0 
292 20 54 0 
293 75 56 0 
294 15 42 0 
295 52 128 0 
296 9 20 0 
297 59 116 0 
298 52 111 0 
299 3 8 0 
300 9 11 0 
301 59 92 0 
302 27 25 0 
303 100 151 0 
304 73 113 0 
305 61 171 0 
306 56 118 0 
307 56 75 0 
308 92 157 0 
309 23 41 0 
310 99 290 0 
311 82 128 0 
312 78 62 0 
313 75 70 0 
314 21 48 0 
315 40 111 0 
316 27 35 0 
317 30 31 0 
318 68 145 0 
319 11 15 0 
320 38 81 0 
321 89 95 0 
322 4 12 0 
323 100 291 0 
324 59 70 0 
325 22 44 0 
326 44 111 0 
327 81 230 0 
328 18 47 0 
329 17 13 0 
330 49 119 0 
331 80 88 0 
332 41 56 0 
333 72 121 0 
334 12 18 0 
335 33 60 0 
336 90 201 0 
337 26 32 0 
338 86 54 0 
339 93 160 0 
340 35 46 0 
341 92 222 0 
342 17 32 0 
343 39 103 0 
344 85 238 0 
345 10 16 0 
346 2 4 0 
347 40 83 0 
348 3 5 0 
349 62 91 0 
350 40 83 0 
351 44 40 0 
352 21 48 0 
353 83 182 0 
354 16 36 0 
355 54 95 0 
356 82 85 0 
357 4 4 0 
358 60 63 0 
359 29 62 0 
360 28 17 0 
361 36 65 0 
362 35 83 0 
363 97 211 0 
364 53 27 0 
365 92 191 0 
366 2 2 0 
367 22 33 0 
368 55 142 0 
369 99 147 0 
370 93 158 0 
371 84 170 0 
372 91 245 0 
373 7 21 0 
374 74 145 0 
375 44 92 0 
376 71 192 0 
377 73 116 0 
378 89 172 0 
379 41 46 0 
380 7 5 0 
381 11 22 0 
382 98 222 0 
383 86 207 0 
384 41 97 0 
385 74 146 0 
386 97 90 0 
387 14 39 0 
388 72 151 0 
389 78 149 0 
390 12 20 0 
391 38 57 0 
392 6 13 0 
393 30 55 0 
394 76 153 0 
395 100 299 0 
396 40 21 0 
397 54 44 0 
398 76 152 0 
399 34 100 0 
400 34 45 0 
401 9 18 0 
402 67 76 0 
403 32 67 0 
404 42 51 0 
405 53 85 0 
406 58 37 0 
407 59 73 0 
408 75 181 0 
409 84 199 0 
410 64 139 0 
411 83 103 0 
412 81 169 0 
413 90 201 0 
414 9 7 0 
415 73 142 0 
416 87 245 0 
417 42 64 0 
418 95 98 0 
419 28 32 0 
420 10 13 0 
421 63 122 0 
422 23 55 0 
423 88 245 0 
424 64 78 0 
425 20 43 0 
426 66 103 0 
427 19 44 0 
428 93 260 0 
429 53 51 0 
430 89 183 0 
431 69 188 0 
432 39 69 0 
433 88 261 0 
434 14 26 0 
435 26 35 0 
436 66 63 0 
437 77 111 0 
438 27 32 0 
439 80 147 0 
440 85 69 0 
441 67 115 0 
442 29 81 0 
443 89 67 0 
444 67 54 0 
445 77 216 0 
446 12 25 0 
447 72 54 0 
448 97 244 0 
449 77 61 0 
450 80 42 0 
451 27 37 0 
452 70 141 0 
453 35 74 0 
454 87 91 0 
455 95 89 0 
456 65 39 0 
457 36 104 0 
458 18 29 0 
459 69 57 0 
460 3 8 0 
461 41 48 0 
462 65 128 0 
463 62 165 0 
464 31 26 0 
465 85 221 0 
466 65 182 0 
467 40 70 0 
468 39 47 0 
469 86 120 0 
470 11 24 0 
471 40 115 0 
472 35 84 0 
473 58 40 0 
474 6 15 0 
475 65 151 0 
476 100 120 0 
477 3 8 0 
478 18 26 0 
479 83 151 0 
480 54 153 0 
481 81 201 0 
482 43 32 0 
483 26 33 0 
484 29 40 0 
485 30 76 0 
486 72 184 0 
487 6 8 0 
488 16 46 0 
489 20 46 0 
490 63 100 0 
491 49 29 0 
492 51 26 0 
493 33 48 0 
494 3 4 0 
495 82 184 0 
496 16 20 0 
497 55 30 0 
498 75 91 0 
499 32 81 0 
