NAME GBP_INSTANCES\prob_2_A_3_8_1.txt
COMMENT
BINTYPES 3
ITEMS 200
BINS_SECTIONS
0 100 100 0 124 
1 120 120 0 103 
2 150 150 0 83 
ITEMS_SECTIONS
0 88 212 0 
1 95 153 0 
2 66 48 0 
3 30 85 0 
4 79 136 0 
5 35 57 0 
6 63 156 0 
7 97 115 0 
8 53 159 0 
9 36 71 0 
10 41 38 0 
11 36 56 0 
12 73 167 0 
13 73 57 0 
14 76 97 0 
15 80 75 0 
16 31 29 0 
17 76 207 0 
18 86 249 0 
19 36 108 0 
20 74 105 0 
21 82 217 0 
22 74 67 0 
23 62 54 0 
24 47 108 0 
25 86 185 0 
26 35 103 0 
27 43 93 0 
28 22 41 0 
29 54 130 0 
30 49 95 0 
31 60 47 0 
32 37 90 0 
33 87 187 0 
34 33 69 0 
35 42 78 0 
36 76 212 0 
37 79 148 0 
38 74 131 0 
39 40 84 0 
40 96 71 0 
41 70 135 0 
42 94 164 0 
43 94 62 0 
44 92 61 0 
45 58 67 0 
46 92 66 0 
47 32 39 0 
48 76 226 0 
49 88 148 0 
50 38 53 0 
51 63 146 0 
52 57 114 0 
53 94 70 0 
54 94 210 0 
55 39 84 0 
56 49 96 0 
57 65 183 0 
58 75 55 0 
59 97 97 0 
60 31 67 0 
61 32 24 0 
62 50 133 0 
63 51 34 0 
64 51 133 0 
65 24 44 0 
66 84 46 0 
67 23 46 0 
68 80 72 0 
69 64 77 0 
70 73 103 0 
71 89 141 0 
72 43 51 0 
73 32 43 0 
74 88 127 0 
75 45 81 0 
76 34 89 0 
77 92 121 0 
78 79 193 0 
79 47 91 0 
80 29 28 0 
81 95 229 0 
82 81 64 0 
83 34 18 0 
84 47 77 0 
85 72 191 0 
86 97 80 0 
87 32 76 0 
88 89 169 0 
89 79 163 0 
90 81 61 0 
91 53 152 0 
92 89 155 0 
93 73 128 0 
94 72 97 0 
95 21 39 0 
96 68 146 0 
97 67 34 0 
98 96 201 0 
99 21 52 0 
100 89 175 0 
101 51 37 0 
102 66 179 0 
103 30 87 0 
104 68 179 0 
105 97 220 0 
106 76 78 0 
107 64 61 0 
108 49 145 0 
109 38 34 0 
110 49 108 0 
111 67 128 0 
112 47 89 0 
113 21 48 0 
114 21 37 0 
115 74 54 0 
116 80 154 0 
117 59 162 0 
118 80 105 0 
119 39 32 0 
120 39 71 0 
121 26 56 0 
122 73 216 0 
123 40 71 0 
124 22 22 0 
125 66 70 0 
126 73 217 0 
127 87 169 0 
128 59 33 0 
129 65 132 0 
130 44 24 0 
131 75 194 0 
132 100 79 0 
133 67 133 0 
134 38 73 0 
135 75 209 0 
136 66 55 0 
137 46 137 0 
138 47 141 0 
139 74 171 0 
140 41 66 0 
141 46 137 0 
142 72 187 0 
143 61 131 0 
144 80 163 0 
145 41 36 0 
146 82 146 0 
147 52 95 0 
148 31 78 0 
149 68 137 0 
150 97 170 0 
151 87 115 0 
152 52 156 0 
153 50 88 0 
154 90 170 0 
155 97 120 0 
156 54 30 0 
157 23 39 0 
158 73 190 0 
159 73 62 0 
160 37 51 0 
161 37 99 0 
162 83 171 0 
163 47 86 0 
164 25 16 0 
165 29 40 0 
166 32 78 0 
167 65 142 0 
168 46 33 0 
169 69 42 0 
170 89 81 0 
171 68 49 0 
172 73 186 0 
173 73 185 0 
174 33 89 0 
175 27 78 0 
176 40 94 0 
177 96 123 0 
178 25 61 0 
179 67 72 0 
180 93 161 0 
181 78 184 0 
182 99 154 0 
183 70 172 0 
184 76 175 0 
185 66 72 0 
186 28 52 0 
187 88 239 0 
188 86 65 0 
189 86 217 0 
190 67 174 0 
191 70 75 0 
192 50 94 0 
193 86 216 0 
194 61 89 0 
195 31 28 0 
196 95 140 0 
197 59 92 0 
198 69 132 0 
199 27 15 0 
