NAME GBP_INSTANCES\prob_2_A_3_1_1.txt
COMMENT
BINTYPES 3
ITEMS 200
BINS_SECTIONS
0 100 100 0 124 
1 120 120 0 103 
2 150 150 0 83 
ITEMS_SECTIONS
0 56 162 0 
1 93 231 0 
2 97 194 0 
3 71 192 0 
4 86 65 0 
5 50 35 0 
6 22 59 0 
7 80 213 0 
8 22 50 0 
9 69 98 0 
10 75 62 0 
11 39 52 0 
12 85 112 0 
13 98 62 0 
14 52 52 0 
15 32 55 0 
16 23 55 0 
17 31 91 0 
18 21 41 0 
19 44 115 0 
20 50 115 0 
21 74 187 0 
22 77 202 0 
23 26 49 0 
24 40 70 0 
25 65 103 0 
26 61 151 0 
27 22 29 0 
28 88 97 0 
29 51 72 0 
30 37 43 0 
31 36 42 0 
32 64 167 0 
33 26 26 0 
34 83 73 0 
35 60 106 0 
36 99 97 0 
37 31 70 0 
38 38 65 0 
39 97 142 0 
40 97 104 0 
41 25 43 0 
42 80 119 0 
43 41 65 0 
44 49 119 0 
45 91 254 0 
46 50 87 0 
47 49 127 0 
48 59 89 0 
49 76 120 0 
50 86 235 0 
51 53 128 0 
52 74 64 0 
53 88 230 0 
54 76 200 0 
55 36 24 0 
56 88 234 0 
57 91 200 0 
58 99 129 0 
59 92 135 0 
60 87 247 0 
61 97 167 0 
62 75 171 0 
63 69 124 0 
64 100 139 0 
65 59 175 0 
66 80 208 0 
67 48 106 0 
68 24 14 0 
69 100 68 0 
70 29 55 0 
71 23 64 0 
72 73 193 0 
73 23 60 0 
74 93 241 0 
75 34 21 0 
76 77 89 0 
77 88 98 0 
78 82 199 0 
79 65 83 0 
80 72 156 0 
81 83 154 0 
82 40 37 0 
83 27 60 0 
84 31 25 0 
85 40 45 0 
86 33 78 0 
87 66 49 0 
88 25 62 0 
89 26 29 0 
90 31 42 0 
91 100 158 0 
92 44 61 0 
93 97 286 0 
94 93 249 0 
95 91 180 0 
96 51 102 0 
97 36 107 0 
98 90 234 0 
99 42 90 0 
100 41 36 0 
101 30 17 0 
102 35 79 0 
103 30 73 0 
104 57 116 0 
105 60 134 0 
106 29 23 0 
107 49 142 0 
108 74 171 0 
109 40 118 0 
110 95 243 0 
111 69 70 0 
112 47 91 0 
113 97 173 0 
114 96 151 0 
115 84 205 0 
116 97 273 0 
117 48 96 0 
118 99 200 0 
119 65 140 0 
120 95 197 0 
121 30 79 0 
122 21 46 0 
123 72 175 0 
124 63 46 0 
125 68 92 0 
126 27 50 0 
127 66 101 0 
128 79 151 0 
129 47 92 0 
130 53 135 0 
131 35 79 0 
132 84 234 0 
133 42 50 0 
134 78 86 0 
135 78 201 0 
136 29 84 0 
137 58 110 0 
138 64 119 0 
139 27 19 0 
140 26 34 0 
141 31 74 0 
142 93 105 0 
143 79 224 0 
144 83 123 0 
145 95 239 0 
146 80 103 0 
147 94 124 0 
148 46 65 0 
149 35 67 0 
150 82 133 0 
151 83 169 0 
152 100 227 0 
153 30 74 0 
154 93 68 0 
155 24 35 0 
156 88 146 0 
157 76 228 0 
158 29 87 0 
159 65 195 0 
160 64 68 0 
161 32 45 0 
162 86 202 0 
163 89 246 0 
164 86 211 0 
165 81 150 0 
166 73 177 0 
167 73 85 0 
168 90 52 0 
169 28 21 0 
170 68 129 0 
171 57 109 0 
172 74 149 0 
173 30 19 0 
174 56 108 0 
175 57 80 0 
176 82 51 0 
177 59 155 0 
178 80 120 0 
179 70 79 0 
180 48 73 0 
181 52 52 0 
182 88 241 0 
183 44 75 0 
184 36 35 0 
185 40 48 0 
186 46 104 0 
187 36 94 0 
188 60 163 0 
189 75 160 0 
190 68 174 0 
191 26 57 0 
192 86 108 0 
193 98 62 0 
194 84 86 0 
195 93 227 0 
196 57 158 0 
197 65 173 0 
198 75 80 0 
199 31 34 0 
