NAME GBP_INSTANCES\prob_2_B_2_6_1.txt
COMMENT
BINTYPES 5
ITEMS 100
BINS_SECTIONS
0 60 60 0 108 
1 80 80 0 81 
2 100 100 0 65 
3 120 120 0 54 
4 150 150 0 44 
ITEMS_SECTIONS
0 100 279 0 
1 22 58 0 
2 72 195 0 
3 37 32 0 
4 87 219 0 
5 27 55 0 
6 89 57 0 
7 67 114 0 
8 99 93 0 
9 83 157 0 
10 77 62 0 
11 24 43 0 
12 40 29 0 
13 100 66 0 
14 89 251 0 
15 99 285 0 
16 90 262 0 
17 42 23 0 
18 98 283 0 
19 77 92 0 
20 82 90 0 
21 74 179 0 
22 96 261 0 
23 67 53 0 
24 70 49 0 
25 47 83 0 
26 21 63 0 
27 78 40 0 
28 84 65 0 
29 87 51 0 
30 72 93 0 
31 88 258 0 
32 28 71 0 
33 59 159 0 
34 93 237 0 
35 55 157 0 
36 41 76 0 
37 61 89 0 
38 22 47 0 
39 74 38 0 
40 32 94 0 
41 59 172 0 
42 84 119 0 
43 50 119 0 
44 76 131 0 
45 81 238 0 
46 78 182 0 
47 53 49 0 
48 57 153 0 
49 46 83 0 
50 47 65 0 
51 89 175 0 
52 94 60 0 
53 89 243 0 
54 84 78 0 
55 37 75 0 
56 41 59 0 
57 60 127 0 
58 24 15 0 
59 26 73 0 
60 85 86 0 
61 86 182 0 
62 69 84 0 
63 77 75 0 
64 100 90 0 
65 83 98 0 
66 63 63 0 
67 60 93 0 
68 86 149 0 
69 37 92 0 
70 49 40 0 
71 36 46 0 
72 84 201 0 
73 37 58 0 
74 66 183 0 
75 74 165 0 
76 52 61 0 
77 58 140 0 
78 74 200 0 
79 27 34 0 
80 88 246 0 
81 68 80 0 
82 26 35 0 
83 49 78 0 
84 49 51 0 
85 64 101 0 
86 22 56 0 
87 77 171 0 
88 73 91 0 
89 46 59 0 
90 93 177 0 
91 30 67 0 
92 98 257 0 
93 91 51 0 
94 95 106 0 
95 71 76 0 
96 32 34 0 
97 65 95 0 
98 72 143 0 
99 38 89 0 
