NAME GBP_INSTANCES\prob_3_A_4_1_1.txt
COMMENT
BINTYPES 3
ITEMS 500
BINS_SECTIONS
0 100 100 0 381 
1 120 120 0 318 
2 150 150 0 254 
ITEMS_SECTIONS
0 57 54 0 
1 81 101 0 
2 82 123 0 
3 71 120 0 
4 54 83 0 
5 93 200 0 
6 73 179 0 
7 63 156 0 
8 70 157 0 
9 89 124 0 
10 81 211 0 
11 92 88 0 
12 67 167 0 
13 91 171 0 
14 95 265 0 
15 93 216 0 
16 67 135 0 
17 64 70 0 
18 88 201 0 
19 83 54 0 
20 59 173 0 
21 54 107 0 
22 85 235 0 
23 92 208 0 
24 90 95 0 
25 97 285 0 
26 83 195 0 
27 82 101 0 
28 53 60 0 
29 97 140 0 
30 95 181 0 
31 72 191 0 
32 96 79 0 
33 52 109 0 
34 96 108 0 
35 94 122 0 
36 90 253 0 
37 86 47 0 
38 93 160 0 
39 68 54 0 
40 87 94 0 
41 74 212 0 
42 95 233 0 
43 79 161 0 
44 76 193 0 
45 87 74 0 
46 52 99 0 
47 73 188 0 
48 81 167 0 
49 81 196 0 
50 84 139 0 
51 62 74 0 
52 85 129 0 
53 84 149 0 
54 90 202 0 
55 63 44 0 
56 79 154 0 
57 61 53 0 
58 82 224 0 
59 55 105 0 
60 91 108 0 
61 64 92 0 
62 51 137 0 
63 77 171 0 
64 76 56 0 
65 93 279 0 
66 54 113 0 
67 54 136 0 
68 53 70 0 
69 74 97 0 
70 79 161 0 
71 74 46 0 
72 70 159 0 
73 88 156 0 
74 81 154 0 
75 52 51 0 
76 94 148 0 
77 96 65 0 
78 86 227 0 
79 53 151 0 
80 52 90 0 
81 98 251 0 
82 74 102 0 
83 67 37 0 
84 65 66 0 
85 85 220 0 
86 66 150 0 
87 95 208 0 
88 54 123 0 
89 92 77 0 
90 88 134 0 
91 98 216 0 
92 65 164 0 
93 88 158 0 
94 98 99 0 
95 72 105 0 
96 84 93 0 
97 51 104 0 
98 71 184 0 
99 91 142 0 
100 96 217 0 
101 66 186 0 
102 51 134 0 
103 80 80 0 
104 54 126 0 
105 85 60 0 
106 61 167 0 
107 78 205 0 
108 63 169 0 
109 100 172 0 
110 71 91 0 
111 81 227 0 
112 52 99 0 
113 64 92 0 
114 76 180 0 
115 83 74 0 
116 73 92 0 
117 54 35 0 
118 74 216 0 
119 70 146 0 
120 64 60 0 
121 72 165 0 
122 53 98 0 
123 51 45 0 
124 69 154 0 
125 66 47 0 
126 75 79 0 
127 64 56 0 
128 80 94 0 
129 78 211 0 
130 69 60 0 
131 85 90 0 
132 66 107 0 
133 98 227 0 
134 62 90 0 
135 53 38 0 
136 98 172 0 
137 74 152 0 
138 67 94 0 
139 68 123 0 
140 77 58 0 
141 63 144 0 
142 63 160 0 
143 70 103 0 
144 79 206 0 
145 82 191 0 
146 69 120 0 
147 89 130 0 
148 82 78 0 
149 70 83 0 
150 63 43 0 
151 88 230 0 
152 80 114 0 
153 88 147 0 
154 90 255 0 
155 94 267 0 
156 93 241 0 
157 79 77 0 
158 58 145 0 
159 75 121 0 
160 96 278 0 
161 80 52 0 
162 83 156 0 
163 59 133 0 
164 61 47 0 
165 89 70 0 
166 53 67 0 
167 74 116 0 
168 88 189 0 
169 67 76 0 
170 93 100 0 
171 74 50 0 
172 76 198 0 
173 81 206 0 
174 55 53 0 
175 52 101 0 
176 53 36 0 
177 61 175 0 
178 94 213 0 
179 51 145 0 
180 65 91 0 
181 88 103 0 
182 66 169 0 
183 65 95 0 
184 97 161 0 
185 80 169 0 
186 72 80 0 
187 52 56 0 
188 79 209 0 
189 84 204 0 
190 58 169 0 
191 93 154 0 
192 91 199 0 
193 68 104 0 
194 58 94 0 
195 79 153 0 
196 77 231 0 
197 85 166 0 
198 100 130 0 
199 94 62 0 
200 78 79 0 
201 84 212 0 
202 94 88 0 
203 91 106 0 
204 99 252 0 
205 74 49 0 
206 78 42 0 
207 75 137 0 
208 67 189 0 
209 64 105 0 
210 100 61 0 
211 83 139 0 
212 91 137 0 
213 97 192 0 
214 53 98 0 
215 86 75 0 
216 83 118 0 
217 93 210 0 
218 86 158 0 
219 90 58 0 
220 64 120 0 
221 71 126 0 
222 73 105 0 
223 77 87 0 
224 95 189 0 
225 56 48 0 
226 51 97 0 
227 52 44 0 
228 57 102 0 
229 64 130 0 
230 68 170 0 
231 81 144 0 
232 98 257 0 
233 97 153 0 
234 84 200 0 
235 55 34 0 
236 83 110 0 
237 98 200 0 
238 95 95 0 
239 54 154 0 
240 89 102 0 
241 58 78 0 
242 100 122 0 
243 88 105 0 
244 78 162 0 
245 63 98 0 
246 78 172 0 
247 100 121 0 
248 80 195 0 
249 78 206 0 
250 76 165 0 
251 66 162 0 
252 86 153 0 
253 56 79 0 
254 84 158 0 
255 51 125 0 
256 61 170 0 
257 65 170 0 
258 80 47 0 
259 78 72 0 
260 96 66 0 
261 82 68 0 
262 52 119 0 
263 68 103 0 
264 53 130 0 
265 84 103 0 
266 91 244 0 
267 96 83 0 
268 66 72 0 
269 84 143 0 
270 59 50 0 
271 72 65 0 
272 59 120 0 
273 66 50 0 
274 67 117 0 
275 61 122 0 
276 93 152 0 
277 83 130 0 
278 84 80 0 
279 77 173 0 
280 53 117 0 
281 90 106 0 
282 100 81 0 
283 80 184 0 
284 78 92 0 
285 87 88 0 
286 63 38 0 
287 54 77 0 
288 66 171 0 
289 70 149 0 
290 72 177 0 
291 98 206 0 
292 83 57 0 
293 75 192 0 
294 89 160 0 
295 59 98 0 
296 69 160 0 
297 76 118 0 
298 52 108 0 
299 84 153 0 
300 80 187 0 
301 96 54 0 
302 57 113 0 
303 80 58 0 
304 91 150 0 
305 66 184 0 
306 84 248 0 
307 90 61 0 
308 52 149 0 
309 82 132 0 
310 97 257 0 
311 52 87 0 
312 90 194 0 
313 87 220 0 
314 74 137 0 
315 74 76 0 
316 76 110 0 
317 92 146 0 
318 63 79 0 
319 97 103 0 
320 62 82 0 
321 99 156 0 
322 66 165 0 
323 97 146 0 
324 58 50 0 
325 60 155 0 
326 98 251 0 
327 72 136 0 
328 96 83 0 
329 60 149 0 
330 64 92 0 
331 83 126 0 
332 60 56 0 
333 74 207 0 
334 60 99 0 
335 93 134 0 
336 72 155 0 
337 87 227 0 
338 97 107 0 
339 55 105 0 
340 69 126 0 
341 67 128 0 
342 82 167 0 
343 77 96 0 
344 53 43 0 
345 85 65 0 
346 79 77 0 
347 82 106 0 
348 61 175 0 
349 77 230 0 
350 76 179 0 
351 55 102 0 
352 72 181 0 
353 88 81 0 
354 64 160 0 
355 100 197 0 
356 60 91 0 
357 82 74 0 
358 86 190 0 
359 92 246 0 
360 58 51 0 
361 79 92 0 
362 87 207 0 
363 98 185 0 
364 86 56 0 
365 92 177 0 
366 79 130 0 
367 96 147 0 
368 64 52 0 
369 69 145 0 
370 60 88 0 
371 80 198 0 
372 55 63 0 
373 73 106 0 
374 86 257 0 
375 73 215 0 
376 79 57 0 
377 52 93 0 
378 54 75 0 
379 82 184 0 
380 64 86 0 
381 80 214 0 
382 78 58 0 
383 70 114 0 
384 94 101 0 
385 75 72 0 
386 76 124 0 
387 77 121 0 
388 74 54 0 
389 66 101 0 
390 94 83 0 
391 75 86 0 
392 52 60 0 
393 77 105 0 
394 91 229 0 
395 78 105 0 
396 89 93 0 
397 99 267 0 
398 59 58 0 
399 90 232 0 
400 99 144 0 
401 100 136 0 
402 91 87 0 
403 77 50 0 
404 72 181 0 
405 64 60 0 
406 96 200 0 
407 75 218 0 
408 75 106 0 
409 61 147 0 
410 99 174 0 
411 92 105 0 
412 64 75 0 
413 67 92 0 
414 83 238 0 
415 52 120 0 
416 99 135 0 
417 53 136 0 
418 74 146 0 
419 87 101 0 
420 86 218 0 
421 67 79 0 
422 51 109 0 
423 89 247 0 
424 99 62 0 
425 57 106 0 
426 58 87 0 
427 61 109 0 
428 95 225 0 
429 79 124 0 
430 80 133 0 
431 95 181 0 
432 88 231 0 
433 78 133 0 
434 67 100 0 
435 54 71 0 
436 78 69 0 
437 87 59 0 
438 82 174 0 
439 89 141 0 
440 75 55 0 
441 91 222 0 
442 75 178 0 
443 73 84 0 
444 87 181 0 
445 83 212 0 
446 89 47 0 
447 79 127 0 
448 81 192 0 
449 71 72 0 
450 90 57 0 
451 84 93 0 
452 79 99 0 
453 70 58 0 
454 71 44 0 
455 73 210 0 
456 93 214 0 
457 74 193 0 
458 78 99 0 
459 81 111 0 
460 83 164 0 
461 91 260 0 
462 58 42 0 
463 96 288 0 
464 59 146 0 
465 52 134 0 
466 77 211 0 
467 60 146 0 
468 81 76 0 
469 65 156 0 
470 52 61 0 
471 85 75 0 
472 83 71 0 
473 75 180 0 
474 56 76 0 
475 77 106 0 
476 61 57 0 
477 54 92 0 
478 82 79 0 
479 95 268 0 
480 58 164 0 
481 81 167 0 
482 70 199 0 
483 62 127 0 
484 84 59 0 
485 90 52 0 
486 54 112 0 
487 81 102 0 
488 51 52 0 
489 88 133 0 
490 56 37 0 
491 60 110 0 
492 77 46 0 
493 76 88 0 
494 97 236 0 
495 96 202 0 
496 68 71 0 
497 78 220 0 
498 69 92 0 
499 86 111 0 
