NAME GBP_INSTANCES\prob_1_B_3_7_1.txt
COMMENT
BINTYPES 5
ITEMS 200
BINS_SECTIONS
0 60 60 0 172 
1 80 80 0 129 
2 100 100 0 103 
3 120 120 0 86 
4 150 150 0 69 
ITEMS_SECTIONS
0 70 151 0 
1 83 202 0 
2 6 5 0 
3 15 42 0 
4 61 145 0 
5 8 8 0 
6 73 105 0 
7 43 52 0 
8 35 38 0 
9 23 56 0 
10 68 37 0 
11 3 3 0 
12 32 73 0 
13 2 4 0 
14 78 77 0 
15 31 62 0 
16 8 13 0 
17 51 52 0 
18 47 34 0 
19 70 185 0 
20 90 108 0 
21 96 112 0 
22 80 89 0 
23 74 75 0 
24 6 7 0 
25 25 38 0 
26 69 84 0 
27 61 141 0 
28 32 67 0 
29 18 25 0 
30 50 132 0 
31 41 89 0 
32 18 43 0 
33 79 185 0 
34 28 24 0 
35 74 78 0 
36 26 74 0 
37 60 155 0 
38 89 264 0 
39 64 51 0 
40 32 36 0 
41 95 159 0 
42 13 13 0 
43 48 56 0 
44 41 108 0 
45 69 117 0 
46 16 26 0 
47 98 109 0 
48 57 105 0 
49 96 112 0 
50 43 69 0 
51 84 250 0 
52 59 95 0 
53 63 79 0 
54 37 28 0 
55 15 21 0 
56 27 62 0 
57 91 48 0 
58 84 224 0 
59 9 16 0 
60 71 101 0 
61 88 146 0 
62 5 12 0 
63 23 33 0 
64 95 117 0 
65 45 122 0 
66 45 97 0 
67 68 183 0 
68 68 169 0 
69 17 45 0 
70 65 159 0 
71 47 140 0 
72 15 39 0 
73 96 185 0 
74 73 164 0 
75 66 189 0 
76 13 21 0 
77 75 60 0 
78 91 225 0 
79 23 37 0 
80 5 5 0 
81 12 25 0 
82 28 19 0 
83 39 116 0 
84 3 4 0 
85 18 13 0 
86 6 15 0 
87 43 71 0 
88 11 17 0 
89 66 157 0 
90 52 27 0 
91 61 64 0 
92 23 17 0 
93 31 77 0 
94 87 216 0 
95 33 85 0 
96 44 83 0 
97 74 188 0 
98 18 47 0 
99 97 69 0 
100 76 176 0 
101 81 207 0 
102 69 72 0 
103 74 182 0 
104 16 45 0 
105 56 161 0 
106 71 93 0 
107 87 56 0 
108 15 43 0 
109 95 130 0 
110 24 72 0 
111 51 48 0 
112 51 48 0 
113 33 89 0 
114 58 91 0 
115 66 110 0 
116 48 88 0 
117 82 55 0 
118 31 82 0 
119 47 48 0 
120 99 284 0 
121 70 69 0 
122 42 92 0 
123 29 78 0 
124 43 99 0 
125 87 99 0 
126 41 62 0 
127 73 182 0 
128 25 62 0 
129 49 28 0 
130 2 4 0 
131 26 78 0 
132 14 32 0 
133 90 189 0 
134 19 47 0 
135 36 29 0 
136 89 212 0 
137 87 159 0 
138 26 17 0 
139 100 144 0 
140 91 129 0 
141 38 57 0 
142 76 79 0 
143 38 71 0 
144 19 32 0 
145 83 146 0 
146 89 158 0 
147 58 40 0 
148 91 256 0 
149 10 8 0 
150 100 111 0 
151 24 27 0 
152 60 145 0 
153 9 15 0 
154 21 55 0 
155 81 121 0 
156 60 84 0 
157 32 33 0 
158 53 53 0 
159 55 55 0 
160 24 62 0 
161 33 36 0 
162 49 33 0 
163 75 106 0 
164 13 18 0 
165 16 36 0 
166 73 216 0 
167 35 23 0 
168 15 26 0 
169 87 53 0 
170 51 141 0 
171 55 74 0 
172 56 59 0 
173 44 58 0 
174 62 131 0 
175 51 28 0 
176 54 72 0 
177 68 143 0 
178 73 186 0 
179 66 114 0 
180 4 8 0 
181 89 207 0 
182 50 73 0 
183 77 114 0 
184 80 194 0 
185 72 216 0 
186 52 154 0 
187 46 88 0 
188 74 210 0 
189 74 158 0 
190 58 168 0 
191 99 178 0 
192 44 26 0 
193 73 51 0 
194 12 30 0 
195 26 46 0 
196 79 194 0 
197 62 100 0 
198 45 131 0 
199 80 100 0 
