NAME GBP_INSTANCES\prob_1_A_3_4_1.txt
COMMENT
BINTYPES 3
ITEMS 200
BINS_SECTIONS
0 100 100 0 99 
1 120 120 0 83 
2 150 150 0 66 
ITEMS_SECTIONS
0 78 98 0 
1 56 162 0 
2 58 82 0 
3 49 46 0 
4 28 28 0 
5 84 191 0 
6 87 84 0 
7 84 186 0 
8 76 155 0 
9 93 122 0 
10 13 38 0 
11 33 50 0 
12 8 11 0 
13 59 69 0 
14 48 73 0 
15 48 30 0 
16 48 26 0 
17 10 11 0 
18 30 89 0 
19 46 89 0 
20 23 18 0 
21 19 49 0 
22 87 81 0 
23 35 65 0 
24 52 143 0 
25 79 51 0 
26 60 34 0 
27 31 25 0 
28 73 161 0 
29 85 210 0 
30 71 173 0 
31 32 79 0 
32 60 38 0 
33 67 97 0 
34 48 55 0 
35 83 231 0 
36 98 177 0 
37 9 11 0 
38 90 103 0 
39 36 35 0 
40 11 31 0 
41 73 79 0 
42 71 120 0 
43 2 2 0 
44 77 139 0 
45 89 83 0 
46 93 195 0 
47 22 30 0 
48 51 29 0 
49 17 21 0 
50 61 80 0 
51 64 145 0 
52 13 25 0 
53 31 30 0 
54 5 13 0 
55 37 100 0 
56 62 108 0 
57 64 153 0 
58 17 41 0 
59 55 154 0 
60 98 162 0 
61 32 33 0 
62 30 44 0 
63 44 116 0 
64 74 173 0 
65 85 198 0 
66 6 4 0 
67 17 22 0 
68 83 228 0 
69 15 27 0 
70 51 102 0 
71 98 190 0 
72 71 122 0 
73 53 147 0 
74 49 49 0 
75 48 98 0 
76 16 12 0 
77 92 241 0 
78 5 12 0 
79 55 143 0 
80 80 86 0 
81 78 172 0 
82 98 214 0 
83 36 53 0 
84 76 151 0 
85 76 172 0 
86 53 64 0 
87 30 65 0 
88 47 127 0 
89 86 50 0 
90 96 265 0 
91 23 26 0 
92 2 5 0 
93 11 8 0 
94 37 97 0 
95 78 197 0 
96 7 18 0 
97 21 17 0 
98 26 42 0 
99 18 51 0 
100 90 98 0 
101 58 131 0 
102 23 34 0 
103 29 74 0 
104 31 86 0 
105 97 160 0 
106 47 92 0 
107 39 95 0 
108 4 8 0 
109 15 33 0 
110 28 74 0 
111 42 93 0 
112 68 164 0 
113 88 123 0 
114 25 46 0 
115 98 172 0 
116 45 94 0 
117 65 173 0 
118 47 134 0 
119 15 20 0 
120 78 102 0 
121 42 72 0 
122 38 81 0 
123 18 23 0 
124 37 30 0 
125 71 52 0 
126 49 137 0 
127 17 24 0 
128 40 98 0 
129 49 127 0 
130 78 146 0 
131 90 187 0 
132 72 148 0 
133 4 7 0 
134 78 198 0 
135 70 113 0 
136 57 61 0 
137 34 61 0 
138 40 22 0 
139 73 128 0 
140 68 35 0 
141 10 24 0 
142 31 38 0 
143 56 125 0 
144 48 103 0 
145 97 173 0 
146 94 200 0 
147 22 37 0 
148 96 201 0 
149 17 30 0 
150 22 26 0 
151 75 146 0 
152 24 52 0 
153 85 175 0 
154 50 60 0 
155 56 131 0 
156 6 9 0 
157 72 205 0 
158 45 116 0 
159 29 49 0 
160 53 110 0 
161 99 272 0 
162 3 5 0 
163 72 156 0 
164 30 33 0 
165 25 28 0 
166 17 22 0 
167 48 124 0 
168 17 14 0 
169 45 71 0 
170 74 211 0 
171 85 157 0 
172 84 193 0 
173 41 45 0 
174 2 5 0 
175 59 52 0 
176 45 132 0 
177 19 24 0 
178 35 81 0 
179 12 10 0 
180 54 43 0 
181 59 154 0 
182 34 80 0 
183 80 239 0 
184 46 38 0 
185 31 93 0 
186 17 40 0 
187 89 111 0 
188 56 75 0 
189 82 207 0 
190 26 43 0 
191 65 115 0 
192 22 47 0 
193 65 118 0 
194 14 9 0 
195 36 71 0 
196 11 30 0 
197 5 3 0 
198 55 83 0 
199 75 163 0 
