NAME GBP_INSTANCES\prob_2_A_3_0_1.txt
COMMENT
BINTYPES 3
ITEMS 200
BINS_SECTIONS
0 100 100 0 122 
1 120 120 0 102 
2 150 150 0 81 
ITEMS_SECTIONS
0 26 17 0 
1 76 131 0 
2 45 119 0 
3 22 21 0 
4 35 53 0 
5 87 208 0 
6 40 85 0 
7 33 54 0 
8 78 117 0 
9 25 39 0 
10 98 168 0 
11 36 52 0 
12 92 219 0 
13 38 91 0 
14 49 61 0 
15 36 57 0 
16 42 81 0 
17 79 73 0 
18 39 109 0 
19 52 133 0 
20 38 85 0 
21 89 112 0 
22 85 247 0 
23 66 45 0 
24 52 33 0 
25 82 186 0 
26 35 51 0 
27 54 112 0 
28 56 151 0 
29 28 41 0 
30 94 239 0 
31 27 72 0 
32 37 26 0 
33 95 97 0 
34 67 155 0 
35 92 187 0 
36 67 194 0 
37 93 241 0 
38 44 101 0 
39 63 88 0 
40 47 120 0 
41 65 64 0 
42 43 114 0 
43 61 111 0 
44 94 215 0 
45 47 70 0 
46 37 54 0 
47 39 78 0 
48 88 212 0 
49 74 50 0 
50 67 102 0 
51 74 49 0 
52 51 76 0 
53 49 133 0 
54 87 127 0 
55 80 170 0 
56 35 83 0 
57 66 92 0 
58 50 109 0 
59 60 85 0 
60 89 267 0 
61 28 32 0 
62 47 107 0 
63 34 73 0 
64 83 95 0 
65 76 96 0 
66 35 54 0 
67 41 74 0 
68 46 42 0 
69 57 126 0 
70 94 191 0 
71 74 214 0 
72 79 235 0 
73 98 189 0 
74 34 102 0 
75 25 66 0 
76 91 160 0 
77 28 42 0 
78 77 190 0 
79 54 66 0 
80 34 79 0 
81 54 74 0 
82 90 118 0 
83 23 69 0 
84 72 61 0 
85 83 146 0 
86 53 154 0 
87 96 154 0 
88 77 111 0 
89 42 125 0 
90 96 104 0 
91 88 160 0 
92 64 85 0 
93 27 73 0 
94 22 21 0 
95 85 91 0 
96 65 178 0 
97 47 77 0 
98 72 59 0 
99 64 175 0 
100 95 123 0 
101 63 115 0 
102 42 119 0 
103 76 170 0 
104 75 220 0 
105 82 174 0 
106 47 53 0 
107 90 202 0 
108 36 29 0 
109 28 70 0 
110 24 49 0 
111 89 189 0 
112 81 183 0 
113 49 65 0 
114 81 231 0 
115 89 159 0 
116 24 30 0 
117 100 279 0 
118 65 96 0 
119 97 284 0 
120 97 190 0 
121 93 111 0 
122 40 117 0 
123 92 118 0 
124 91 167 0 
125 96 84 0 
126 64 116 0 
127 39 74 0 
128 81 190 0 
129 41 21 0 
130 78 76 0 
131 22 60 0 
132 95 134 0 
133 86 208 0 
134 38 76 0 
135 26 74 0 
136 54 109 0 
137 66 123 0 
138 78 46 0 
139 83 96 0 
140 39 110 0 
141 62 61 0 
142 33 62 0 
143 99 95 0 
144 65 182 0 
145 98 237 0 
146 28 50 0 
147 47 45 0 
148 66 64 0 
149 57 61 0 
150 22 61 0 
151 97 109 0 
152 53 124 0 
153 68 79 0 
154 85 126 0 
155 94 84 0 
156 41 75 0 
157 35 104 0 
158 38 51 0 
159 25 29 0 
160 26 25 0 
161 21 32 0 
162 52 88 0 
163 85 54 0 
164 83 165 0 
165 64 64 0 
166 50 31 0 
167 69 182 0 
168 70 170 0 
169 22 61 0 
170 58 75 0 
171 62 103 0 
172 47 94 0 
173 33 23 0 
174 76 62 0 
175 66 138 0 
176 21 49 0 
177 87 82 0 
178 98 202 0 
179 60 93 0 
180 35 51 0 
181 39 59 0 
182 40 97 0 
183 53 89 0 
184 98 206 0 
185 65 94 0 
186 53 80 0 
187 26 28 0 
188 99 223 0 
189 90 143 0 
190 22 42 0 
191 40 105 0 
192 76 63 0 
193 37 105 0 
194 89 140 0 
195 90 153 0 
196 97 63 0 
197 68 182 0 
198 22 19 0 
199 59 43 0 
