NAME GBP_INSTANCES\prob_3_A_4_7_1.txt
COMMENT
BINTYPES 3
ITEMS 500
BINS_SECTIONS
0 100 100 0 378 
1 120 120 0 315 
2 150 150 0 252 
ITEMS_SECTIONS
0 58 85 0 
1 69 194 0 
2 52 45 0 
3 98 177 0 
4 74 211 0 
5 77 48 0 
6 67 55 0 
7 100 114 0 
8 89 188 0 
9 91 110 0 
10 80 177 0 
11 90 261 0 
12 55 165 0 
13 97 71 0 
14 95 172 0 
15 79 126 0 
16 64 131 0 
17 66 180 0 
18 68 61 0 
19 51 88 0 
20 96 159 0 
21 75 175 0 
22 84 175 0 
23 57 156 0 
24 55 129 0 
25 56 60 0 
26 74 127 0 
27 99 81 0 
28 66 91 0 
29 86 53 0 
30 74 68 0 
31 87 64 0 
32 76 157 0 
33 83 97 0 
34 76 48 0 
35 99 242 0 
36 85 253 0 
37 85 201 0 
38 71 109 0 
39 76 82 0 
40 68 190 0 
41 70 137 0 
42 73 43 0 
43 77 98 0 
44 80 217 0 
45 86 149 0 
46 94 83 0 
47 71 97 0 
48 84 151 0 
49 61 135 0 
50 83 142 0 
51 62 156 0 
52 84 225 0 
53 60 73 0 
54 73 109 0 
55 51 87 0 
56 52 49 0 
57 100 124 0 
58 84 221 0 
59 91 99 0 
60 82 176 0 
61 53 152 0 
62 82 121 0 
63 94 102 0 
64 54 133 0 
65 86 125 0 
66 96 96 0 
67 85 239 0 
68 53 138 0 
69 74 218 0 
70 74 173 0 
71 65 56 0 
72 75 178 0 
73 91 220 0 
74 61 33 0 
75 92 87 0 
76 99 50 0 
77 99 112 0 
78 53 154 0 
79 67 101 0 
80 68 181 0 
81 54 38 0 
82 65 46 0 
83 53 34 0 
84 71 121 0 
85 96 96 0 
86 90 145 0 
87 64 152 0 
88 94 261 0 
89 85 207 0 
90 51 75 0 
91 83 189 0 
92 94 210 0 
93 65 112 0 
94 94 161 0 
95 72 171 0 
96 70 181 0 
97 96 135 0 
98 81 197 0 
99 68 187 0 
100 75 196 0 
101 54 161 0 
102 59 135 0 
103 71 106 0 
104 100 209 0 
105 91 194 0 
106 85 52 0 
107 89 183 0 
108 64 188 0 
109 86 60 0 
110 68 181 0 
111 80 168 0 
112 57 148 0 
113 90 208 0 
114 64 156 0 
115 58 163 0 
116 55 130 0 
117 58 60 0 
118 87 256 0 
119 58 40 0 
120 57 129 0 
121 52 112 0 
122 73 160 0 
123 74 39 0 
124 79 138 0 
125 61 159 0 
126 51 126 0 
127 68 143 0 
128 75 60 0 
129 85 161 0 
130 61 66 0 
131 53 94 0 
132 97 286 0 
133 65 100 0 
134 93 62 0 
135 64 166 0 
136 54 100 0 
137 63 163 0 
138 97 158 0 
139 64 37 0 
140 79 154 0 
141 74 60 0 
142 74 143 0 
143 91 174 0 
144 63 121 0 
145 67 38 0 
146 90 94 0 
147 51 96 0 
148 80 104 0 
149 100 278 0 
150 99 124 0 
151 63 90 0 
152 91 166 0 
153 93 251 0 
154 56 149 0 
155 59 40 0 
156 64 93 0 
157 59 34 0 
158 77 128 0 
159 98 121 0 
160 94 49 0 
161 80 180 0 
162 79 134 0 
163 87 122 0 
164 64 153 0 
165 76 70 0 
166 79 133 0 
167 83 58 0 
168 77 187 0 
169 52 139 0 
170 59 86 0 
171 57 37 0 
172 92 186 0 
173 71 172 0 
174 89 53 0 
175 100 276 0 
176 73 181 0 
177 91 232 0 
178 65 95 0 
179 51 133 0 
180 90 62 0 
181 58 42 0 
182 97 217 0 
183 75 142 0 
184 70 100 0 
185 59 77 0 
186 69 201 0 
187 71 83 0 
188 72 153 0 
189 56 149 0 
190 84 178 0 
191 93 71 0 
192 75 46 0 
193 62 152 0 
194 85 239 0 
195 59 74 0 
196 68 145 0 
197 86 118 0 
198 56 77 0 
199 82 67 0 
200 76 160 0 
201 61 105 0 
202 95 101 0 
203 98 53 0 
204 54 73 0 
205 67 146 0 
206 67 86 0 
207 71 44 0 
208 95 83 0 
209 68 97 0 
210 71 193 0 
211 69 177 0 
212 77 59 0 
213 94 94 0 
214 89 228 0 
215 58 110 0 
216 89 88 0 
217 53 105 0 
218 90 164 0 
219 87 122 0 
220 78 226 0 
221 82 154 0 
222 71 141 0 
223 52 92 0 
224 88 144 0 
225 67 134 0 
226 93 226 0 
227 51 129 0 
228 52 128 0 
229 75 48 0 
230 51 32 0 
231 85 50 0 
232 86 131 0 
233 95 127 0 
234 89 250 0 
235 60 67 0 
236 62 90 0 
237 77 47 0 
238 99 217 0 
239 89 138 0 
240 64 96 0 
241 64 102 0 
242 52 44 0 
243 56 58 0 
244 83 161 0 
245 53 133 0 
246 67 99 0 
247 94 179 0 
248 70 69 0 
249 82 142 0 
250 60 78 0 
251 77 210 0 
252 52 154 0 
253 92 136 0 
254 71 205 0 
255 94 185 0 
256 80 116 0 
257 86 73 0 
258 77 80 0 
259 86 254 0 
260 55 116 0 
261 100 105 0 
262 74 157 0 
263 82 211 0 
264 64 152 0 
265 64 159 0 
266 88 234 0 
267 59 72 0 
268 61 56 0 
269 100 113 0 
270 62 37 0 
271 53 63 0 
272 86 145 0 
273 96 105 0 
274 64 180 0 
275 58 139 0 
276 96 86 0 
277 57 137 0 
278 62 178 0 
279 81 235 0 
280 55 93 0 
281 61 124 0 
282 79 195 0 
283 53 98 0 
284 65 120 0 
285 74 151 0 
286 53 151 0 
287 51 133 0 
288 67 126 0 
289 65 57 0 
290 72 137 0 
291 79 232 0 
292 66 40 0 
293 100 159 0 
294 72 64 0 
295 78 194 0 
296 89 153 0 
297 85 57 0 
298 97 242 0 
299 52 129 0 
300 96 184 0 
301 61 50 0 
302 68 106 0 
303 81 132 0 
304 90 186 0 
305 87 83 0 
306 70 124 0 
307 60 156 0 
308 54 59 0 
309 61 35 0 
310 88 251 0 
311 83 182 0 
312 63 167 0 
313 57 169 0 
314 60 136 0 
315 67 117 0 
316 85 128 0 
317 95 252 0 
318 72 40 0 
319 74 149 0 
320 92 267 0 
321 53 97 0 
322 74 170 0 
323 88 80 0 
324 71 138 0 
325 94 187 0 
326 80 85 0 
327 98 135 0 
328 67 189 0 
329 77 181 0 
330 83 111 0 
331 89 191 0 
332 59 165 0 
333 69 96 0 
334 65 125 0 
335 58 88 0 
336 80 135 0 
337 64 175 0 
338 97 235 0 
339 93 172 0 
340 93 178 0 
341 96 187 0 
342 97 182 0 
343 85 173 0 
344 83 180 0 
345 92 123 0 
346 75 214 0 
347 65 182 0 
348 80 224 0 
349 52 83 0 
350 71 52 0 
351 82 117 0 
352 70 112 0 
353 55 160 0 
354 89 146 0 
355 64 106 0 
356 55 66 0 
357 77 114 0 
358 65 140 0 
359 84 196 0 
360 73 44 0 
361 65 54 0 
362 76 185 0 
363 61 31 0 
364 91 86 0 
365 59 165 0 
366 88 203 0 
367 84 190 0 
368 84 69 0 
369 60 54 0 
370 83 167 0 
371 76 120 0 
372 97 266 0 
373 76 51 0 
374 76 212 0 
375 85 124 0 
376 79 211 0 
377 93 149 0 
378 58 160 0 
379 85 126 0 
380 63 160 0 
381 69 39 0 
382 77 64 0 
383 60 134 0 
384 90 135 0 
385 82 224 0 
386 86 140 0 
387 99 72 0 
388 53 42 0 
389 79 143 0 
390 83 249 0 
391 93 48 0 
392 60 73 0 
393 78 228 0 
394 64 108 0 
395 53 65 0 
396 83 98 0 
397 96 53 0 
398 57 57 0 
399 80 199 0 
400 100 52 0 
401 61 109 0 
402 76 152 0 
403 74 70 0 
404 100 147 0 
405 91 146 0 
406 97 262 0 
407 100 85 0 
408 89 259 0 
409 93 257 0 
410 54 46 0 
411 58 63 0 
412 100 92 0 
413 54 155 0 
414 52 129 0 
415 61 176 0 
416 62 165 0 
417 96 168 0 
418 93 253 0 
419 77 62 0 
420 96 272 0 
421 55 153 0 
422 75 218 0 
423 52 131 0 
424 100 219 0 
425 51 105 0 
426 98 95 0 
427 91 214 0 
428 71 127 0 
429 77 62 0 
430 79 232 0 
431 81 150 0 
432 54 142 0 
433 59 51 0 
434 85 102 0 
435 91 261 0 
436 82 234 0 
437 65 191 0 
438 70 171 0 
439 66 96 0 
440 74 115 0 
441 77 165 0 
442 69 59 0 
443 56 56 0 
444 53 63 0 
445 91 50 0 
446 96 94 0 
447 54 41 0 
448 74 143 0 
449 67 70 0 
450 100 59 0 
451 74 115 0 
452 66 86 0 
453 93 155 0 
454 69 63 0 
455 53 65 0 
456 91 90 0 
457 72 138 0 
458 88 77 0 
459 93 213 0 
460 93 257 0 
461 78 101 0 
462 95 270 0 
463 91 81 0 
464 91 187 0 
465 100 198 0 
466 80 145 0 
467 77 121 0 
468 74 181 0 
469 99 140 0 
470 90 68 0 
471 83 91 0 
472 68 107 0 
473 87 236 0 
474 69 201 0 
475 93 150 0 
476 81 88 0 
477 96 154 0 
478 94 158 0 
479 76 126 0 
480 83 214 0 
481 69 165 0 
482 57 72 0 
483 60 114 0 
484 90 214 0 
485 58 86 0 
486 76 168 0 
487 56 85 0 
488 55 93 0 
489 85 241 0 
490 57 110 0 
491 69 108 0 
492 83 95 0 
493 52 50 0 
494 83 174 0 
495 80 151 0 
496 84 137 0 
497 86 241 0 
498 92 233 0 
499 69 46 0 
