NAME GBP_INSTANCES\prob_2_B_3_8_1.txt
COMMENT
BINTYPES 5
ITEMS 200
BINS_SECTIONS
0 60 60 0 198 
1 80 80 0 148 
2 100 100 0 119 
3 120 120 0 99 
4 150 150 0 79 
ITEMS_SECTIONS
0 23 50 0 
1 53 138 0 
2 25 36 0 
3 29 77 0 
4 22 30 0 
5 39 28 0 
6 70 68 0 
7 97 158 0 
8 27 81 0 
9 25 55 0 
10 97 151 0 
11 86 149 0 
12 52 85 0 
13 51 118 0 
14 84 149 0 
15 92 234 0 
16 79 147 0 
17 58 124 0 
18 66 167 0 
19 27 45 0 
20 25 33 0 
21 98 162 0 
22 48 47 0 
23 68 107 0 
24 42 98 0 
25 41 86 0 
26 21 13 0 
27 22 55 0 
28 30 47 0 
29 40 40 0 
30 72 63 0 
31 56 59 0 
32 50 137 0 
33 33 61 0 
34 77 222 0 
35 77 149 0 
36 25 72 0 
37 25 28 0 
38 87 48 0 
39 46 33 0 
40 85 114 0 
41 49 43 0 
42 82 134 0 
43 43 129 0 
44 52 98 0 
45 52 102 0 
46 65 145 0 
47 40 65 0 
48 27 28 0 
49 33 85 0 
50 32 76 0 
51 41 40 0 
52 42 53 0 
53 39 70 0 
54 73 207 0 
55 62 104 0 
56 92 136 0 
57 28 15 0 
58 78 109 0 
59 54 137 0 
60 92 119 0 
61 86 149 0 
62 73 170 0 
63 40 39 0 
64 65 169 0 
65 49 54 0 
66 45 73 0 
67 94 61 0 
68 84 164 0 
69 45 100 0 
70 35 33 0 
71 29 55 0 
72 38 73 0 
73 68 49 0 
74 60 40 0 
75 91 190 0 
76 27 47 0 
77 80 73 0 
78 38 97 0 
79 72 147 0 
80 100 122 0 
81 36 72 0 
82 45 26 0 
83 39 111 0 
84 55 109 0 
85 61 68 0 
86 47 94 0 
87 90 136 0 
88 96 119 0 
89 81 206 0 
90 89 85 0 
91 29 50 0 
92 26 50 0 
93 21 61 0 
94 69 179 0 
95 39 54 0 
96 96 236 0 
97 29 59 0 
98 82 51 0 
99 53 48 0 
100 64 66 0 
101 89 177 0 
102 68 129 0 
103 96 250 0 
104 59 66 0 
105 70 145 0 
106 63 133 0 
107 95 242 0 
108 57 132 0 
109 54 83 0 
110 27 73 0 
111 82 59 0 
112 36 101 0 
113 89 141 0 
114 77 66 0 
115 79 69 0 
116 98 79 0 
117 68 177 0 
118 83 146 0 
119 27 31 0 
120 56 45 0 
121 79 222 0 
122 25 16 0 
123 96 251 0 
124 41 53 0 
125 34 22 0 
126 82 159 0 
127 50 82 0 
128 72 209 0 
129 93 220 0 
130 57 77 0 
131 95 279 0 
132 87 120 0 
133 57 98 0 
134 98 165 0 
135 28 20 0 
136 59 78 0 
137 67 36 0 
138 79 130 0 
139 88 86 0 
140 77 142 0 
141 37 101 0 
142 54 97 0 
143 91 170 0 
144 32 90 0 
145 84 112 0 
146 57 77 0 
147 65 89 0 
148 59 117 0 
149 32 86 0 
150 50 73 0 
151 36 74 0 
152 34 50 0 
153 92 254 0 
154 54 42 0 
155 91 62 0 
156 40 99 0 
157 66 48 0 
158 52 51 0 
159 39 41 0 
160 55 92 0 
161 63 176 0 
162 37 21 0 
163 47 95 0 
164 50 58 0 
165 72 156 0 
166 35 19 0 
167 51 124 0 
168 88 183 0 
169 23 24 0 
170 57 103 0 
171 31 31 0 
172 41 74 0 
173 84 130 0 
174 57 52 0 
175 88 252 0 
176 99 104 0 
177 99 263 0 
178 29 37 0 
179 68 162 0 
180 89 71 0 
181 72 80 0 
182 59 64 0 
183 86 255 0 
184 65 56 0 
185 53 113 0 
186 61 181 0 
187 98 276 0 
188 26 33 0 
189 43 33 0 
190 76 132 0 
191 98 63 0 
192 88 140 0 
193 34 69 0 
194 47 71 0 
195 67 84 0 
196 31 34 0 
197 89 54 0 
198 27 25 0 
199 39 57 0 
