NAME GBP_INSTANCES\prob_3_B_0_4_1.txt
COMMENT
BINTYPES 5
ITEMS 25
BINS_SECTIONS
0 60 60 0 34 
1 80 80 0 26 
2 100 100 0 21 
3 120 120 0 17 
4 150 150 0 14 
ITEMS_SECTIONS
0 66 55 0 
1 72 209 0 
2 95 96 0 
3 99 135 0 
4 97 235 0 
5 56 66 0 
6 80 103 0 
7 69 163 0 
8 100 203 0 
9 100 176 0 
10 54 129 0 
11 54 106 0 
12 72 188 0 
13 59 176 0 
14 83 183 0 
15 95 147 0 
16 69 108 0 
17 100 117 0 
18 100 66 0 
19 86 166 0 
20 92 240 0 
21 96 49 0 
22 74 168 0 
23 81 221 0 
24 59 92 0 
