NAME GBP_INSTANCES\prob_1_A_2_7_1.txt
COMMENT
BINTYPES 3
ITEMS 100
BINS_SECTIONS
0 100 100 0 50 
1 120 120 0 42 
2 150 150 0 34 
ITEMS_SECTIONS
0 68 120 0 
1 64 174 0 
2 45 68 0 
3 41 111 0 
4 31 49 0 
5 82 220 0 
6 22 63 0 
7 72 158 0 
8 82 103 0 
9 22 16 0 
10 7 19 0 
11 73 103 0 
12 63 90 0 
13 17 38 0 
14 71 37 0 
15 100 170 0 
16 42 23 0 
17 25 39 0 
18 65 192 0 
19 36 76 0 
20 33 84 0 
21 5 15 0 
22 92 139 0 
23 33 17 0 
24 83 90 0 
25 19 23 0 
26 28 82 0 
27 43 109 0 
28 33 52 0 
29 3 7 0 
30 13 9 0 
31 51 100 0 
32 83 114 0 
33 21 37 0 
34 86 152 0 
35 94 184 0 
36 85 251 0 
37 59 130 0 
38 4 4 0 
39 26 27 0 
40 80 149 0 
41 70 163 0 
42 65 57 0 
43 66 80 0 
44 3 8 0 
45 27 58 0 
46 37 56 0 
47 25 58 0 
48 81 240 0 
49 2 6 0 
50 72 176 0 
51 34 52 0 
52 43 127 0 
53 11 28 0 
54 18 53 0 
55 57 154 0 
56 61 134 0 
57 65 181 0 
58 23 61 0 
59 41 63 0 
60 49 114 0 
61 51 54 0 
62 11 16 0 
63 54 39 0 
64 45 53 0 
65 79 160 0 
66 62 167 0 
67 94 218 0 
68 78 223 0 
69 48 61 0 
70 50 93 0 
71 92 160 0 
72 80 165 0 
73 25 20 0 
74 72 108 0 
75 9 8 0 
76 14 35 0 
77 24 55 0 
78 42 82 0 
79 48 30 0 
80 93 122 0 
81 69 133 0 
82 60 75 0 
83 78 127 0 
84 71 50 0 
85 18 39 0 
86 48 104 0 
87 92 61 0 
88 43 128 0 
89 40 112 0 
90 45 25 0 
91 91 163 0 
92 85 80 0 
93 25 45 0 
94 66 56 0 
95 28 51 0 
96 44 105 0 
97 23 13 0 
98 22 30 0 
99 86 93 0 
