NAME GBP_INSTANCES\prob_1_B_2_4_1.txt
COMMENT
BINTYPES 5
ITEMS 100
BINS_SECTIONS
0 60 60 0 93 
1 80 80 0 70 
2 100 100 0 56 
3 120 120 0 47 
4 150 150 0 38 
ITEMS_SECTIONS
0 45 95 0 
1 35 55 0 
2 67 105 0 
3 95 216 0 
4 57 68 0 
5 42 80 0 
6 20 15 0 
7 80 78 0 
8 86 155 0 
9 7 21 0 
10 87 150 0 
11 84 189 0 
12 76 227 0 
13 85 175 0 
14 11 30 0 
15 88 100 0 
16 67 37 0 
17 97 221 0 
18 18 53 0 
19 62 145 0 
20 73 111 0 
21 12 23 0 
22 99 227 0 
23 98 250 0 
24 69 205 0 
25 12 8 0 
26 58 167 0 
27 24 43 0 
28 90 150 0 
29 62 122 0 
30 61 36 0 
31 87 198 0 
32 42 68 0 
33 78 67 0 
34 22 59 0 
35 94 173 0 
36 5 10 0 
37 8 12 0 
38 21 16 0 
39 88 183 0 
40 56 99 0 
41 40 37 0 
42 4 7 0 
43 41 120 0 
44 75 179 0 
45 50 127 0 
46 61 155 0 
47 67 182 0 
48 53 155 0 
49 78 98 0 
50 30 61 0 
51 17 27 0 
52 86 199 0 
53 71 213 0 
54 19 15 0 
55 46 98 0 
56 71 63 0 
57 76 49 0 
58 98 215 0 
59 52 153 0 
60 67 78 0 
61 15 39 0 
62 68 165 0 
63 50 85 0 
64 63 133 0 
65 23 33 0 
66 11 22 0 
67 75 216 0 
68 5 15 0 
69 3 6 0 
70 92 256 0 
71 4 4 0 
72 9 27 0 
73 47 131 0 
74 80 150 0 
75 69 95 0 
76 45 117 0 
77 97 281 0 
78 46 105 0 
79 59 149 0 
80 98 143 0 
81 98 268 0 
82 41 91 0 
83 77 163 0 
84 79 178 0 
85 95 233 0 
86 96 168 0 
87 61 42 0 
88 22 37 0 
89 58 71 0 
90 35 74 0 
91 31 73 0 
92 19 27 0 
93 58 65 0 
94 59 103 0 
95 55 118 0 
96 34 24 0 
97 91 171 0 
98 90 55 0 
99 28 27 0 
