NAME GBP_INSTANCES\prob_1_A_3_9_1.txt
COMMENT
BINTYPES 3
ITEMS 200
BINS_SECTIONS
0 100 100 0 103 
1 120 120 0 86 
2 150 150 0 69 
ITEMS_SECTIONS
0 5 12 0 
1 57 89 0 
2 79 205 0 
3 77 144 0 
4 37 43 0 
5 78 139 0 
6 52 65 0 
7 63 147 0 
8 24 68 0 
9 17 25 0 
10 83 157 0 
11 37 97 0 
12 4 12 0 
13 81 171 0 
14 38 24 0 
15 88 122 0 
16 56 143 0 
17 36 29 0 
18 70 46 0 
19 63 111 0 
20 99 112 0 
21 84 97 0 
22 54 159 0 
23 55 58 0 
24 33 22 0 
25 45 27 0 
26 70 42 0 
27 19 25 0 
28 48 119 0 
29 17 10 0 
30 82 193 0 
31 93 151 0 
32 17 37 0 
33 95 275 0 
34 65 113 0 
35 59 160 0 
36 3 9 0 
37 62 133 0 
38 11 27 0 
39 26 63 0 
40 89 86 0 
41 88 52 0 
42 75 201 0 
43 70 150 0 
44 77 224 0 
45 69 200 0 
46 8 17 0 
47 24 46 0 
48 34 80 0 
49 56 167 0 
50 11 11 0 
51 35 61 0 
52 68 195 0 
53 85 103 0 
54 73 150 0 
55 90 98 0 
56 95 193 0 
57 66 90 0 
58 29 49 0 
59 41 60 0 
60 65 61 0 
61 42 46 0 
62 83 218 0 
63 92 204 0 
64 36 43 0 
65 73 213 0 
66 64 109 0 
67 29 71 0 
68 45 126 0 
69 68 47 0 
70 24 55 0 
71 20 58 0 
72 75 55 0 
73 3 3 0 
74 62 153 0 
75 70 52 0 
76 59 49 0 
77 49 96 0 
78 5 3 0 
79 87 56 0 
80 19 34 0 
81 74 43 0 
82 82 242 0 
83 91 126 0 
84 99 260 0 
85 12 21 0 
86 67 158 0 
87 75 73 0 
88 70 103 0 
89 64 131 0 
90 3 7 0 
91 27 30 0 
92 64 170 0 
93 58 77 0 
94 79 219 0 
95 6 8 0 
96 37 95 0 
97 97 166 0 
98 6 10 0 
99 17 12 0 
100 99 74 0 
101 32 45 0 
102 14 30 0 
103 51 82 0 
104 18 49 0 
105 93 226 0 
106 54 82 0 
107 40 106 0 
108 34 73 0 
109 22 16 0 
110 19 12 0 
111 94 62 0 
112 85 172 0 
113 28 29 0 
114 51 59 0 
115 82 99 0 
116 3 5 0 
117 4 5 0 
118 71 73 0 
119 9 13 0 
120 45 133 0 
121 51 59 0 
122 89 107 0 
123 45 95 0 
124 53 145 0 
125 21 54 0 
126 23 30 0 
127 88 171 0 
128 92 162 0 
129 34 26 0 
130 92 142 0 
131 87 256 0 
132 45 104 0 
133 96 74 0 
134 28 49 0 
135 13 38 0 
136 51 93 0 
137 52 114 0 
138 35 43 0 
139 15 38 0 
140 31 33 0 
141 96 159 0 
142 65 87 0 
143 46 26 0 
144 3 5 0 
145 10 29 0 
146 55 127 0 
147 90 218 0 
148 30 61 0 
149 12 33 0 
150 43 122 0 
151 73 96 0 
152 100 134 0 
153 2 5 0 
154 58 54 0 
155 99 218 0 
156 85 140 0 
157 93 240 0 
158 87 157 0 
159 85 254 0 
160 70 75 0 
161 8 10 0 
162 98 83 0 
163 42 52 0 
164 12 31 0 
165 19 57 0 
166 33 38 0 
167 80 146 0 
168 5 9 0 
169 32 85 0 
170 57 85 0 
171 65 155 0 
172 29 25 0 
173 92 210 0 
174 79 89 0 
175 25 59 0 
176 39 70 0 
177 76 215 0 
178 5 10 0 
179 31 18 0 
180 84 176 0 
181 93 50 0 
182 59 90 0 
183 39 108 0 
184 16 12 0 
185 46 138 0 
186 48 111 0 
187 29 18 0 
188 60 104 0 
189 51 123 0 
190 71 73 0 
191 21 58 0 
192 37 59 0 
193 2 6 0 
194 69 46 0 
195 14 30 0 
196 72 143 0 
197 59 155 0 
198 18 20 0 
199 13 30 0 
