NAME GBP_INSTANCES\prob_2_B_0_1_1.txt
COMMENT
BINTYPES 5
ITEMS 25
BINS_SECTIONS
0 60 60 0 27 
1 80 80 0 20 
2 100 100 0 16 
3 120 120 0 14 
4 150 150 0 11 
ITEMS_SECTIONS
0 45 97 0 
1 29 68 0 
2 66 136 0 
3 77 149 0 
4 65 169 0 
5 60 138 0 
6 86 164 0 
7 80 204 0 
8 41 77 0 
9 52 148 0 
10 75 201 0 
11 24 55 0 
12 82 106 0 
13 43 22 0 
14 98 67 0 
15 47 109 0 
16 73 37 0 
17 33 40 0 
18 35 20 0 
19 92 208 0 
20 55 162 0 
21 93 202 0 
22 99 77 0 
23 47 78 0 
24 83 131 0 
