NAME GBP_INSTANCES\prob_3_B_2_8_1.txt
COMMENT
BINTYPES 5
ITEMS 100
BINS_SECTIONS
0 60 60 0 130 
1 80 80 0 97 
2 100 100 0 78 
3 120 120 0 65 
4 150 150 0 52 
ITEMS_SECTIONS
0 85 53 0 
1 89 135 0 
2 55 51 0 
3 86 59 0 
4 60 115 0 
5 62 136 0 
6 81 173 0 
7 92 89 0 
8 91 219 0 
9 69 129 0 
10 93 178 0 
11 85 227 0 
12 53 39 0 
13 61 53 0 
14 57 59 0 
15 77 92 0 
16 53 82 0 
17 99 277 0 
18 99 261 0 
19 85 240 0 
20 87 65 0 
21 81 139 0 
22 87 149 0 
23 59 147 0 
24 82 63 0 
25 95 278 0 
26 89 116 0 
27 53 42 0 
28 59 41 0 
29 100 197 0 
30 88 248 0 
31 93 180 0 
32 83 180 0 
33 99 153 0 
34 97 256 0 
35 81 137 0 
36 71 197 0 
37 52 71 0 
38 55 136 0 
39 79 51 0 
40 86 250 0 
41 86 230 0 
42 93 50 0 
43 60 146 0 
44 95 218 0 
45 54 130 0 
46 55 161 0 
47 75 109 0 
48 100 139 0 
49 52 72 0 
50 59 70 0 
51 74 123 0 
52 87 48 0 
53 95 156 0 
54 78 121 0 
55 72 210 0 
56 84 61 0 
57 61 61 0 
58 98 292 0 
59 59 113 0 
60 95 250 0 
61 98 132 0 
62 61 33 0 
63 89 46 0 
64 89 133 0 
65 65 129 0 
66 98 258 0 
67 87 198 0 
68 55 83 0 
69 96 195 0 
70 79 176 0 
71 87 165 0 
72 63 145 0 
73 95 138 0 
74 77 200 0 
75 59 62 0 
76 88 55 0 
77 81 198 0 
78 60 44 0 
79 55 56 0 
80 88 212 0 
81 62 119 0 
82 80 154 0 
83 80 149 0 
84 86 172 0 
85 71 76 0 
86 56 69 0 
87 63 56 0 
88 62 35 0 
89 89 106 0 
90 72 186 0 
91 91 57 0 
92 91 99 0 
93 93 227 0 
94 52 62 0 
95 77 42 0 
96 83 210 0 
97 100 89 0 
98 63 166 0 
99 74 72 0 
