NAME GBP_INSTANCES\prob_1_A_4_9_1.txt
COMMENT
BINTYPES 3
ITEMS 500
BINS_SECTIONS
0 100 100 0 265 
1 120 120 0 221 
2 150 150 0 177 
ITEMS_SECTIONS
0 52 69 0 
1 23 46 0 
2 53 91 0 
3 33 82 0 
4 12 29 0 
5 24 32 0 
6 93 52 0 
7 87 208 0 
8 39 107 0 
9 39 66 0 
10 100 294 0 
11 23 52 0 
12 74 39 0 
13 7 18 0 
14 47 35 0 
15 79 174 0 
16 72 193 0 
17 48 45 0 
18 33 22 0 
19 44 88 0 
20 18 21 0 
21 12 21 0 
22 72 41 0 
23 4 4 0 
24 79 172 0 
25 59 31 0 
26 90 186 0 
27 98 260 0 
28 31 90 0 
29 62 77 0 
30 14 38 0 
31 27 57 0 
32 76 97 0 
33 24 57 0 
34 61 153 0 
35 82 220 0 
36 64 45 0 
37 73 55 0 
38 19 53 0 
39 49 130 0 
40 64 55 0 
41 50 44 0 
42 13 37 0 
43 51 80 0 
44 71 155 0 
45 41 45 0 
46 59 93 0 
47 87 205 0 
48 14 36 0 
49 61 129 0 
50 9 13 0 
51 23 25 0 
52 39 76 0 
53 67 170 0 
54 50 38 0 
55 97 271 0 
56 38 60 0 
57 82 45 0 
58 18 26 0 
59 11 12 0 
60 2 4 0 
61 17 22 0 
62 44 71 0 
63 30 47 0 
64 48 133 0 
65 73 119 0 
66 7 7 0 
67 5 7 0 
68 40 79 0 
69 17 50 0 
70 21 25 0 
71 23 60 0 
72 2 4 0 
73 94 260 0 
74 18 13 0 
75 83 106 0 
76 77 160 0 
77 91 107 0 
78 61 105 0 
79 38 114 0 
80 36 32 0 
81 10 23 0 
82 41 85 0 
83 65 71 0 
84 54 38 0 
85 39 98 0 
86 8 22 0 
87 29 38 0 
88 92 94 0 
89 31 26 0 
90 68 114 0 
91 95 66 0 
92 93 254 0 
93 35 71 0 
94 18 25 0 
95 48 102 0 
96 21 33 0 
97 95 154 0 
98 36 34 0 
99 77 146 0 
100 53 49 0 
101 88 207 0 
102 98 235 0 
103 92 159 0 
104 77 190 0 
105 83 151 0 
106 56 168 0 
107 29 31 0 
108 68 184 0 
109 20 55 0 
110 29 46 0 
111 86 133 0 
112 14 19 0 
113 71 43 0 
114 39 74 0 
115 89 254 0 
116 76 226 0 
117 90 155 0 
118 77 58 0 
119 99 265 0 
120 40 106 0 
121 24 21 0 
122 91 48 0 
123 57 139 0 
124 34 52 0 
125 59 108 0 
126 97 170 0 
127 6 12 0 
128 89 260 0 
129 25 59 0 
130 17 44 0 
131 61 36 0 
132 18 27 0 
133 82 78 0 
134 17 18 0 
135 78 87 0 
136 63 120 0 
137 42 67 0 
138 89 265 0 
139 83 106 0 
140 20 44 0 
141 46 112 0 
142 11 13 0 
143 23 20 0 
144 66 174 0 
145 34 38 0 
146 32 19 0 
147 100 284 0 
148 18 32 0 
149 46 107 0 
150 62 89 0 
151 44 82 0 
152 25 36 0 
153 87 232 0 
154 61 51 0 
155 80 81 0 
156 45 66 0 
157 89 178 0 
158 18 14 0 
159 58 164 0 
160 99 98 0 
161 2 2 0 
162 39 67 0 
163 2 5 0 
164 44 107 0 
165 51 42 0 
166 18 45 0 
167 32 37 0 
168 78 156 0 
169 2 5 0 
170 100 111 0 
171 25 35 0 
172 3 3 0 
173 52 100 0 
174 26 23 0 
175 70 89 0 
176 63 177 0 
177 94 174 0 
178 69 180 0 
179 84 121 0 
180 85 74 0 
181 87 260 0 
182 39 55 0 
183 34 26 0 
184 41 79 0 
185 59 153 0 
186 70 159 0 
187 37 22 0 
188 47 124 0 
189 86 170 0 
190 84 114 0 
191 96 139 0 
192 42 69 0 
193 78 100 0 
194 17 36 0 
195 29 68 0 
196 36 46 0 
197 8 22 0 
198 13 30 0 
199 40 54 0 
200 86 66 0 
201 4 5 0 
202 93 119 0 
203 17 42 0 
204 84 173 0 
205 76 105 0 
206 69 74 0 
207 87 141 0 
208 18 36 0 
209 59 85 0 
210 26 62 0 
211 15 38 0 
212 84 61 0 
213 58 75 0 
214 54 63 0 
215 72 175 0 
216 26 14 0 
217 85 204 0 
218 36 62 0 
219 82 224 0 
220 56 145 0 
221 69 72 0 
222 75 39 0 
223 46 118 0 
224 55 148 0 
225 17 42 0 
226 82 151 0 
227 56 105 0 
228 99 91 0 
229 23 30 0 
230 84 94 0 
231 25 25 0 
232 100 262 0 
233 99 97 0 
234 95 109 0 
235 8 10 0 
236 31 38 0 
237 18 44 0 
238 3 6 0 
239 66 72 0 
240 91 161 0 
241 45 27 0 
242 95 120 0 
243 45 46 0 
244 18 47 0 
245 58 78 0 
246 28 43 0 
247 98 184 0 
248 65 123 0 
249 23 68 0 
250 94 239 0 
251 57 144 0 
252 86 178 0 
253 16 21 0 
254 41 30 0 
255 68 86 0 
256 24 56 0 
257 87 129 0 
258 91 77 0 
259 82 98 0 
260 33 53 0 
261 29 67 0 
262 89 95 0 
263 42 103 0 
264 79 105 0 
265 50 147 0 
266 57 59 0 
267 29 18 0 
268 4 9 0 
269 36 93 0 
270 62 177 0 
271 36 72 0 
272 93 139 0 
273 76 51 0 
274 95 72 0 
275 19 34 0 
276 82 179 0 
277 49 141 0 
278 51 109 0 
279 85 183 0 
280 92 111 0 
281 35 104 0 
282 7 13 0 
283 85 254 0 
284 48 64 0 
285 65 46 0 
286 3 9 0 
287 55 56 0 
288 79 230 0 
289 70 139 0 
290 23 53 0 
291 91 262 0 
292 34 72 0 
293 16 20 0 
294 54 76 0 
295 81 93 0 
296 31 74 0 
297 25 25 0 
298 47 117 0 
299 96 207 0 
300 61 115 0 
301 47 116 0 
302 56 145 0 
303 55 56 0 
304 79 84 0 
305 88 226 0 
306 65 106 0 
307 60 84 0 
308 74 43 0 
309 50 148 0 
310 87 174 0 
311 41 61 0 
312 86 156 0 
313 97 224 0 
314 54 159 0 
315 75 142 0 
316 48 139 0 
317 15 40 0 
318 55 60 0 
319 37 33 0 
320 100 200 0 
321 54 39 0 
322 76 136 0 
323 49 124 0 
324 95 152 0 
325 33 50 0 
326 77 200 0 
327 69 112 0 
328 6 11 0 
329 2 3 0 
330 59 175 0 
331 13 20 0 
332 60 84 0 
333 31 81 0 
334 64 82 0 
335 21 27 0 
336 50 116 0 
337 26 28 0 
338 63 177 0 
339 78 126 0 
340 85 196 0 
341 42 94 0 
342 72 82 0 
343 7 4 0 
344 73 154 0 
345 93 149 0 
346 40 55 0 
347 20 11 0 
348 89 137 0 
349 22 51 0 
350 63 80 0 
351 76 192 0 
352 14 29 0 
353 38 89 0 
354 71 193 0 
355 7 21 0 
356 11 27 0 
357 90 131 0 
358 32 37 0 
359 63 84 0 
360 5 14 0 
361 71 36 0 
362 7 6 0 
363 62 64 0 
364 52 119 0 
365 21 22 0 
366 37 85 0 
367 64 51 0 
368 55 60 0 
369 40 27 0 
370 73 108 0 
371 67 77 0 
372 7 9 0 
373 63 158 0 
374 13 21 0 
375 58 123 0 
376 27 17 0 
377 17 51 0 
378 89 94 0 
379 97 249 0 
380 75 146 0 
381 2 2 0 
382 64 173 0 
383 70 99 0 
384 91 117 0 
385 30 54 0 
386 53 60 0 
387 2 3 0 
388 65 173 0 
389 56 164 0 
390 59 69 0 
391 57 32 0 
392 73 216 0 
393 31 87 0 
394 26 73 0 
395 15 33 0 
396 86 114 0 
397 16 40 0 
398 99 225 0 
399 48 115 0 
400 89 53 0 
401 95 278 0 
402 99 87 0 
403 5 9 0 
404 23 51 0 
405 13 10 0 
406 87 74 0 
407 8 19 0 
408 67 131 0 
409 69 74 0 
410 50 44 0 
411 69 170 0 
412 2 4 0 
413 31 28 0 
414 68 131 0 
415 50 94 0 
416 51 103 0 
417 48 102 0 
418 86 238 0 
419 54 55 0 
420 45 51 0 
421 59 114 0 
422 74 193 0 
423 79 102 0 
424 8 23 0 
425 86 221 0 
426 76 81 0 
427 23 47 0 
428 10 7 0 
429 69 205 0 
430 46 110 0 
431 71 103 0 
432 98 218 0 
433 63 130 0 
434 67 185 0 
435 54 148 0 
436 17 43 0 
437 47 36 0 
438 46 113 0 
439 98 211 0 
440 60 53 0 
441 64 97 0 
442 91 151 0 
443 80 154 0 
444 63 45 0 
445 44 112 0 
446 55 116 0 
447 82 130 0 
448 61 49 0 
449 18 24 0 
450 58 162 0 
451 68 135 0 
452 30 37 0 
453 85 165 0 
454 64 67 0 
455 90 115 0 
456 45 30 0 
457 56 68 0 
458 38 21 0 
459 27 36 0 
460 65 161 0 
461 97 152 0 
462 45 46 0 
463 69 106 0 
464 69 128 0 
465 25 31 0 
466 26 66 0 
467 61 56 0 
468 68 181 0 
469 83 125 0 
470 13 15 0 
471 12 14 0 
472 22 55 0 
473 22 56 0 
474 4 3 0 
475 63 42 0 
476 53 115 0 
477 36 54 0 
478 80 223 0 
479 68 97 0 
480 34 67 0 
481 76 46 0 
482 77 142 0 
483 34 55 0 
484 98 209 0 
485 83 129 0 
486 87 97 0 
487 89 162 0 
488 75 57 0 
489 66 88 0 
490 11 10 0 
491 48 94 0 
492 92 180 0 
493 73 160 0 
494 33 40 0 
495 8 19 0 
496 39 59 0 
497 72 48 0 
498 45 129 0 
499 59 137 0 
