NAME GBP_INSTANCES\prob_3_B_3_2_1.txt
COMMENT
BINTYPES 5
ITEMS 200
BINS_SECTIONS
0 60 60 0 251 
1 80 80 0 188 
2 100 100 0 151 
3 120 120 0 126 
4 150 150 0 101 
ITEMS_SECTIONS
0 94 192 0 
1 92 77 0 
2 81 133 0 
3 81 160 0 
4 84 65 0 
5 95 93 0 
6 69 72 0 
7 96 252 0 
8 67 171 0 
9 51 96 0 
10 64 126 0 
11 74 129 0 
12 67 186 0 
13 52 69 0 
14 83 225 0 
15 92 241 0 
16 74 143 0 
17 52 31 0 
18 66 140 0 
19 69 91 0 
20 59 115 0 
21 74 171 0 
22 85 139 0 
23 70 199 0 
24 96 272 0 
25 89 241 0 
26 88 83 0 
27 74 211 0 
28 63 88 0 
29 88 112 0 
30 75 132 0 
31 79 159 0 
32 97 261 0 
33 91 258 0 
34 79 129 0 
35 57 47 0 
36 79 64 0 
37 98 112 0 
38 55 156 0 
39 79 202 0 
40 69 119 0 
41 94 75 0 
42 93 78 0 
43 75 211 0 
44 60 89 0 
45 59 175 0 
46 60 60 0 
47 51 69 0 
48 87 175 0 
49 78 194 0 
50 89 173 0 
51 71 132 0 
52 53 102 0 
53 79 60 0 
54 75 100 0 
55 82 238 0 
56 97 245 0 
57 73 212 0 
58 78 199 0 
59 93 145 0 
60 87 180 0 
61 82 88 0 
62 62 156 0 
63 71 81 0 
64 96 279 0 
65 84 232 0 
66 61 170 0 
67 83 125 0 
68 53 51 0 
69 96 241 0 
70 60 78 0 
71 92 104 0 
72 67 114 0 
73 89 239 0 
74 61 145 0 
75 77 135 0 
76 80 163 0 
77 53 88 0 
78 97 249 0 
79 91 101 0 
80 93 154 0 
81 97 196 0 
82 51 126 0 
83 84 98 0 
84 54 72 0 
85 64 135 0 
86 87 71 0 
87 92 199 0 
88 80 71 0 
89 85 82 0 
90 72 180 0 
91 76 121 0 
92 79 71 0 
93 60 124 0 
94 68 43 0 
95 71 182 0 
96 60 179 0 
97 93 202 0 
98 98 141 0 
99 52 143 0 
100 83 78 0 
101 51 34 0 
102 94 115 0 
103 56 89 0 
104 98 277 0 
105 99 286 0 
106 95 248 0 
107 63 120 0 
108 70 65 0 
109 57 131 0 
110 57 42 0 
111 93 167 0 
112 87 136 0 
113 52 141 0 
114 70 202 0 
115 68 176 0 
116 59 64 0 
117 51 52 0 
118 68 98 0 
119 71 160 0 
120 87 101 0 
121 84 177 0 
122 67 128 0 
123 96 239 0 
124 77 93 0 
125 79 92 0 
126 68 165 0 
127 85 134 0 
128 64 131 0 
129 81 49 0 
130 57 69 0 
131 88 219 0 
132 86 236 0 
133 95 79 0 
134 93 61 0 
135 99 227 0 
136 61 129 0 
137 79 63 0 
138 68 142 0 
139 96 174 0 
140 59 58 0 
141 63 60 0 
142 74 38 0 
143 89 211 0 
144 76 91 0 
145 79 144 0 
146 64 115 0 
147 61 135 0 
148 100 96 0 
149 79 235 0 
150 90 268 0 
151 100 145 0 
152 74 168 0 
153 74 48 0 
154 64 146 0 
155 56 33 0 
156 52 74 0 
157 64 184 0 
158 57 118 0 
159 75 204 0 
160 96 259 0 
161 56 149 0 
162 55 131 0 
163 96 70 0 
164 60 73 0 
165 75 115 0 
166 65 96 0 
167 100 286 0 
168 66 137 0 
169 79 114 0 
170 52 79 0 
171 68 74 0 
172 63 93 0 
173 78 146 0 
174 56 100 0 
175 68 88 0 
176 80 131 0 
177 54 92 0 
178 98 69 0 
179 82 95 0 
180 95 53 0 
181 54 34 0 
182 99 277 0 
183 61 167 0 
184 55 120 0 
185 98 224 0 
186 57 87 0 
187 87 89 0 
188 64 51 0 
189 57 82 0 
190 56 105 0 
191 57 71 0 
192 57 108 0 
193 65 132 0 
194 57 36 0 
195 58 114 0 
196 92 247 0 
197 55 143 0 
198 93 53 0 
199 96 141 0 
