NAME GBP_INSTANCES\prob_1_A_1_4_1.txt
COMMENT
BINTYPES 3
ITEMS 50
BINS_SECTIONS
0 100 100 0 29 
1 120 120 0 24 
2 150 150 0 20 
ITEMS_SECTIONS
0 66 135 0 
1 85 191 0 
2 85 140 0 
3 17 42 0 
4 23 45 0 
5 63 176 0 
6 45 38 0 
7 58 101 0 
8 10 24 0 
9 39 28 0 
10 73 112 0 
11 52 134 0 
12 80 132 0 
13 89 61 0 
14 11 23 0 
15 67 166 0 
16 56 119 0 
17 74 63 0 
18 46 95 0 
19 85 125 0 
20 78 128 0 
21 40 105 0 
22 84 243 0 
23 64 98 0 
24 63 76 0 
25 45 26 0 
26 24 25 0 
27 26 41 0 
28 51 105 0 
29 63 136 0 
30 9 20 0 
31 15 21 0 
32 8 20 0 
33 73 130 0 
34 86 151 0 
35 98 90 0 
36 67 174 0 
37 96 167 0 
38 36 37 0 
39 59 59 0 
40 65 78 0 
41 96 189 0 
42 93 249 0 
43 45 47 0 
44 60 106 0 
45 86 194 0 
46 42 115 0 
47 31 16 0 
48 85 103 0 
49 66 174 0 
