NAME GBP_INSTANCES\prob_1_B_3_0_1.txt
COMMENT
BINTYPES 5
ITEMS 200
BINS_SECTIONS
0 60 60 0 177 
1 80 80 0 133 
2 100 100 0 107 
3 120 120 0 89 
4 150 150 0 71 
ITEMS_SECTIONS
0 78 179 0 
1 83 230 0 
2 41 54 0 
3 62 140 0 
4 93 151 0 
5 51 55 0 
6 11 30 0 
7 81 219 0 
8 47 58 0 
9 87 130 0 
10 20 32 0 
11 98 217 0 
12 61 49 0 
13 29 66 0 
14 48 62 0 
15 17 25 0 
16 41 65 0 
17 81 243 0 
18 95 142 0 
19 14 31 0 
20 12 25 0 
21 45 27 0 
22 67 120 0 
23 24 59 0 
24 92 85 0 
25 34 42 0 
26 14 16 0 
27 31 37 0 
28 19 50 0 
29 98 169 0 
30 61 137 0 
31 9 24 0 
32 4 8 0 
33 52 68 0 
34 42 115 0 
35 56 54 0 
36 25 74 0 
37 33 61 0 
38 57 136 0 
39 41 111 0 
40 64 65 0 
41 79 42 0 
42 90 148 0 
43 6 14 0 
44 51 150 0 
45 59 88 0 
46 87 65 0 
47 51 98 0 
48 59 141 0 
49 37 25 0 
50 35 85 0 
51 59 40 0 
52 99 163 0 
53 10 29 0 
54 51 64 0 
55 52 92 0 
56 60 104 0 
57 99 99 0 
58 16 21 0 
59 64 189 0 
60 39 92 0 
61 34 25 0 
62 59 66 0 
63 15 17 0 
64 10 6 0 
65 7 9 0 
66 29 54 0 
67 68 47 0 
68 81 192 0 
69 34 78 0 
70 68 195 0 
71 64 135 0 
72 83 58 0 
73 19 11 0 
74 4 9 0 
75 94 220 0 
76 40 92 0 
77 30 69 0 
78 100 281 0 
79 28 59 0 
80 53 81 0 
81 100 292 0 
82 66 66 0 
83 49 101 0 
84 82 221 0 
85 69 119 0 
86 59 125 0 
87 10 25 0 
88 24 37 0 
89 50 37 0 
90 96 103 0 
91 70 40 0 
92 68 65 0 
93 72 169 0 
94 15 34 0 
95 13 37 0 
96 68 125 0 
97 63 113 0 
98 63 43 0 
99 17 46 0 
100 70 38 0 
101 16 17 0 
102 97 261 0 
103 85 76 0 
104 46 60 0 
105 30 88 0 
106 56 95 0 
107 86 177 0 
108 89 63 0 
109 48 81 0 
110 67 139 0 
111 22 43 0 
112 6 7 0 
113 81 206 0 
114 97 190 0 
115 80 93 0 
116 54 130 0 
117 53 91 0 
118 68 173 0 
119 86 125 0 
120 81 230 0 
121 56 99 0 
122 49 41 0 
123 99 250 0 
124 5 4 0 
125 38 31 0 
126 79 178 0 
127 80 75 0 
128 72 210 0 
129 22 57 0 
130 98 222 0 
131 78 91 0 
132 71 192 0 
133 73 198 0 
134 49 131 0 
135 48 98 0 
136 11 23 0 
137 24 53 0 
138 39 44 0 
139 61 109 0 
140 36 54 0 
141 57 148 0 
142 13 39 0 
143 18 34 0 
144 20 24 0 
145 71 193 0 
146 32 88 0 
147 13 10 0 
148 79 199 0 
149 24 56 0 
150 5 6 0 
151 80 189 0 
152 55 34 0 
153 66 141 0 
154 65 57 0 
155 61 55 0 
156 20 11 0 
157 90 265 0 
158 54 115 0 
159 8 20 0 
160 35 48 0 
161 68 153 0 
162 88 237 0 
163 89 67 0 
164 37 81 0 
165 38 38 0 
166 70 182 0 
167 6 4 0 
168 61 162 0 
169 92 262 0 
170 41 94 0 
171 58 172 0 
172 86 82 0 
173 32 78 0 
174 10 19 0 
175 7 14 0 
176 22 18 0 
177 48 113 0 
178 70 52 0 
179 59 160 0 
180 96 180 0 
181 78 137 0 
182 41 90 0 
183 98 274 0 
184 88 87 0 
185 19 20 0 
186 33 75 0 
187 23 14 0 
188 56 61 0 
189 22 29 0 
190 86 159 0 
191 91 165 0 
192 93 160 0 
193 72 120 0 
194 81 67 0 
195 47 57 0 
196 89 171 0 
197 73 135 0 
198 58 138 0 
199 21 36 0 
