NAME GBP_INSTANCES\prob_2_B_4_8_1.txt
COMMENT
BINTYPES 5
ITEMS 500
BINS_SECTIONS
0 60 60 0 502 
1 80 80 0 377 
2 100 100 0 301 
3 120 120 0 251 
4 150 150 0 201 
ITEMS_SECTIONS
0 48 78 0 
1 84 240 0 
2 77 153 0 
3 89 130 0 
4 97 158 0 
5 22 31 0 
6 67 97 0 
7 67 111 0 
8 91 198 0 
9 73 191 0 
10 59 50 0 
11 40 105 0 
12 36 82 0 
13 56 144 0 
14 53 108 0 
15 70 46 0 
16 66 61 0 
17 52 65 0 
18 40 82 0 
19 92 199 0 
20 52 148 0 
21 98 87 0 
22 90 111 0 
23 37 38 0 
24 82 113 0 
25 27 16 0 
26 29 62 0 
27 82 209 0 
28 45 35 0 
29 81 237 0 
30 61 50 0 
31 99 119 0 
32 76 48 0 
33 90 123 0 
34 65 161 0 
35 27 59 0 
36 31 59 0 
37 74 102 0 
38 36 48 0 
39 51 54 0 
40 49 81 0 
41 65 157 0 
42 21 46 0 
43 69 88 0 
44 60 132 0 
45 98 67 0 
46 43 77 0 
47 75 132 0 
48 60 175 0 
49 61 90 0 
50 41 33 0 
51 41 95 0 
52 40 35 0 
53 61 174 0 
54 58 122 0 
55 45 113 0 
56 43 63 0 
57 100 186 0 
58 90 229 0 
59 36 23 0 
60 29 74 0 
61 39 62 0 
62 61 126 0 
63 66 121 0 
64 98 63 0 
65 93 160 0 
66 47 123 0 
67 42 52 0 
68 43 59 0 
69 24 46 0 
70 100 63 0 
71 86 143 0 
72 51 123 0 
73 84 237 0 
74 38 114 0 
75 78 180 0 
76 89 69 0 
77 27 38 0 
78 80 124 0 
79 90 218 0 
80 40 110 0 
81 49 91 0 
82 26 24 0 
83 57 138 0 
84 30 23 0 
85 50 95 0 
86 46 132 0 
87 88 211 0 
88 61 96 0 
89 41 91 0 
90 45 130 0 
91 59 81 0 
92 79 56 0 
93 85 79 0 
94 38 102 0 
95 59 169 0 
96 52 91 0 
97 42 108 0 
98 93 77 0 
99 96 90 0 
100 85 78 0 
101 63 115 0 
102 29 69 0 
103 75 211 0 
104 57 121 0 
105 96 150 0 
106 99 138 0 
107 45 79 0 
108 88 68 0 
109 82 144 0 
110 82 212 0 
111 58 172 0 
112 51 99 0 
113 60 180 0 
114 43 80 0 
115 28 70 0 
116 61 160 0 
117 90 68 0 
118 24 41 0 
119 54 68 0 
120 84 243 0 
121 29 56 0 
122 63 66 0 
123 91 218 0 
124 47 107 0 
125 91 104 0 
126 70 38 0 
127 47 28 0 
128 90 220 0 
129 77 223 0 
130 68 146 0 
131 83 209 0 
132 44 48 0 
133 53 116 0 
134 73 84 0 
135 47 25 0 
136 84 208 0 
137 98 102 0 
138 69 35 0 
139 34 19 0 
140 38 48 0 
141 90 88 0 
142 47 99 0 
143 53 86 0 
144 34 59 0 
145 86 201 0 
146 97 151 0 
147 90 84 0 
148 29 25 0 
149 35 82 0 
150 40 84 0 
151 37 68 0 
152 40 52 0 
153 35 104 0 
154 26 15 0 
155 79 143 0 
156 45 67 0 
157 78 46 0 
158 73 82 0 
159 44 29 0 
160 23 49 0 
161 44 24 0 
162 35 39 0 
163 62 90 0 
164 66 55 0 
165 78 122 0 
166 77 109 0 
167 81 108 0 
168 48 90 0 
169 33 94 0 
170 91 176 0 
171 35 59 0 
172 100 269 0 
173 24 45 0 
174 52 109 0 
175 35 63 0 
176 69 189 0 
177 66 84 0 
178 69 94 0 
179 67 68 0 
180 89 97 0 
181 45 58 0 
182 58 41 0 
183 99 139 0 
184 71 69 0 
185 56 93 0 
186 97 124 0 
187 59 63 0 
188 40 63 0 
189 54 101 0 
190 42 97 0 
191 36 78 0 
192 39 104 0 
193 55 154 0 
194 97 97 0 
195 99 81 0 
196 72 77 0 
197 55 145 0 
198 45 54 0 
199 63 105 0 
200 81 242 0 
201 30 78 0 
202 26 21 0 
203 48 85 0 
204 51 69 0 
205 85 78 0 
206 87 54 0 
207 90 97 0 
208 52 143 0 
209 49 105 0 
210 40 115 0 
211 29 19 0 
212 92 178 0 
213 29 52 0 
214 40 106 0 
215 29 38 0 
216 58 49 0 
217 34 76 0 
218 75 149 0 
219 72 115 0 
220 99 234 0 
221 93 148 0 
222 46 47 0 
223 54 40 0 
224 64 91 0 
225 93 207 0 
226 71 82 0 
227 30 64 0 
228 84 167 0 
229 44 74 0 
230 56 167 0 
231 86 151 0 
232 53 96 0 
233 88 264 0 
234 91 101 0 
235 80 59 0 
236 85 184 0 
237 63 89 0 
238 64 170 0 
239 34 56 0 
240 99 251 0 
241 29 62 0 
242 46 88 0 
243 54 98 0 
244 68 183 0 
245 41 111 0 
246 25 65 0 
247 64 37 0 
248 21 62 0 
249 22 43 0 
250 37 91 0 
251 90 233 0 
252 66 145 0 
253 99 217 0 
254 77 70 0 
255 95 160 0 
256 80 102 0 
257 85 155 0 
258 54 147 0 
259 97 69 0 
260 60 178 0 
261 95 116 0 
262 29 65 0 
263 49 131 0 
264 52 97 0 
265 71 204 0 
266 63 142 0 
267 64 126 0 
268 94 73 0 
269 53 30 0 
270 49 71 0 
271 50 99 0 
272 60 73 0 
273 27 69 0 
274 83 152 0 
275 70 110 0 
276 62 147 0 
277 46 120 0 
278 51 73 0 
279 88 62 0 
280 36 62 0 
281 99 143 0 
282 96 95 0 
283 90 95 0 
284 41 118 0 
285 40 85 0 
286 39 97 0 
287 47 138 0 
288 49 113 0 
289 68 95 0 
290 98 254 0 
291 69 56 0 
292 54 69 0 
293 86 145 0 
294 41 58 0 
295 62 182 0 
296 61 36 0 
297 34 87 0 
298 73 95 0 
299 21 16 0 
300 69 93 0 
301 60 61 0 
302 29 27 0 
303 46 138 0 
304 85 137 0 
305 95 267 0 
306 24 29 0 
307 88 241 0 
308 59 173 0 
309 74 151 0 
310 72 84 0 
311 34 59 0 
312 77 120 0 
313 52 135 0 
314 85 242 0 
315 58 149 0 
316 62 123 0 
317 35 72 0 
318 77 165 0 
319 82 107 0 
320 68 183 0 
321 24 56 0 
322 57 92 0 
323 43 56 0 
324 59 137 0 
325 40 45 0 
326 84 247 0 
327 39 51 0 
328 45 91 0 
329 55 71 0 
330 52 96 0 
331 62 132 0 
332 95 190 0 
333 75 85 0 
334 66 135 0 
335 61 45 0 
336 62 186 0 
337 68 129 0 
338 97 76 0 
339 49 39 0 
340 60 163 0 
341 62 104 0 
342 40 114 0 
343 39 70 0 
344 94 185 0 
345 95 264 0 
346 32 80 0 
347 65 101 0 
348 25 42 0 
349 29 82 0 
350 92 275 0 
351 23 28 0 
352 52 154 0 
353 46 64 0 
354 56 130 0 
355 44 94 0 
356 86 88 0 
357 50 143 0 
358 69 205 0 
359 24 51 0 
360 23 30 0 
361 84 157 0 
362 49 98 0 
363 61 126 0 
364 39 54 0 
365 76 152 0 
366 59 173 0 
367 99 223 0 
368 93 128 0 
369 53 136 0 
370 90 171 0 
371 63 135 0 
372 85 163 0 
373 98 90 0 
374 64 122 0 
375 51 58 0 
376 96 253 0 
377 68 119 0 
378 85 159 0 
379 33 85 0 
380 85 193 0 
381 34 78 0 
382 63 108 0 
383 57 36 0 
384 56 168 0 
385 91 115 0 
386 24 42 0 
387 24 32 0 
388 83 236 0 
389 35 48 0 
390 65 109 0 
391 28 66 0 
392 72 130 0 
393 95 195 0 
394 69 93 0 
395 64 38 0 
396 22 33 0 
397 29 63 0 
398 67 120 0 
399 53 140 0 
400 22 27 0 
401 100 192 0 
402 68 41 0 
403 84 183 0 
404 90 184 0 
405 93 122 0 
406 92 181 0 
407 65 152 0 
408 70 203 0 
409 83 99 0 
410 27 68 0 
411 49 33 0 
412 91 249 0 
413 50 120 0 
414 47 124 0 
415 21 61 0 
416 30 51 0 
417 66 168 0 
418 83 142 0 
419 23 13 0 
420 94 265 0 
421 61 169 0 
422 56 168 0 
423 27 68 0 
424 87 172 0 
425 91 229 0 
426 74 150 0 
427 41 68 0 
428 24 21 0 
429 50 147 0 
430 64 152 0 
431 22 36 0 
432 68 114 0 
433 51 115 0 
434 54 80 0 
435 77 60 0 
436 49 141 0 
437 30 56 0 
438 68 39 0 
439 42 33 0 
440 60 87 0 
441 34 60 0 
442 81 88 0 
443 47 32 0 
444 73 200 0 
445 65 96 0 
446 96 59 0 
447 38 89 0 
448 62 112 0 
449 64 66 0 
450 75 200 0 
451 87 196 0 
452 23 56 0 
453 24 62 0 
454 27 37 0 
455 48 49 0 
456 21 15 0 
457 24 67 0 
458 66 75 0 
459 52 57 0 
460 42 23 0 
461 79 181 0 
462 24 49 0 
463 75 58 0 
464 27 66 0 
465 91 268 0 
466 26 30 0 
467 92 202 0 
468 33 24 0 
469 35 98 0 
470 94 216 0 
471 71 164 0 
472 86 185 0 
473 86 228 0 
474 25 49 0 
475 52 103 0 
476 75 99 0 
477 54 102 0 
478 24 65 0 
479 40 112 0 
480 57 74 0 
481 46 59 0 
482 38 86 0 
483 32 66 0 
484 30 37 0 
485 45 71 0 
486 38 40 0 
487 85 231 0 
488 44 119 0 
489 29 63 0 
490 81 186 0 
491 83 142 0 
492 90 238 0 
493 44 96 0 
494 77 116 0 
495 86 66 0 
496 73 85 0 
497 36 56 0 
498 84 94 0 
499 27 64 0 
