NAME GBP_INSTANCES\prob_3_B_0_7_1.txt
COMMENT
BINTYPES 5
ITEMS 25
BINS_SECTIONS
0 60 60 0 31 
1 80 80 0 23 
2 100 100 0 19 
3 120 120 0 16 
4 150 150 0 13 
ITEMS_SECTIONS
0 99 219 0 
1 83 47 0 
2 83 99 0 
3 53 113 0 
4 53 68 0 
5 52 96 0 
6 73 110 0 
7 52 96 0 
8 56 79 0 
9 57 70 0 
10 79 204 0 
11 57 121 0 
12 78 181 0 
13 53 47 0 
14 55 121 0 
15 82 234 0 
16 73 158 0 
17 77 127 0 
18 100 246 0 
19 92 208 0 
20 53 125 0 
21 92 48 0 
22 97 233 0 
23 98 226 0 
24 75 169 0 
