NAME GBP_INSTANCES\prob_2_B_1_8_1.txt
COMMENT
BINTYPES 5
ITEMS 50
BINS_SECTIONS
0 60 60 0 49 
1 80 80 0 37 
2 100 100 0 29 
3 120 120 0 25 
4 150 150 0 20 
ITEMS_SECTIONS
0 48 57 0 
1 83 243 0 
2 40 111 0 
3 66 196 0 
4 99 233 0 
5 97 222 0 
6 51 101 0 
7 29 75 0 
8 39 34 0 
9 73 120 0 
10 64 86 0 
11 81 210 0 
12 92 231 0 
13 59 104 0 
14 39 29 0 
15 29 42 0 
16 26 50 0 
17 36 35 0 
18 59 32 0 
19 60 75 0 
20 23 33 0 
21 39 105 0 
22 64 50 0 
23 55 69 0 
24 63 99 0 
25 68 180 0 
26 95 221 0 
27 74 92 0 
28 49 130 0 
29 24 42 0 
30 50 137 0 
31 29 39 0 
32 36 97 0 
33 86 95 0 
34 53 116 0 
35 89 185 0 
36 73 58 0 
37 100 192 0 
38 58 41 0 
39 23 68 0 
40 65 58 0 
41 50 31 0 
42 24 26 0 
43 43 79 0 
44 49 26 0 
45 48 123 0 
46 75 75 0 
47 73 80 0 
48 81 92 0 
49 53 149 0 
