NAME GBP_INSTANCES\prob_2_A_2_6_1.txt
COMMENT
BINTYPES 3
ITEMS 100
BINS_SECTIONS
0 100 100 0 62 
1 120 120 0 52 
2 150 150 0 41 
ITEMS_SECTIONS
0 98 63 0 
1 60 60 0 
2 83 144 0 
3 43 126 0 
4 61 38 0 
5 50 69 0 
6 52 36 0 
7 56 84 0 
8 40 119 0 
9 33 36 0 
10 93 121 0 
11 82 238 0 
12 57 147 0 
13 67 139 0 
14 49 127 0 
15 88 71 0 
16 88 121 0 
17 72 175 0 
18 86 236 0 
19 88 202 0 
20 76 156 0 
21 69 205 0 
22 45 40 0 
23 38 110 0 
24 46 94 0 
25 37 70 0 
26 28 48 0 
27 77 151 0 
28 74 99 0 
29 29 69 0 
30 100 169 0 
31 51 86 0 
32 82 55 0 
33 46 81 0 
34 95 88 0 
35 53 109 0 
36 83 118 0 
37 57 141 0 
38 63 126 0 
39 87 201 0 
40 37 35 0 
41 79 85 0 
42 88 221 0 
43 51 124 0 
44 41 96 0 
45 55 88 0 
46 24 21 0 
47 56 136 0 
48 80 232 0 
49 88 78 0 
50 37 28 0 
51 43 52 0 
52 74 91 0 
53 48 55 0 
54 26 52 0 
55 66 197 0 
56 75 174 0 
57 67 136 0 
58 75 100 0 
59 46 130 0 
60 70 49 0 
61 65 61 0 
62 23 47 0 
63 57 56 0 
64 61 57 0 
65 59 32 0 
66 65 54 0 
67 87 203 0 
68 21 22 0 
69 40 60 0 
70 56 86 0 
71 30 67 0 
72 77 121 0 
73 43 122 0 
74 91 50 0 
75 47 66 0 
76 51 151 0 
77 80 133 0 
78 99 262 0 
79 57 127 0 
80 59 162 0 
81 87 163 0 
82 67 150 0 
83 89 161 0 
84 25 39 0 
85 24 38 0 
86 68 53 0 
87 95 89 0 
88 48 39 0 
89 48 55 0 
90 48 49 0 
91 84 220 0 
92 35 67 0 
93 88 233 0 
94 41 89 0 
95 54 123 0 
96 68 195 0 
97 32 17 0 
98 57 164 0 
99 96 72 0 
