NAME GBP_INSTANCES\prob_1_B_1_7_1.txt
COMMENT
BINTYPES 5
ITEMS 50
BINS_SECTIONS
0 60 60 0 45 
1 80 80 0 34 
2 100 100 0 27 
3 120 120 0 23 
4 150 150 0 18 
ITEMS_SECTIONS
0 63 118 0 
1 94 147 0 
2 78 177 0 
3 60 134 0 
4 30 48 0 
5 31 31 0 
6 99 152 0 
7 33 68 0 
8 89 174 0 
9 76 116 0 
10 33 78 0 
11 86 245 0 
12 73 135 0 
13 26 22 0 
14 47 39 0 
15 77 62 0 
16 65 77 0 
17 7 12 0 
18 49 107 0 
19 89 211 0 
20 93 182 0 
21 24 15 0 
22 21 50 0 
23 74 147 0 
24 73 142 0 
25 48 139 0 
26 94 260 0 
27 10 13 0 
28 48 106 0 
29 32 64 0 
30 69 138 0 
31 60 65 0 
32 22 53 0 
33 27 54 0 
34 60 100 0 
35 63 53 0 
36 34 89 0 
37 8 14 0 
38 86 124 0 
39 41 32 0 
40 71 148 0 
41 59 107 0 
42 75 87 0 
43 61 91 0 
44 61 102 0 
45 45 35 0 
46 16 36 0 
47 32 35 0 
48 51 67 0 
49 8 24 0 
