NAME GBP_INSTANCES\prob_2_A_3_9_1.txt
COMMENT
BINTYPES 3
ITEMS 200
BINS_SECTIONS
0 100 100 0 120 
1 120 120 0 100 
2 150 150 0 80 
ITEMS_SECTIONS
0 57 33 0 
1 42 25 0 
2 65 151 0 
3 25 56 0 
4 45 108 0 
5 43 38 0 
6 38 69 0 
7 69 71 0 
8 33 73 0 
9 53 46 0 
10 29 68 0 
11 44 109 0 
12 54 71 0 
13 36 58 0 
14 95 174 0 
15 71 37 0 
16 100 244 0 
17 72 123 0 
18 39 50 0 
19 26 75 0 
20 97 83 0 
21 43 67 0 
22 29 43 0 
23 36 81 0 
24 24 41 0 
25 85 218 0 
26 86 51 0 
27 25 24 0 
28 59 127 0 
29 88 226 0 
30 65 62 0 
31 98 283 0 
32 24 31 0 
33 89 201 0 
34 99 212 0 
35 69 79 0 
36 95 198 0 
37 90 57 0 
38 89 92 0 
39 80 212 0 
40 44 49 0 
41 28 73 0 
42 52 33 0 
43 57 36 0 
44 22 15 0 
45 95 160 0 
46 70 176 0 
47 37 64 0 
48 65 113 0 
49 77 214 0 
50 56 101 0 
51 71 82 0 
52 64 146 0 
53 50 39 0 
54 68 103 0 
55 37 90 0 
56 83 177 0 
57 73 93 0 
58 45 79 0 
59 96 67 0 
60 62 169 0 
61 93 58 0 
62 75 195 0 
63 40 54 0 
64 69 88 0 
65 21 56 0 
66 90 78 0 
67 76 214 0 
68 37 90 0 
69 74 41 0 
70 84 82 0 
71 59 125 0 
72 95 106 0 
73 65 103 0 
74 67 36 0 
75 86 74 0 
76 21 53 0 
77 59 80 0 
78 68 200 0 
79 27 78 0 
80 35 59 0 
81 95 231 0 
82 26 65 0 
83 50 48 0 
84 40 80 0 
85 72 149 0 
86 33 49 0 
87 86 65 0 
88 67 95 0 
89 97 155 0 
90 79 114 0 
91 60 134 0 
92 88 236 0 
93 21 16 0 
94 52 36 0 
95 42 110 0 
96 34 45 0 
97 57 99 0 
98 35 95 0 
99 67 126 0 
100 85 128 0 
101 61 50 0 
102 60 117 0 
103 34 42 0 
104 87 149 0 
105 55 113 0 
106 66 197 0 
107 99 155 0 
108 73 196 0 
109 95 132 0 
110 32 52 0 
111 43 62 0 
112 29 21 0 
113 71 163 0 
114 75 164 0 
115 99 111 0 
116 77 188 0 
117 38 93 0 
118 70 81 0 
119 66 78 0 
120 95 59 0 
121 52 80 0 
122 29 45 0 
123 37 37 0 
124 37 94 0 
125 25 37 0 
126 86 258 0 
127 85 199 0 
128 36 43 0 
129 23 57 0 
130 29 25 0 
131 50 77 0 
132 48 111 0 
133 87 260 0 
134 33 46 0 
135 60 173 0 
136 36 38 0 
137 56 82 0 
138 57 110 0 
139 53 153 0 
140 38 45 0 
141 21 24 0 
142 39 81 0 
143 37 62 0 
144 23 36 0 
145 32 58 0 
146 26 20 0 
147 21 29 0 
148 64 132 0 
149 89 97 0 
150 61 109 0 
151 43 112 0 
152 84 244 0 
153 80 47 0 
154 73 111 0 
155 58 88 0 
156 47 104 0 
157 64 90 0 
158 85 225 0 
159 91 125 0 
160 70 128 0 
161 75 84 0 
162 24 23 0 
163 22 54 0 
164 55 49 0 
165 74 69 0 
166 73 210 0 
167 58 94 0 
168 77 127 0 
169 54 149 0 
170 67 38 0 
171 50 44 0 
172 93 61 0 
173 21 14 0 
174 65 154 0 
175 69 114 0 
176 32 30 0 
177 99 156 0 
178 42 115 0 
179 84 182 0 
180 47 97 0 
181 89 207 0 
182 28 34 0 
183 35 87 0 
184 67 171 0 
185 91 249 0 
186 86 98 0 
187 59 38 0 
188 95 152 0 
189 68 96 0 
190 93 257 0 
191 95 257 0 
192 90 247 0 
193 52 34 0 
194 70 176 0 
195 46 34 0 
196 70 184 0 
197 71 96 0 
198 71 180 0 
199 59 107 0 
