NAME GBP_INSTANCES\prob_2_B_2_4_1.txt
COMMENT
BINTYPES 5
ITEMS 100
BINS_SECTIONS
0 60 60 0 101 
1 80 80 0 76 
2 100 100 0 61 
3 120 120 0 51 
4 150 150 0 41 
ITEMS_SECTIONS
0 35 97 0 
1 25 53 0 
2 96 267 0 
3 25 55 0 
4 63 87 0 
5 41 34 0 
6 62 46 0 
7 43 109 0 
8 100 245 0 
9 52 138 0 
10 98 74 0 
11 38 67 0 
12 52 154 0 
13 26 48 0 
14 79 109 0 
15 94 177 0 
16 60 82 0 
17 91 223 0 
18 53 137 0 
19 89 224 0 
20 61 92 0 
21 50 65 0 
22 90 265 0 
23 76 147 0 
24 100 224 0 
25 99 160 0 
26 53 61 0 
27 54 80 0 
28 44 91 0 
29 26 68 0 
30 77 49 0 
31 56 120 0 
32 35 36 0 
33 46 54 0 
34 41 81 0 
35 82 146 0 
36 90 148 0 
37 36 31 0 
38 37 70 0 
39 87 227 0 
40 48 135 0 
41 99 65 0 
42 100 271 0 
43 27 49 0 
44 100 238 0 
45 43 50 0 
46 82 158 0 
47 95 245 0 
48 46 87 0 
49 21 59 0 
50 31 17 0 
51 33 81 0 
52 26 70 0 
53 33 93 0 
54 32 70 0 
55 41 69 0 
56 47 50 0 
57 48 49 0 
58 100 242 0 
59 27 81 0 
60 95 236 0 
61 27 43 0 
62 53 149 0 
63 25 28 0 
64 85 243 0 
65 38 62 0 
66 33 69 0 
67 43 129 0 
68 64 96 0 
69 39 24 0 
70 79 161 0 
71 25 63 0 
72 95 250 0 
73 85 250 0 
74 68 131 0 
75 93 81 0 
76 63 91 0 
77 67 79 0 
78 100 288 0 
79 70 55 0 
80 37 51 0 
81 43 119 0 
82 84 160 0 
83 73 173 0 
84 72 117 0 
85 36 85 0 
86 48 26 0 
87 33 83 0 
88 81 184 0 
89 46 70 0 
90 80 107 0 
91 96 229 0 
92 23 65 0 
93 91 238 0 
94 69 58 0 
95 21 49 0 
96 71 53 0 
97 91 204 0 
98 78 198 0 
99 55 164 0 
