NAME GBP_INSTANCES\prob_1_A_3_6_1.txt
COMMENT
BINTYPES 3
ITEMS 200
BINS_SECTIONS
0 100 100 0 105 
1 120 120 0 88 
2 150 150 0 70 
ITEMS_SECTIONS
0 86 79 0 
1 32 27 0 
2 96 202 0 
3 48 81 0 
4 82 233 0 
5 59 109 0 
6 6 15 0 
7 71 138 0 
8 13 34 0 
9 40 111 0 
10 60 116 0 
11 100 222 0 
12 98 249 0 
13 4 11 0 
14 63 166 0 
15 48 131 0 
16 84 243 0 
17 67 186 0 
18 14 33 0 
19 66 57 0 
20 50 101 0 
21 54 144 0 
22 58 171 0 
23 59 50 0 
24 62 147 0 
25 34 64 0 
26 70 130 0 
27 95 153 0 
28 28 32 0 
29 9 9 0 
30 89 239 0 
31 36 102 0 
32 43 121 0 
33 87 71 0 
34 76 213 0 
35 78 44 0 
36 76 93 0 
37 76 54 0 
38 15 14 0 
39 38 86 0 
40 93 263 0 
41 27 36 0 
42 31 83 0 
43 62 110 0 
44 65 184 0 
45 66 133 0 
46 54 110 0 
47 97 124 0 
48 58 160 0 
49 60 171 0 
50 80 228 0 
51 14 19 0 
52 48 84 0 
53 19 43 0 
54 81 53 0 
55 93 250 0 
56 67 134 0 
57 8 18 0 
58 6 15 0 
59 9 17 0 
60 11 25 0 
61 71 122 0 
62 12 33 0 
63 66 193 0 
64 26 17 0 
65 31 85 0 
66 100 99 0 
67 68 37 0 
68 2 4 0 
69 62 35 0 
70 63 90 0 
71 65 140 0 
72 88 224 0 
73 13 17 0 
74 29 65 0 
75 27 22 0 
76 57 96 0 
77 74 57 0 
78 16 19 0 
79 41 115 0 
80 30 89 0 
81 62 45 0 
82 78 216 0 
83 41 63 0 
84 6 7 0 
85 13 24 0 
86 54 89 0 
87 73 130 0 
88 91 191 0 
89 64 76 0 
90 96 59 0 
91 30 65 0 
92 72 37 0 
93 21 27 0 
94 99 66 0 
95 28 35 0 
96 29 29 0 
97 68 198 0 
98 12 23 0 
99 67 122 0 
100 52 36 0 
101 39 38 0 
102 27 15 0 
103 65 45 0 
104 32 53 0 
105 6 10 0 
106 52 29 0 
107 89 122 0 
108 90 76 0 
109 89 69 0 
110 69 86 0 
111 74 187 0 
112 44 109 0 
113 56 156 0 
114 40 70 0 
115 63 37 0 
116 39 81 0 
117 11 24 0 
118 14 9 0 
119 51 73 0 
120 67 40 0 
121 41 39 0 
122 78 142 0 
123 72 147 0 
124 100 146 0 
125 25 38 0 
126 84 154 0 
127 10 15 0 
128 47 26 0 
129 62 110 0 
130 30 18 0 
131 57 142 0 
132 65 85 0 
133 37 68 0 
134 4 12 0 
135 37 80 0 
136 53 152 0 
137 72 203 0 
138 76 195 0 
139 79 222 0 
140 31 43 0 
141 82 243 0 
142 53 157 0 
143 78 150 0 
144 44 73 0 
145 88 196 0 
146 67 52 0 
147 32 22 0 
148 12 24 0 
149 100 266 0 
150 19 27 0 
151 67 142 0 
152 22 47 0 
153 36 56 0 
154 60 152 0 
155 82 141 0 
156 36 29 0 
157 59 87 0 
158 17 47 0 
159 83 61 0 
160 69 162 0 
161 39 83 0 
162 42 121 0 
163 57 141 0 
164 30 47 0 
165 98 193 0 
166 13 32 0 
167 60 123 0 
168 78 175 0 
169 40 27 0 
170 43 23 0 
171 61 41 0 
172 87 252 0 
173 34 26 0 
174 33 25 0 
175 19 38 0 
176 67 148 0 
177 61 102 0 
178 36 34 0 
179 32 68 0 
180 32 81 0 
181 78 96 0 
182 50 92 0 
183 45 95 0 
184 81 63 0 
185 4 7 0 
186 23 38 0 
187 40 22 0 
188 60 56 0 
189 8 12 0 
190 70 183 0 
191 8 19 0 
192 83 43 0 
193 80 131 0 
194 10 21 0 
195 19 14 0 
196 77 91 0 
197 73 106 0 
198 97 81 0 
199 100 63 0 
