NAME GBP_INSTANCES\prob_1_A_2_8_1.txt
COMMENT
BINTYPES 3
ITEMS 100
BINS_SECTIONS
0 100 100 0 49 
1 120 120 0 41 
2 150 150 0 33 
ITEMS_SECTIONS
0 91 149 0 
1 66 77 0 
2 84 66 0 
3 52 98 0 
4 96 186 0 
5 8 20 0 
6 18 15 0 
7 31 78 0 
8 89 259 0 
9 100 215 0 
10 39 101 0 
11 69 174 0 
12 93 103 0 
13 66 140 0 
14 40 106 0 
15 56 125 0 
16 94 245 0 
17 73 113 0 
18 42 106 0 
19 36 73 0 
20 16 35 0 
21 69 102 0 
22 98 74 0 
23 20 23 0 
24 79 168 0 
25 100 221 0 
26 18 40 0 
27 38 106 0 
28 16 32 0 
29 41 95 0 
30 34 90 0 
31 100 64 0 
32 2 5 0 
33 91 201 0 
34 3 7 0 
35 18 30 0 
36 90 110 0 
37 49 76 0 
38 17 12 0 
39 47 132 0 
40 18 25 0 
41 13 29 0 
42 53 76 0 
43 25 40 0 
44 40 106 0 
45 37 97 0 
46 40 107 0 
47 43 112 0 
48 89 186 0 
49 83 108 0 
50 31 36 0 
51 17 43 0 
52 14 18 0 
53 89 208 0 
54 7 14 0 
55 31 19 0 
56 69 163 0 
57 9 15 0 
58 75 144 0 
59 87 183 0 
60 44 128 0 
61 34 98 0 
62 91 67 0 
63 55 106 0 
64 81 235 0 
65 58 105 0 
66 68 72 0 
67 37 61 0 
68 69 67 0 
69 89 146 0 
70 2 2 0 
71 57 105 0 
72 84 233 0 
73 72 208 0 
74 81 96 0 
75 83 213 0 
76 40 92 0 
77 37 67 0 
78 14 24 0 
79 95 213 0 
80 28 24 0 
81 13 16 0 
82 16 42 0 
83 3 6 0 
84 18 40 0 
85 43 89 0 
86 14 36 0 
87 17 25 0 
88 88 222 0 
89 44 108 0 
90 23 61 0 
91 13 12 0 
92 59 36 0 
93 13 26 0 
94 8 21 0 
95 48 128 0 
96 2 2 0 
97 62 70 0 
98 22 47 0 
99 94 77 0 
