NAME GBP_INSTANCES\prob_3_A_4_5_1.txt
COMMENT
BINTYPES 3
ITEMS 500
BINS_SECTIONS
0 100 100 0 382 
1 120 120 0 319 
2 150 150 0 255 
ITEMS_SECTIONS
0 94 259 0 
1 59 95 0 
2 84 122 0 
3 78 57 0 
4 54 28 0 
5 59 74 0 
6 61 163 0 
7 81 78 0 
8 75 76 0 
9 81 189 0 
10 69 109 0 
11 60 143 0 
12 95 78 0 
13 98 82 0 
14 81 241 0 
15 52 61 0 
16 64 116 0 
17 78 104 0 
18 91 243 0 
19 81 177 0 
20 82 77 0 
21 93 230 0 
22 68 163 0 
23 81 209 0 
24 89 131 0 
25 52 51 0 
26 73 195 0 
27 87 215 0 
28 87 140 0 
29 86 80 0 
30 73 99 0 
31 78 210 0 
32 81 120 0 
33 83 82 0 
34 76 90 0 
35 55 51 0 
36 61 124 0 
37 71 195 0 
38 64 84 0 
39 74 117 0 
40 94 138 0 
41 80 195 0 
42 78 231 0 
43 73 69 0 
44 69 199 0 
45 82 99 0 
46 62 158 0 
47 63 164 0 
48 68 118 0 
49 52 84 0 
50 52 71 0 
51 81 75 0 
52 76 178 0 
53 90 68 0 
54 66 79 0 
55 53 151 0 
56 79 81 0 
57 95 187 0 
58 91 54 0 
59 86 148 0 
60 74 163 0 
61 85 120 0 
62 68 159 0 
63 85 223 0 
64 91 114 0 
65 57 125 0 
66 71 196 0 
67 93 214 0 
68 98 118 0 
69 68 38 0 
70 71 184 0 
71 80 232 0 
72 93 176 0 
73 57 89 0 
74 58 135 0 
75 57 148 0 
76 95 257 0 
77 58 136 0 
78 87 231 0 
79 97 105 0 
80 93 61 0 
81 88 209 0 
82 69 53 0 
83 99 213 0 
84 77 224 0 
85 74 64 0 
86 96 245 0 
87 59 143 0 
88 90 98 0 
89 76 189 0 
90 57 170 0 
91 97 106 0 
92 78 53 0 
93 88 207 0 
94 81 119 0 
95 53 97 0 
96 100 233 0 
97 69 71 0 
98 63 38 0 
99 93 141 0 
100 92 149 0 
101 88 148 0 
102 72 182 0 
103 97 206 0 
104 72 119 0 
105 83 205 0 
106 91 269 0 
107 67 53 0 
108 68 70 0 
109 66 81 0 
110 74 90 0 
111 73 176 0 
112 52 107 0 
113 78 87 0 
114 92 271 0 
115 82 230 0 
116 87 258 0 
117 75 97 0 
118 91 116 0 
119 81 224 0 
120 84 239 0 
121 95 257 0 
122 82 75 0 
123 96 205 0 
124 96 90 0 
125 98 206 0 
126 96 121 0 
127 62 173 0 
128 58 129 0 
129 65 77 0 
130 61 122 0 
131 97 289 0 
132 71 192 0 
133 100 265 0 
134 94 218 0 
135 90 109 0 
136 56 151 0 
137 86 187 0 
138 67 154 0 
139 100 122 0 
140 83 129 0 
141 77 63 0 
142 76 203 0 
143 80 94 0 
144 82 239 0 
145 70 85 0 
146 85 62 0 
147 68 39 0 
148 57 31 0 
149 99 59 0 
150 70 91 0 
151 68 86 0 
152 98 148 0 
153 56 129 0 
154 88 248 0 
155 51 100 0 
156 72 137 0 
157 51 146 0 
158 86 95 0 
159 58 44 0 
160 90 130 0 
161 93 90 0 
162 82 68 0 
163 90 84 0 
164 58 44 0 
165 100 207 0 
166 98 135 0 
167 91 208 0 
168 92 133 0 
169 97 100 0 
170 89 76 0 
171 95 113 0 
172 83 88 0 
173 90 217 0 
174 83 179 0 
175 73 198 0 
176 93 277 0 
177 64 166 0 
178 71 180 0 
179 89 144 0 
180 84 107 0 
181 86 182 0 
182 89 196 0 
183 85 243 0 
184 90 178 0 
185 66 67 0 
186 57 72 0 
187 72 178 0 
188 98 77 0 
189 58 82 0 
190 56 129 0 
191 56 165 0 
192 91 108 0 
193 58 31 0 
194 57 128 0 
195 98 141 0 
196 78 147 0 
197 68 65 0 
198 81 196 0 
199 99 87 0 
200 52 147 0 
201 51 74 0 
202 69 132 0 
203 83 151 0 
204 59 94 0 
205 82 222 0 
206 69 66 0 
207 74 134 0 
208 68 110 0 
209 66 115 0 
210 84 180 0 
211 68 67 0 
212 66 50 0 
213 53 123 0 
214 86 232 0 
215 67 51 0 
216 95 273 0 
217 91 161 0 
218 82 66 0 
219 61 164 0 
220 63 155 0 
221 66 43 0 
222 52 29 0 
223 87 59 0 
224 82 222 0 
225 66 135 0 
226 74 97 0 
227 92 207 0 
228 51 95 0 
229 60 50 0 
230 78 58 0 
231 82 111 0 
232 82 209 0 
233 91 83 0 
234 82 143 0 
235 88 110 0 
236 52 70 0 
237 63 128 0 
238 97 258 0 
239 73 198 0 
240 64 184 0 
241 88 214 0 
242 71 63 0 
243 70 38 0 
244 100 150 0 
245 96 236 0 
246 90 87 0 
247 62 147 0 
248 68 194 0 
249 97 155 0 
250 69 136 0 
251 64 189 0 
252 59 117 0 
253 96 59 0 
254 52 128 0 
255 98 270 0 
256 56 73 0 
257 82 195 0 
258 85 243 0 
259 82 242 0 
260 97 235 0 
261 64 119 0 
262 57 167 0 
263 72 146 0 
264 98 60 0 
265 60 51 0 
266 62 123 0 
267 75 158 0 
268 100 238 0 
269 71 110 0 
270 63 54 0 
271 78 132 0 
272 61 98 0 
273 93 55 0 
274 87 232 0 
275 52 148 0 
276 79 159 0 
277 92 194 0 
278 62 93 0 
279 89 240 0 
280 91 188 0 
281 57 96 0 
282 83 152 0 
283 66 193 0 
284 72 97 0 
285 52 60 0 
286 71 160 0 
287 55 156 0 
288 81 43 0 
289 73 127 0 
290 51 94 0 
291 72 159 0 
292 85 52 0 
293 96 244 0 
294 75 59 0 
295 72 99 0 
296 93 142 0 
297 60 85 0 
298 56 51 0 
299 53 48 0 
300 90 56 0 
301 74 147 0 
302 51 96 0 
303 62 172 0 
304 64 67 0 
305 53 102 0 
306 100 260 0 
307 64 147 0 
308 97 72 0 
309 99 274 0 
310 51 79 0 
311 82 122 0 
312 65 114 0 
313 100 86 0 
314 99 200 0 
315 97 288 0 
316 87 127 0 
317 67 195 0 
318 61 55 0 
319 91 131 0 
320 97 95 0 
321 62 137 0 
322 96 165 0 
323 57 126 0 
324 83 171 0 
325 52 93 0 
326 72 202 0 
327 99 157 0 
328 81 211 0 
329 94 228 0 
330 70 168 0 
331 71 160 0 
332 56 117 0 
333 70 80 0 
334 80 235 0 
335 66 41 0 
336 99 67 0 
337 93 143 0 
338 88 215 0 
339 98 136 0 
340 93 61 0 
341 52 64 0 
342 91 62 0 
343 92 191 0 
344 68 48 0 
345 57 134 0 
346 56 81 0 
347 78 99 0 
348 91 225 0 
349 53 130 0 
350 58 138 0 
351 56 87 0 
352 67 143 0 
353 75 117 0 
354 53 124 0 
355 76 200 0 
356 54 113 0 
357 60 116 0 
358 76 140 0 
359 88 62 0 
360 52 110 0 
361 73 173 0 
362 72 195 0 
363 71 74 0 
364 83 105 0 
365 85 129 0 
366 55 71 0 
367 99 109 0 
368 68 128 0 
369 91 88 0 
370 91 188 0 
371 88 189 0 
372 59 63 0 
373 68 180 0 
374 52 73 0 
375 89 53 0 
376 51 132 0 
377 65 65 0 
378 51 29 0 
379 72 59 0 
380 65 166 0 
381 52 68 0 
382 86 187 0 
383 67 147 0 
384 80 83 0 
385 94 91 0 
386 67 131 0 
387 59 101 0 
388 63 189 0 
389 74 220 0 
390 100 135 0 
391 93 60 0 
392 68 147 0 
393 61 175 0 
394 90 114 0 
395 88 173 0 
396 53 111 0 
397 77 218 0 
398 67 105 0 
399 87 120 0 
400 94 73 0 
401 81 222 0 
402 58 96 0 
403 61 93 0 
404 81 122 0 
405 92 115 0 
406 92 78 0 
407 59 115 0 
408 86 86 0 
409 66 162 0 
410 94 96 0 
411 84 108 0 
412 91 77 0 
413 86 226 0 
414 54 29 0 
415 58 130 0 
416 97 234 0 
417 57 43 0 
418 94 233 0 
419 78 41 0 
420 73 98 0 
421 79 136 0 
422 93 179 0 
423 82 69 0 
424 63 145 0 
425 77 73 0 
426 66 149 0 
427 99 63 0 
428 96 214 0 
429 82 226 0 
430 92 123 0 
431 71 213 0 
432 74 139 0 
433 54 101 0 
434 52 99 0 
435 83 155 0 
436 96 273 0 
437 99 194 0 
438 51 149 0 
439 56 127 0 
440 72 147 0 
441 55 116 0 
442 55 62 0 
443 63 122 0 
444 99 297 0 
445 57 65 0 
446 56 119 0 
447 80 111 0 
448 100 244 0 
449 53 85 0 
450 100 190 0 
451 98 272 0 
452 93 181 0 
453 92 187 0 
454 91 245 0 
455 94 91 0 
456 97 103 0 
457 94 186 0 
458 98 180 0 
459 72 51 0 
460 91 193 0 
461 67 192 0 
462 94 195 0 
463 64 120 0 
464 81 97 0 
465 51 104 0 
466 93 183 0 
467 67 156 0 
468 89 58 0 
469 95 105 0 
470 58 136 0 
471 99 266 0 
472 78 147 0 
473 85 58 0 
474 64 107 0 
475 99 119 0 
476 67 156 0 
477 96 205 0 
478 74 202 0 
479 52 49 0 
480 99 62 0 
481 79 81 0 
482 63 103 0 
483 75 136 0 
484 83 78 0 
485 58 49 0 
486 64 113 0 
487 81 211 0 
488 53 144 0 
489 90 103 0 
490 98 53 0 
491 68 39 0 
492 66 192 0 
493 77 180 0 
494 72 203 0 
495 90 80 0 
496 58 61 0 
497 71 79 0 
498 65 135 0 
499 64 143 0 
