NAME GBP_INSTANCES\prob_1_A_4_1_0.txt
COMMENT
BINTYPES 3
ITEMS 500
BINS_SECTIONS
0 100 100 0 263 
1 120 120 0 219 
2 150 150 0 175 
ITEMS_SECTIONS
0 49 200 1
1 97 200 1
2 15 200 1
3 61 200 1
4 63 200 1
5 55 200 1
6 53 200 1
7 39 200 1
8 55 200 1
9 90 200 1
10 64 200 1
11 63 200 1
12 83 200 1
13 84 200 1
14 78 200 1
15 82 200 1
16 30 200 1
17 13 200 1
18 47 200 1
19 30 200 1
20 64 200 1
21 96 200 1
22 97 200 1
23 40 200 1
24 89 200 1
25 11 200 1
26 29 200 1
27 90 200 1
28 67 200 1
29 34 200 1
30 19 200 1
31 20 200 1
32 74 200 1
33 48 200 1
34 66 200 1
35 6 200 1
36 78 200 1
37 32 200 1
38 28 200 1
39 25 200 1
40 92 200 1
41 74 200 1
42 93 200 1
43 88 200 1
44 92 200 1
45 60 200 1
46 54 200 1
47 90 200 1
48 53 200 1
49 30 200 1
50 87 200 1
51 47 200 1
52 94 200 1
53 92 200 1
54 40 200 1
55 56 200 1
56 89 200 1
57 82 200 1
58 22 200 1
59 79 200 1
60 26 200 1
61 21 200 1
62 85 200 1
63 65 200 1
64 69 200 1
65 12 200 1
66 14 200 1
67 97 200 1
68 33 200 1
69 98 200 1
70 88 200 1
71 19 200 1
72 85 200 1
73 25 200 1
74 55 200 1
75 91 200 1
76 11 200 1
77 30 200 1
78 68 200 1
79 52 200 1
80 48 200 1
81 10 200 1
82 26 200 1
83 28 200 1
84 30 200 1
85 90 200 1
86 76 200 1
87 56 200 1
88 49 200 1
89 28 200 1
90 8 200 1
91 92 200 1
92 52 200 1
93 90 200 1
94 100 200 1
95 37 200 1
96 24 200 1
97 41 200 1
98 68 200 1
99 66 200 1
100 32 200 1
101 69 200 1
102 45 200 1
103 8 200 1
104 100 200 1
105 83 200 1
106 51 200 1
107 35 200 1
108 7 200 1
109 35 200 1
110 11 200 1
111 23 200 1
112 29 200 1
113 61 200 1
114 37 200 1
115 44 200 1
116 75 200 1
117 33 200 1
118 56 200 1
119 46 200 1
120 5 200 1
121 93 200 1
122 3 200 1
123 86 200 1
124 64 200 1
125 61 200 1
126 44 200 1
127 62 200 1
128 77 200 1
129 98 200 1
130 65 200 1
131 27 200 1
132 79 200 1
133 15 200 1
134 82 200 1
135 15 200 1
136 50 200 1
137 2 200 1
138 11 200 1
139 68 200 1
140 44 200 1
141 72 200 1
142 48 200 1
143 96 200 1
144 58 200 1
145 97 200 1
146 14 200 1
147 53 200 1
148 32 200 1
149 20 200 1
150 96 200 1
151 65 200 1
152 43 200 1
153 36 200 1
154 44 200 1
155 98 200 1
156 75 200 1
157 12 200 1
158 64 200 1
159 98 200 1
160 15 200 1
161 53 200 1
162 58 200 1
163 76 200 1
164 75 200 1
165 65 200 1
166 56 200 1
167 94 200 1
168 92 200 1
169 40 200 1
170 81 200 1
171 23 200 1
172 87 200 1
173 2 200 1
174 15 200 1
175 100 200 1
176 43 200 1
177 46 200 1
178 74 200 1
179 95 200 1
180 98 200 1
181 14 200 1
182 90 200 1
183 85 200 1
184 97 200 1
185 19 200 1
186 92 200 1
187 55 200 1
188 95 200 1
189 80 200 1
190 85 200 1
191 42 200 1
192 67 200 1
193 84 200 1
194 27 200 1
195 98 200 1
196 18 200 1
197 14 200 1
198 91 200 1
199 38 200 1
200 35 200 1
201 68 200 1
202 34 200 1
203 16 200 1
204 93 200 1
205 41 200 1
206 19 200 1
207 96 200 1
208 39 200 1
209 40 200 1
210 57 200 1
211 95 200 1
212 70 200 1
213 34 200 1
214 100 200 1
215 14 200 1
216 47 200 1
217 17 200 1
218 29 200 1
219 64 200 1
220 33 200 1
221 65 200 1
222 98 200 1
223 20 200 1
224 15 200 1
225 84 200 1
226 69 200 1
227 60 200 1
228 99 200 1
229 8 200 1
230 90 200 1
231 69 200 1
232 30 200 1
233 64 200 1
234 61 200 1
235 46 200 1
236 18 200 1
237 67 200 1
238 40 200 1
239 79 200 1
240 49 200 1
241 25 200 1
242 22 200 1
243 63 200 1
244 41 200 1
245 60 200 1
246 61 200 1
247 93 200 1
248 18 200 1
249 16 200 1
250 57 200 1
251 20 200 1
252 89 200 1
253 23 200 1
254 71 200 1
255 95 200 1
256 80 200 1
257 49 200 1
258 9 200 1
259 14 200 1
260 12 200 1
261 57 200 1
262 23 200 1
263 48 200 1
264 76 200 1
265 19 200 1
266 78 200 1
267 100 200 1
268 14 200 1
269 16 200 1
270 30 200 1
271 79 200 1
272 21 200 1
273 53 200 1
274 51 200 1
275 92 200 1
276 97 200 1
277 32 200 1
278 81 200 1
279 100 200 1
280 83 200 1
281 6 200 1
282 3 200 1
283 97 200 1
284 68 200 1
285 69 200 1
286 41 200 1
287 66 200 1
288 39 200 1
289 87 200 1
290 86 200 1
291 94 200 1
292 41 200 1
293 31 200 1
294 31 200 1
295 67 200 1
296 22 200 1
297 28 200 1
298 20 200 1
299 48 200 1
300 31 200 1
301 85 200 1
302 12 200 1
303 60 200 1
304 51 200 1
305 87 200 1
306 50 200 1
307 61 200 1
308 28 200 1
309 46 200 1
310 38 200 1
311 45 200 1
312 63 200 1
313 92 200 1
314 13 200 1
315 60 200 1
316 66 200 1
317 80 200 1
318 15 200 1
319 65 200 1
320 9 200 1
321 17 200 1
322 69 200 1
323 23 200 1
324 74 200 1
325 56 200 1
326 30 200 1
327 54 200 1
328 59 200 1
329 100 200 1
330 45 200 1
331 43 200 1
332 15 200 1
333 29 200 1
334 80 200 1
335 23 200 1
336 83 200 1
337 100 200 1
338 45 200 1
339 32 200 1
340 15 200 1
341 62 200 1
342 83 200 1
343 72 200 1
344 25 200 1
345 85 200 1
346 55 200 1
347 53 200 1
348 78 200 1
349 91 200 1
350 77 200 1
351 56 200 1
352 56 200 1
353 64 200 1
354 43 200 1
355 4 200 1
356 90 200 1
357 22 200 1
358 8 200 1
359 72 200 1
360 29 200 1
361 51 200 1
362 35 200 1
363 25 200 1
364 9 200 1
365 61 200 1
366 4 200 1
367 99 200 1
368 6 200 1
369 73 200 1
370 82 200 1
371 52 200 1
372 38 200 1
373 95 200 1
374 39 200 1
375 62 200 1
376 81 200 1
377 8 200 1
378 23 200 1
379 9 200 1
380 95 200 1
381 96 200 1
382 78 200 1
383 41 200 1
384 94 200 1
385 66 200 1
386 18 200 1
387 27 200 1
388 70 200 1
389 74 200 1
390 22 200 1
391 18 200 1
392 19 200 1
393 8 200 1
394 89 200 1
395 14 200 1
396 53 200 1
397 58 200 1
398 21 200 1
399 57 200 1
400 55 200 1
401 96 200 1
402 33 200 1
403 52 200 1
404 73 200 1
405 24 200 1
406 99 200 1
407 27 200 1
408 94 200 1
409 89 200 1
410 27 200 1
411 40 200 1
412 8 200 1
413 49 200 1
414 45 200 1
415 54 200 1
416 82 200 1
417 67 200 1
418 24 200 1
419 64 200 1
420 86 200 1
421 19 200 1
422 2 200 1
423 21 200 1
424 63 200 1
425 6 200 1
426 34 200 1
427 19 200 1
428 84 200 1
429 52 200 1
430 43 200 1
431 99 200 1
432 16 200 1
433 71 200 1
434 89 200 1
435 49 200 1
436 94 200 1
437 81 200 1
438 32 200 1
439 16 200 1
440 71 200 1
441 70 200 1
442 4 200 1
443 47 200 1
444 98 200 1
445 63 200 1
446 73 200 1
447 64 200 1
448 28 200 1
449 24 200 1
450 15 200 1
451 75 200 1
452 13 200 1
453 21 200 1
454 52 200 1
455 48 200 1
456 43 200 1
457 88 200 1
458 13 200 1
459 30 200 1
460 37 200 1
461 35 200 1
462 52 200 1
463 61 200 1
464 17 200 1
465 7 200 1
466 63 200 1
467 41 200 1
468 74 200 1
469 66 200 1
470 73 200 1
471 12 200 1
472 66 200 1
473 99 200 1
474 9 200 1
475 14 200 1
476 50 200 1
477 11 200 1
478 33 200 1
479 76 200 1
480 85 200 1
481 99 200 1
482 63 200 1
483 3 200 1
484 18 200 1
485 7 200 1
486 45 200 1
487 97 200 1
488 85 200 1
489 12 200 1
490 95 200 1
491 25 200 1
492 40 200 1
493 61 200 1
494 3 200 1
495 14 200 1
496 36 200 1
497 22 200 1
498 92 200 1
499 15 200 1
