NAME GBP_INSTANCES\prob_3_B_4_4_0.txt
COMMENT
BINTYPES 5
ITEMS 500
BINS_SECTIONS
0 60 60 0 628 
1 80 80 0 471 
2 100 100 0 377 
3 120 120 0 314 
4 150 150 0 252 
ITEMS_SECTIONS
0 70 200 1
1 55 200 1
2 85 200 1
3 77 200 1
4 88 200 1
5 80 200 1
6 56 200 1
7 77 200 1
8 67 200 1
9 51 200 1
10 61 200 1
11 64 200 1
12 66 200 1
13 90 200 1
14 54 200 1
15 69 200 1
16 99 200 1
17 98 200 1
18 93 200 1
19 63 200 1
20 82 200 1
21 75 200 1
22 53 200 1
23 82 200 1
24 76 200 1
25 86 200 1
26 88 200 1
27 63 200 1
28 60 200 1
29 78 200 1
30 97 200 1
31 61 200 1
32 97 200 1
33 62 200 1
34 70 200 1
35 53 200 1
36 76 200 1
37 54 200 1
38 96 200 1
39 71 200 1
40 93 200 1
41 87 200 1
42 80 200 1
43 91 200 1
44 54 200 1
45 91 200 1
46 94 200 1
47 98 200 1
48 65 200 1
49 58 200 1
50 58 200 1
51 87 200 1
52 93 200 1
53 87 200 1
54 78 200 1
55 71 200 1
56 57 200 1
57 59 200 1
58 82 200 1
59 62 200 1
60 90 200 1
61 63 200 1
62 88 200 1
63 99 200 1
64 78 200 1
65 66 200 1
66 91 200 1
67 71 200 1
68 63 200 1
69 79 200 1
70 57 200 1
71 82 200 1
72 72 200 1
73 85 200 1
74 54 200 1
75 94 200 1
76 60 200 1
77 76 200 1
78 60 200 1
79 87 200 1
80 72 200 1
81 51 200 1
82 87 200 1
83 98 200 1
84 65 200 1
85 89 200 1
86 96 200 1
87 95 200 1
88 54 200 1
89 95 200 1
90 58 200 1
91 71 200 1
92 52 200 1
93 73 200 1
94 70 200 1
95 63 200 1
96 88 200 1
97 85 200 1
98 91 200 1
99 66 200 1
100 71 200 1
101 100 200 1
102 63 200 1
103 60 200 1
104 72 200 1
105 82 200 1
106 59 200 1
107 70 200 1
108 94 200 1
109 79 200 1
110 51 200 1
111 69 200 1
112 70 200 1
113 65 200 1
114 72 200 1
115 95 200 1
116 89 200 1
117 87 200 1
118 67 200 1
119 56 200 1
120 91 200 1
121 75 200 1
122 64 200 1
123 76 200 1
124 99 200 1
125 72 200 1
126 53 200 1
127 61 200 1
128 57 200 1
129 80 200 1
130 63 200 1
131 100 200 1
132 58 200 1
133 82 200 1
134 60 200 1
135 58 200 1
136 71 200 1
137 54 200 1
138 68 200 1
139 98 200 1
140 55 200 1
141 99 200 1
142 88 200 1
143 78 200 1
144 74 200 1
145 81 200 1
146 56 200 1
147 56 200 1
148 90 200 1
149 52 200 1
150 74 200 1
151 59 200 1
152 53 200 1
153 72 200 1
154 97 200 1
155 94 200 1
156 73 200 1
157 95 200 1
158 70 200 1
159 58 200 1
160 80 200 1
161 52 200 1
162 97 200 1
163 68 200 1
164 66 200 1
165 56 200 1
166 69 200 1
167 85 200 1
168 60 200 1
169 71 200 1
170 52 200 1
171 85 200 1
172 76 200 1
173 53 200 1
174 65 200 1
175 57 200 1
176 58 200 1
177 74 200 1
178 79 200 1
179 91 200 1
180 79 200 1
181 75 200 1
182 74 200 1
183 66 200 1
184 85 200 1
185 51 200 1
186 53 200 1
187 74 200 1
188 99 200 1
189 91 200 1
190 78 200 1
191 71 200 1
192 61 200 1
193 97 200 1
194 83 200 1
195 94 200 1
196 76 200 1
197 71 200 1
198 83 200 1
199 54 200 1
200 89 200 1
201 93 200 1
202 82 200 1
203 68 200 1
204 77 200 1
205 74 200 1
206 52 200 1
207 100 200 1
208 56 200 1
209 58 200 1
210 78 200 1
211 86 200 1
212 53 200 1
213 62 200 1
214 97 200 1
215 92 200 1
216 93 200 1
217 71 200 1
218 76 200 1
219 92 200 1
220 91 200 1
221 78 200 1
222 57 200 1
223 72 200 1
224 66 200 1
225 51 200 1
226 58 200 1
227 80 200 1
228 51 200 1
229 90 200 1
230 69 200 1
231 82 200 1
232 71 200 1
233 75 200 1
234 75 200 1
235 63 200 1
236 62 200 1
237 63 200 1
238 89 200 1
239 58 200 1
240 65 200 1
241 93 200 1
242 90 200 1
243 61 200 1
244 96 200 1
245 88 200 1
246 97 200 1
247 56 200 1
248 95 200 1
249 79 200 1
250 60 200 1
251 55 200 1
252 96 200 1
253 90 200 1
254 59 200 1
255 91 200 1
256 70 200 1
257 93 200 1
258 58 200 1
259 59 200 1
260 94 200 1
261 98 200 1
262 68 200 1
263 92 200 1
264 78 200 1
265 61 200 1
266 99 200 1
267 67 200 1
268 74 200 1
269 89 200 1
270 91 200 1
271 85 200 1
272 90 200 1
273 76 200 1
274 52 200 1
275 63 200 1
276 77 200 1
277 94 200 1
278 52 200 1
279 84 200 1
280 69 200 1
281 69 200 1
282 94 200 1
283 98 200 1
284 100 200 1
285 79 200 1
286 63 200 1
287 58 200 1
288 62 200 1
289 95 200 1
290 67 200 1
291 93 200 1
292 92 200 1
293 94 200 1
294 95 200 1
295 61 200 1
296 94 200 1
297 91 200 1
298 69 200 1
299 57 200 1
300 90 200 1
301 87 200 1
302 98 200 1
303 92 200 1
304 100 200 1
305 52 200 1
306 96 200 1
307 69 200 1
308 100 200 1
309 88 200 1
310 62 200 1
311 55 200 1
312 54 200 1
313 74 200 1
314 69 200 1
315 88 200 1
316 72 200 1
317 65 200 1
318 67 200 1
319 60 200 1
320 89 200 1
321 69 200 1
322 69 200 1
323 75 200 1
324 67 200 1
325 96 200 1
326 85 200 1
327 71 200 1
328 64 200 1
329 94 200 1
330 99 200 1
331 87 200 1
332 73 200 1
333 59 200 1
334 72 200 1
335 91 200 1
336 74 200 1
337 54 200 1
338 54 200 1
339 86 200 1
340 57 200 1
341 95 200 1
342 51 200 1
343 54 200 1
344 51 200 1
345 71 200 1
346 73 200 1
347 70 200 1
348 68 200 1
349 82 200 1
350 96 200 1
351 89 200 1
352 61 200 1
353 71 200 1
354 95 200 1
355 77 200 1
356 79 200 1
357 86 200 1
358 100 200 1
359 58 200 1
360 94 200 1
361 92 200 1
362 51 200 1
363 94 200 1
364 72 200 1
365 76 200 1
366 97 200 1
367 52 200 1
368 52 200 1
369 59 200 1
370 57 200 1
371 100 200 1
372 75 200 1
373 60 200 1
374 67 200 1
375 68 200 1
376 71 200 1
377 77 200 1
378 91 200 1
379 71 200 1
380 82 200 1
381 85 200 1
382 97 200 1
383 92 200 1
384 97 200 1
385 99 200 1
386 74 200 1
387 99 200 1
388 72 200 1
389 67 200 1
390 75 200 1
391 63 200 1
392 100 200 1
393 100 200 1
394 86 200 1
395 92 200 1
396 72 200 1
397 74 200 1
398 82 200 1
399 99 200 1
400 83 200 1
401 85 200 1
402 85 200 1
403 79 200 1
404 67 200 1
405 91 200 1
406 81 200 1
407 91 200 1
408 85 200 1
409 54 200 1
410 60 200 1
411 94 200 1
412 90 200 1
413 95 200 1
414 91 200 1
415 68 200 1
416 79 200 1
417 92 200 1
418 85 200 1
419 74 200 1
420 77 200 1
421 58 200 1
422 67 200 1
423 83 200 1
424 59 200 1
425 75 200 1
426 63 200 1
427 77 200 1
428 95 200 1
429 58 200 1
430 61 200 1
431 60 200 1
432 79 200 1
433 94 200 1
434 64 200 1
435 68 200 1
436 80 200 1
437 65 200 1
438 87 200 1
439 72 200 1
440 77 200 1
441 54 200 1
442 62 200 1
443 74 200 1
444 57 200 1
445 98 200 1
446 72 200 1
447 75 200 1
448 98 200 1
449 83 200 1
450 54 200 1
451 61 200 1
452 61 200 1
453 94 200 1
454 57 200 1
455 67 200 1
456 61 200 1
457 65 200 1
458 88 200 1
459 72 200 1
460 98 200 1
461 98 200 1
462 88 200 1
463 68 200 1
464 63 200 1
465 89 200 1
466 71 200 1
467 92 200 1
468 51 200 1
469 78 200 1
470 53 200 1
471 64 200 1
472 91 200 1
473 73 200 1
474 78 200 1
475 77 200 1
476 84 200 1
477 51 200 1
478 56 200 1
479 71 200 1
480 59 200 1
481 96 200 1
482 57 200 1
483 53 200 1
484 77 200 1
485 77 200 1
486 100 200 1
487 71 200 1
488 53 200 1
489 61 200 1
490 69 200 1
491 83 200 1
492 73 200 1
493 83 200 1
494 93 200 1
495 60 200 1
496 69 200 1
497 65 200 1
498 79 200 1
499 58 200 1
