NAME GBP_INSTANCES\prob_2_B_2_6_0.txt
COMMENT
BINTYPES 5
ITEMS 100
BINS_SECTIONS
0 60 60 0 108 
1 80 80 0 81 
2 100 100 0 65 
3 120 120 0 54 
4 150 150 0 44 
ITEMS_SECTIONS
0 100 200 1
1 22 200 1
2 72 200 1
3 37 200 1
4 87 200 1
5 27 200 1
6 89 200 1
7 67 200 1
8 99 200 1
9 83 200 1
10 77 200 1
11 24 200 1
12 40 200 1
13 100 200 1
14 89 200 1
15 99 200 1
16 90 200 1
17 42 200 1
18 98 200 1
19 77 200 1
20 82 200 1
21 74 200 1
22 96 200 1
23 67 200 1
24 70 200 1
25 47 200 1
26 21 200 1
27 78 200 1
28 84 200 1
29 87 200 1
30 72 200 1
31 88 200 1
32 28 200 1
33 59 200 1
34 93 200 1
35 55 200 1
36 41 200 1
37 61 200 1
38 22 200 1
39 74 200 1
40 32 200 1
41 59 200 1
42 84 200 1
43 50 200 1
44 76 200 1
45 81 200 1
46 78 200 1
47 53 200 1
48 57 200 1
49 46 200 1
50 47 200 1
51 89 200 1
52 94 200 1
53 89 200 1
54 84 200 1
55 37 200 1
56 41 200 1
57 60 200 1
58 24 200 1
59 26 200 1
60 85 200 1
61 86 200 1
62 69 200 1
63 77 200 1
64 100 200 1
65 83 200 1
66 63 200 1
67 60 200 1
68 86 200 1
69 37 200 1
70 49 200 1
71 36 200 1
72 84 200 1
73 37 200 1
74 66 200 1
75 74 200 1
76 52 200 1
77 58 200 1
78 74 200 1
79 27 200 1
80 88 200 1
81 68 200 1
82 26 200 1
83 49 200 1
84 49 200 1
85 64 200 1
86 22 200 1
87 77 200 1
88 73 200 1
89 46 200 1
90 93 200 1
91 30 200 1
92 98 200 1
93 91 200 1
94 95 200 1
95 71 200 1
96 32 200 1
97 65 200 1
98 72 200 1
99 38 200 1
