NAME GBP_INSTANCES\prob_2_B_2_2_0.txt
COMMENT
BINTYPES 5
ITEMS 100
BINS_SECTIONS
0 60 60 0 106 
1 80 80 0 80 
2 100 100 0 64 
3 120 120 0 53 
4 150 150 0 43 
ITEMS_SECTIONS
0 57 200 1
1 69 200 1
2 88 200 1
3 79 200 1
4 90 200 1
5 41 200 1
6 26 200 1
7 67 200 1
8 52 200 1
9 89 200 1
10 95 200 1
11 96 200 1
12 77 200 1
13 37 200 1
14 53 200 1
15 88 200 1
16 85 200 1
17 86 200 1
18 54 200 1
19 64 200 1
20 77 200 1
21 36 200 1
22 79 200 1
23 45 200 1
24 31 200 1
25 76 200 1
26 96 200 1
27 43 200 1
28 32 200 1
29 69 200 1
30 54 200 1
31 42 200 1
32 71 200 1
33 87 200 1
34 79 200 1
35 40 200 1
36 88 200 1
37 35 200 1
38 67 200 1
39 64 200 1
40 65 200 1
41 54 200 1
42 57 200 1
43 52 200 1
44 47 200 1
45 21 200 1
46 53 200 1
47 83 200 1
48 46 200 1
49 88 200 1
50 96 200 1
51 59 200 1
52 99 200 1
53 94 200 1
54 48 200 1
55 99 200 1
56 58 200 1
57 33 200 1
58 82 200 1
59 47 200 1
60 85 200 1
61 40 200 1
62 23 200 1
63 63 200 1
64 67 200 1
65 23 200 1
66 77 200 1
67 65 200 1
68 53 200 1
69 96 200 1
70 44 200 1
71 66 200 1
72 98 200 1
73 34 200 1
74 30 200 1
75 63 200 1
76 67 200 1
77 31 200 1
78 90 200 1
79 73 200 1
80 49 200 1
81 91 200 1
82 30 200 1
83 91 200 1
84 92 200 1
85 96 200 1
86 25 200 1
87 96 200 1
88 48 200 1
89 41 200 1
90 72 200 1
91 36 200 1
92 28 200 1
93 87 200 1
94 44 200 1
95 70 200 1
96 80 200 1
97 67 200 1
98 62 200 1
99 43 200 1
