NAME GBP_INSTANCES\prob_3_B_0_2_0.txt
COMMENT
BINTYPES 5
ITEMS 25
BINS_SECTIONS
0 60 60 0 32 
1 80 80 0 24 
2 100 100 0 20 
3 120 120 0 16 
4 150 150 0 13 
ITEMS_SECTIONS
0 75 200 0 
1 66 200 0 
2 81 200 0 
3 77 200 0 
4 84 200 0 
5 69 200 0 
6 77 200 0 
7 86 200 0 
8 66 200 0 
9 96 200 0 
10 52 200 0 
11 88 200 0 
12 86 200 0 
13 97 200 0 
14 76 200 0 
15 72 200 0 
16 54 200 0 
17 58 200 0 
18 86 200 0 
19 80 200 0 
20 82 200 0 
21 84 200 0 
22 75 200 0 
23 51 200 0 
24 91 200 0 
