NAME GBP_INSTANCES\prob_3_B_0_0_0.txt
COMMENT
BINTYPES 5
ITEMS 25
BINS_SECTIONS
0 60 60 0 31 
1 80 80 0 23 
2 100 100 0 19 
3 120 120 0 16 
4 150 150 0 13 
ITEMS_SECTIONS
0 70 200 0 
1 59 200 0 
2 51 200 0 
3 73 200 0 
4 69 200 0 
5 84 200 0 
6 55 200 0 
7 81 200 0 
8 62 200 0 
9 93 200 0 
10 58 200 0 
11 73 200 0 
12 100 200 0 
13 94 200 0 
14 59 200 0 
15 64 200 0 
16 73 200 0 
17 87 200 0 
18 56 200 0 
19 95 200 0 
20 82 200 0 
21 95 200 0 
22 54 200 0 
23 91 200 0 
24 56 200 0 
