NAME GBP_INSTANCES\prob_1_A_2_4_0.txt
COMMENT
BINTYPES 3
ITEMS 100
BINS_SECTIONS
0 100 100 0 52 
1 120 120 0 43 
2 150 150 0 35 
ITEMS_SECTIONS
0 39 200 0 
1 84 200 0 
2 32 200 0 
3 33 200 0 
4 25 200 0 
5 94 200 0 
6 66 200 0 
7 47 200 0 
8 58 200 0 
9 11 200 0 
10 56 200 0 
11 29 200 0 
12 76 200 0 
13 67 200 0 
14 61 200 0 
15 99 200 0 
16 16 200 0 
17 44 200 0 
18 74 200 0 
19 100 200 0 
20 48 200 0 
21 94 200 0 
22 65 200 0 
23 60 200 0 
24 20 200 0 
25 27 200 0 
26 67 200 0 
27 55 200 0 
28 50 200 0 
29 57 200 0 
30 15 200 0 
31 59 200 0 
32 67 200 0 
33 86 200 0 
34 15 200 0 
35 94 200 0 
36 53 200 0 
37 26 200 0 
38 69 200 0 
39 95 200 0 
40 75 200 0 
41 11 200 0 
42 21 200 0 
43 96 200 0 
44 65 200 0 
45 21 200 0 
46 38 200 0 
47 39 200 0 
48 20 200 0 
49 76 200 0 
50 27 200 0 
51 36 200 0 
52 9 200 0 
53 98 200 0 
54 75 200 0 
55 65 200 0 
56 43 200 0 
57 12 200 0 
58 9 200 0 
59 42 200 0 
60 80 200 0 
61 85 200 0 
62 82 200 0 
63 37 200 0 
64 57 200 0 
65 87 200 0 
66 69 200 0 
67 92 200 0 
68 89 200 0 
69 41 200 0 
70 85 200 0 
71 12 200 0 
72 40 200 0 
73 60 200 0 
74 5 200 0 
75 47 200 0 
76 4 200 0 
77 65 200 0 
78 2 200 0 
79 97 200 0 
80 6 200 0 
81 40 200 0 
82 74 200 0 
83 17 200 0 
84 58 200 0 
85 39 200 0 
86 98 200 0 
87 42 200 0 
88 73 200 0 
89 4 200 0 
90 47 200 0 
91 69 200 0 
92 75 200 0 
93 2 200 0 
94 36 200 0 
95 54 200 0 
96 21 200 0 
97 41 200 0 
98 36 200 0 
99 79 200 0 
