NAME GBP_INSTANCES\prob_2_A_4_4_0.txt
COMMENT
BINTYPES 3
ITEMS 500
BINS_SECTIONS
0 100 100 0 293 
1 120 120 0 244 
2 150 150 0 195 
ITEMS_SECTIONS
0 78 200 0 
1 39 200 0 
2 85 200 0 
3 67 200 0 
4 38 200 0 
5 81 200 0 
6 77 200 0 
7 29 200 0 
8 67 200 0 
9 53 200 0 
10 36 200 0 
11 97 200 0 
12 47 200 0 
13 69 200 0 
14 69 200 0 
15 29 200 0 
16 65 200 0 
17 91 200 0 
18 92 200 0 
19 42 200 0 
20 42 200 0 
21 69 200 0 
22 78 200 0 
23 27 200 0 
24 73 200 0 
25 44 200 0 
26 70 200 0 
27 30 200 0 
28 26 200 0 
29 32 200 0 
30 86 200 0 
31 81 200 0 
32 64 200 0 
33 80 200 0 
34 87 200 0 
35 25 200 0 
36 55 200 0 
37 76 200 0 
38 85 200 0 
39 80 200 0 
40 23 200 0 
41 29 200 0 
42 70 200 0 
43 44 200 0 
44 79 200 0 
45 81 200 0 
46 62 200 0 
47 57 200 0 
48 68 200 0 
49 77 200 0 
50 64 200 0 
51 92 200 0 
52 96 200 0 
53 43 200 0 
54 57 200 0 
55 62 200 0 
56 77 200 0 
57 46 200 0 
58 46 200 0 
59 38 200 0 
60 51 200 0 
61 48 200 0 
62 61 200 0 
63 50 200 0 
64 23 200 0 
65 75 200 0 
66 50 200 0 
67 92 200 0 
68 52 200 0 
69 43 200 0 
70 44 200 0 
71 52 200 0 
72 63 200 0 
73 35 200 0 
74 41 200 0 
75 99 200 0 
76 91 200 0 
77 35 200 0 
78 77 200 0 
79 49 200 0 
80 55 200 0 
81 26 200 0 
82 100 200 0 
83 78 200 0 
84 74 200 0 
85 75 200 0 
86 21 200 0 
87 38 200 0 
88 25 200 0 
89 24 200 0 
90 38 200 0 
91 55 200 0 
92 85 200 0 
93 42 200 0 
94 23 200 0 
95 50 200 0 
96 64 200 0 
97 27 200 0 
98 44 200 0 
99 99 200 0 
100 79 200 0 
101 87 200 0 
102 34 200 0 
103 33 200 0 
104 56 200 0 
105 85 200 0 
106 33 200 0 
107 61 200 0 
108 43 200 0 
109 76 200 0 
110 39 200 0 
111 88 200 0 
112 32 200 0 
113 30 200 0 
114 38 200 0 
115 66 200 0 
116 67 200 0 
117 93 200 0 
118 36 200 0 
119 99 200 0 
120 44 200 0 
121 39 200 0 
122 21 200 0 
123 73 200 0 
124 89 200 0 
125 23 200 0 
126 86 200 0 
127 22 200 0 
128 94 200 0 
129 30 200 0 
130 76 200 0 
131 26 200 0 
132 25 200 0 
133 38 200 0 
134 32 200 0 
135 59 200 0 
136 67 200 0 
137 45 200 0 
138 69 200 0 
139 35 200 0 
140 52 200 0 
141 76 200 0 
142 90 200 0 
143 48 200 0 
144 45 200 0 
145 22 200 0 
146 56 200 0 
147 28 200 0 
148 81 200 0 
149 71 200 0 
150 70 200 0 
151 92 200 0 
152 58 200 0 
153 77 200 0 
154 64 200 0 
155 72 200 0 
156 98 200 0 
157 48 200 0 
158 100 200 0 
159 91 200 0 
160 56 200 0 
161 22 200 0 
162 93 200 0 
163 79 200 0 
164 94 200 0 
165 94 200 0 
166 72 200 0 
167 33 200 0 
168 39 200 0 
169 26 200 0 
170 27 200 0 
171 36 200 0 
172 74 200 0 
173 36 200 0 
174 30 200 0 
175 69 200 0 
176 96 200 0 
177 26 200 0 
178 27 200 0 
179 87 200 0 
180 42 200 0 
181 31 200 0 
182 66 200 0 
183 54 200 0 
184 29 200 0 
185 55 200 0 
186 97 200 0 
187 99 200 0 
188 66 200 0 
189 59 200 0 
190 54 200 0 
191 89 200 0 
192 90 200 0 
193 31 200 0 
194 56 200 0 
195 54 200 0 
196 91 200 0 
197 99 200 0 
198 89 200 0 
199 45 200 0 
200 33 200 0 
201 66 200 0 
202 46 200 0 
203 64 200 0 
204 61 200 0 
205 82 200 0 
206 35 200 0 
207 76 200 0 
208 64 200 0 
209 73 200 0 
210 82 200 0 
211 28 200 0 
212 30 200 0 
213 41 200 0 
214 25 200 0 
215 50 200 0 
216 35 200 0 
217 54 200 0 
218 66 200 0 
219 31 200 0 
220 24 200 0 
221 49 200 0 
222 73 200 0 
223 40 200 0 
224 57 200 0 
225 92 200 0 
226 26 200 0 
227 52 200 0 
228 56 200 0 
229 29 200 0 
230 71 200 0 
231 53 200 0 
232 66 200 0 
233 53 200 0 
234 40 200 0 
235 29 200 0 
236 44 200 0 
237 70 200 0 
238 99 200 0 
239 26 200 0 
240 28 200 0 
241 42 200 0 
242 52 200 0 
243 30 200 0 
244 46 200 0 
245 59 200 0 
246 86 200 0 
247 91 200 0 
248 34 200 0 
249 86 200 0 
250 93 200 0 
251 49 200 0 
252 83 200 0 
253 56 200 0 
254 100 200 0 
255 70 200 0 
256 90 200 0 
257 85 200 0 
258 81 200 0 
259 82 200 0 
260 27 200 0 
261 62 200 0 
262 65 200 0 
263 42 200 0 
264 35 200 0 
265 39 200 0 
266 100 200 0 
267 67 200 0 
268 49 200 0 
269 62 200 0 
270 34 200 0 
271 61 200 0 
272 21 200 0 
273 58 200 0 
274 22 200 0 
275 93 200 0 
276 87 200 0 
277 89 200 0 
278 46 200 0 
279 56 200 0 
280 21 200 0 
281 88 200 0 
282 79 200 0 
283 83 200 0 
284 27 200 0 
285 85 200 0 
286 56 200 0 
287 96 200 0 
288 46 200 0 
289 62 200 0 
290 76 200 0 
291 62 200 0 
292 41 200 0 
293 27 200 0 
294 98 200 0 
295 25 200 0 
296 31 200 0 
297 88 200 0 
298 98 200 0 
299 62 200 0 
300 23 200 0 
301 88 200 0 
302 30 200 0 
303 29 200 0 
304 36 200 0 
305 95 200 0 
306 96 200 0 
307 50 200 0 
308 66 200 0 
309 23 200 0 
310 77 200 0 
311 93 200 0 
312 25 200 0 
313 85 200 0 
314 24 200 0 
315 51 200 0 
316 41 200 0 
317 31 200 0 
318 79 200 0 
319 61 200 0 
320 53 200 0 
321 79 200 0 
322 45 200 0 
323 56 200 0 
324 49 200 0 
325 40 200 0 
326 92 200 0 
327 43 200 0 
328 26 200 0 
329 26 200 0 
330 79 200 0 
331 45 200 0 
332 68 200 0 
333 65 200 0 
334 94 200 0 
335 49 200 0 
336 23 200 0 
337 53 200 0 
338 76 200 0 
339 39 200 0 
340 57 200 0 
341 40 200 0 
342 92 200 0 
343 54 200 0 
344 37 200 0 
345 30 200 0 
346 23 200 0 
347 98 200 0 
348 66 200 0 
349 75 200 0 
350 45 200 0 
351 96 200 0 
352 41 200 0 
353 41 200 0 
354 36 200 0 
355 35 200 0 
356 84 200 0 
357 23 200 0 
358 25 200 0 
359 83 200 0 
360 28 200 0 
361 92 200 0 
362 29 200 0 
363 35 200 0 
364 43 200 0 
365 38 200 0 
366 50 200 0 
367 25 200 0 
368 49 200 0 
369 81 200 0 
370 100 200 0 
371 24 200 0 
372 48 200 0 
373 47 200 0 
374 59 200 0 
375 62 200 0 
376 84 200 0 
377 42 200 0 
378 29 200 0 
379 37 200 0 
380 41 200 0 
381 46 200 0 
382 46 200 0 
383 41 200 0 
384 57 200 0 
385 99 200 0 
386 39 200 0 
387 40 200 0 
388 94 200 0 
389 27 200 0 
390 97 200 0 
391 81 200 0 
392 81 200 0 
393 49 200 0 
394 29 200 0 
395 37 200 0 
396 47 200 0 
397 100 200 0 
398 100 200 0 
399 49 200 0 
400 59 200 0 
401 95 200 0 
402 87 200 0 
403 40 200 0 
404 27 200 0 
405 78 200 0 
406 84 200 0 
407 25 200 0 
408 69 200 0 
409 91 200 0 
410 94 200 0 
411 67 200 0 
412 63 200 0 
413 59 200 0 
414 74 200 0 
415 80 200 0 
416 22 200 0 
417 94 200 0 
418 57 200 0 
419 97 200 0 
420 23 200 0 
421 70 200 0 
422 82 200 0 
423 79 200 0 
424 29 200 0 
425 68 200 0 
426 100 200 0 
427 47 200 0 
428 95 200 0 
429 70 200 0 
430 22 200 0 
431 81 200 0 
432 36 200 0 
433 98 200 0 
434 49 200 0 
435 27 200 0 
436 58 200 0 
437 55 200 0 
438 92 200 0 
439 41 200 0 
440 95 200 0 
441 71 200 0 
442 46 200 0 
443 57 200 0 
444 65 200 0 
445 38 200 0 
446 96 200 0 
447 28 200 0 
448 60 200 0 
449 32 200 0 
450 35 200 0 
451 61 200 0 
452 56 200 0 
453 58 200 0 
454 51 200 0 
455 69 200 0 
456 72 200 0 
457 89 200 0 
458 39 200 0 
459 45 200 0 
460 39 200 0 
461 56 200 0 
462 55 200 0 
463 29 200 0 
464 78 200 0 
465 100 200 0 
466 98 200 0 
467 73 200 0 
468 43 200 0 
469 27 200 0 
470 62 200 0 
471 74 200 0 
472 60 200 0 
473 44 200 0 
474 50 200 0 
475 21 200 0 
476 59 200 0 
477 35 200 0 
478 58 200 0 
479 44 200 0 
480 87 200 0 
481 89 200 0 
482 93 200 0 
483 93 200 0 
484 53 200 0 
485 23 200 0 
486 57 200 0 
487 67 200 0 
488 48 200 0 
489 57 200 0 
490 59 200 0 
491 81 200 0 
492 50 200 0 
493 53 200 0 
494 92 200 0 
495 67 200 0 
496 85 200 0 
497 41 200 0 
498 43 200 0 
499 94 200 0 
