NAME GBP_INSTANCES\prob_3_A_3_5_0.txt
COMMENT
BINTYPES 3
ITEMS 200
BINS_SECTIONS
0 100 100 0 151 
1 120 120 0 126 
2 150 150 0 101 
ITEMS_SECTIONS
0 99 200 1
1 82 200 1
2 78 200 1
3 88 200 1
4 75 200 1
5 93 200 1
6 86 200 1
7 93 200 1
8 76 200 1
9 64 200 1
10 52 200 1
11 89 200 1
12 64 200 1
13 70 200 1
14 67 200 1
15 72 200 1
16 82 200 1
17 61 200 1
18 62 200 1
19 62 200 1
20 88 200 1
21 58 200 1
22 85 200 1
23 98 200 1
24 74 200 1
25 95 200 1
26 53 200 1
27 68 200 1
28 94 200 1
29 64 200 1
30 77 200 1
31 79 200 1
32 82 200 1
33 85 200 1
34 62 200 1
35 69 200 1
36 66 200 1
37 65 200 1
38 85 200 1
39 57 200 1
40 85 200 1
41 69 200 1
42 81 200 1
43 58 200 1
44 73 200 1
45 64 200 1
46 69 200 1
47 89 200 1
48 80 200 1
49 53 200 1
50 70 200 1
51 97 200 1
52 62 200 1
53 72 200 1
54 68 200 1
55 97 200 1
56 97 200 1
57 64 200 1
58 63 200 1
59 78 200 1
60 89 200 1
61 96 200 1
62 54 200 1
63 89 200 1
64 59 200 1
65 87 200 1
66 70 200 1
67 51 200 1
68 57 200 1
69 62 200 1
70 75 200 1
71 98 200 1
72 79 200 1
73 61 200 1
74 67 200 1
75 70 200 1
76 80 200 1
77 94 200 1
78 98 200 1
79 84 200 1
80 58 200 1
81 97 200 1
82 87 200 1
83 64 200 1
84 57 200 1
85 65 200 1
86 95 200 1
87 66 200 1
88 71 200 1
89 66 200 1
90 98 200 1
91 67 200 1
92 78 200 1
93 72 200 1
94 66 200 1
95 61 200 1
96 54 200 1
97 52 200 1
98 80 200 1
99 75 200 1
100 83 200 1
101 71 200 1
102 64 200 1
103 51 200 1
104 77 200 1
105 77 200 1
106 92 200 1
107 64 200 1
108 56 200 1
109 89 200 1
110 60 200 1
111 60 200 1
112 65 200 1
113 96 200 1
114 85 200 1
115 88 200 1
116 69 200 1
117 100 200 1
118 54 200 1
119 62 200 1
120 61 200 1
121 55 200 1
122 58 200 1
123 83 200 1
124 69 200 1
125 72 200 1
126 72 200 1
127 93 200 1
128 88 200 1
129 72 200 1
130 59 200 1
131 99 200 1
132 53 200 1
133 77 200 1
134 70 200 1
135 93 200 1
136 92 200 1
137 88 200 1
138 74 200 1
139 96 200 1
140 97 200 1
141 82 200 1
142 69 200 1
143 61 200 1
144 97 200 1
145 83 200 1
146 72 200 1
147 60 200 1
148 70 200 1
149 93 200 1
150 93 200 1
151 84 200 1
152 84 200 1
153 64 200 1
154 80 200 1
155 90 200 1
156 93 200 1
157 82 200 1
158 94 200 1
159 75 200 1
160 82 200 1
161 69 200 1
162 57 200 1
163 99 200 1
164 97 200 1
165 76 200 1
166 73 200 1
167 94 200 1
168 91 200 1
169 90 200 1
170 68 200 1
171 88 200 1
172 71 200 1
173 60 200 1
174 52 200 1
175 73 200 1
176 99 200 1
177 69 200 1
178 94 200 1
179 89 200 1
180 100 200 1
181 63 200 1
182 74 200 1
183 71 200 1
184 52 200 1
185 58 200 1
186 85 200 1
187 69 200 1
188 55 200 1
189 93 200 1
190 62 200 1
191 89 200 1
192 56 200 1
193 95 200 1
194 62 200 1
195 66 200 1
196 72 200 1
197 64 200 1
198 64 200 1
199 66 200 1
