NAME GBP_INSTANCES\prob_2_B_0_2_0.txt
COMMENT
BINTYPES 5
ITEMS 25
BINS_SECTIONS
0 60 60 0 26 
1 80 80 0 20 
2 100 100 0 16 
3 120 120 0 13 
4 150 150 0 11 
ITEMS_SECTIONS
0 95 200 0 
1 32 200 0 
2 72 200 0 
3 77 200 0 
4 85 200 0 
5 57 200 0 
6 99 200 0 
7 21 200 0 
8 43 200 0 
9 49 200 0 
10 25 200 0 
11 42 200 0 
12 33 200 0 
13 67 200 0 
14 84 200 0 
15 89 200 0 
16 56 200 0 
17 90 200 0 
18 21 200 0 
19 32 200 0 
20 56 200 0 
21 85 200 0 
22 81 200 0 
23 53 200 0 
24 93 200 0 
