NAME GBP_INSTANCES\prob_3_A_4_9_0.txt
COMMENT
BINTYPES 3
ITEMS 500
BINS_SECTIONS
0 100 100 0 379 
1 120 120 0 316 
2 150 150 0 253 
ITEMS_SECTIONS
0 81 200 1
1 93 200 1
2 60 200 1
3 67 200 1
4 85 200 1
5 59 200 1
6 70 200 1
7 64 200 1
8 96 200 1
9 58 200 1
10 100 200 1
11 74 200 1
12 52 200 1
13 79 200 1
14 98 200 1
15 51 200 1
16 86 200 1
17 79 200 1
18 95 200 1
19 55 200 1
20 71 200 1
21 84 200 1
22 66 200 1
23 70 200 1
24 97 200 1
25 72 200 1
26 68 200 1
27 61 200 1
28 85 200 1
29 87 200 1
30 59 200 1
31 55 200 1
32 96 200 1
33 64 200 1
34 90 200 1
35 64 200 1
36 53 200 1
37 76 200 1
38 69 200 1
39 98 200 1
40 80 200 1
41 74 200 1
42 53 200 1
43 74 200 1
44 73 200 1
45 86 200 1
46 56 200 1
47 75 200 1
48 69 200 1
49 82 200 1
50 82 200 1
51 69 200 1
52 54 200 1
53 97 200 1
54 66 200 1
55 83 200 1
56 51 200 1
57 98 200 1
58 97 200 1
59 96 200 1
60 75 200 1
61 91 200 1
62 86 200 1
63 51 200 1
64 69 200 1
65 61 200 1
66 67 200 1
67 90 200 1
68 99 200 1
69 83 200 1
70 92 200 1
71 71 200 1
72 97 200 1
73 53 200 1
74 51 200 1
75 64 200 1
76 73 200 1
77 72 200 1
78 92 200 1
79 93 200 1
80 65 200 1
81 84 200 1
82 96 200 1
83 63 200 1
84 68 200 1
85 57 200 1
86 67 200 1
87 92 200 1
88 75 200 1
89 93 200 1
90 66 200 1
91 91 200 1
92 74 200 1
93 73 200 1
94 100 200 1
95 54 200 1
96 67 200 1
97 67 200 1
98 69 200 1
99 57 200 1
100 79 200 1
101 100 200 1
102 99 200 1
103 78 200 1
104 63 200 1
105 84 200 1
106 85 200 1
107 84 200 1
108 99 200 1
109 82 200 1
110 69 200 1
111 99 200 1
112 76 200 1
113 69 200 1
114 75 200 1
115 95 200 1
116 92 200 1
117 72 200 1
118 72 200 1
119 79 200 1
120 96 200 1
121 74 200 1
122 93 200 1
123 61 200 1
124 79 200 1
125 95 200 1
126 82 200 1
127 69 200 1
128 78 200 1
129 69 200 1
130 88 200 1
131 70 200 1
132 96 200 1
133 76 200 1
134 89 200 1
135 85 200 1
136 67 200 1
137 61 200 1
138 54 200 1
139 69 200 1
140 99 200 1
141 90 200 1
142 88 200 1
143 56 200 1
144 81 200 1
145 77 200 1
146 63 200 1
147 66 200 1
148 55 200 1
149 81 200 1
150 70 200 1
151 92 200 1
152 66 200 1
153 63 200 1
154 59 200 1
155 58 200 1
156 88 200 1
157 95 200 1
158 100 200 1
159 67 200 1
160 66 200 1
161 59 200 1
162 76 200 1
163 76 200 1
164 52 200 1
165 89 200 1
166 93 200 1
167 73 200 1
168 73 200 1
169 85 200 1
170 68 200 1
171 94 200 1
172 68 200 1
173 52 200 1
174 84 200 1
175 94 200 1
176 77 200 1
177 52 200 1
178 69 200 1
179 69 200 1
180 83 200 1
181 53 200 1
182 88 200 1
183 96 200 1
184 58 200 1
185 88 200 1
186 55 200 1
187 81 200 1
188 94 200 1
189 93 200 1
190 57 200 1
191 85 200 1
192 68 200 1
193 84 200 1
194 95 200 1
195 62 200 1
196 98 200 1
197 97 200 1
198 80 200 1
199 91 200 1
200 66 200 1
201 59 200 1
202 99 200 1
203 78 200 1
204 99 200 1
205 53 200 1
206 78 200 1
207 59 200 1
208 90 200 1
209 93 200 1
210 60 200 1
211 87 200 1
212 100 200 1
213 85 200 1
214 87 200 1
215 72 200 1
216 70 200 1
217 79 200 1
218 83 200 1
219 68 200 1
220 90 200 1
221 89 200 1
222 93 200 1
223 79 200 1
224 93 200 1
225 94 200 1
226 68 200 1
227 60 200 1
228 82 200 1
229 88 200 1
230 56 200 1
231 54 200 1
232 56 200 1
233 91 200 1
234 81 200 1
235 80 200 1
236 86 200 1
237 55 200 1
238 78 200 1
239 66 200 1
240 65 200 1
241 53 200 1
242 66 200 1
243 99 200 1
244 79 200 1
245 55 200 1
246 64 200 1
247 71 200 1
248 74 200 1
249 72 200 1
250 57 200 1
251 51 200 1
252 68 200 1
253 61 200 1
254 83 200 1
255 71 200 1
256 76 200 1
257 97 200 1
258 82 200 1
259 94 200 1
260 53 200 1
261 80 200 1
262 60 200 1
263 96 200 1
264 77 200 1
265 96 200 1
266 56 200 1
267 52 200 1
268 69 200 1
269 52 200 1
270 77 200 1
271 95 200 1
272 73 200 1
273 91 200 1
274 76 200 1
275 74 200 1
276 92 200 1
277 71 200 1
278 55 200 1
279 59 200 1
280 66 200 1
281 59 200 1
282 100 200 1
283 53 200 1
284 69 200 1
285 68 200 1
286 88 200 1
287 52 200 1
288 73 200 1
289 52 200 1
290 79 200 1
291 78 200 1
292 55 200 1
293 70 200 1
294 69 200 1
295 66 200 1
296 84 200 1
297 92 200 1
298 79 200 1
299 90 200 1
300 87 200 1
301 69 200 1
302 54 200 1
303 94 200 1
304 57 200 1
305 70 200 1
306 91 200 1
307 72 200 1
308 59 200 1
309 69 200 1
310 77 200 1
311 69 200 1
312 62 200 1
313 84 200 1
314 97 200 1
315 90 200 1
316 80 200 1
317 98 200 1
318 57 200 1
319 77 200 1
320 64 200 1
321 75 200 1
322 69 200 1
323 69 200 1
324 82 200 1
325 84 200 1
326 96 200 1
327 83 200 1
328 58 200 1
329 100 200 1
330 65 200 1
331 81 200 1
332 78 200 1
333 57 200 1
334 75 200 1
335 79 200 1
336 85 200 1
337 58 200 1
338 74 200 1
339 97 200 1
340 99 200 1
341 67 200 1
342 86 200 1
343 54 200 1
344 55 200 1
345 98 200 1
346 94 200 1
347 69 200 1
348 87 200 1
349 69 200 1
350 71 200 1
351 71 200 1
352 54 200 1
353 87 200 1
354 66 200 1
355 68 200 1
356 79 200 1
357 80 200 1
358 89 200 1
359 80 200 1
360 52 200 1
361 99 200 1
362 91 200 1
363 52 200 1
364 78 200 1
365 51 200 1
366 90 200 1
367 84 200 1
368 96 200 1
369 77 200 1
370 97 200 1
371 96 200 1
372 78 200 1
373 61 200 1
374 74 200 1
375 80 200 1
376 59 200 1
377 56 200 1
378 99 200 1
379 91 200 1
380 78 200 1
381 79 200 1
382 100 200 1
383 76 200 1
384 69 200 1
385 61 200 1
386 51 200 1
387 66 200 1
388 85 200 1
389 93 200 1
390 83 200 1
391 60 200 1
392 93 200 1
393 71 200 1
394 94 200 1
395 75 200 1
396 70 200 1
397 61 200 1
398 87 200 1
399 56 200 1
400 56 200 1
401 54 200 1
402 94 200 1
403 55 200 1
404 62 200 1
405 76 200 1
406 69 200 1
407 84 200 1
408 64 200 1
409 67 200 1
410 78 200 1
411 97 200 1
412 84 200 1
413 54 200 1
414 100 200 1
415 99 200 1
416 61 200 1
417 77 200 1
418 62 200 1
419 97 200 1
420 90 200 1
421 90 200 1
422 97 200 1
423 92 200 1
424 81 200 1
425 53 200 1
426 72 200 1
427 64 200 1
428 89 200 1
429 81 200 1
430 90 200 1
431 65 200 1
432 51 200 1
433 71 200 1
434 59 200 1
435 55 200 1
436 64 200 1
437 69 200 1
438 83 200 1
439 69 200 1
440 82 200 1
441 95 200 1
442 60 200 1
443 73 200 1
444 88 200 1
445 52 200 1
446 60 200 1
447 67 200 1
448 52 200 1
449 70 200 1
450 99 200 1
451 88 200 1
452 82 200 1
453 66 200 1
454 88 200 1
455 62 200 1
456 89 200 1
457 86 200 1
458 85 200 1
459 75 200 1
460 65 200 1
461 82 200 1
462 56 200 1
463 93 200 1
464 92 200 1
465 65 200 1
466 99 200 1
467 69 200 1
468 96 200 1
469 75 200 1
470 65 200 1
471 52 200 1
472 97 200 1
473 60 200 1
474 86 200 1
475 95 200 1
476 71 200 1
477 60 200 1
478 59 200 1
479 71 200 1
480 92 200 1
481 77 200 1
482 74 200 1
483 57 200 1
484 99 200 1
485 97 200 1
486 98 200 1
487 72 200 1
488 67 200 1
489 66 200 1
490 52 200 1
491 53 200 1
492 78 200 1
493 66 200 1
494 81 200 1
495 92 200 1
496 63 200 1
497 76 200 1
498 80 200 1
499 61 200 1
