NAME GBP_INSTANCES\prob_3_A_1_5_0.txt
COMMENT
BINTYPES 3
ITEMS 50
BINS_SECTIONS
0 100 100 0 36 
1 120 120 0 30 
2 150 150 0 24 
ITEMS_SECTIONS
0 84 200 1
1 59 200 1
2 58 200 1
3 57 200 1
4 52 200 1
5 85 200 1
6 90 200 1
7 86 200 1
8 65 200 1
9 79 200 1
10 61 200 1
11 52 200 1
12 94 200 1
13 65 200 1
14 75 200 1
15 51 200 1
16 76 200 1
17 90 200 1
18 81 200 1
19 56 200 1
20 64 200 1
21 91 200 1
22 84 200 1
23 52 200 1
24 57 200 1
25 57 200 1
26 88 200 1
27 75 200 1
28 69 200 1
29 85 200 1
30 59 200 1
31 73 200 1
32 58 200 1
33 87 200 1
34 80 200 1
35 55 200 1
36 58 200 1
37 60 200 1
38 94 200 1
39 52 200 1
40 63 200 1
41 64 200 1
42 73 200 1
43 89 200 1
44 51 200 1
45 69 200 1
46 87 200 1
47 69 200 1
48 67 200 1
49 70 200 1
