NAME GBP_INSTANCES\prob_2_A_4_0_0.txt
COMMENT
BINTYPES 3
ITEMS 500
BINS_SECTIONS
0 100 100 0 301 
1 120 120 0 251 
2 150 150 0 201 
ITEMS_SECTIONS
0 64 200 1
1 42 200 1
2 61 200 1
3 21 200 1
4 92 200 1
5 87 200 1
6 65 200 1
7 65 200 1
8 26 200 1
9 75 200 1
10 59 200 1
11 67 200 1
12 69 200 1
13 33 200 1
14 48 200 1
15 84 200 1
16 34 200 1
17 81 200 1
18 40 200 1
19 45 200 1
20 73 200 1
21 91 200 1
22 53 200 1
23 77 200 1
24 87 200 1
25 45 200 1
26 73 200 1
27 94 200 1
28 56 200 1
29 97 200 1
30 52 200 1
31 39 200 1
32 45 200 1
33 100 200 1
34 99 200 1
35 44 200 1
36 47 200 1
37 97 200 1
38 50 200 1
39 60 200 1
40 96 200 1
41 93 200 1
42 34 200 1
43 55 200 1
44 93 200 1
45 42 200 1
46 96 200 1
47 21 200 1
48 95 200 1
49 56 200 1
50 87 200 1
51 87 200 1
52 32 200 1
53 76 200 1
54 45 200 1
55 44 200 1
56 87 200 1
57 69 200 1
58 38 200 1
59 45 200 1
60 53 200 1
61 56 200 1
62 22 200 1
63 84 200 1
64 28 200 1
65 79 200 1
66 22 200 1
67 25 200 1
68 48 200 1
69 60 200 1
70 88 200 1
71 34 200 1
72 48 200 1
73 54 200 1
74 21 200 1
75 40 200 1
76 78 200 1
77 45 200 1
78 47 200 1
79 26 200 1
80 76 200 1
81 26 200 1
82 74 200 1
83 85 200 1
84 21 200 1
85 95 200 1
86 46 200 1
87 33 200 1
88 77 200 1
89 69 200 1
90 69 200 1
91 85 200 1
92 98 200 1
93 61 200 1
94 42 200 1
95 65 200 1
96 57 200 1
97 72 200 1
98 84 200 1
99 98 200 1
100 21 200 1
101 29 200 1
102 66 200 1
103 77 200 1
104 47 200 1
105 25 200 1
106 90 200 1
107 83 200 1
108 59 200 1
109 97 200 1
110 71 200 1
111 64 200 1
112 80 200 1
113 93 200 1
114 26 200 1
115 87 200 1
116 86 200 1
117 24 200 1
118 91 200 1
119 25 200 1
120 79 200 1
121 76 200 1
122 43 200 1
123 67 200 1
124 68 200 1
125 31 200 1
126 71 200 1
127 43 200 1
128 56 200 1
129 24 200 1
130 82 200 1
131 62 200 1
132 52 200 1
133 26 200 1
134 87 200 1
135 66 200 1
136 53 200 1
137 82 200 1
138 89 200 1
139 70 200 1
140 70 200 1
141 62 200 1
142 76 200 1
143 49 200 1
144 88 200 1
145 43 200 1
146 67 200 1
147 45 200 1
148 29 200 1
149 30 200 1
150 33 200 1
151 32 200 1
152 74 200 1
153 48 200 1
154 99 200 1
155 73 200 1
156 74 200 1
157 94 200 1
158 47 200 1
159 24 200 1
160 63 200 1
161 45 200 1
162 65 200 1
163 25 200 1
164 62 200 1
165 39 200 1
166 73 200 1
167 65 200 1
168 67 200 1
169 67 200 1
170 46 200 1
171 38 200 1
172 63 200 1
173 92 200 1
174 26 200 1
175 81 200 1
176 39 200 1
177 70 200 1
178 95 200 1
179 63 200 1
180 51 200 1
181 86 200 1
182 22 200 1
183 91 200 1
184 80 200 1
185 33 200 1
186 71 200 1
187 93 200 1
188 67 200 1
189 25 200 1
190 44 200 1
191 44 200 1
192 76 200 1
193 94 200 1
194 23 200 1
195 85 200 1
196 51 200 1
197 27 200 1
198 82 200 1
199 85 200 1
200 44 200 1
201 71 200 1
202 82 200 1
203 88 200 1
204 67 200 1
205 65 200 1
206 27 200 1
207 49 200 1
208 69 200 1
209 57 200 1
210 30 200 1
211 70 200 1
212 31 200 1
213 52 200 1
214 25 200 1
215 27 200 1
216 73 200 1
217 85 200 1
218 52 200 1
219 21 200 1
220 74 200 1
221 47 200 1
222 33 200 1
223 85 200 1
224 51 200 1
225 57 200 1
226 43 200 1
227 83 200 1
228 96 200 1
229 73 200 1
230 70 200 1
231 86 200 1
232 59 200 1
233 31 200 1
234 99 200 1
235 71 200 1
236 28 200 1
237 67 200 1
238 77 200 1
239 29 200 1
240 31 200 1
241 54 200 1
242 46 200 1
243 63 200 1
244 84 200 1
245 76 200 1
246 68 200 1
247 94 200 1
248 64 200 1
249 24 200 1
250 70 200 1
251 63 200 1
252 40 200 1
253 28 200 1
254 44 200 1
255 76 200 1
256 59 200 1
257 66 200 1
258 68 200 1
259 91 200 1
260 31 200 1
261 70 200 1
262 52 200 1
263 54 200 1
264 65 200 1
265 52 200 1
266 95 200 1
267 64 200 1
268 51 200 1
269 72 200 1
270 76 200 1
271 45 200 1
272 57 200 1
273 36 200 1
274 96 200 1
275 25 200 1
276 84 200 1
277 34 200 1
278 72 200 1
279 91 200 1
280 25 200 1
281 80 200 1
282 94 200 1
283 89 200 1
284 68 200 1
285 47 200 1
286 84 200 1
287 54 200 1
288 50 200 1
289 23 200 1
290 61 200 1
291 87 200 1
292 88 200 1
293 35 200 1
294 99 200 1
295 83 200 1
296 49 200 1
297 87 200 1
298 87 200 1
299 52 200 1
300 75 200 1
301 21 200 1
302 58 200 1
303 68 200 1
304 75 200 1
305 70 200 1
306 70 200 1
307 90 200 1
308 61 200 1
309 89 200 1
310 98 200 1
311 87 200 1
312 44 200 1
313 90 200 1
314 27 200 1
315 38 200 1
316 99 200 1
317 68 200 1
318 57 200 1
319 85 200 1
320 91 200 1
321 76 200 1
322 79 200 1
323 35 200 1
324 98 200 1
325 36 200 1
326 98 200 1
327 55 200 1
328 39 200 1
329 97 200 1
330 28 200 1
331 88 200 1
332 42 200 1
333 62 200 1
334 38 200 1
335 95 200 1
336 51 200 1
337 67 200 1
338 37 200 1
339 56 200 1
340 44 200 1
341 51 200 1
342 23 200 1
343 98 200 1
344 86 200 1
345 56 200 1
346 33 200 1
347 76 200 1
348 70 200 1
349 24 200 1
350 85 200 1
351 21 200 1
352 48 200 1
353 61 200 1
354 41 200 1
355 51 200 1
356 46 200 1
357 28 200 1
358 78 200 1
359 39 200 1
360 98 200 1
361 48 200 1
362 48 200 1
363 52 200 1
364 45 200 1
365 73 200 1
366 84 200 1
367 74 200 1
368 69 200 1
369 26 200 1
370 82 200 1
371 31 200 1
372 58 200 1
373 98 200 1
374 22 200 1
375 84 200 1
376 74 200 1
377 72 200 1
378 50 200 1
379 38 200 1
380 75 200 1
381 55 200 1
382 28 200 1
383 61 200 1
384 63 200 1
385 62 200 1
386 39 200 1
387 74 200 1
388 77 200 1
389 92 200 1
390 40 200 1
391 51 200 1
392 89 200 1
393 77 200 1
394 56 200 1
395 52 200 1
396 21 200 1
397 56 200 1
398 87 200 1
399 57 200 1
400 90 200 1
401 35 200 1
402 67 200 1
403 29 200 1
404 47 200 1
405 56 200 1
406 88 200 1
407 39 200 1
408 48 200 1
409 75 200 1
410 35 200 1
411 64 200 1
412 48 200 1
413 28 200 1
414 42 200 1
415 33 200 1
416 75 200 1
417 88 200 1
418 26 200 1
419 32 200 1
420 94 200 1
421 38 200 1
422 47 200 1
423 57 200 1
424 71 200 1
425 86 200 1
426 58 200 1
427 22 200 1
428 59 200 1
429 62 200 1
430 71 200 1
431 46 200 1
432 32 200 1
433 28 200 1
434 32 200 1
435 51 200 1
436 32 200 1
437 38 200 1
438 30 200 1
439 58 200 1
440 87 200 1
441 92 200 1
442 45 200 1
443 43 200 1
444 79 200 1
445 98 200 1
446 21 200 1
447 31 200 1
448 61 200 1
449 79 200 1
450 50 200 1
451 81 200 1
452 76 200 1
453 41 200 1
454 57 200 1
455 46 200 1
456 61 200 1
457 65 200 1
458 77 200 1
459 45 200 1
460 89 200 1
461 31 200 1
462 39 200 1
463 69 200 1
464 92 200 1
465 28 200 1
466 36 200 1
467 88 200 1
468 30 200 1
469 44 200 1
470 37 200 1
471 28 200 1
472 66 200 1
473 77 200 1
474 69 200 1
475 92 200 1
476 95 200 1
477 67 200 1
478 78 200 1
479 97 200 1
480 37 200 1
481 60 200 1
482 98 200 1
483 44 200 1
484 79 200 1
485 87 200 1
486 86 200 1
487 40 200 1
488 32 200 1
489 92 200 1
490 75 200 1
491 31 200 1
492 38 200 1
493 29 200 1
494 52 200 1
495 21 200 1
496 23 200 1
497 64 200 1
498 74 200 1
499 36 200 1
