NAME GBP_INSTANCES\prob_3_B_3_8_0.txt
COMMENT
BINTYPES 5
ITEMS 200
BINS_SECTIONS
0 60 60 0 255 
1 80 80 0 191 
2 100 100 0 153 
3 120 120 0 128 
4 150 150 0 102 
ITEMS_SECTIONS
0 76 200 0 
1 79 200 0 
2 94 200 0 
3 76 200 0 
4 60 200 0 
5 81 200 0 
6 57 200 0 
7 68 200 0 
8 52 200 0 
9 80 200 0 
10 59 200 0 
11 81 200 0 
12 68 200 0 
13 81 200 0 
14 73 200 0 
15 74 200 0 
16 100 200 0 
17 76 200 0 
18 83 200 0 
19 62 200 0 
20 91 200 0 
21 67 200 0 
22 60 200 0 
23 74 200 0 
24 83 200 0 
25 60 200 0 
26 77 200 0 
27 78 200 0 
28 89 200 0 
29 66 200 0 
30 67 200 0 
31 53 200 0 
32 91 200 0 
33 90 200 0 
34 94 200 0 
35 68 200 0 
36 52 200 0 
37 71 200 0 
38 75 200 0 
39 82 200 0 
40 55 200 0 
41 79 200 0 
42 54 200 0 
43 94 200 0 
44 57 200 0 
45 75 200 0 
46 89 200 0 
47 95 200 0 
48 57 200 0 
49 85 200 0 
50 59 200 0 
51 54 200 0 
52 80 200 0 
53 89 200 0 
54 70 200 0 
55 88 200 0 
56 80 200 0 
57 91 200 0 
58 95 200 0 
59 59 200 0 
60 92 200 0 
61 64 200 0 
62 74 200 0 
63 81 200 0 
64 60 200 0 
65 83 200 0 
66 88 200 0 
67 86 200 0 
68 55 200 0 
69 91 200 0 
70 63 200 0 
71 100 200 0 
72 71 200 0 
73 64 200 0 
74 51 200 0 
75 93 200 0 
76 57 200 0 
77 70 200 0 
78 83 200 0 
79 83 200 0 
80 65 200 0 
81 78 200 0 
82 66 200 0 
83 55 200 0 
84 95 200 0 
85 88 200 0 
86 67 200 0 
87 100 200 0 
88 93 200 0 
89 52 200 0 
90 71 200 0 
91 72 200 0 
92 97 200 0 
93 81 200 0 
94 94 200 0 
95 89 200 0 
96 82 200 0 
97 60 200 0 
98 89 200 0 
99 91 200 0 
100 96 200 0 
101 100 200 0 
102 85 200 0 
103 70 200 0 
104 98 200 0 
105 58 200 0 
106 90 200 0 
107 99 200 0 
108 85 200 0 
109 57 200 0 
110 95 200 0 
111 68 200 0 
112 57 200 0 
113 80 200 0 
114 65 200 0 
115 87 200 0 
116 79 200 0 
117 79 200 0 
118 52 200 0 
119 58 200 0 
120 76 200 0 
121 60 200 0 
122 74 200 0 
123 76 200 0 
124 64 200 0 
125 94 200 0 
126 80 200 0 
127 86 200 0 
128 70 200 0 
129 70 200 0 
130 54 200 0 
131 68 200 0 
132 85 200 0 
133 73 200 0 
134 79 200 0 
135 95 200 0 
136 94 200 0 
137 74 200 0 
138 62 200 0 
139 65 200 0 
140 92 200 0 
141 97 200 0 
142 89 200 0 
143 83 200 0 
144 76 200 0 
145 59 200 0 
146 64 200 0 
147 54 200 0 
148 64 200 0 
149 96 200 0 
150 100 200 0 
151 67 200 0 
152 94 200 0 
153 75 200 0 
154 66 200 0 
155 63 200 0 
156 87 200 0 
157 97 200 0 
158 57 200 0 
159 82 200 0 
160 98 200 0 
161 98 200 0 
162 93 200 0 
163 85 200 0 
164 72 200 0 
165 100 200 0 
166 60 200 0 
167 82 200 0 
168 80 200 0 
169 66 200 0 
170 56 200 0 
171 69 200 0 
172 68 200 0 
173 69 200 0 
174 52 200 0 
175 67 200 0 
176 75 200 0 
177 74 200 0 
178 71 200 0 
179 86 200 0 
180 65 200 0 
181 90 200 0 
182 62 200 0 
183 87 200 0 
184 70 200 0 
185 96 200 0 
186 61 200 0 
187 54 200 0 
188 99 200 0 
189 51 200 0 
190 74 200 0 
191 95 200 0 
192 100 200 0 
193 77 200 0 
194 60 200 0 
195 89 200 0 
196 90 200 0 
197 92 200 0 
198 61 200 0 
199 90 200 0 
