NAME GBP_INSTANCES\prob_2_B_3_3_0.txt
COMMENT
BINTYPES 5
ITEMS 200
BINS_SECTIONS
0 60 60 0 196 
1 80 80 0 147 
2 100 100 0 118 
3 120 120 0 98 
4 150 150 0 79 
ITEMS_SECTIONS
0 63 200 0 
1 87 200 0 
2 34 200 0 
3 28 200 0 
4 78 200 0 
5 40 200 0 
6 85 200 0 
7 81 200 0 
8 61 200 0 
9 52 200 0 
10 40 200 0 
11 41 200 0 
12 75 200 0 
13 44 200 0 
14 24 200 0 
15 40 200 0 
16 34 200 0 
17 39 200 0 
18 78 200 0 
19 96 200 0 
20 23 200 0 
21 85 200 0 
22 45 200 0 
23 96 200 0 
24 53 200 0 
25 38 200 0 
26 65 200 0 
27 50 200 0 
28 66 200 0 
29 69 200 0 
30 75 200 0 
31 32 200 0 
32 87 200 0 
33 98 200 0 
34 33 200 0 
35 62 200 0 
36 69 200 0 
37 42 200 0 
38 57 200 0 
39 49 200 0 
40 32 200 0 
41 41 200 0 
42 49 200 0 
43 42 200 0 
44 49 200 0 
45 81 200 0 
46 64 200 0 
47 40 200 0 
48 51 200 0 
49 86 200 0 
50 41 200 0 
51 93 200 0 
52 24 200 0 
53 58 200 0 
54 76 200 0 
55 85 200 0 
56 23 200 0 
57 68 200 0 
58 92 200 0 
59 28 200 0 
60 99 200 0 
61 67 200 0 
62 79 200 0 
63 100 200 0 
64 26 200 0 
65 43 200 0 
66 92 200 0 
67 33 200 0 
68 64 200 0 
69 90 200 0 
70 59 200 0 
71 76 200 0 
72 81 200 0 
73 43 200 0 
74 92 200 0 
75 77 200 0 
76 95 200 0 
77 81 200 0 
78 85 200 0 
79 29 200 0 
80 57 200 0 
81 23 200 0 
82 94 200 0 
83 79 200 0 
84 89 200 0 
85 94 200 0 
86 40 200 0 
87 54 200 0 
88 38 200 0 
89 76 200 0 
90 63 200 0 
91 21 200 0 
92 32 200 0 
93 29 200 0 
94 80 200 0 
95 99 200 0 
96 42 200 0 
97 41 200 0 
98 21 200 0 
99 88 200 0 
100 30 200 0 
101 55 200 0 
102 34 200 0 
103 78 200 0 
104 54 200 0 
105 96 200 0 
106 39 200 0 
107 48 200 0 
108 93 200 0 
109 22 200 0 
110 79 200 0 
111 25 200 0 
112 43 200 0 
113 24 200 0 
114 66 200 0 
115 88 200 0 
116 76 200 0 
117 98 200 0 
118 36 200 0 
119 26 200 0 
120 51 200 0 
121 35 200 0 
122 67 200 0 
123 92 200 0 
124 76 200 0 
125 85 200 0 
126 29 200 0 
127 33 200 0 
128 35 200 0 
129 81 200 0 
130 68 200 0 
131 65 200 0 
132 31 200 0 
133 37 200 0 
134 82 200 0 
135 21 200 0 
136 96 200 0 
137 24 200 0 
138 37 200 0 
139 23 200 0 
140 24 200 0 
141 29 200 0 
142 35 200 0 
143 95 200 0 
144 58 200 0 
145 52 200 0 
146 65 200 0 
147 79 200 0 
148 97 200 0 
149 43 200 0 
150 84 200 0 
151 68 200 0 
152 77 200 0 
153 21 200 0 
154 70 200 0 
155 75 200 0 
156 57 200 0 
157 37 200 0 
158 34 200 0 
159 33 200 0 
160 44 200 0 
161 99 200 0 
162 40 200 0 
163 48 200 0 
164 69 200 0 
165 41 200 0 
166 60 200 0 
167 77 200 0 
168 89 200 0 
169 80 200 0 
170 31 200 0 
171 78 200 0 
172 42 200 0 
173 56 200 0 
174 21 200 0 
175 33 200 0 
176 48 200 0 
177 95 200 0 
178 74 200 0 
179 100 200 0 
180 43 200 0 
181 50 200 0 
182 41 200 0 
183 57 200 0 
184 27 200 0 
185 62 200 0 
186 75 200 0 
187 49 200 0 
188 62 200 0 
189 69 200 0 
190 41 200 0 
191 36 200 0 
192 82 200 0 
193 56 200 0 
194 98 200 0 
195 47 200 0 
196 85 200 0 
197 61 200 0 
198 64 200 0 
199 66 200 0 
