NAME GBP_INSTANCES\prob_1_B_4_6_0.txt
COMMENT
BINTYPES 5
ITEMS 500
BINS_SECTIONS
0 60 60 0 425 
1 80 80 0 319 
2 100 100 0 255 
3 120 120 0 213 
4 150 150 0 170 
ITEMS_SECTIONS
0 91 200 1
1 73 200 1
2 55 200 1
3 25 200 1
4 83 200 1
5 34 200 1
6 46 200 1
7 68 200 1
8 35 200 1
9 93 200 1
10 72 200 1
11 3 200 1
12 5 200 1
13 37 200 1
14 43 200 1
15 5 200 1
16 15 200 1
17 76 200 1
18 89 200 1
19 19 200 1
20 12 200 1
21 6 200 1
22 99 200 1
23 79 200 1
24 94 200 1
25 61 200 1
26 55 200 1
27 27 200 1
28 60 200 1
29 10 200 1
30 3 200 1
31 28 200 1
32 86 200 1
33 58 200 1
34 70 200 1
35 70 200 1
36 45 200 1
37 15 200 1
38 54 200 1
39 24 200 1
40 47 200 1
41 84 200 1
42 6 200 1
43 42 200 1
44 97 200 1
45 40 200 1
46 26 200 1
47 8 200 1
48 82 200 1
49 41 200 1
50 4 200 1
51 80 200 1
52 69 200 1
53 53 200 1
54 9 200 1
55 56 200 1
56 21 200 1
57 29 200 1
58 68 200 1
59 5 200 1
60 14 200 1
61 7 200 1
62 45 200 1
63 83 200 1
64 82 200 1
65 96 200 1
66 42 200 1
67 92 200 1
68 42 200 1
69 98 200 1
70 51 200 1
71 85 200 1
72 38 200 1
73 30 200 1
74 73 200 1
75 85 200 1
76 74 200 1
77 91 200 1
78 26 200 1
79 20 200 1
80 50 200 1
81 79 200 1
82 66 200 1
83 39 200 1
84 79 200 1
85 48 200 1
86 48 200 1
87 19 200 1
88 6 200 1
89 26 200 1
90 26 200 1
91 10 200 1
92 96 200 1
93 18 200 1
94 57 200 1
95 47 200 1
96 31 200 1
97 73 200 1
98 78 200 1
99 73 200 1
100 49 200 1
101 56 200 1
102 30 200 1
103 91 200 1
104 100 200 1
105 99 200 1
106 94 200 1
107 92 200 1
108 42 200 1
109 83 200 1
110 34 200 1
111 92 200 1
112 30 200 1
113 21 200 1
114 85 200 1
115 9 200 1
116 53 200 1
117 76 200 1
118 81 200 1
119 10 200 1
120 55 200 1
121 14 200 1
122 96 200 1
123 80 200 1
124 100 200 1
125 3 200 1
126 52 200 1
127 25 200 1
128 5 200 1
129 63 200 1
130 85 200 1
131 55 200 1
132 15 200 1
133 92 200 1
134 27 200 1
135 86 200 1
136 50 200 1
137 50 200 1
138 86 200 1
139 83 200 1
140 79 200 1
141 41 200 1
142 88 200 1
143 86 200 1
144 54 200 1
145 79 200 1
146 62 200 1
147 60 200 1
148 72 200 1
149 60 200 1
150 21 200 1
151 79 200 1
152 96 200 1
153 42 200 1
154 45 200 1
155 17 200 1
156 90 200 1
157 54 200 1
158 93 200 1
159 34 200 1
160 99 200 1
161 21 200 1
162 64 200 1
163 40 200 1
164 59 200 1
165 44 200 1
166 31 200 1
167 27 200 1
168 27 200 1
169 21 200 1
170 63 200 1
171 36 200 1
172 36 200 1
173 24 200 1
174 74 200 1
175 72 200 1
176 79 200 1
177 52 200 1
178 97 200 1
179 24 200 1
180 94 200 1
181 55 200 1
182 27 200 1
183 88 200 1
184 78 200 1
185 43 200 1
186 33 200 1
187 76 200 1
188 100 200 1
189 98 200 1
190 87 200 1
191 98 200 1
192 32 200 1
193 86 200 1
194 13 200 1
195 88 200 1
196 72 200 1
197 86 200 1
198 72 200 1
199 78 200 1
200 88 200 1
201 36 200 1
202 33 200 1
203 88 200 1
204 33 200 1
205 27 200 1
206 23 200 1
207 31 200 1
208 83 200 1
209 24 200 1
210 89 200 1
211 92 200 1
212 46 200 1
213 52 200 1
214 6 200 1
215 7 200 1
216 71 200 1
217 32 200 1
218 19 200 1
219 78 200 1
220 39 200 1
221 97 200 1
222 91 200 1
223 54 200 1
224 39 200 1
225 87 200 1
226 27 200 1
227 20 200 1
228 19 200 1
229 26 200 1
230 32 200 1
231 15 200 1
232 17 200 1
233 5 200 1
234 6 200 1
235 40 200 1
236 65 200 1
237 77 200 1
238 14 200 1
239 51 200 1
240 66 200 1
241 61 200 1
242 31 200 1
243 13 200 1
244 27 200 1
245 75 200 1
246 9 200 1
247 14 200 1
248 68 200 1
249 10 200 1
250 59 200 1
251 98 200 1
252 86 200 1
253 47 200 1
254 7 200 1
255 44 200 1
256 83 200 1
257 31 200 1
258 99 200 1
259 14 200 1
260 32 200 1
261 4 200 1
262 35 200 1
263 20 200 1
264 16 200 1
265 20 200 1
266 83 200 1
267 45 200 1
268 97 200 1
269 40 200 1
270 71 200 1
271 31 200 1
272 49 200 1
273 16 200 1
274 13 200 1
275 96 200 1
276 7 200 1
277 84 200 1
278 37 200 1
279 96 200 1
280 82 200 1
281 62 200 1
282 6 200 1
283 74 200 1
284 94 200 1
285 77 200 1
286 81 200 1
287 23 200 1
288 47 200 1
289 11 200 1
290 20 200 1
291 11 200 1
292 21 200 1
293 97 200 1
294 55 200 1
295 87 200 1
296 11 200 1
297 58 200 1
298 67 200 1
299 22 200 1
300 67 200 1
301 11 200 1
302 68 200 1
303 79 200 1
304 74 200 1
305 23 200 1
306 23 200 1
307 12 200 1
308 30 200 1
309 71 200 1
310 36 200 1
311 55 200 1
312 51 200 1
313 59 200 1
314 9 200 1
315 2 200 1
316 85 200 1
317 53 200 1
318 12 200 1
319 51 200 1
320 33 200 1
321 7 200 1
322 72 200 1
323 7 200 1
324 62 200 1
325 17 200 1
326 13 200 1
327 20 200 1
328 49 200 1
329 83 200 1
330 56 200 1
331 45 200 1
332 84 200 1
333 22 200 1
334 25 200 1
335 14 200 1
336 9 200 1
337 5 200 1
338 46 200 1
339 86 200 1
340 10 200 1
341 65 200 1
342 100 200 1
343 96 200 1
344 32 200 1
345 54 200 1
346 14 200 1
347 36 200 1
348 55 200 1
349 72 200 1
350 42 200 1
351 4 200 1
352 68 200 1
353 81 200 1
354 42 200 1
355 62 200 1
356 10 200 1
357 8 200 1
358 75 200 1
359 30 200 1
360 99 200 1
361 39 200 1
362 44 200 1
363 50 200 1
364 30 200 1
365 39 200 1
366 7 200 1
367 60 200 1
368 39 200 1
369 64 200 1
370 63 200 1
371 7 200 1
372 35 200 1
373 29 200 1
374 69 200 1
375 36 200 1
376 6 200 1
377 85 200 1
378 63 200 1
379 91 200 1
380 71 200 1
381 69 200 1
382 60 200 1
383 60 200 1
384 100 200 1
385 79 200 1
386 8 200 1
387 91 200 1
388 83 200 1
389 48 200 1
390 55 200 1
391 37 200 1
392 53 200 1
393 58 200 1
394 23 200 1
395 31 200 1
396 57 200 1
397 63 200 1
398 27 200 1
399 55 200 1
400 72 200 1
401 91 200 1
402 53 200 1
403 21 200 1
404 62 200 1
405 57 200 1
406 32 200 1
407 100 200 1
408 74 200 1
409 76 200 1
410 98 200 1
411 43 200 1
412 71 200 1
413 11 200 1
414 3 200 1
415 12 200 1
416 100 200 1
417 35 200 1
418 46 200 1
419 73 200 1
420 78 200 1
421 53 200 1
422 15 200 1
423 73 200 1
424 23 200 1
425 53 200 1
426 80 200 1
427 42 200 1
428 90 200 1
429 29 200 1
430 44 200 1
431 45 200 1
432 42 200 1
433 59 200 1
434 90 200 1
435 35 200 1
436 23 200 1
437 82 200 1
438 21 200 1
439 25 200 1
440 61 200 1
441 33 200 1
442 57 200 1
443 24 200 1
444 68 200 1
445 98 200 1
446 54 200 1
447 59 200 1
448 59 200 1
449 61 200 1
450 32 200 1
451 42 200 1
452 61 200 1
453 70 200 1
454 60 200 1
455 79 200 1
456 44 200 1
457 26 200 1
458 3 200 1
459 96 200 1
460 27 200 1
461 5 200 1
462 67 200 1
463 83 200 1
464 99 200 1
465 26 200 1
466 47 200 1
467 14 200 1
468 19 200 1
469 68 200 1
470 18 200 1
471 55 200 1
472 12 200 1
473 48 200 1
474 70 200 1
475 26 200 1
476 43 200 1
477 70 200 1
478 44 200 1
479 12 200 1
480 90 200 1
481 60 200 1
482 34 200 1
483 93 200 1
484 70 200 1
485 82 200 1
486 46 200 1
487 3 200 1
488 72 200 1
489 58 200 1
490 72 200 1
491 66 200 1
492 36 200 1
493 95 200 1
494 49 200 1
495 36 200 1
496 20 200 1
497 34 200 1
498 93 200 1
499 82 200 1
