NAME GBP_INSTANCES\prob_3_B_3_0_0.txt
COMMENT
BINTYPES 5
ITEMS 200
BINS_SECTIONS
0 60 60 0 254 
1 80 80 0 191 
2 100 100 0 153 
3 120 120 0 127 
4 150 150 0 102 
ITEMS_SECTIONS
0 95 200 0 
1 59 200 0 
2 95 200 0 
3 56 200 0 
4 98 200 0 
5 83 200 0 
6 52 200 0 
7 62 200 0 
8 59 200 0 
9 77 200 0 
10 97 200 0 
11 58 200 0 
12 91 200 0 
13 64 200 0 
14 97 200 0 
15 68 200 0 
16 87 200 0 
17 71 200 0 
18 91 200 0 
19 65 200 0 
20 56 200 0 
21 83 200 0 
22 81 200 0 
23 70 200 0 
24 63 200 0 
25 98 200 0 
26 62 200 0 
27 54 200 0 
28 63 200 0 
29 58 200 0 
30 97 200 0 
31 99 200 0 
32 89 200 0 
33 92 200 0 
34 94 200 0 
35 52 200 0 
36 77 200 0 
37 98 200 0 
38 51 200 0 
39 68 200 0 
40 96 200 0 
41 93 200 0 
42 86 200 0 
43 81 200 0 
44 63 200 0 
45 53 200 0 
46 96 200 0 
47 100 200 0 
48 54 200 0 
49 99 200 0 
50 71 200 0 
51 67 200 0 
52 99 200 0 
53 67 200 0 
54 71 200 0 
55 73 200 0 
56 76 200 0 
57 86 200 0 
58 70 200 0 
59 71 200 0 
60 74 200 0 
61 60 200 0 
62 83 200 0 
63 84 200 0 
64 63 200 0 
65 98 200 0 
66 94 200 0 
67 90 200 0 
68 79 200 0 
69 76 200 0 
70 76 200 0 
71 86 200 0 
72 99 200 0 
73 98 200 0 
74 90 200 0 
75 70 200 0 
76 97 200 0 
77 96 200 0 
78 99 200 0 
79 84 200 0 
80 77 200 0 
81 97 200 0 
82 79 200 0 
83 100 200 0 
84 83 200 0 
85 78 200 0 
86 69 200 0 
87 62 200 0 
88 85 200 0 
89 52 200 0 
90 90 200 0 
91 58 200 0 
92 89 200 0 
93 56 200 0 
94 74 200 0 
95 69 200 0 
96 72 200 0 
97 72 200 0 
98 84 200 0 
99 93 200 0 
100 83 200 0 
101 63 200 0 
102 70 200 0 
103 78 200 0 
104 69 200 0 
105 54 200 0 
106 78 200 0 
107 64 200 0 
108 61 200 0 
109 77 200 0 
110 75 200 0 
111 65 200 0 
112 91 200 0 
113 83 200 0 
114 52 200 0 
115 51 200 0 
116 53 200 0 
117 74 200 0 
118 55 200 0 
119 53 200 0 
120 97 200 0 
121 53 200 0 
122 66 200 0 
123 90 200 0 
124 71 200 0 
125 62 200 0 
126 100 200 0 
127 75 200 0 
128 81 200 0 
129 100 200 0 
130 53 200 0 
131 64 200 0 
132 56 200 0 
133 77 200 0 
134 51 200 0 
135 63 200 0 
136 68 200 0 
137 64 200 0 
138 68 200 0 
139 77 200 0 
140 63 200 0 
141 96 200 0 
142 66 200 0 
143 94 200 0 
144 92 200 0 
145 64 200 0 
146 78 200 0 
147 90 200 0 
148 93 200 0 
149 79 200 0 
150 81 200 0 
151 65 200 0 
152 79 200 0 
153 88 200 0 
154 91 200 0 
155 74 200 0 
156 68 200 0 
157 65 200 0 
158 63 200 0 
159 81 200 0 
160 67 200 0 
161 61 200 0 
162 86 200 0 
163 86 200 0 
164 97 200 0 
165 99 200 0 
166 58 200 0 
167 62 200 0 
168 69 200 0 
169 76 200 0 
170 79 200 0 
171 58 200 0 
172 93 200 0 
173 73 200 0 
174 87 200 0 
175 75 200 0 
176 87 200 0 
177 90 200 0 
178 92 200 0 
179 64 200 0 
180 73 200 0 
181 84 200 0 
182 76 200 0 
183 74 200 0 
184 60 200 0 
185 100 200 0 
186 57 200 0 
187 98 200 0 
188 65 200 0 
189 64 200 0 
190 91 200 0 
191 67 200 0 
192 66 200 0 
193 78 200 0 
194 67 200 0 
195 71 200 0 
196 95 200 0 
197 79 200 0 
198 57 200 0 
199 53 200 0 
