NAME GBP_INSTANCES\prob_3_A_3_1_0.txt
COMMENT
BINTYPES 3
ITEMS 200
BINS_SECTIONS
0 100 100 0 154 
1 120 120 0 128 
2 150 150 0 103 
ITEMS_SECTIONS
0 100 200 1
1 72 200 1
2 55 200 1
3 69 200 1
4 91 200 1
5 97 200 1
6 53 200 1
7 52 200 1
8 86 200 1
9 98 200 1
10 84 200 1
11 68 200 1
12 76 200 1
13 69 200 1
14 59 200 1
15 82 200 1
16 71 200 1
17 57 200 1
18 90 200 1
19 74 200 1
20 54 200 1
21 56 200 1
22 60 200 1
23 92 200 1
24 75 200 1
25 62 200 1
26 83 200 1
27 53 200 1
28 60 200 1
29 87 200 1
30 95 200 1
31 82 200 1
32 93 200 1
33 64 200 1
34 92 200 1
35 71 200 1
36 78 200 1
37 57 200 1
38 97 200 1
39 86 200 1
40 95 200 1
41 90 200 1
42 61 200 1
43 89 200 1
44 64 200 1
45 62 200 1
46 94 200 1
47 84 200 1
48 69 200 1
49 69 200 1
50 82 200 1
51 79 200 1
52 66 200 1
53 100 200 1
54 81 200 1
55 77 200 1
56 66 200 1
57 66 200 1
58 82 200 1
59 56 200 1
60 82 200 1
61 92 200 1
62 59 200 1
63 77 200 1
64 73 200 1
65 83 200 1
66 90 200 1
67 89 200 1
68 65 200 1
69 73 200 1
70 98 200 1
71 77 200 1
72 98 200 1
73 91 200 1
74 64 200 1
75 66 200 1
76 72 200 1
77 98 200 1
78 59 200 1
79 76 200 1
80 87 200 1
81 66 200 1
82 97 200 1
83 90 200 1
84 57 200 1
85 70 200 1
86 99 200 1
87 85 200 1
88 87 200 1
89 54 200 1
90 75 200 1
91 87 200 1
92 52 200 1
93 89 200 1
94 74 200 1
95 93 200 1
96 54 200 1
97 100 200 1
98 80 200 1
99 84 200 1
100 52 200 1
101 62 200 1
102 89 200 1
103 57 200 1
104 54 200 1
105 98 200 1
106 77 200 1
107 59 200 1
108 88 200 1
109 88 200 1
110 86 200 1
111 55 200 1
112 62 200 1
113 57 200 1
114 57 200 1
115 54 200 1
116 87 200 1
117 62 200 1
118 77 200 1
119 70 200 1
120 94 200 1
121 90 200 1
122 66 200 1
123 63 200 1
124 93 200 1
125 93 200 1
126 76 200 1
127 73 200 1
128 97 200 1
129 66 200 1
130 79 200 1
131 84 200 1
132 62 200 1
133 96 200 1
134 65 200 1
135 97 200 1
136 67 200 1
137 88 200 1
138 70 200 1
139 93 200 1
140 68 200 1
141 100 200 1
142 65 200 1
143 61 200 1
144 79 200 1
145 83 200 1
146 74 200 1
147 80 200 1
148 91 200 1
149 73 200 1
150 93 200 1
151 74 200 1
152 92 200 1
153 64 200 1
154 92 200 1
155 69 200 1
156 100 200 1
157 71 200 1
158 62 200 1
159 53 200 1
160 61 200 1
161 61 200 1
162 91 200 1
163 86 200 1
164 90 200 1
165 100 200 1
166 82 200 1
167 64 200 1
168 90 200 1
169 68 200 1
170 100 200 1
171 62 200 1
172 98 200 1
173 53 200 1
174 100 200 1
175 75 200 1
176 72 200 1
177 64 200 1
178 93 200 1
179 100 200 1
180 75 200 1
181 56 200 1
182 81 200 1
183 83 200 1
184 81 200 1
185 98 200 1
186 76 200 1
187 57 200 1
188 93 200 1
189 96 200 1
190 89 200 1
191 60 200 1
192 57 200 1
193 93 200 1
194 54 200 1
195 100 200 1
196 54 200 1
197 55 200 1
198 58 200 1
199 64 200 1
