NAME GBP_INSTANCES\prob_3_B_3_7_0.txt
COMMENT
BINTYPES 5
ITEMS 200
BINS_SECTIONS
0 60 60 0 254 
1 80 80 0 190 
2 100 100 0 152 
3 120 120 0 127 
4 150 150 0 102 
ITEMS_SECTIONS
0 93 200 1
1 84 200 1
2 88 200 1
3 55 200 1
4 93 200 1
5 82 200 1
6 84 200 1
7 99 200 1
8 88 200 1
9 62 200 1
10 71 200 1
11 68 200 1
12 99 200 1
13 76 200 1
14 70 200 1
15 79 200 1
16 52 200 1
17 86 200 1
18 57 200 1
19 57 200 1
20 74 200 1
21 59 200 1
22 74 200 1
23 58 200 1
24 97 200 1
25 55 200 1
26 77 200 1
27 78 200 1
28 56 200 1
29 88 200 1
30 81 200 1
31 73 200 1
32 97 200 1
33 81 200 1
34 71 200 1
35 93 200 1
36 74 200 1
37 51 200 1
38 75 200 1
39 69 200 1
40 54 200 1
41 56 200 1
42 72 200 1
43 93 200 1
44 62 200 1
45 79 200 1
46 90 200 1
47 96 200 1
48 70 200 1
49 82 200 1
50 66 200 1
51 89 200 1
52 79 200 1
53 99 200 1
54 51 200 1
55 95 200 1
56 98 200 1
57 72 200 1
58 65 200 1
59 77 200 1
60 54 200 1
61 82 200 1
62 60 200 1
63 89 200 1
64 100 200 1
65 72 200 1
66 58 200 1
67 65 200 1
68 97 200 1
69 83 200 1
70 73 200 1
71 100 200 1
72 95 200 1
73 94 200 1
74 68 200 1
75 73 200 1
76 85 200 1
77 78 200 1
78 78 200 1
79 81 200 1
80 94 200 1
81 76 200 1
82 91 200 1
83 53 200 1
84 51 200 1
85 90 200 1
86 58 200 1
87 68 200 1
88 89 200 1
89 59 200 1
90 90 200 1
91 73 200 1
92 68 200 1
93 66 200 1
94 53 200 1
95 52 200 1
96 80 200 1
97 78 200 1
98 75 200 1
99 72 200 1
100 71 200 1
101 84 200 1
102 66 200 1
103 68 200 1
104 95 200 1
105 76 200 1
106 80 200 1
107 87 200 1
108 76 200 1
109 78 200 1
110 58 200 1
111 55 200 1
112 55 200 1
113 87 200 1
114 84 200 1
115 92 200 1
116 91 200 1
117 73 200 1
118 94 200 1
119 79 200 1
120 88 200 1
121 88 200 1
122 72 200 1
123 61 200 1
124 77 200 1
125 52 200 1
126 73 200 1
127 83 200 1
128 74 200 1
129 62 200 1
130 97 200 1
131 100 200 1
132 90 200 1
133 79 200 1
134 66 200 1
135 52 200 1
136 51 200 1
137 95 200 1
138 77 200 1
139 95 200 1
140 83 200 1
141 99 200 1
142 80 200 1
143 91 200 1
144 97 200 1
145 75 200 1
146 94 200 1
147 77 200 1
148 86 200 1
149 55 200 1
150 82 200 1
151 83 200 1
152 70 200 1
153 72 200 1
154 79 200 1
155 64 200 1
156 94 200 1
157 71 200 1
158 55 200 1
159 59 200 1
160 81 200 1
161 82 200 1
162 98 200 1
163 60 200 1
164 83 200 1
165 58 200 1
166 57 200 1
167 84 200 1
168 72 200 1
169 87 200 1
170 77 200 1
171 85 200 1
172 88 200 1
173 82 200 1
174 64 200 1
175 67 200 1
176 75 200 1
177 91 200 1
178 70 200 1
179 63 200 1
180 59 200 1
181 61 200 1
182 68 200 1
183 93 200 1
184 74 200 1
185 69 200 1
186 78 200 1
187 86 200 1
188 70 200 1
189 71 200 1
190 57 200 1
191 61 200 1
192 61 200 1
193 84 200 1
194 51 200 1
195 95 200 1
196 66 200 1
197 78 200 1
198 97 200 1
199 53 200 1
