NAME GBP_INSTANCES\prob_1_A_1_7_0.txt
COMMENT
BINTYPES 3
ITEMS 50
BINS_SECTIONS
0 100 100 0 28 
1 120 120 0 23 
2 150 150 0 19 
ITEMS_SECTIONS
0 58 200 0 
1 42 200 0 
2 2 200 0 
3 57 200 0 
4 97 200 0 
5 90 200 0 
6 84 200 0 
7 77 200 0 
8 97 200 0 
9 77 200 0 
10 88 200 0 
11 81 200 0 
12 86 200 0 
13 37 200 0 
14 13 200 0 
15 19 200 0 
16 29 200 0 
17 56 200 0 
18 73 200 0 
19 39 200 0 
20 48 200 0 
21 46 200 0 
22 70 200 0 
23 71 200 0 
24 7 200 0 
25 20 200 0 
26 80 200 0 
27 32 200 0 
28 83 200 0 
29 54 200 0 
30 91 200 0 
31 14 200 0 
32 4 200 0 
33 75 200 0 
34 9 200 0 
35 72 200 0 
36 62 200 0 
37 46 200 0 
38 34 200 0 
39 64 200 0 
40 90 200 0 
41 95 200 0 
42 75 200 0 
43 48 200 0 
44 9 200 0 
45 71 200 0 
46 67 200 0 
47 13 200 0 
48 18 200 0 
49 51 200 0 
