NAME GBP_INSTANCES\prob_1_B_2_0_0.txt
COMMENT
BINTYPES 5
ITEMS 100
BINS_SECTIONS
0 60 60 0 82 
1 80 80 0 62 
2 100 100 0 50 
3 120 120 0 41 
4 150 150 0 33 
ITEMS_SECTIONS
0 66 200 1
1 57 200 1
2 52 200 1
3 27 200 1
4 20 200 1
5 31 200 1
6 28 200 1
7 74 200 1
8 32 200 1
9 81 200 1
10 60 200 1
11 52 200 1
12 84 200 1
13 10 200 1
14 99 200 1
15 29 200 1
16 65 200 1
17 55 200 1
18 6 200 1
19 13 200 1
20 63 200 1
21 79 200 1
22 79 200 1
23 87 200 1
24 15 200 1
25 80 200 1
26 90 200 1
27 83 200 1
28 48 200 1
29 80 200 1
30 19 200 1
31 86 200 1
32 67 200 1
33 65 200 1
34 32 200 1
35 58 200 1
36 45 200 1
37 20 200 1
38 29 200 1
39 65 200 1
40 28 200 1
41 32 200 1
42 52 200 1
43 79 200 1
44 55 200 1
45 8 200 1
46 19 200 1
47 68 200 1
48 87 200 1
49 74 200 1
50 57 200 1
51 15 200 1
52 32 200 1
53 21 200 1
54 13 200 1
55 95 200 1
56 80 200 1
57 39 200 1
58 99 200 1
59 66 200 1
60 33 200 1
61 16 200 1
62 63 200 1
63 69 200 1
64 27 200 1
65 57 200 1
66 35 200 1
67 18 200 1
68 54 200 1
69 71 200 1
70 44 200 1
71 63 200 1
72 65 200 1
73 7 200 1
74 61 200 1
75 22 200 1
76 59 200 1
77 70 200 1
78 39 200 1
79 48 200 1
80 65 200 1
81 13 200 1
82 42 200 1
83 25 200 1
84 87 200 1
85 20 200 1
86 5 200 1
87 86 200 1
88 43 200 1
89 86 200 1
90 28 200 1
91 20 200 1
92 57 200 1
93 12 200 1
94 41 200 1
95 62 200 1
96 45 200 1
97 2 200 1
98 55 200 1
99 53 200 1
