NAME GBP_INSTANCES\prob_2_A_2_3_0.txt
COMMENT
BINTYPES 3
ITEMS 100
BINS_SECTIONS
0 100 100 0 65 
1 120 120 0 55 
2 150 150 0 44 
ITEMS_SECTIONS
0 54 200 1
1 41 200 1
2 64 200 1
3 99 200 1
4 26 200 1
5 94 200 1
6 95 200 1
7 76 200 1
8 90 200 1
9 26 200 1
10 90 200 1
11 70 200 1
12 50 200 1
13 78 200 1
14 29 200 1
15 29 200 1
16 54 200 1
17 74 200 1
18 58 200 1
19 99 200 1
20 50 200 1
21 49 200 1
22 78 200 1
23 42 200 1
24 84 200 1
25 61 200 1
26 92 200 1
27 85 200 1
28 47 200 1
29 94 200 1
30 43 200 1
31 51 200 1
32 67 200 1
33 84 200 1
34 83 200 1
35 90 200 1
36 67 200 1
37 81 200 1
38 82 200 1
39 34 200 1
40 77 200 1
41 29 200 1
42 45 200 1
43 47 200 1
44 65 200 1
45 70 200 1
46 92 200 1
47 65 200 1
48 88 200 1
49 30 200 1
50 50 200 1
51 73 200 1
52 67 200 1
53 41 200 1
54 47 200 1
55 71 200 1
56 79 200 1
57 92 200 1
58 78 200 1
59 82 200 1
60 71 200 1
61 43 200 1
62 81 200 1
63 29 200 1
64 42 200 1
65 61 200 1
66 21 200 1
67 71 200 1
68 90 200 1
69 60 200 1
70 84 200 1
71 100 200 1
72 68 200 1
73 99 200 1
74 68 200 1
75 35 200 1
76 32 200 1
77 66 200 1
78 84 200 1
79 87 200 1
80 94 200 1
81 73 200 1
82 46 200 1
83 77 200 1
84 49 200 1
85 22 200 1
86 65 200 1
87 28 200 1
88 53 200 1
89 95 200 1
90 31 200 1
91 57 200 1
92 70 200 1
93 77 200 1
94 89 200 1
95 35 200 1
96 78 200 1
97 51 200 1
98 66 200 1
99 86 200 1
