NAME GBP_INSTANCES\prob_3_A_1_7_0.txt
COMMENT
BINTYPES 3
ITEMS 50
BINS_SECTIONS
0 100 100 0 37 
1 120 120 0 31 
2 150 150 0 25 
ITEMS_SECTIONS
0 82 200 0 
1 100 200 0 
2 89 200 0 
3 55 200 0 
4 81 200 0 
5 73 200 0 
6 91 200 0 
7 74 200 0 
8 78 200 0 
9 71 200 0 
10 54 200 0 
11 51 200 0 
12 58 200 0 
13 60 200 0 
14 64 200 0 
15 51 200 0 
16 61 200 0 
17 88 200 0 
18 65 200 0 
19 96 200 0 
20 54 200 0 
21 91 200 0 
22 59 200 0 
23 63 200 0 
24 60 200 0 
25 53 200 0 
26 78 200 0 
27 100 200 0 
28 66 200 0 
29 88 200 0 
30 71 200 0 
31 62 200 0 
32 83 200 0 
33 88 200 0 
34 91 200 0 
35 93 200 0 
36 78 200 0 
37 96 200 0 
38 62 200 0 
39 71 200 0 
40 64 200 0 
41 62 200 0 
42 71 200 0 
43 82 200 0 
44 52 200 0 
45 76 200 0 
46 64 200 0 
47 84 200 0 
48 60 200 0 
49 94 200 0 
