NAME GBP_INSTANCES\prob_1_B_4_0_0.txt
COMMENT
BINTYPES 5
ITEMS 500
BINS_SECTIONS
0 60 60 0 414 
1 80 80 0 310 
2 100 100 0 248 
3 120 120 0 207 
4 150 150 0 166 
ITEMS_SECTIONS
0 72 200 0 
1 15 200 0 
2 12 200 0 
3 67 200 0 
4 72 200 0 
5 35 200 0 
6 27 200 0 
7 50 200 0 
8 37 200 0 
9 41 200 0 
10 2 200 0 
11 12 200 0 
12 70 200 0 
13 29 200 0 
14 67 200 0 
15 37 200 0 
16 18 200 0 
17 92 200 0 
18 41 200 0 
19 83 200 0 
20 7 200 0 
21 72 200 0 
22 75 200 0 
23 38 200 0 
24 84 200 0 
25 76 200 0 
26 87 200 0 
27 93 200 0 
28 22 200 0 
29 95 200 0 
30 30 200 0 
31 50 200 0 
32 6 200 0 
33 15 200 0 
34 88 200 0 
35 91 200 0 
36 89 200 0 
37 40 200 0 
38 57 200 0 
39 75 200 0 
40 36 200 0 
41 26 200 0 
42 87 200 0 
43 54 200 0 
44 3 200 0 
45 56 200 0 
46 68 200 0 
47 82 200 0 
48 8 200 0 
49 33 200 0 
50 10 200 0 
51 27 200 0 
52 49 200 0 
53 36 200 0 
54 3 200 0 
55 18 200 0 
56 87 200 0 
57 19 200 0 
58 41 200 0 
59 92 200 0 
60 73 200 0 
61 82 200 0 
62 44 200 0 
63 37 200 0 
64 40 200 0 
65 14 200 0 
66 95 200 0 
67 86 200 0 
68 29 200 0 
69 16 200 0 
70 29 200 0 
71 95 200 0 
72 71 200 0 
73 21 200 0 
74 66 200 0 
75 41 200 0 
76 9 200 0 
77 19 200 0 
78 47 200 0 
79 57 200 0 
80 53 200 0 
81 80 200 0 
82 64 200 0 
83 72 200 0 
84 78 200 0 
85 21 200 0 
86 22 200 0 
87 52 200 0 
88 50 200 0 
89 72 200 0 
90 50 200 0 
91 5 200 0 
92 80 200 0 
93 16 200 0 
94 84 200 0 
95 69 200 0 
96 16 200 0 
97 50 200 0 
98 45 200 0 
99 29 200 0 
100 39 200 0 
101 22 200 0 
102 29 200 0 
103 81 200 0 
104 96 200 0 
105 24 200 0 
106 36 200 0 
107 2 200 0 
108 45 200 0 
109 73 200 0 
110 63 200 0 
111 19 200 0 
112 5 200 0 
113 68 200 0 
114 67 200 0 
115 78 200 0 
116 31 200 0 
117 54 200 0 
118 42 200 0 
119 67 200 0 
120 89 200 0 
121 77 200 0 
122 13 200 0 
123 92 200 0 
124 34 200 0 
125 70 200 0 
126 84 200 0 
127 11 200 0 
128 92 200 0 
129 49 200 0 
130 47 200 0 
131 59 200 0 
132 42 200 0 
133 54 200 0 
134 87 200 0 
135 15 200 0 
136 91 200 0 
137 19 200 0 
138 96 200 0 
139 27 200 0 
140 38 200 0 
141 10 200 0 
142 23 200 0 
143 40 200 0 
144 32 200 0 
145 13 200 0 
146 76 200 0 
147 63 200 0 
148 15 200 0 
149 97 200 0 
150 16 200 0 
151 96 200 0 
152 45 200 0 
153 59 200 0 
154 24 200 0 
155 75 200 0 
156 96 200 0 
157 52 200 0 
158 23 200 0 
159 37 200 0 
160 50 200 0 
161 20 200 0 
162 10 200 0 
163 74 200 0 
164 33 200 0 
165 40 200 0 
166 84 200 0 
167 83 200 0 
168 54 200 0 
169 71 200 0 
170 39 200 0 
171 68 200 0 
172 86 200 0 
173 53 200 0 
174 78 200 0 
175 98 200 0 
176 28 200 0 
177 15 200 0 
178 49 200 0 
179 4 200 0 
180 10 200 0 
181 47 200 0 
182 47 200 0 
183 85 200 0 
184 76 200 0 
185 28 200 0 
186 78 200 0 
187 33 200 0 
188 6 200 0 
189 4 200 0 
190 26 200 0 
191 31 200 0 
192 93 200 0 
193 55 200 0 
194 36 200 0 
195 30 200 0 
196 76 200 0 
197 42 200 0 
198 44 200 0 
199 86 200 0 
200 7 200 0 
201 35 200 0 
202 57 200 0 
203 34 200 0 
204 63 200 0 
205 63 200 0 
206 29 200 0 
207 83 200 0 
208 7 200 0 
209 58 200 0 
210 37 200 0 
211 36 200 0 
212 67 200 0 
213 33 200 0 
214 85 200 0 
215 86 200 0 
216 66 200 0 
217 75 200 0 
218 62 200 0 
219 5 200 0 
220 66 200 0 
221 100 200 0 
222 67 200 0 
223 86 200 0 
224 48 200 0 
225 32 200 0 
226 28 200 0 
227 44 200 0 
228 10 200 0 
229 58 200 0 
230 40 200 0 
231 32 200 0 
232 92 200 0 
233 44 200 0 
234 36 200 0 
235 91 200 0 
236 9 200 0 
237 32 200 0 
238 23 200 0 
239 92 200 0 
240 5 200 0 
241 15 200 0 
242 88 200 0 
243 56 200 0 
244 11 200 0 
245 19 200 0 
246 25 200 0 
247 62 200 0 
248 20 200 0 
249 82 200 0 
250 64 200 0 
251 88 200 0 
252 58 200 0 
253 54 200 0 
254 67 200 0 
255 7 200 0 
256 60 200 0 
257 13 200 0 
258 83 200 0 
259 91 200 0 
260 43 200 0 
261 20 200 0 
262 91 200 0 
263 38 200 0 
264 76 200 0 
265 20 200 0 
266 62 200 0 
267 71 200 0 
268 40 200 0 
269 88 200 0 
270 52 200 0 
271 32 200 0 
272 79 200 0 
273 37 200 0 
274 51 200 0 
275 20 200 0 
276 35 200 0 
277 5 200 0 
278 10 200 0 
279 85 200 0 
280 62 200 0 
281 10 200 0 
282 65 200 0 
283 41 200 0 
284 31 200 0 
285 10 200 0 
286 93 200 0 
287 3 200 0 
288 99 200 0 
289 42 200 0 
290 95 200 0 
291 7 200 0 
292 56 200 0 
293 93 200 0 
294 63 200 0 
295 30 200 0 
296 45 200 0 
297 67 200 0 
298 16 200 0 
299 58 200 0 
300 43 200 0 
301 93 200 0 
302 58 200 0 
303 21 200 0 
304 13 200 0 
305 63 200 0 
306 68 200 0 
307 42 200 0 
308 7 200 0 
309 23 200 0 
310 29 200 0 
311 37 200 0 
312 42 200 0 
313 6 200 0 
314 46 200 0 
315 81 200 0 
316 9 200 0 
317 46 200 0 
318 58 200 0 
319 95 200 0 
320 57 200 0 
321 53 200 0 
322 57 200 0 
323 85 200 0 
324 4 200 0 
325 79 200 0 
326 70 200 0 
327 45 200 0 
328 9 200 0 
329 75 200 0 
330 74 200 0 
331 2 200 0 
332 75 200 0 
333 45 200 0 
334 29 200 0 
335 82 200 0 
336 5 200 0 
337 18 200 0 
338 78 200 0 
339 96 200 0 
340 66 200 0 
341 42 200 0 
342 20 200 0 
343 9 200 0 
344 28 200 0 
345 100 200 0 
346 84 200 0 
347 84 200 0 
348 85 200 0 
349 76 200 0 
350 23 200 0 
351 18 200 0 
352 45 200 0 
353 58 200 0 
354 57 200 0 
355 80 200 0 
356 10 200 0 
357 13 200 0 
358 71 200 0 
359 29 200 0 
360 96 200 0 
361 17 200 0 
362 16 200 0 
363 6 200 0 
364 69 200 0 
365 72 200 0 
366 96 200 0 
367 55 200 0 
368 79 200 0 
369 6 200 0 
370 20 200 0 
371 18 200 0 
372 25 200 0 
373 63 200 0 
374 64 200 0 
375 99 200 0 
376 13 200 0 
377 10 200 0 
378 52 200 0 
379 86 200 0 
380 28 200 0 
381 49 200 0 
382 94 200 0 
383 7 200 0 
384 99 200 0 
385 58 200 0 
386 80 200 0 
387 6 200 0 
388 71 200 0 
389 62 200 0 
390 73 200 0 
391 37 200 0 
392 63 200 0 
393 50 200 0 
394 10 200 0 
395 36 200 0 
396 25 200 0 
397 43 200 0 
398 43 200 0 
399 80 200 0 
400 83 200 0 
401 20 200 0 
402 26 200 0 
403 96 200 0 
404 63 200 0 
405 23 200 0 
406 93 200 0 
407 20 200 0 
408 11 200 0 
409 34 200 0 
410 21 200 0 
411 83 200 0 
412 73 200 0 
413 48 200 0 
414 29 200 0 
415 15 200 0 
416 76 200 0 
417 36 200 0 
418 9 200 0 
419 33 200 0 
420 57 200 0 
421 32 200 0 
422 30 200 0 
423 32 200 0 
424 82 200 0 
425 18 200 0 
426 26 200 0 
427 19 200 0 
428 19 200 0 
429 55 200 0 
430 95 200 0 
431 16 200 0 
432 83 200 0 
433 35 200 0 
434 27 200 0 
435 86 200 0 
436 38 200 0 
437 92 200 0 
438 84 200 0 
439 89 200 0 
440 56 200 0 
441 58 200 0 
442 58 200 0 
443 29 200 0 
444 33 200 0 
445 88 200 0 
446 27 200 0 
447 98 200 0 
448 54 200 0 
449 60 200 0 
450 21 200 0 
451 94 200 0 
452 8 200 0 
453 59 200 0 
454 42 200 0 
455 88 200 0 
456 50 200 0 
457 46 200 0 
458 30 200 0 
459 36 200 0 
460 95 200 0 
461 43 200 0 
462 31 200 0 
463 22 200 0 
464 69 200 0 
465 13 200 0 
466 51 200 0 
467 98 200 0 
468 74 200 0 
469 76 200 0 
470 60 200 0 
471 36 200 0 
472 7 200 0 
473 50 200 0 
474 27 200 0 
475 37 200 0 
476 87 200 0 
477 22 200 0 
478 35 200 0 
479 28 200 0 
480 33 200 0 
481 83 200 0 
482 93 200 0 
483 81 200 0 
484 37 200 0 
485 17 200 0 
486 57 200 0 
487 89 200 0 
488 84 200 0 
489 46 200 0 
490 85 200 0 
491 34 200 0 
492 73 200 0 
493 74 200 0 
494 69 200 0 
495 74 200 0 
496 53 200 0 
497 95 200 0 
498 22 200 0 
499 5 200 0 
