NAME GBP_INSTANCES\prob_3_B_4_8_0.txt
COMMENT
BINTYPES 5
ITEMS 500
BINS_SECTIONS
0 60 60 0 635 
1 80 80 0 477 
2 100 100 0 381 
3 120 120 0 318 
4 150 150 0 254 
ITEMS_SECTIONS
0 98 200 0 
1 81 200 0 
2 79 200 0 
3 72 200 0 
4 86 200 0 
5 78 200 0 
6 60 200 0 
7 92 200 0 
8 85 200 0 
9 92 200 0 
10 79 200 0 
11 81 200 0 
12 86 200 0 
13 84 200 0 
14 74 200 0 
15 82 200 0 
16 53 200 0 
17 64 200 0 
18 98 200 0 
19 79 200 0 
20 94 200 0 
21 84 200 0 
22 70 200 0 
23 88 200 0 
24 91 200 0 
25 62 200 0 
26 53 200 0 
27 84 200 0 
28 83 200 0 
29 70 200 0 
30 95 200 0 
31 67 200 0 
32 56 200 0 
33 59 200 0 
34 76 200 0 
35 52 200 0 
36 79 200 0 
37 99 200 0 
38 80 200 0 
39 77 200 0 
40 52 200 0 
41 81 200 0 
42 100 200 0 
43 78 200 0 
44 86 200 0 
45 86 200 0 
46 93 200 0 
47 63 200 0 
48 100 200 0 
49 71 200 0 
50 83 200 0 
51 78 200 0 
52 100 200 0 
53 86 200 0 
54 90 200 0 
55 70 200 0 
56 57 200 0 
57 70 200 0 
58 79 200 0 
59 72 200 0 
60 78 200 0 
61 82 200 0 
62 55 200 0 
63 66 200 0 
64 70 200 0 
65 69 200 0 
66 51 200 0 
67 54 200 0 
68 88 200 0 
69 90 200 0 
70 85 200 0 
71 93 200 0 
72 82 200 0 
73 75 200 0 
74 80 200 0 
75 69 200 0 
76 64 200 0 
77 97 200 0 
78 73 200 0 
79 75 200 0 
80 79 200 0 
81 51 200 0 
82 64 200 0 
83 60 200 0 
84 94 200 0 
85 100 200 0 
86 75 200 0 
87 58 200 0 
88 80 200 0 
89 77 200 0 
90 66 200 0 
91 88 200 0 
92 63 200 0 
93 78 200 0 
94 85 200 0 
95 58 200 0 
96 69 200 0 
97 67 200 0 
98 52 200 0 
99 70 200 0 
100 80 200 0 
101 73 200 0 
102 90 200 0 
103 81 200 0 
104 77 200 0 
105 70 200 0 
106 71 200 0 
107 81 200 0 
108 53 200 0 
109 98 200 0 
110 75 200 0 
111 68 200 0 
112 100 200 0 
113 82 200 0 
114 86 200 0 
115 80 200 0 
116 62 200 0 
117 53 200 0 
118 74 200 0 
119 98 200 0 
120 66 200 0 
121 74 200 0 
122 89 200 0 
123 51 200 0 
124 64 200 0 
125 74 200 0 
126 60 200 0 
127 68 200 0 
128 95 200 0 
129 99 200 0 
130 71 200 0 
131 69 200 0 
132 57 200 0 
133 87 200 0 
134 80 200 0 
135 88 200 0 
136 100 200 0 
137 56 200 0 
138 73 200 0 
139 73 200 0 
140 73 200 0 
141 88 200 0 
142 87 200 0 
143 95 200 0 
144 85 200 0 
145 79 200 0 
146 92 200 0 
147 72 200 0 
148 75 200 0 
149 93 200 0 
150 61 200 0 
151 89 200 0 
152 85 200 0 
153 97 200 0 
154 74 200 0 
155 59 200 0 
156 94 200 0 
157 53 200 0 
158 77 200 0 
159 80 200 0 
160 51 200 0 
161 56 200 0 
162 53 200 0 
163 99 200 0 
164 60 200 0 
165 85 200 0 
166 66 200 0 
167 66 200 0 
168 75 200 0 
169 63 200 0 
170 86 200 0 
171 82 200 0 
172 77 200 0 
173 83 200 0 
174 68 200 0 
175 66 200 0 
176 67 200 0 
177 55 200 0 
178 76 200 0 
179 51 200 0 
180 90 200 0 
181 84 200 0 
182 82 200 0 
183 83 200 0 
184 65 200 0 
185 73 200 0 
186 92 200 0 
187 90 200 0 
188 99 200 0 
189 63 200 0 
190 58 200 0 
191 79 200 0 
192 98 200 0 
193 67 200 0 
194 89 200 0 
195 90 200 0 
196 65 200 0 
197 91 200 0 
198 81 200 0 
199 70 200 0 
200 86 200 0 
201 65 200 0 
202 57 200 0 
203 77 200 0 
204 57 200 0 
205 66 200 0 
206 51 200 0 
207 93 200 0 
208 90 200 0 
209 61 200 0 
210 77 200 0 
211 59 200 0 
212 52 200 0 
213 57 200 0 
214 58 200 0 
215 90 200 0 
216 97 200 0 
217 70 200 0 
218 67 200 0 
219 51 200 0 
220 64 200 0 
221 72 200 0 
222 98 200 0 
223 55 200 0 
224 62 200 0 
225 56 200 0 
226 69 200 0 
227 100 200 0 
228 81 200 0 
229 95 200 0 
230 81 200 0 
231 60 200 0 
232 79 200 0 
233 76 200 0 
234 81 200 0 
235 53 200 0 
236 89 200 0 
237 87 200 0 
238 92 200 0 
239 95 200 0 
240 57 200 0 
241 91 200 0 
242 85 200 0 
243 71 200 0 
244 89 200 0 
245 59 200 0 
246 82 200 0 
247 72 200 0 
248 81 200 0 
249 100 200 0 
250 67 200 0 
251 78 200 0 
252 57 200 0 
253 63 200 0 
254 64 200 0 
255 54 200 0 
256 77 200 0 
257 90 200 0 
258 81 200 0 
259 68 200 0 
260 58 200 0 
261 53 200 0 
262 99 200 0 
263 54 200 0 
264 60 200 0 
265 55 200 0 
266 53 200 0 
267 89 200 0 
268 86 200 0 
269 64 200 0 
270 72 200 0 
271 95 200 0 
272 84 200 0 
273 83 200 0 
274 88 200 0 
275 90 200 0 
276 66 200 0 
277 57 200 0 
278 71 200 0 
279 97 200 0 
280 79 200 0 
281 67 200 0 
282 62 200 0 
283 89 200 0 
284 85 200 0 
285 87 200 0 
286 99 200 0 
287 76 200 0 
288 89 200 0 
289 76 200 0 
290 61 200 0 
291 61 200 0 
292 77 200 0 
293 90 200 0 
294 86 200 0 
295 69 200 0 
296 97 200 0 
297 100 200 0 
298 65 200 0 
299 90 200 0 
300 96 200 0 
301 81 200 0 
302 94 200 0 
303 69 200 0 
304 98 200 0 
305 66 200 0 
306 71 200 0 
307 97 200 0 
308 85 200 0 
309 83 200 0 
310 67 200 0 
311 87 200 0 
312 65 200 0 
313 67 200 0 
314 68 200 0 
315 80 200 0 
316 88 200 0 
317 63 200 0 
318 68 200 0 
319 77 200 0 
320 55 200 0 
321 63 200 0 
322 97 200 0 
323 77 200 0 
324 58 200 0 
325 96 200 0 
326 71 200 0 
327 82 200 0 
328 68 200 0 
329 54 200 0 
330 59 200 0 
331 93 200 0 
332 53 200 0 
333 90 200 0 
334 85 200 0 
335 51 200 0 
336 86 200 0 
337 60 200 0 
338 70 200 0 
339 56 200 0 
340 82 200 0 
341 87 200 0 
342 82 200 0 
343 70 200 0 
344 71 200 0 
345 86 200 0 
346 100 200 0 
347 78 200 0 
348 94 200 0 
349 75 200 0 
350 59 200 0 
351 65 200 0 
352 93 200 0 
353 95 200 0 
354 70 200 0 
355 93 200 0 
356 56 200 0 
357 80 200 0 
358 53 200 0 
359 71 200 0 
360 61 200 0 
361 100 200 0 
362 74 200 0 
363 64 200 0 
364 77 200 0 
365 60 200 0 
366 95 200 0 
367 77 200 0 
368 96 200 0 
369 79 200 0 
370 66 200 0 
371 59 200 0 
372 82 200 0 
373 85 200 0 
374 54 200 0 
375 78 200 0 
376 92 200 0 
377 57 200 0 
378 73 200 0 
379 87 200 0 
380 67 200 0 
381 77 200 0 
382 84 200 0 
383 54 200 0 
384 80 200 0 
385 56 200 0 
386 63 200 0 
387 66 200 0 
388 62 200 0 
389 67 200 0 
390 58 200 0 
391 71 200 0 
392 78 200 0 
393 65 200 0 
394 98 200 0 
395 99 200 0 
396 76 200 0 
397 77 200 0 
398 98 200 0 
399 89 200 0 
400 87 200 0 
401 78 200 0 
402 91 200 0 
403 77 200 0 
404 92 200 0 
405 63 200 0 
406 94 200 0 
407 96 200 0 
408 85 200 0 
409 100 200 0 
410 98 200 0 
411 94 200 0 
412 55 200 0 
413 88 200 0 
414 79 200 0 
415 65 200 0 
416 58 200 0 
417 72 200 0 
418 56 200 0 
419 83 200 0 
420 53 200 0 
421 52 200 0 
422 83 200 0 
423 71 200 0 
424 79 200 0 
425 68 200 0 
426 68 200 0 
427 73 200 0 
428 90 200 0 
429 94 200 0 
430 90 200 0 
431 82 200 0 
432 80 200 0 
433 56 200 0 
434 76 200 0 
435 63 200 0 
436 57 200 0 
437 72 200 0 
438 87 200 0 
439 66 200 0 
440 66 200 0 
441 80 200 0 
442 87 200 0 
443 64 200 0 
444 93 200 0 
445 96 200 0 
446 53 200 0 
447 69 200 0 
448 77 200 0 
449 61 200 0 
450 79 200 0 
451 60 200 0 
452 91 200 0 
453 92 200 0 
454 99 200 0 
455 64 200 0 
456 87 200 0 
457 68 200 0 
458 67 200 0 
459 90 200 0 
460 99 200 0 
461 83 200 0 
462 93 200 0 
463 58 200 0 
464 55 200 0 
465 51 200 0 
466 98 200 0 
467 96 200 0 
468 59 200 0 
469 80 200 0 
470 89 200 0 
471 83 200 0 
472 62 200 0 
473 54 200 0 
474 97 200 0 
475 91 200 0 
476 54 200 0 
477 53 200 0 
478 87 200 0 
479 96 200 0 
480 97 200 0 
481 86 200 0 
482 60 200 0 
483 93 200 0 
484 77 200 0 
485 67 200 0 
486 99 200 0 
487 97 200 0 
488 84 200 0 
489 69 200 0 
490 81 200 0 
491 86 200 0 
492 65 200 0 
493 80 200 0 
494 51 200 0 
495 72 200 0 
496 54 200 0 
497 97 200 0 
498 83 200 0 
499 89 200 0 
