NAME GBP_INSTANCES\prob_1_B_2_7_0.txt
COMMENT
BINTYPES 5
ITEMS 100
BINS_SECTIONS
0 60 60 0 82 
1 80 80 0 61 
2 100 100 0 49 
3 120 120 0 41 
4 150 150 0 33 
ITEMS_SECTIONS
0 21 200 1
1 40 200 1
2 6 200 1
3 91 200 1
4 85 200 1
5 78 200 1
6 15 200 1
7 93 200 1
8 48 200 1
9 23 200 1
10 7 200 1
11 47 200 1
12 5 200 1
13 42 200 1
14 20 200 1
15 89 200 1
16 28 200 1
17 52 200 1
18 53 200 1
19 98 200 1
20 17 200 1
21 4 200 1
22 10 200 1
23 30 200 1
24 13 200 1
25 61 200 1
26 78 200 1
27 77 200 1
28 7 200 1
29 72 200 1
30 44 200 1
31 24 200 1
32 3 200 1
33 60 200 1
34 73 200 1
35 79 200 1
36 65 200 1
37 14 200 1
38 85 200 1
39 77 200 1
40 27 200 1
41 30 200 1
42 30 200 1
43 34 200 1
44 64 200 1
45 64 200 1
46 94 200 1
47 25 200 1
48 26 200 1
49 54 200 1
50 76 200 1
51 4 200 1
52 30 200 1
53 78 200 1
54 7 200 1
55 2 200 1
56 6 200 1
57 91 200 1
58 100 200 1
59 33 200 1
60 95 200 1
61 25 200 1
62 94 200 1
63 57 200 1
64 94 200 1
65 79 200 1
66 55 200 1
67 19 200 1
68 48 200 1
69 5 200 1
70 23 200 1
71 2 200 1
72 75 200 1
73 82 200 1
74 59 200 1
75 35 200 1
76 54 200 1
77 20 200 1
78 88 200 1
79 89 200 1
80 13 200 1
81 69 200 1
82 75 200 1
83 82 200 1
84 83 200 1
85 72 200 1
86 47 200 1
87 47 200 1
88 62 200 1
89 43 200 1
90 89 200 1
91 82 200 1
92 11 200 1
93 4 200 1
94 33 200 1
95 30 200 1
96 73 200 1
97 84 200 1
98 62 200 1
99 5 200 1
