NAME GBP_INSTANCES\prob_2_A_4_2_0.txt
COMMENT
BINTYPES 3
ITEMS 500
BINS_SECTIONS
0 100 100 0 303 
1 120 120 0 253 
2 150 150 0 202 
ITEMS_SECTIONS
0 92 200 1
1 80 200 1
2 64 200 1
3 71 200 1
4 98 200 1
5 26 200 1
6 56 200 1
7 38 200 1
8 48 200 1
9 27 200 1
10 57 200 1
11 89 200 1
12 79 200 1
13 49 200 1
14 51 200 1
15 100 200 1
16 62 200 1
17 34 200 1
18 83 200 1
19 44 200 1
20 61 200 1
21 26 200 1
22 31 200 1
23 63 200 1
24 94 200 1
25 25 200 1
26 78 200 1
27 88 200 1
28 63 200 1
29 27 200 1
30 28 200 1
31 61 200 1
32 62 200 1
33 79 200 1
34 31 200 1
35 37 200 1
36 91 200 1
37 95 200 1
38 64 200 1
39 97 200 1
40 21 200 1
41 69 200 1
42 26 200 1
43 85 200 1
44 36 200 1
45 94 200 1
46 21 200 1
47 47 200 1
48 90 200 1
49 43 200 1
50 40 200 1
51 26 200 1
52 30 200 1
53 66 200 1
54 79 200 1
55 99 200 1
56 47 200 1
57 79 200 1
58 45 200 1
59 23 200 1
60 79 200 1
61 58 200 1
62 92 200 1
63 97 200 1
64 41 200 1
65 87 200 1
66 25 200 1
67 49 200 1
68 91 200 1
69 67 200 1
70 79 200 1
71 36 200 1
72 82 200 1
73 43 200 1
74 56 200 1
75 80 200 1
76 40 200 1
77 79 200 1
78 61 200 1
79 32 200 1
80 96 200 1
81 91 200 1
82 69 200 1
83 72 200 1
84 54 200 1
85 76 200 1
86 55 200 1
87 71 200 1
88 38 200 1
89 40 200 1
90 66 200 1
91 57 200 1
92 86 200 1
93 59 200 1
94 49 200 1
95 44 200 1
96 76 200 1
97 85 200 1
98 99 200 1
99 100 200 1
100 55 200 1
101 29 200 1
102 56 200 1
103 35 200 1
104 57 200 1
105 39 200 1
106 76 200 1
107 52 200 1
108 57 200 1
109 74 200 1
110 71 200 1
111 89 200 1
112 67 200 1
113 41 200 1
114 32 200 1
115 49 200 1
116 92 200 1
117 88 200 1
118 100 200 1
119 92 200 1
120 29 200 1
121 83 200 1
122 76 200 1
123 85 200 1
124 90 200 1
125 82 200 1
126 25 200 1
127 72 200 1
128 92 200 1
129 60 200 1
130 85 200 1
131 91 200 1
132 99 200 1
133 37 200 1
134 85 200 1
135 58 200 1
136 50 200 1
137 79 200 1
138 30 200 1
139 50 200 1
140 54 200 1
141 36 200 1
142 84 200 1
143 42 200 1
144 24 200 1
145 84 200 1
146 48 200 1
147 50 200 1
148 97 200 1
149 23 200 1
150 95 200 1
151 61 200 1
152 23 200 1
153 71 200 1
154 30 200 1
155 66 200 1
156 96 200 1
157 70 200 1
158 43 200 1
159 58 200 1
160 51 200 1
161 87 200 1
162 72 200 1
163 69 200 1
164 99 200 1
165 35 200 1
166 74 200 1
167 99 200 1
168 42 200 1
169 28 200 1
170 42 200 1
171 26 200 1
172 74 200 1
173 52 200 1
174 33 200 1
175 61 200 1
176 29 200 1
177 21 200 1
178 96 200 1
179 78 200 1
180 24 200 1
181 88 200 1
182 55 200 1
183 66 200 1
184 61 200 1
185 35 200 1
186 59 200 1
187 29 200 1
188 25 200 1
189 93 200 1
190 26 200 1
191 65 200 1
192 31 200 1
193 89 200 1
194 84 200 1
195 68 200 1
196 85 200 1
197 95 200 1
198 69 200 1
199 21 200 1
200 50 200 1
201 82 200 1
202 91 200 1
203 84 200 1
204 77 200 1
205 95 200 1
206 68 200 1
207 25 200 1
208 98 200 1
209 57 200 1
210 89 200 1
211 40 200 1
212 61 200 1
213 58 200 1
214 56 200 1
215 61 200 1
216 60 200 1
217 94 200 1
218 73 200 1
219 69 200 1
220 37 200 1
221 26 200 1
222 31 200 1
223 26 200 1
224 69 200 1
225 77 200 1
226 85 200 1
227 32 200 1
228 86 200 1
229 95 200 1
230 93 200 1
231 30 200 1
232 52 200 1
233 42 200 1
234 96 200 1
235 73 200 1
236 23 200 1
237 24 200 1
238 77 200 1
239 78 200 1
240 49 200 1
241 86 200 1
242 39 200 1
243 73 200 1
244 78 200 1
245 74 200 1
246 68 200 1
247 28 200 1
248 53 200 1
249 53 200 1
250 78 200 1
251 30 200 1
252 50 200 1
253 34 200 1
254 95 200 1
255 59 200 1
256 80 200 1
257 68 200 1
258 57 200 1
259 51 200 1
260 49 200 1
261 41 200 1
262 66 200 1
263 43 200 1
264 61 200 1
265 39 200 1
266 72 200 1
267 69 200 1
268 26 200 1
269 69 200 1
270 85 200 1
271 72 200 1
272 53 200 1
273 89 200 1
274 57 200 1
275 62 200 1
276 98 200 1
277 88 200 1
278 42 200 1
279 58 200 1
280 35 200 1
281 47 200 1
282 98 200 1
283 62 200 1
284 57 200 1
285 89 200 1
286 72 200 1
287 71 200 1
288 95 200 1
289 87 200 1
290 78 200 1
291 42 200 1
292 77 200 1
293 66 200 1
294 47 200 1
295 83 200 1
296 48 200 1
297 49 200 1
298 51 200 1
299 57 200 1
300 40 200 1
301 24 200 1
302 94 200 1
303 50 200 1
304 81 200 1
305 57 200 1
306 30 200 1
307 36 200 1
308 64 200 1
309 96 200 1
310 64 200 1
311 27 200 1
312 34 200 1
313 54 200 1
314 94 200 1
315 64 200 1
316 51 200 1
317 50 200 1
318 33 200 1
319 76 200 1
320 23 200 1
321 87 200 1
322 83 200 1
323 69 200 1
324 32 200 1
325 33 200 1
326 71 200 1
327 42 200 1
328 21 200 1
329 56 200 1
330 84 200 1
331 89 200 1
332 97 200 1
333 53 200 1
334 84 200 1
335 78 200 1
336 61 200 1
337 64 200 1
338 21 200 1
339 95 200 1
340 77 200 1
341 63 200 1
342 38 200 1
343 80 200 1
344 38 200 1
345 65 200 1
346 46 200 1
347 82 200 1
348 22 200 1
349 64 200 1
350 26 200 1
351 36 200 1
352 51 200 1
353 28 200 1
354 27 200 1
355 27 200 1
356 93 200 1
357 89 200 1
358 71 200 1
359 78 200 1
360 26 200 1
361 54 200 1
362 79 200 1
363 45 200 1
364 63 200 1
365 46 200 1
366 92 200 1
367 92 200 1
368 38 200 1
369 36 200 1
370 34 200 1
371 86 200 1
372 75 200 1
373 82 200 1
374 87 200 1
375 70 200 1
376 71 200 1
377 74 200 1
378 30 200 1
379 67 200 1
380 35 200 1
381 85 200 1
382 78 200 1
383 100 200 1
384 84 200 1
385 38 200 1
386 39 200 1
387 34 200 1
388 35 200 1
389 30 200 1
390 39 200 1
391 57 200 1
392 68 200 1
393 41 200 1
394 40 200 1
395 31 200 1
396 45 200 1
397 21 200 1
398 54 200 1
399 55 200 1
400 96 200 1
401 63 200 1
402 88 200 1
403 82 200 1
404 71 200 1
405 52 200 1
406 70 200 1
407 37 200 1
408 37 200 1
409 86 200 1
410 60 200 1
411 42 200 1
412 76 200 1
413 36 200 1
414 33 200 1
415 44 200 1
416 62 200 1
417 92 200 1
418 29 200 1
419 39 200 1
420 34 200 1
421 22 200 1
422 21 200 1
423 33 200 1
424 27 200 1
425 25 200 1
426 72 200 1
427 61 200 1
428 66 200 1
429 44 200 1
430 42 200 1
431 37 200 1
432 35 200 1
433 85 200 1
434 60 200 1
435 64 200 1
436 80 200 1
437 82 200 1
438 63 200 1
439 46 200 1
440 34 200 1
441 30 200 1
442 87 200 1
443 94 200 1
444 47 200 1
445 44 200 1
446 31 200 1
447 73 200 1
448 46 200 1
449 93 200 1
450 82 200 1
451 55 200 1
452 100 200 1
453 33 200 1
454 44 200 1
455 85 200 1
456 62 200 1
457 100 200 1
458 53 200 1
459 59 200 1
460 66 200 1
461 68 200 1
462 26 200 1
463 56 200 1
464 93 200 1
465 48 200 1
466 85 200 1
467 81 200 1
468 31 200 1
469 85 200 1
470 41 200 1
471 34 200 1
472 41 200 1
473 86 200 1
474 82 200 1
475 59 200 1
476 88 200 1
477 48 200 1
478 32 200 1
479 98 200 1
480 51 200 1
481 32 200 1
482 62 200 1
483 87 200 1
484 83 200 1
485 84 200 1
486 30 200 1
487 84 200 1
488 49 200 1
489 48 200 1
490 42 200 1
491 92 200 1
492 65 200 1
493 93 200 1
494 33 200 1
495 77 200 1
496 64 200 1
497 66 200 1
498 75 200 1
499 90 200 1
