NAME GBP_INSTANCES\prob_2_A_3_1_0.txt
COMMENT
BINTYPES 3
ITEMS 200
BINS_SECTIONS
0 100 100 0 124 
1 120 120 0 103 
2 150 150 0 83 
ITEMS_SECTIONS
0 56 200 1
1 93 200 1
2 97 200 1
3 71 200 1
4 86 200 1
5 50 200 1
6 22 200 1
7 80 200 1
8 22 200 1
9 69 200 1
10 75 200 1
11 39 200 1
12 85 200 1
13 98 200 1
14 52 200 1
15 32 200 1
16 23 200 1
17 31 200 1
18 21 200 1
19 44 200 1
20 50 200 1
21 74 200 1
22 77 200 1
23 26 200 1
24 40 200 1
25 65 200 1
26 61 200 1
27 22 200 1
28 88 200 1
29 51 200 1
30 37 200 1
31 36 200 1
32 64 200 1
33 26 200 1
34 83 200 1
35 60 200 1
36 99 200 1
37 31 200 1
38 38 200 1
39 97 200 1
40 97 200 1
41 25 200 1
42 80 200 1
43 41 200 1
44 49 200 1
45 91 200 1
46 50 200 1
47 49 200 1
48 59 200 1
49 76 200 1
50 86 200 1
51 53 200 1
52 74 200 1
53 88 200 1
54 76 200 1
55 36 200 1
56 88 200 1
57 91 200 1
58 99 200 1
59 92 200 1
60 87 200 1
61 97 200 1
62 75 200 1
63 69 200 1
64 100 200 1
65 59 200 1
66 80 200 1
67 48 200 1
68 24 200 1
69 100 200 1
70 29 200 1
71 23 200 1
72 73 200 1
73 23 200 1
74 93 200 1
75 34 200 1
76 77 200 1
77 88 200 1
78 82 200 1
79 65 200 1
80 72 200 1
81 83 200 1
82 40 200 1
83 27 200 1
84 31 200 1
85 40 200 1
86 33 200 1
87 66 200 1
88 25 200 1
89 26 200 1
90 31 200 1
91 100 200 1
92 44 200 1
93 97 200 1
94 93 200 1
95 91 200 1
96 51 200 1
97 36 200 1
98 90 200 1
99 42 200 1
100 41 200 1
101 30 200 1
102 35 200 1
103 30 200 1
104 57 200 1
105 60 200 1
106 29 200 1
107 49 200 1
108 74 200 1
109 40 200 1
110 95 200 1
111 69 200 1
112 47 200 1
113 97 200 1
114 96 200 1
115 84 200 1
116 97 200 1
117 48 200 1
118 99 200 1
119 65 200 1
120 95 200 1
121 30 200 1
122 21 200 1
123 72 200 1
124 63 200 1
125 68 200 1
126 27 200 1
127 66 200 1
128 79 200 1
129 47 200 1
130 53 200 1
131 35 200 1
132 84 200 1
133 42 200 1
134 78 200 1
135 78 200 1
136 29 200 1
137 58 200 1
138 64 200 1
139 27 200 1
140 26 200 1
141 31 200 1
142 93 200 1
143 79 200 1
144 83 200 1
145 95 200 1
146 80 200 1
147 94 200 1
148 46 200 1
149 35 200 1
150 82 200 1
151 83 200 1
152 100 200 1
153 30 200 1
154 93 200 1
155 24 200 1
156 88 200 1
157 76 200 1
158 29 200 1
159 65 200 1
160 64 200 1
161 32 200 1
162 86 200 1
163 89 200 1
164 86 200 1
165 81 200 1
166 73 200 1
167 73 200 1
168 90 200 1
169 28 200 1
170 68 200 1
171 57 200 1
172 74 200 1
173 30 200 1
174 56 200 1
175 57 200 1
176 82 200 1
177 59 200 1
178 80 200 1
179 70 200 1
180 48 200 1
181 52 200 1
182 88 200 1
183 44 200 1
184 36 200 1
185 40 200 1
186 46 200 1
187 36 200 1
188 60 200 1
189 75 200 1
190 68 200 1
191 26 200 1
192 86 200 1
193 98 200 1
194 84 200 1
195 93 200 1
196 57 200 1
197 65 200 1
198 75 200 1
199 31 200 1
