NAME GBP_INSTANCES\prob_1_A_3_8_0.txt
COMMENT
BINTYPES 3
ITEMS 200
BINS_SECTIONS
0 100 100 0 103 
1 120 120 0 86 
2 150 150 0 69 
ITEMS_SECTIONS
0 55 200 1
1 14 200 1
2 61 200 1
3 48 200 1
4 15 200 1
5 47 200 1
6 90 200 1
7 12 200 1
8 72 200 1
9 14 200 1
10 66 200 1
11 16 200 1
12 53 200 1
13 28 200 1
14 53 200 1
15 73 200 1
16 80 200 1
17 84 200 1
18 53 200 1
19 55 200 1
20 98 200 1
21 57 200 1
22 92 200 1
23 17 200 1
24 27 200 1
25 56 200 1
26 18 200 1
27 79 200 1
28 96 200 1
29 57 200 1
30 40 200 1
31 43 200 1
32 74 200 1
33 77 200 1
34 83 200 1
35 75 200 1
36 7 200 1
37 84 200 1
38 67 200 1
39 55 200 1
40 96 200 1
41 14 200 1
42 94 200 1
43 99 200 1
44 49 200 1
45 99 200 1
46 64 200 1
47 74 200 1
48 78 200 1
49 79 200 1
50 84 200 1
51 6 200 1
52 42 200 1
53 72 200 1
54 6 200 1
55 88 200 1
56 81 200 1
57 13 200 1
58 41 200 1
59 20 200 1
60 21 200 1
61 21 200 1
62 10 200 1
63 44 200 1
64 22 200 1
65 89 200 1
66 56 200 1
67 45 200 1
68 46 200 1
69 91 200 1
70 82 200 1
71 68 200 1
72 12 200 1
73 64 200 1
74 61 200 1
75 6 200 1
76 2 200 1
77 78 200 1
78 45 200 1
79 35 200 1
80 9 200 1
81 62 200 1
82 53 200 1
83 33 200 1
84 78 200 1
85 75 200 1
86 53 200 1
87 66 200 1
88 36 200 1
89 100 200 1
90 7 200 1
91 79 200 1
92 46 200 1
93 66 200 1
94 7 200 1
95 70 200 1
96 5 200 1
97 45 200 1
98 72 200 1
99 84 200 1
100 11 200 1
101 57 200 1
102 35 200 1
103 19 200 1
104 11 200 1
105 15 200 1
106 66 200 1
107 61 200 1
108 63 200 1
109 43 200 1
110 88 200 1
111 56 200 1
112 27 200 1
113 12 200 1
114 40 200 1
115 32 200 1
116 11 200 1
117 10 200 1
118 97 200 1
119 59 200 1
120 83 200 1
121 97 200 1
122 50 200 1
123 100 200 1
124 100 200 1
125 77 200 1
126 33 200 1
127 16 200 1
128 29 200 1
129 3 200 1
130 98 200 1
131 57 200 1
132 28 200 1
133 79 200 1
134 47 200 1
135 58 200 1
136 84 200 1
137 75 200 1
138 80 200 1
139 23 200 1
140 34 200 1
141 80 200 1
142 10 200 1
143 25 200 1
144 86 200 1
145 63 200 1
146 96 200 1
147 34 200 1
148 87 200 1
149 28 200 1
150 20 200 1
151 60 200 1
152 12 200 1
153 44 200 1
154 76 200 1
155 59 200 1
156 56 200 1
157 47 200 1
158 14 200 1
159 56 200 1
160 92 200 1
161 78 200 1
162 72 200 1
163 60 200 1
164 69 200 1
165 67 200 1
166 62 200 1
167 23 200 1
168 21 200 1
169 13 200 1
170 46 200 1
171 85 200 1
172 61 200 1
173 89 200 1
174 45 200 1
175 9 200 1
176 37 200 1
177 13 200 1
178 46 200 1
179 2 200 1
180 4 200 1
181 94 200 1
182 25 200 1
183 49 200 1
184 9 200 1
185 37 200 1
186 67 200 1
187 64 200 1
188 34 200 1
189 79 200 1
190 98 200 1
191 54 200 1
192 96 200 1
193 48 200 1
194 3 200 1
195 26 200 1
196 54 200 1
197 37 200 1
198 45 200 1
199 33 200 1
