NAME GBP_INSTANCES\prob_2_B_0_4_0.txt
COMMENT
BINTYPES 5
ITEMS 25
BINS_SECTIONS
0 60 60 0 25 
1 80 80 0 19 
2 100 100 0 15 
3 120 120 0 13 
4 150 150 0 10 
ITEMS_SECTIONS
0 36 200 0 
1 76 200 0 
2 22 200 0 
3 46 200 0 
4 81 200 0 
5 70 200 0 
6 49 200 0 
7 74 200 0 
8 99 200 0 
9 29 200 0 
10 85 200 0 
11 23 200 0 
12 85 200 0 
13 92 200 0 
14 33 200 0 
15 55 200 0 
16 59 200 0 
17 49 200 0 
18 21 200 0 
19 54 200 0 
20 61 200 0 
21 79 200 0 
22 73 200 0 
23 44 200 0 
24 89 200 0 
