NAME GBP_INSTANCES\prob_1_A_4_9_0.txt
COMMENT
BINTYPES 3
ITEMS 500
BINS_SECTIONS
0 100 100 0 265 
1 120 120 0 221 
2 150 150 0 177 
ITEMS_SECTIONS
0 52 200 0 
1 23 200 0 
2 53 200 0 
3 33 200 0 
4 12 200 0 
5 24 200 0 
6 93 200 0 
7 87 200 0 
8 39 200 0 
9 39 200 0 
10 100 200 0 
11 23 200 0 
12 74 200 0 
13 7 200 0 
14 47 200 0 
15 79 200 0 
16 72 200 0 
17 48 200 0 
18 33 200 0 
19 44 200 0 
20 18 200 0 
21 12 200 0 
22 72 200 0 
23 4 200 0 
24 79 200 0 
25 59 200 0 
26 90 200 0 
27 98 200 0 
28 31 200 0 
29 62 200 0 
30 14 200 0 
31 27 200 0 
32 76 200 0 
33 24 200 0 
34 61 200 0 
35 82 200 0 
36 64 200 0 
37 73 200 0 
38 19 200 0 
39 49 200 0 
40 64 200 0 
41 50 200 0 
42 13 200 0 
43 51 200 0 
44 71 200 0 
45 41 200 0 
46 59 200 0 
47 87 200 0 
48 14 200 0 
49 61 200 0 
50 9 200 0 
51 23 200 0 
52 39 200 0 
53 67 200 0 
54 50 200 0 
55 97 200 0 
56 38 200 0 
57 82 200 0 
58 18 200 0 
59 11 200 0 
60 2 200 0 
61 17 200 0 
62 44 200 0 
63 30 200 0 
64 48 200 0 
65 73 200 0 
66 7 200 0 
67 5 200 0 
68 40 200 0 
69 17 200 0 
70 21 200 0 
71 23 200 0 
72 2 200 0 
73 94 200 0 
74 18 200 0 
75 83 200 0 
76 77 200 0 
77 91 200 0 
78 61 200 0 
79 38 200 0 
80 36 200 0 
81 10 200 0 
82 41 200 0 
83 65 200 0 
84 54 200 0 
85 39 200 0 
86 8 200 0 
87 29 200 0 
88 92 200 0 
89 31 200 0 
90 68 200 0 
91 95 200 0 
92 93 200 0 
93 35 200 0 
94 18 200 0 
95 48 200 0 
96 21 200 0 
97 95 200 0 
98 36 200 0 
99 77 200 0 
100 53 200 0 
101 88 200 0 
102 98 200 0 
103 92 200 0 
104 77 200 0 
105 83 200 0 
106 56 200 0 
107 29 200 0 
108 68 200 0 
109 20 200 0 
110 29 200 0 
111 86 200 0 
112 14 200 0 
113 71 200 0 
114 39 200 0 
115 89 200 0 
116 76 200 0 
117 90 200 0 
118 77 200 0 
119 99 200 0 
120 40 200 0 
121 24 200 0 
122 91 200 0 
123 57 200 0 
124 34 200 0 
125 59 200 0 
126 97 200 0 
127 6 200 0 
128 89 200 0 
129 25 200 0 
130 17 200 0 
131 61 200 0 
132 18 200 0 
133 82 200 0 
134 17 200 0 
135 78 200 0 
136 63 200 0 
137 42 200 0 
138 89 200 0 
139 83 200 0 
140 20 200 0 
141 46 200 0 
142 11 200 0 
143 23 200 0 
144 66 200 0 
145 34 200 0 
146 32 200 0 
147 100 200 0 
148 18 200 0 
149 46 200 0 
150 62 200 0 
151 44 200 0 
152 25 200 0 
153 87 200 0 
154 61 200 0 
155 80 200 0 
156 45 200 0 
157 89 200 0 
158 18 200 0 
159 58 200 0 
160 99 200 0 
161 2 200 0 
162 39 200 0 
163 2 200 0 
164 44 200 0 
165 51 200 0 
166 18 200 0 
167 32 200 0 
168 78 200 0 
169 2 200 0 
170 100 200 0 
171 25 200 0 
172 3 200 0 
173 52 200 0 
174 26 200 0 
175 70 200 0 
176 63 200 0 
177 94 200 0 
178 69 200 0 
179 84 200 0 
180 85 200 0 
181 87 200 0 
182 39 200 0 
183 34 200 0 
184 41 200 0 
185 59 200 0 
186 70 200 0 
187 37 200 0 
188 47 200 0 
189 86 200 0 
190 84 200 0 
191 96 200 0 
192 42 200 0 
193 78 200 0 
194 17 200 0 
195 29 200 0 
196 36 200 0 
197 8 200 0 
198 13 200 0 
199 40 200 0 
200 86 200 0 
201 4 200 0 
202 93 200 0 
203 17 200 0 
204 84 200 0 
205 76 200 0 
206 69 200 0 
207 87 200 0 
208 18 200 0 
209 59 200 0 
210 26 200 0 
211 15 200 0 
212 84 200 0 
213 58 200 0 
214 54 200 0 
215 72 200 0 
216 26 200 0 
217 85 200 0 
218 36 200 0 
219 82 200 0 
220 56 200 0 
221 69 200 0 
222 75 200 0 
223 46 200 0 
224 55 200 0 
225 17 200 0 
226 82 200 0 
227 56 200 0 
228 99 200 0 
229 23 200 0 
230 84 200 0 
231 25 200 0 
232 100 200 0 
233 99 200 0 
234 95 200 0 
235 8 200 0 
236 31 200 0 
237 18 200 0 
238 3 200 0 
239 66 200 0 
240 91 200 0 
241 45 200 0 
242 95 200 0 
243 45 200 0 
244 18 200 0 
245 58 200 0 
246 28 200 0 
247 98 200 0 
248 65 200 0 
249 23 200 0 
250 94 200 0 
251 57 200 0 
252 86 200 0 
253 16 200 0 
254 41 200 0 
255 68 200 0 
256 24 200 0 
257 87 200 0 
258 91 200 0 
259 82 200 0 
260 33 200 0 
261 29 200 0 
262 89 200 0 
263 42 200 0 
264 79 200 0 
265 50 200 0 
266 57 200 0 
267 29 200 0 
268 4 200 0 
269 36 200 0 
270 62 200 0 
271 36 200 0 
272 93 200 0 
273 76 200 0 
274 95 200 0 
275 19 200 0 
276 82 200 0 
277 49 200 0 
278 51 200 0 
279 85 200 0 
280 92 200 0 
281 35 200 0 
282 7 200 0 
283 85 200 0 
284 48 200 0 
285 65 200 0 
286 3 200 0 
287 55 200 0 
288 79 200 0 
289 70 200 0 
290 23 200 0 
291 91 200 0 
292 34 200 0 
293 16 200 0 
294 54 200 0 
295 81 200 0 
296 31 200 0 
297 25 200 0 
298 47 200 0 
299 96 200 0 
300 61 200 0 
301 47 200 0 
302 56 200 0 
303 55 200 0 
304 79 200 0 
305 88 200 0 
306 65 200 0 
307 60 200 0 
308 74 200 0 
309 50 200 0 
310 87 200 0 
311 41 200 0 
312 86 200 0 
313 97 200 0 
314 54 200 0 
315 75 200 0 
316 48 200 0 
317 15 200 0 
318 55 200 0 
319 37 200 0 
320 100 200 0 
321 54 200 0 
322 76 200 0 
323 49 200 0 
324 95 200 0 
325 33 200 0 
326 77 200 0 
327 69 200 0 
328 6 200 0 
329 2 200 0 
330 59 200 0 
331 13 200 0 
332 60 200 0 
333 31 200 0 
334 64 200 0 
335 21 200 0 
336 50 200 0 
337 26 200 0 
338 63 200 0 
339 78 200 0 
340 85 200 0 
341 42 200 0 
342 72 200 0 
343 7 200 0 
344 73 200 0 
345 93 200 0 
346 40 200 0 
347 20 200 0 
348 89 200 0 
349 22 200 0 
350 63 200 0 
351 76 200 0 
352 14 200 0 
353 38 200 0 
354 71 200 0 
355 7 200 0 
356 11 200 0 
357 90 200 0 
358 32 200 0 
359 63 200 0 
360 5 200 0 
361 71 200 0 
362 7 200 0 
363 62 200 0 
364 52 200 0 
365 21 200 0 
366 37 200 0 
367 64 200 0 
368 55 200 0 
369 40 200 0 
370 73 200 0 
371 67 200 0 
372 7 200 0 
373 63 200 0 
374 13 200 0 
375 58 200 0 
376 27 200 0 
377 17 200 0 
378 89 200 0 
379 97 200 0 
380 75 200 0 
381 2 200 0 
382 64 200 0 
383 70 200 0 
384 91 200 0 
385 30 200 0 
386 53 200 0 
387 2 200 0 
388 65 200 0 
389 56 200 0 
390 59 200 0 
391 57 200 0 
392 73 200 0 
393 31 200 0 
394 26 200 0 
395 15 200 0 
396 86 200 0 
397 16 200 0 
398 99 200 0 
399 48 200 0 
400 89 200 0 
401 95 200 0 
402 99 200 0 
403 5 200 0 
404 23 200 0 
405 13 200 0 
406 87 200 0 
407 8 200 0 
408 67 200 0 
409 69 200 0 
410 50 200 0 
411 69 200 0 
412 2 200 0 
413 31 200 0 
414 68 200 0 
415 50 200 0 
416 51 200 0 
417 48 200 0 
418 86 200 0 
419 54 200 0 
420 45 200 0 
421 59 200 0 
422 74 200 0 
423 79 200 0 
424 8 200 0 
425 86 200 0 
426 76 200 0 
427 23 200 0 
428 10 200 0 
429 69 200 0 
430 46 200 0 
431 71 200 0 
432 98 200 0 
433 63 200 0 
434 67 200 0 
435 54 200 0 
436 17 200 0 
437 47 200 0 
438 46 200 0 
439 98 200 0 
440 60 200 0 
441 64 200 0 
442 91 200 0 
443 80 200 0 
444 63 200 0 
445 44 200 0 
446 55 200 0 
447 82 200 0 
448 61 200 0 
449 18 200 0 
450 58 200 0 
451 68 200 0 
452 30 200 0 
453 85 200 0 
454 64 200 0 
455 90 200 0 
456 45 200 0 
457 56 200 0 
458 38 200 0 
459 27 200 0 
460 65 200 0 
461 97 200 0 
462 45 200 0 
463 69 200 0 
464 69 200 0 
465 25 200 0 
466 26 200 0 
467 61 200 0 
468 68 200 0 
469 83 200 0 
470 13 200 0 
471 12 200 0 
472 22 200 0 
473 22 200 0 
474 4 200 0 
475 63 200 0 
476 53 200 0 
477 36 200 0 
478 80 200 0 
479 68 200 0 
480 34 200 0 
481 76 200 0 
482 77 200 0 
483 34 200 0 
484 98 200 0 
485 83 200 0 
486 87 200 0 
487 89 200 0 
488 75 200 0 
489 66 200 0 
490 11 200 0 
491 48 200 0 
492 92 200 0 
493 73 200 0 
494 33 200 0 
495 8 200 0 
496 39 200 0 
497 72 200 0 
498 45 200 0 
499 59 200 0 
