NAME GBP_INSTANCES\prob_2_A_1_4_0.txt
COMMENT
BINTYPES 3
ITEMS 50
BINS_SECTIONS
0 100 100 0 33 
1 120 120 0 27 
2 150 150 0 22 
ITEMS_SECTIONS
0 60 200 1
1 50 200 1
2 78 200 1
3 78 200 1
4 44 200 1
5 82 200 1
6 100 200 1
7 69 200 1
8 81 200 1
9 89 200 1
10 44 200 1
11 92 200 1
12 52 200 1
13 39 200 1
14 96 200 1
15 45 200 1
16 76 200 1
17 38 200 1
18 97 200 1
19 100 200 1
20 54 200 1
21 72 200 1
22 39 200 1
23 34 200 1
24 72 200 1
25 87 200 1
26 22 200 1
27 42 200 1
28 30 200 1
29 35 200 1
30 65 200 1
31 85 200 1
32 95 200 1
33 72 200 1
34 89 200 1
35 23 200 1
36 80 200 1
37 57 200 1
38 75 200 1
39 51 200 1
40 90 200 1
41 59 200 1
42 68 200 1
43 99 200 1
44 50 200 1
45 60 200 1
46 29 200 1
47 29 200 1
48 54 200 1
49 82 200 1
