NAME GBP_INSTANCES\prob_2_B_2_0_0.txt
COMMENT
BINTYPES 5
ITEMS 100
BINS_SECTIONS
0 60 60 0 98 
1 80 80 0 73 
2 100 100 0 59 
3 120 120 0 49 
4 150 150 0 39 
ITEMS_SECTIONS
0 52 200 1
1 49 200 1
2 81 200 1
3 83 200 1
4 75 200 1
5 37 200 1
6 98 200 1
7 32 200 1
8 32 200 1
9 60 200 1
10 56 200 1
11 54 200 1
12 39 200 1
13 21 200 1
14 43 200 1
15 56 200 1
16 44 200 1
17 63 200 1
18 32 200 1
19 70 200 1
20 51 200 1
21 96 200 1
22 85 200 1
23 100 200 1
24 54 200 1
25 36 200 1
26 97 200 1
27 54 200 1
28 28 200 1
29 89 200 1
30 94 200 1
31 35 200 1
32 26 200 1
33 68 200 1
34 100 200 1
35 60 200 1
36 76 200 1
37 62 200 1
38 40 200 1
39 26 200 1
40 35 200 1
41 71 200 1
42 43 200 1
43 44 200 1
44 29 200 1
45 42 200 1
46 21 200 1
47 38 200 1
48 45 200 1
49 91 200 1
50 74 200 1
51 72 200 1
52 28 200 1
53 21 200 1
54 51 200 1
55 97 200 1
56 80 200 1
57 80 200 1
58 58 200 1
59 69 200 1
60 44 200 1
61 69 200 1
62 66 200 1
63 21 200 1
64 63 200 1
65 24 200 1
66 29 200 1
67 86 200 1
68 35 200 1
69 69 200 1
70 92 200 1
71 51 200 1
72 44 200 1
73 96 200 1
74 66 200 1
75 30 200 1
76 85 200 1
77 59 200 1
78 72 200 1
79 86 200 1
80 25 200 1
81 46 200 1
82 79 200 1
83 71 200 1
84 66 200 1
85 100 200 1
86 92 200 1
87 61 200 1
88 82 200 1
89 56 200 1
90 66 200 1
91 33 200 1
92 78 200 1
93 38 200 1
94 30 200 1
95 29 200 1
96 90 200 1
97 23 200 1
98 44 200 1
99 97 200 1
