NAME GBP_INSTANCES\prob_2_A_1_2_0.txt
COMMENT
BINTYPES 3
ITEMS 50
BINS_SECTIONS
0 100 100 0 30 
1 120 120 0 25 
2 150 150 0 20 
ITEMS_SECTIONS
0 52 200 1
1 80 200 1
2 58 200 1
3 76 200 1
4 75 200 1
5 49 200 1
6 76 200 1
7 57 200 1
8 86 200 1
9 24 200 1
10 75 200 1
11 28 200 1
12 95 200 1
13 63 200 1
14 45 200 1
15 61 200 1
16 42 200 1
17 43 200 1
18 97 200 1
19 77 200 1
20 22 200 1
21 61 200 1
22 71 200 1
23 43 200 1
24 89 200 1
25 66 200 1
26 46 200 1
27 24 200 1
28 85 200 1
29 65 200 1
30 30 200 1
31 35 200 1
32 54 200 1
33 22 200 1
34 66 200 1
35 70 200 1
36 72 200 1
37 59 200 1
38 67 200 1
39 26 200 1
40 56 200 1
41 91 200 1
42 70 200 1
43 69 200 1
44 75 200 1
45 54 200 1
46 52 200 1
47 21 200 1
48 96 200 1
49 27 200 1
