NAME GBP_INSTANCES\prob_3_A_4_5_0.txt
COMMENT
BINTYPES 3
ITEMS 500
BINS_SECTIONS
0 100 100 0 382 
1 120 120 0 319 
2 150 150 0 255 
ITEMS_SECTIONS
0 94 200 1
1 59 200 1
2 84 200 1
3 78 200 1
4 54 200 1
5 59 200 1
6 61 200 1
7 81 200 1
8 75 200 1
9 81 200 1
10 69 200 1
11 60 200 1
12 95 200 1
13 98 200 1
14 81 200 1
15 52 200 1
16 64 200 1
17 78 200 1
18 91 200 1
19 81 200 1
20 82 200 1
21 93 200 1
22 68 200 1
23 81 200 1
24 89 200 1
25 52 200 1
26 73 200 1
27 87 200 1
28 87 200 1
29 86 200 1
30 73 200 1
31 78 200 1
32 81 200 1
33 83 200 1
34 76 200 1
35 55 200 1
36 61 200 1
37 71 200 1
38 64 200 1
39 74 200 1
40 94 200 1
41 80 200 1
42 78 200 1
43 73 200 1
44 69 200 1
45 82 200 1
46 62 200 1
47 63 200 1
48 68 200 1
49 52 200 1
50 52 200 1
51 81 200 1
52 76 200 1
53 90 200 1
54 66 200 1
55 53 200 1
56 79 200 1
57 95 200 1
58 91 200 1
59 86 200 1
60 74 200 1
61 85 200 1
62 68 200 1
63 85 200 1
64 91 200 1
65 57 200 1
66 71 200 1
67 93 200 1
68 98 200 1
69 68 200 1
70 71 200 1
71 80 200 1
72 93 200 1
73 57 200 1
74 58 200 1
75 57 200 1
76 95 200 1
77 58 200 1
78 87 200 1
79 97 200 1
80 93 200 1
81 88 200 1
82 69 200 1
83 99 200 1
84 77 200 1
85 74 200 1
86 96 200 1
87 59 200 1
88 90 200 1
89 76 200 1
90 57 200 1
91 97 200 1
92 78 200 1
93 88 200 1
94 81 200 1
95 53 200 1
96 100 200 1
97 69 200 1
98 63 200 1
99 93 200 1
100 92 200 1
101 88 200 1
102 72 200 1
103 97 200 1
104 72 200 1
105 83 200 1
106 91 200 1
107 67 200 1
108 68 200 1
109 66 200 1
110 74 200 1
111 73 200 1
112 52 200 1
113 78 200 1
114 92 200 1
115 82 200 1
116 87 200 1
117 75 200 1
118 91 200 1
119 81 200 1
120 84 200 1
121 95 200 1
122 82 200 1
123 96 200 1
124 96 200 1
125 98 200 1
126 96 200 1
127 62 200 1
128 58 200 1
129 65 200 1
130 61 200 1
131 97 200 1
132 71 200 1
133 100 200 1
134 94 200 1
135 90 200 1
136 56 200 1
137 86 200 1
138 67 200 1
139 100 200 1
140 83 200 1
141 77 200 1
142 76 200 1
143 80 200 1
144 82 200 1
145 70 200 1
146 85 200 1
147 68 200 1
148 57 200 1
149 99 200 1
150 70 200 1
151 68 200 1
152 98 200 1
153 56 200 1
154 88 200 1
155 51 200 1
156 72 200 1
157 51 200 1
158 86 200 1
159 58 200 1
160 90 200 1
161 93 200 1
162 82 200 1
163 90 200 1
164 58 200 1
165 100 200 1
166 98 200 1
167 91 200 1
168 92 200 1
169 97 200 1
170 89 200 1
171 95 200 1
172 83 200 1
173 90 200 1
174 83 200 1
175 73 200 1
176 93 200 1
177 64 200 1
178 71 200 1
179 89 200 1
180 84 200 1
181 86 200 1
182 89 200 1
183 85 200 1
184 90 200 1
185 66 200 1
186 57 200 1
187 72 200 1
188 98 200 1
189 58 200 1
190 56 200 1
191 56 200 1
192 91 200 1
193 58 200 1
194 57 200 1
195 98 200 1
196 78 200 1
197 68 200 1
198 81 200 1
199 99 200 1
200 52 200 1
201 51 200 1
202 69 200 1
203 83 200 1
204 59 200 1
205 82 200 1
206 69 200 1
207 74 200 1
208 68 200 1
209 66 200 1
210 84 200 1
211 68 200 1
212 66 200 1
213 53 200 1
214 86 200 1
215 67 200 1
216 95 200 1
217 91 200 1
218 82 200 1
219 61 200 1
220 63 200 1
221 66 200 1
222 52 200 1
223 87 200 1
224 82 200 1
225 66 200 1
226 74 200 1
227 92 200 1
228 51 200 1
229 60 200 1
230 78 200 1
231 82 200 1
232 82 200 1
233 91 200 1
234 82 200 1
235 88 200 1
236 52 200 1
237 63 200 1
238 97 200 1
239 73 200 1
240 64 200 1
241 88 200 1
242 71 200 1
243 70 200 1
244 100 200 1
245 96 200 1
246 90 200 1
247 62 200 1
248 68 200 1
249 97 200 1
250 69 200 1
251 64 200 1
252 59 200 1
253 96 200 1
254 52 200 1
255 98 200 1
256 56 200 1
257 82 200 1
258 85 200 1
259 82 200 1
260 97 200 1
261 64 200 1
262 57 200 1
263 72 200 1
264 98 200 1
265 60 200 1
266 62 200 1
267 75 200 1
268 100 200 1
269 71 200 1
270 63 200 1
271 78 200 1
272 61 200 1
273 93 200 1
274 87 200 1
275 52 200 1
276 79 200 1
277 92 200 1
278 62 200 1
279 89 200 1
280 91 200 1
281 57 200 1
282 83 200 1
283 66 200 1
284 72 200 1
285 52 200 1
286 71 200 1
287 55 200 1
288 81 200 1
289 73 200 1
290 51 200 1
291 72 200 1
292 85 200 1
293 96 200 1
294 75 200 1
295 72 200 1
296 93 200 1
297 60 200 1
298 56 200 1
299 53 200 1
300 90 200 1
301 74 200 1
302 51 200 1
303 62 200 1
304 64 200 1
305 53 200 1
306 100 200 1
307 64 200 1
308 97 200 1
309 99 200 1
310 51 200 1
311 82 200 1
312 65 200 1
313 100 200 1
314 99 200 1
315 97 200 1
316 87 200 1
317 67 200 1
318 61 200 1
319 91 200 1
320 97 200 1
321 62 200 1
322 96 200 1
323 57 200 1
324 83 200 1
325 52 200 1
326 72 200 1
327 99 200 1
328 81 200 1
329 94 200 1
330 70 200 1
331 71 200 1
332 56 200 1
333 70 200 1
334 80 200 1
335 66 200 1
336 99 200 1
337 93 200 1
338 88 200 1
339 98 200 1
340 93 200 1
341 52 200 1
342 91 200 1
343 92 200 1
344 68 200 1
345 57 200 1
346 56 200 1
347 78 200 1
348 91 200 1
349 53 200 1
350 58 200 1
351 56 200 1
352 67 200 1
353 75 200 1
354 53 200 1
355 76 200 1
356 54 200 1
357 60 200 1
358 76 200 1
359 88 200 1
360 52 200 1
361 73 200 1
362 72 200 1
363 71 200 1
364 83 200 1
365 85 200 1
366 55 200 1
367 99 200 1
368 68 200 1
369 91 200 1
370 91 200 1
371 88 200 1
372 59 200 1
373 68 200 1
374 52 200 1
375 89 200 1
376 51 200 1
377 65 200 1
378 51 200 1
379 72 200 1
380 65 200 1
381 52 200 1
382 86 200 1
383 67 200 1
384 80 200 1
385 94 200 1
386 67 200 1
387 59 200 1
388 63 200 1
389 74 200 1
390 100 200 1
391 93 200 1
392 68 200 1
393 61 200 1
394 90 200 1
395 88 200 1
396 53 200 1
397 77 200 1
398 67 200 1
399 87 200 1
400 94 200 1
401 81 200 1
402 58 200 1
403 61 200 1
404 81 200 1
405 92 200 1
406 92 200 1
407 59 200 1
408 86 200 1
409 66 200 1
410 94 200 1
411 84 200 1
412 91 200 1
413 86 200 1
414 54 200 1
415 58 200 1
416 97 200 1
417 57 200 1
418 94 200 1
419 78 200 1
420 73 200 1
421 79 200 1
422 93 200 1
423 82 200 1
424 63 200 1
425 77 200 1
426 66 200 1
427 99 200 1
428 96 200 1
429 82 200 1
430 92 200 1
431 71 200 1
432 74 200 1
433 54 200 1
434 52 200 1
435 83 200 1
436 96 200 1
437 99 200 1
438 51 200 1
439 56 200 1
440 72 200 1
441 55 200 1
442 55 200 1
443 63 200 1
444 99 200 1
445 57 200 1
446 56 200 1
447 80 200 1
448 100 200 1
449 53 200 1
450 100 200 1
451 98 200 1
452 93 200 1
453 92 200 1
454 91 200 1
455 94 200 1
456 97 200 1
457 94 200 1
458 98 200 1
459 72 200 1
460 91 200 1
461 67 200 1
462 94 200 1
463 64 200 1
464 81 200 1
465 51 200 1
466 93 200 1
467 67 200 1
468 89 200 1
469 95 200 1
470 58 200 1
471 99 200 1
472 78 200 1
473 85 200 1
474 64 200 1
475 99 200 1
476 67 200 1
477 96 200 1
478 74 200 1
479 52 200 1
480 99 200 1
481 79 200 1
482 63 200 1
483 75 200 1
484 83 200 1
485 58 200 1
486 64 200 1
487 81 200 1
488 53 200 1
489 90 200 1
490 98 200 1
491 68 200 1
492 66 200 1
493 77 200 1
494 72 200 1
495 90 200 1
496 58 200 1
497 71 200 1
498 65 200 1
499 64 200 1
