NAME GBP_INSTANCES\prob_1_B_2_2_0.txt
COMMENT
BINTYPES 5
ITEMS 100
BINS_SECTIONS
0 60 60 0 96 
1 80 80 0 72 
2 100 100 0 58 
3 120 120 0 48 
4 150 150 0 39 
ITEMS_SECTIONS
0 98 200 0 
1 33 200 0 
2 16 200 0 
3 78 200 0 
4 82 200 0 
5 10 200 0 
6 76 200 0 
7 75 200 0 
8 72 200 0 
9 21 200 0 
10 9 200 0 
11 14 200 0 
12 65 200 0 
13 53 200 0 
14 4 200 0 
15 3 200 0 
16 58 200 0 
17 95 200 0 
18 61 200 0 
19 74 200 0 
20 38 200 0 
21 59 200 0 
22 6 200 0 
23 46 200 0 
24 54 200 0 
25 89 200 0 
26 74 200 0 
27 41 200 0 
28 50 200 0 
29 37 200 0 
30 27 200 0 
31 70 200 0 
32 65 200 0 
33 30 200 0 
34 74 200 0 
35 42 200 0 
36 86 200 0 
37 25 200 0 
38 72 200 0 
39 97 200 0 
40 73 200 0 
41 88 200 0 
42 80 200 0 
43 38 200 0 
44 23 200 0 
45 59 200 0 
46 28 200 0 
47 57 200 0 
48 94 200 0 
49 73 200 0 
50 81 200 0 
51 26 200 0 
52 80 200 0 
53 82 200 0 
54 74 200 0 
55 56 200 0 
56 22 200 0 
57 53 200 0 
58 79 200 0 
59 86 200 0 
60 64 200 0 
61 85 200 0 
62 79 200 0 
63 5 200 0 
64 56 200 0 
65 22 200 0 
66 35 200 0 
67 75 200 0 
68 80 200 0 
69 95 200 0 
70 84 200 0 
71 63 200 0 
72 22 200 0 
73 97 200 0 
74 92 200 0 
75 38 200 0 
76 55 200 0 
77 90 200 0 
78 73 200 0 
79 38 200 0 
80 76 200 0 
81 63 200 0 
82 97 200 0 
83 80 200 0 
84 35 200 0 
85 57 200 0 
86 33 200 0 
87 10 200 0 
88 5 200 0 
89 44 200 0 
90 98 200 0 
91 56 200 0 
92 65 200 0 
93 91 200 0 
94 100 200 0 
95 98 200 0 
96 94 200 0 
97 16 200 0 
98 35 200 0 
99 11 200 0 
