NAME GBP_INSTANCES\prob_1_B_2_9_0.txt
COMMENT
BINTYPES 5
ITEMS 100
BINS_SECTIONS
0 60 60 0 88 
1 80 80 0 66 
2 100 100 0 53 
3 120 120 0 44 
4 150 150 0 35 
ITEMS_SECTIONS
0 54 200 1
1 88 200 1
2 25 200 1
3 40 200 1
4 18 200 1
5 87 200 1
6 29 200 1
7 4 200 1
8 49 200 1
9 21 200 1
10 5 200 1
11 72 200 1
12 62 200 1
13 8 200 1
14 62 200 1
15 66 200 1
16 26 200 1
17 23 200 1
18 76 200 1
19 65 200 1
20 63 200 1
21 41 200 1
22 9 200 1
23 63 200 1
24 58 200 1
25 55 200 1
26 70 200 1
27 60 200 1
28 93 200 1
29 52 200 1
30 93 200 1
31 60 200 1
32 94 200 1
33 74 200 1
34 85 200 1
35 85 200 1
36 2 200 1
37 56 200 1
38 51 200 1
39 56 200 1
40 34 200 1
41 70 200 1
42 22 200 1
43 58 200 1
44 80 200 1
45 65 200 1
46 9 200 1
47 51 200 1
48 81 200 1
49 33 200 1
50 5 200 1
51 25 200 1
52 21 200 1
53 80 200 1
54 47 200 1
55 65 200 1
56 5 200 1
57 60 200 1
58 88 200 1
59 43 200 1
60 54 200 1
61 17 200 1
62 54 200 1
63 80 200 1
64 66 200 1
65 8 200 1
66 60 200 1
67 99 200 1
68 87 200 1
69 67 200 1
70 66 200 1
71 29 200 1
72 51 200 1
73 61 200 1
74 20 200 1
75 58 200 1
76 18 200 1
77 2 200 1
78 92 200 1
79 15 200 1
80 77 200 1
81 66 200 1
82 48 200 1
83 59 200 1
84 41 200 1
85 9 200 1
86 37 200 1
87 75 200 1
88 96 200 1
89 82 200 1
90 74 200 1
91 44 200 1
92 42 200 1
93 73 200 1
94 93 200 1
95 79 200 1
96 79 200 1
97 74 200 1
98 15 200 1
99 24 200 1
