NAME GBP_INSTANCES\prob_1_B_3_5_0.txt
COMMENT
BINTYPES 5
ITEMS 200
BINS_SECTIONS
0 60 60 0 170 
1 80 80 0 128 
2 100 100 0 102 
3 120 120 0 85 
4 150 150 0 68 
ITEMS_SECTIONS
0 61 200 0 
1 7 200 0 
2 17 200 0 
3 11 200 0 
4 49 200 0 
5 7 200 0 
6 18 200 0 
7 31 200 0 
8 86 200 0 
9 21 200 0 
10 67 200 0 
11 6 200 0 
12 95 200 0 
13 27 200 0 
14 72 200 0 
15 2 200 0 
16 6 200 0 
17 98 200 0 
18 24 200 0 
19 54 200 0 
20 96 200 0 
21 22 200 0 
22 26 200 0 
23 11 200 0 
24 13 200 0 
25 47 200 0 
26 36 200 0 
27 97 200 0 
28 30 200 0 
29 90 200 0 
30 69 200 0 
31 22 200 0 
32 90 200 0 
33 83 200 0 
34 69 200 0 
35 64 200 0 
36 79 200 0 
37 93 200 0 
38 86 200 0 
39 65 200 0 
40 67 200 0 
41 18 200 0 
42 62 200 0 
43 84 200 0 
44 85 200 0 
45 59 200 0 
46 67 200 0 
47 14 200 0 
48 61 200 0 
49 88 200 0 
50 85 200 0 
51 35 200 0 
52 82 200 0 
53 28 200 0 
54 2 200 0 
55 3 200 0 
56 11 200 0 
57 19 200 0 
58 76 200 0 
59 30 200 0 
60 23 200 0 
61 37 200 0 
62 65 200 0 
63 82 200 0 
64 91 200 0 
65 19 200 0 
66 71 200 0 
67 36 200 0 
68 89 200 0 
69 38 200 0 
70 89 200 0 
71 11 200 0 
72 26 200 0 
73 27 200 0 
74 20 200 0 
75 41 200 0 
76 96 200 0 
77 57 200 0 
78 22 200 0 
79 84 200 0 
80 70 200 0 
81 85 200 0 
82 84 200 0 
83 45 200 0 
84 72 200 0 
85 85 200 0 
86 71 200 0 
87 99 200 0 
88 2 200 0 
89 52 200 0 
90 34 200 0 
91 2 200 0 
92 40 200 0 
93 17 200 0 
94 42 200 0 
95 64 200 0 
96 84 200 0 
97 53 200 0 
98 22 200 0 
99 87 200 0 
100 73 200 0 
101 13 200 0 
102 58 200 0 
103 33 200 0 
104 24 200 0 
105 71 200 0 
106 49 200 0 
107 13 200 0 
108 52 200 0 
109 15 200 0 
110 67 200 0 
111 91 200 0 
112 12 200 0 
113 71 200 0 
114 17 200 0 
115 73 200 0 
116 95 200 0 
117 85 200 0 
118 41 200 0 
119 71 200 0 
120 57 200 0 
121 65 200 0 
122 68 200 0 
123 30 200 0 
124 88 200 0 
125 91 200 0 
126 57 200 0 
127 2 200 0 
128 6 200 0 
129 13 200 0 
130 17 200 0 
131 37 200 0 
132 92 200 0 
133 26 200 0 
134 73 200 0 
135 6 200 0 
136 41 200 0 
137 59 200 0 
138 58 200 0 
139 98 200 0 
140 46 200 0 
141 62 200 0 
142 82 200 0 
143 27 200 0 
144 84 200 0 
145 13 200 0 
146 77 200 0 
147 71 200 0 
148 51 200 0 
149 53 200 0 
150 63 200 0 
151 97 200 0 
152 69 200 0 
153 57 200 0 
154 35 200 0 
155 93 200 0 
156 49 200 0 
157 58 200 0 
158 11 200 0 
159 40 200 0 
160 17 200 0 
161 6 200 0 
162 47 200 0 
163 65 200 0 
164 82 200 0 
165 19 200 0 
166 60 200 0 
167 13 200 0 
168 82 200 0 
169 83 200 0 
170 51 200 0 
171 55 200 0 
172 43 200 0 
173 61 200 0 
174 93 200 0 
175 87 200 0 
176 10 200 0 
177 62 200 0 
178 56 200 0 
179 47 200 0 
180 10 200 0 
181 46 200 0 
182 39 200 0 
183 65 200 0 
184 53 200 0 
185 16 200 0 
186 86 200 0 
187 28 200 0 
188 73 200 0 
189 45 200 0 
190 53 200 0 
191 32 200 0 
192 99 200 0 
193 27 200 0 
194 4 200 0 
195 12 200 0 
196 51 200 0 
197 67 200 0 
198 92 200 0 
199 48 200 0 
