NAME GBP_INSTANCES\prob_3_A_4_3_0.txt
COMMENT
BINTYPES 3
ITEMS 500
BINS_SECTIONS
0 100 100 0 381 
1 120 120 0 317 
2 150 150 0 254 
ITEMS_SECTIONS
0 63 200 0 
1 76 200 0 
2 72 200 0 
3 88 200 0 
4 83 200 0 
5 99 200 0 
6 93 200 0 
7 73 200 0 
8 100 200 0 
9 84 200 0 
10 74 200 0 
11 54 200 0 
12 54 200 0 
13 62 200 0 
14 61 200 0 
15 81 200 0 
16 98 200 0 
17 77 200 0 
18 63 200 0 
19 56 200 0 
20 70 200 0 
21 96 200 0 
22 63 200 0 
23 98 200 0 
24 96 200 0 
25 98 200 0 
26 92 200 0 
27 74 200 0 
28 61 200 0 
29 71 200 0 
30 89 200 0 
31 84 200 0 
32 97 200 0 
33 57 200 0 
34 63 200 0 
35 82 200 0 
36 55 200 0 
37 100 200 0 
38 53 200 0 
39 61 200 0 
40 65 200 0 
41 83 200 0 
42 83 200 0 
43 77 200 0 
44 53 200 0 
45 81 200 0 
46 51 200 0 
47 53 200 0 
48 67 200 0 
49 57 200 0 
50 76 200 0 
51 78 200 0 
52 87 200 0 
53 55 200 0 
54 66 200 0 
55 97 200 0 
56 59 200 0 
57 58 200 0 
58 89 200 0 
59 100 200 0 
60 86 200 0 
61 91 200 0 
62 70 200 0 
63 71 200 0 
64 67 200 0 
65 71 200 0 
66 84 200 0 
67 87 200 0 
68 69 200 0 
69 81 200 0 
70 69 200 0 
71 91 200 0 
72 58 200 0 
73 79 200 0 
74 83 200 0 
75 72 200 0 
76 94 200 0 
77 63 200 0 
78 85 200 0 
79 78 200 0 
80 57 200 0 
81 59 200 0 
82 98 200 0 
83 51 200 0 
84 99 200 0 
85 99 200 0 
86 94 200 0 
87 94 200 0 
88 60 200 0 
89 55 200 0 
90 61 200 0 
91 78 200 0 
92 79 200 0 
93 92 200 0 
94 93 200 0 
95 92 200 0 
96 86 200 0 
97 69 200 0 
98 96 200 0 
99 79 200 0 
100 68 200 0 
101 97 200 0 
102 75 200 0 
103 92 200 0 
104 79 200 0 
105 67 200 0 
106 84 200 0 
107 83 200 0 
108 55 200 0 
109 75 200 0 
110 91 200 0 
111 72 200 0 
112 93 200 0 
113 57 200 0 
114 70 200 0 
115 70 200 0 
116 100 200 0 
117 98 200 0 
118 99 200 0 
119 76 200 0 
120 85 200 0 
121 86 200 0 
122 72 200 0 
123 96 200 0 
124 91 200 0 
125 81 200 0 
126 74 200 0 
127 95 200 0 
128 91 200 0 
129 54 200 0 
130 70 200 0 
131 76 200 0 
132 97 200 0 
133 81 200 0 
134 93 200 0 
135 60 200 0 
136 51 200 0 
137 95 200 0 
138 52 200 0 
139 94 200 0 
140 59 200 0 
141 66 200 0 
142 78 200 0 
143 66 200 0 
144 72 200 0 
145 84 200 0 
146 95 200 0 
147 75 200 0 
148 83 200 0 
149 100 200 0 
150 72 200 0 
151 100 200 0 
152 94 200 0 
153 53 200 0 
154 95 200 0 
155 85 200 0 
156 71 200 0 
157 97 200 0 
158 70 200 0 
159 96 200 0 
160 91 200 0 
161 85 200 0 
162 89 200 0 
163 88 200 0 
164 97 200 0 
165 98 200 0 
166 81 200 0 
167 60 200 0 
168 71 200 0 
169 67 200 0 
170 67 200 0 
171 82 200 0 
172 79 200 0 
173 64 200 0 
174 95 200 0 
175 61 200 0 
176 66 200 0 
177 75 200 0 
178 84 200 0 
179 97 200 0 
180 90 200 0 
181 84 200 0 
182 88 200 0 
183 87 200 0 
184 71 200 0 
185 61 200 0 
186 65 200 0 
187 68 200 0 
188 66 200 0 
189 56 200 0 
190 71 200 0 
191 78 200 0 
192 69 200 0 
193 75 200 0 
194 96 200 0 
195 67 200 0 
196 61 200 0 
197 92 200 0 
198 81 200 0 
199 73 200 0 
200 60 200 0 
201 93 200 0 
202 69 200 0 
203 66 200 0 
204 88 200 0 
205 76 200 0 
206 76 200 0 
207 72 200 0 
208 71 200 0 
209 72 200 0 
210 63 200 0 
211 60 200 0 
212 60 200 0 
213 58 200 0 
214 59 200 0 
215 77 200 0 
216 73 200 0 
217 72 200 0 
218 77 200 0 
219 60 200 0 
220 72 200 0 
221 57 200 0 
222 53 200 0 
223 92 200 0 
224 82 200 0 
225 93 200 0 
226 96 200 0 
227 58 200 0 
228 77 200 0 
229 85 200 0 
230 74 200 0 
231 96 200 0 
232 60 200 0 
233 83 200 0 
234 58 200 0 
235 59 200 0 
236 56 200 0 
237 88 200 0 
238 91 200 0 
239 84 200 0 
240 53 200 0 
241 70 200 0 
242 66 200 0 
243 79 200 0 
244 83 200 0 
245 61 200 0 
246 80 200 0 
247 78 200 0 
248 80 200 0 
249 100 200 0 
250 88 200 0 
251 69 200 0 
252 83 200 0 
253 76 200 0 
254 78 200 0 
255 55 200 0 
256 60 200 0 
257 61 200 0 
258 54 200 0 
259 97 200 0 
260 81 200 0 
261 81 200 0 
262 73 200 0 
263 96 200 0 
264 90 200 0 
265 57 200 0 
266 98 200 0 
267 62 200 0 
268 100 200 0 
269 69 200 0 
270 93 200 0 
271 97 200 0 
272 55 200 0 
273 68 200 0 
274 90 200 0 
275 62 200 0 
276 95 200 0 
277 62 200 0 
278 86 200 0 
279 63 200 0 
280 95 200 0 
281 66 200 0 
282 65 200 0 
283 94 200 0 
284 92 200 0 
285 70 200 0 
286 96 200 0 
287 52 200 0 
288 56 200 0 
289 57 200 0 
290 97 200 0 
291 65 200 0 
292 62 200 0 
293 63 200 0 
294 82 200 0 
295 54 200 0 
296 89 200 0 
297 87 200 0 
298 60 200 0 
299 72 200 0 
300 87 200 0 
301 63 200 0 
302 76 200 0 
303 80 200 0 
304 92 200 0 
305 72 200 0 
306 90 200 0 
307 59 200 0 
308 81 200 0 
309 56 200 0 
310 96 200 0 
311 73 200 0 
312 97 200 0 
313 94 200 0 
314 87 200 0 
315 77 200 0 
316 90 200 0 
317 75 200 0 
318 91 200 0 
319 84 200 0 
320 97 200 0 
321 62 200 0 
322 62 200 0 
323 80 200 0 
324 52 200 0 
325 93 200 0 
326 85 200 0 
327 71 200 0 
328 71 200 0 
329 99 200 0 
330 79 200 0 
331 78 200 0 
332 84 200 0 
333 97 200 0 
334 66 200 0 
335 69 200 0 
336 52 200 0 
337 92 200 0 
338 84 200 0 
339 62 200 0 
340 74 200 0 
341 73 200 0 
342 65 200 0 
343 67 200 0 
344 85 200 0 
345 64 200 0 
346 92 200 0 
347 53 200 0 
348 67 200 0 
349 56 200 0 
350 83 200 0 
351 70 200 0 
352 83 200 0 
353 65 200 0 
354 97 200 0 
355 58 200 0 
356 85 200 0 
357 63 200 0 
358 57 200 0 
359 64 200 0 
360 75 200 0 
361 76 200 0 
362 98 200 0 
363 58 200 0 
364 53 200 0 
365 78 200 0 
366 76 200 0 
367 65 200 0 
368 98 200 0 
369 91 200 0 
370 53 200 0 
371 57 200 0 
372 58 200 0 
373 68 200 0 
374 83 200 0 
375 71 200 0 
376 84 200 0 
377 60 200 0 
378 80 200 0 
379 97 200 0 
380 60 200 0 
381 60 200 0 
382 77 200 0 
383 96 200 0 
384 88 200 0 
385 56 200 0 
386 61 200 0 
387 53 200 0 
388 93 200 0 
389 95 200 0 
390 57 200 0 
391 68 200 0 
392 60 200 0 
393 54 200 0 
394 75 200 0 
395 86 200 0 
396 57 200 0 
397 90 200 0 
398 56 200 0 
399 89 200 0 
400 65 200 0 
401 88 200 0 
402 84 200 0 
403 68 200 0 
404 62 200 0 
405 78 200 0 
406 78 200 0 
407 77 200 0 
408 92 200 0 
409 71 200 0 
410 64 200 0 
411 78 200 0 
412 56 200 0 
413 62 200 0 
414 67 200 0 
415 67 200 0 
416 59 200 0 
417 81 200 0 
418 75 200 0 
419 64 200 0 
420 54 200 0 
421 91 200 0 
422 79 200 0 
423 82 200 0 
424 61 200 0 
425 74 200 0 
426 74 200 0 
427 76 200 0 
428 57 200 0 
429 99 200 0 
430 92 200 0 
431 77 200 0 
432 61 200 0 
433 58 200 0 
434 78 200 0 
435 66 200 0 
436 66 200 0 
437 70 200 0 
438 63 200 0 
439 95 200 0 
440 79 200 0 
441 90 200 0 
442 65 200 0 
443 56 200 0 
444 90 200 0 
445 67 200 0 
446 81 200 0 
447 52 200 0 
448 67 200 0 
449 92 200 0 
450 69 200 0 
451 79 200 0 
452 98 200 0 
453 81 200 0 
454 54 200 0 
455 77 200 0 
456 86 200 0 
457 82 200 0 
458 75 200 0 
459 84 200 0 
460 61 200 0 
461 99 200 0 
462 53 200 0 
463 84 200 0 
464 70 200 0 
465 77 200 0 
466 98 200 0 
467 60 200 0 
468 96 200 0 
469 89 200 0 
470 87 200 0 
471 53 200 0 
472 90 200 0 
473 65 200 0 
474 66 200 0 
475 85 200 0 
476 95 200 0 
477 59 200 0 
478 82 200 0 
479 89 200 0 
480 56 200 0 
481 94 200 0 
482 86 200 0 
483 82 200 0 
484 100 200 0 
485 77 200 0 
486 100 200 0 
487 87 200 0 
488 65 200 0 
489 79 200 0 
490 65 200 0 
491 60 200 0 
492 77 200 0 
493 65 200 0 
494 97 200 0 
495 80 200 0 
496 96 200 0 
497 80 200 0 
498 65 200 0 
499 55 200 0 
