NAME GBP_INSTANCES\prob_1_A_4_7_0.txt
COMMENT
BINTYPES 3
ITEMS 500
BINS_SECTIONS
0 100 100 0 251 
1 120 120 0 209 
2 150 150 0 167 
ITEMS_SECTIONS
0 70 200 0 
1 89 200 0 
2 15 200 0 
3 30 200 0 
4 24 200 0 
5 14 200 0 
6 10 200 0 
7 32 200 0 
8 8 200 0 
9 26 200 0 
10 47 200 0 
11 50 200 0 
12 86 200 0 
13 9 200 0 
14 11 200 0 
15 48 200 0 
16 20 200 0 
17 74 200 0 
18 27 200 0 
19 73 200 0 
20 26 200 0 
21 40 200 0 
22 65 200 0 
23 35 200 0 
24 29 200 0 
25 76 200 0 
26 32 200 0 
27 51 200 0 
28 6 200 0 
29 53 200 0 
30 27 200 0 
31 5 200 0 
32 49 200 0 
33 28 200 0 
34 95 200 0 
35 78 200 0 
36 84 200 0 
37 8 200 0 
38 37 200 0 
39 16 200 0 
40 43 200 0 
41 11 200 0 
42 96 200 0 
43 79 200 0 
44 23 200 0 
45 77 200 0 
46 14 200 0 
47 64 200 0 
48 69 200 0 
49 54 200 0 
50 43 200 0 
51 16 200 0 
52 69 200 0 
53 82 200 0 
54 27 200 0 
55 21 200 0 
56 18 200 0 
57 42 200 0 
58 38 200 0 
59 37 200 0 
60 41 200 0 
61 64 200 0 
62 60 200 0 
63 95 200 0 
64 31 200 0 
65 58 200 0 
66 37 200 0 
67 72 200 0 
68 86 200 0 
69 95 200 0 
70 57 200 0 
71 49 200 0 
72 9 200 0 
73 59 200 0 
74 92 200 0 
75 57 200 0 
76 42 200 0 
77 29 200 0 
78 66 200 0 
79 37 200 0 
80 13 200 0 
81 95 200 0 
82 79 200 0 
83 93 200 0 
84 68 200 0 
85 81 200 0 
86 55 200 0 
87 89 200 0 
88 43 200 0 
89 63 200 0 
90 22 200 0 
91 53 200 0 
92 78 200 0 
93 60 200 0 
94 30 200 0 
95 36 200 0 
96 12 200 0 
97 98 200 0 
98 91 200 0 
99 15 200 0 
100 56 200 0 
101 18 200 0 
102 36 200 0 
103 57 200 0 
104 5 200 0 
105 6 200 0 
106 4 200 0 
107 44 200 0 
108 57 200 0 
109 56 200 0 
110 37 200 0 
111 85 200 0 
112 24 200 0 
113 23 200 0 
114 99 200 0 
115 3 200 0 
116 95 200 0 
117 58 200 0 
118 97 200 0 
119 32 200 0 
120 26 200 0 
121 27 200 0 
122 14 200 0 
123 3 200 0 
124 29 200 0 
125 63 200 0 
126 42 200 0 
127 61 200 0 
128 39 200 0 
129 77 200 0 
130 29 200 0 
131 92 200 0 
132 17 200 0 
133 74 200 0 
134 5 200 0 
135 95 200 0 
136 73 200 0 
137 92 200 0 
138 20 200 0 
139 85 200 0 
140 77 200 0 
141 12 200 0 
142 65 200 0 
143 61 200 0 
144 21 200 0 
145 67 200 0 
146 85 200 0 
147 23 200 0 
148 25 200 0 
149 92 200 0 
150 75 200 0 
151 70 200 0 
152 35 200 0 
153 30 200 0 
154 64 200 0 
155 73 200 0 
156 2 200 0 
157 56 200 0 
158 71 200 0 
159 41 200 0 
160 3 200 0 
161 30 200 0 
162 45 200 0 
163 75 200 0 
164 87 200 0 
165 27 200 0 
166 70 200 0 
167 55 200 0 
168 7 200 0 
169 70 200 0 
170 54 200 0 
171 10 200 0 
172 9 200 0 
173 10 200 0 
174 62 200 0 
175 52 200 0 
176 68 200 0 
177 71 200 0 
178 42 200 0 
179 15 200 0 
180 23 200 0 
181 24 200 0 
182 80 200 0 
183 63 200 0 
184 83 200 0 
185 79 200 0 
186 47 200 0 
187 37 200 0 
188 99 200 0 
189 82 200 0 
190 64 200 0 
191 79 200 0 
192 43 200 0 
193 4 200 0 
194 55 200 0 
195 21 200 0 
196 85 200 0 
197 94 200 0 
198 12 200 0 
199 61 200 0 
200 42 200 0 
201 100 200 0 
202 40 200 0 
203 33 200 0 
204 55 200 0 
205 20 200 0 
206 14 200 0 
207 79 200 0 
208 78 200 0 
209 85 200 0 
210 95 200 0 
211 29 200 0 
212 55 200 0 
213 52 200 0 
214 77 200 0 
215 4 200 0 
216 34 200 0 
217 90 200 0 
218 56 200 0 
219 50 200 0 
220 26 200 0 
221 41 200 0 
222 43 200 0 
223 17 200 0 
224 45 200 0 
225 54 200 0 
226 96 200 0 
227 67 200 0 
228 23 200 0 
229 54 200 0 
230 79 200 0 
231 74 200 0 
232 65 200 0 
233 55 200 0 
234 33 200 0 
235 53 200 0 
236 17 200 0 
237 74 200 0 
238 72 200 0 
239 100 200 0 
240 12 200 0 
241 70 200 0 
242 96 200 0 
243 95 200 0 
244 82 200 0 
245 36 200 0 
246 2 200 0 
247 19 200 0 
248 93 200 0 
249 88 200 0 
250 9 200 0 
251 54 200 0 
252 78 200 0 
253 95 200 0 
254 96 200 0 
255 25 200 0 
256 41 200 0 
257 47 200 0 
258 31 200 0 
259 40 200 0 
260 12 200 0 
261 46 200 0 
262 93 200 0 
263 87 200 0 
264 8 200 0 
265 12 200 0 
266 11 200 0 
267 52 200 0 
268 90 200 0 
269 64 200 0 
270 67 200 0 
271 4 200 0 
272 72 200 0 
273 95 200 0 
274 15 200 0 
275 33 200 0 
276 65 200 0 
277 91 200 0 
278 60 200 0 
279 70 200 0 
280 20 200 0 
281 9 200 0 
282 44 200 0 
283 72 200 0 
284 53 200 0 
285 64 200 0 
286 88 200 0 
287 11 200 0 
288 11 200 0 
289 56 200 0 
290 38 200 0 
291 47 200 0 
292 58 200 0 
293 67 200 0 
294 48 200 0 
295 31 200 0 
296 48 200 0 
297 62 200 0 
298 74 200 0 
299 98 200 0 
300 70 200 0 
301 38 200 0 
302 97 200 0 
303 15 200 0 
304 15 200 0 
305 40 200 0 
306 43 200 0 
307 40 200 0 
308 57 200 0 
309 97 200 0 
310 34 200 0 
311 53 200 0 
312 13 200 0 
313 94 200 0 
314 21 200 0 
315 15 200 0 
316 42 200 0 
317 27 200 0 
318 55 200 0 
319 18 200 0 
320 81 200 0 
321 65 200 0 
322 22 200 0 
323 82 200 0 
324 66 200 0 
325 74 200 0 
326 10 200 0 
327 67 200 0 
328 13 200 0 
329 4 200 0 
330 43 200 0 
331 43 200 0 
332 47 200 0 
333 6 200 0 
334 34 200 0 
335 92 200 0 
336 38 200 0 
337 93 200 0 
338 95 200 0 
339 3 200 0 
340 13 200 0 
341 91 200 0 
342 74 200 0 
343 97 200 0 
344 22 200 0 
345 100 200 0 
346 24 200 0 
347 76 200 0 
348 34 200 0 
349 24 200 0 
350 3 200 0 
351 21 200 0 
352 26 200 0 
353 68 200 0 
354 8 200 0 
355 23 200 0 
356 38 200 0 
357 83 200 0 
358 16 200 0 
359 92 200 0 
360 72 200 0 
361 45 200 0 
362 61 200 0 
363 22 200 0 
364 8 200 0 
365 37 200 0 
366 19 200 0 
367 30 200 0 
368 89 200 0 
369 52 200 0 
370 9 200 0 
371 91 200 0 
372 80 200 0 
373 66 200 0 
374 4 200 0 
375 68 200 0 
376 43 200 0 
377 87 200 0 
378 55 200 0 
379 34 200 0 
380 17 200 0 
381 51 200 0 
382 11 200 0 
383 31 200 0 
384 63 200 0 
385 66 200 0 
386 43 200 0 
387 29 200 0 
388 69 200 0 
389 71 200 0 
390 74 200 0 
391 40 200 0 
392 47 200 0 
393 3 200 0 
394 94 200 0 
395 56 200 0 
396 38 200 0 
397 57 200 0 
398 67 200 0 
399 56 200 0 
400 61 200 0 
401 25 200 0 
402 40 200 0 
403 59 200 0 
404 7 200 0 
405 80 200 0 
406 19 200 0 
407 64 200 0 
408 20 200 0 
409 29 200 0 
410 43 200 0 
411 51 200 0 
412 71 200 0 
413 68 200 0 
414 29 200 0 
415 93 200 0 
416 61 200 0 
417 73 200 0 
418 97 200 0 
419 49 200 0 
420 56 200 0 
421 71 200 0 
422 68 200 0 
423 74 200 0 
424 4 200 0 
425 5 200 0 
426 29 200 0 
427 49 200 0 
428 19 200 0 
429 56 200 0 
430 67 200 0 
431 32 200 0 
432 94 200 0 
433 28 200 0 
434 70 200 0 
435 45 200 0 
436 34 200 0 
437 47 200 0 
438 85 200 0 
439 19 200 0 
440 41 200 0 
441 7 200 0 
442 34 200 0 
443 74 200 0 
444 78 200 0 
445 91 200 0 
446 79 200 0 
447 88 200 0 
448 34 200 0 
449 10 200 0 
450 61 200 0 
451 12 200 0 
452 90 200 0 
453 78 200 0 
454 49 200 0 
455 97 200 0 
456 55 200 0 
457 86 200 0 
458 74 200 0 
459 91 200 0 
460 28 200 0 
461 80 200 0 
462 75 200 0 
463 54 200 0 
464 77 200 0 
465 86 200 0 
466 2 200 0 
467 70 200 0 
468 4 200 0 
469 40 200 0 
470 44 200 0 
471 99 200 0 
472 43 200 0 
473 11 200 0 
474 97 200 0 
475 35 200 0 
476 15 200 0 
477 98 200 0 
478 59 200 0 
479 28 200 0 
480 41 200 0 
481 7 200 0 
482 47 200 0 
483 34 200 0 
484 60 200 0 
485 47 200 0 
486 43 200 0 
487 43 200 0 
488 61 200 0 
489 94 200 0 
490 61 200 0 
491 55 200 0 
492 41 200 0 
493 34 200 0 
494 23 200 0 
495 54 200 0 
496 43 200 0 
497 37 200 0 
498 58 200 0 
499 44 200 0 
