NAME GBP_INSTANCES\prob_3_A_3_8_0.txt
COMMENT
BINTYPES 3
ITEMS 200
BINS_SECTIONS
0 100 100 0 152 
1 120 120 0 126 
2 150 150 0 101 
ITEMS_SECTIONS
0 90 200 1
1 89 200 1
2 91 200 1
3 65 200 1
4 99 200 1
5 90 200 1
6 92 200 1
7 89 200 1
8 68 200 1
9 90 200 1
10 63 200 1
11 56 200 1
12 62 200 1
13 83 200 1
14 91 200 1
15 61 200 1
16 86 200 1
17 54 200 1
18 51 200 1
19 85 200 1
20 65 200 1
21 52 200 1
22 65 200 1
23 68 200 1
24 87 200 1
25 85 200 1
26 85 200 1
27 80 200 1
28 94 200 1
29 91 200 1
30 85 200 1
31 73 200 1
32 70 200 1
33 69 200 1
34 79 200 1
35 87 200 1
36 93 200 1
37 73 200 1
38 87 200 1
39 92 200 1
40 51 200 1
41 99 200 1
42 82 200 1
43 53 200 1
44 99 200 1
45 68 200 1
46 74 200 1
47 82 200 1
48 58 200 1
49 82 200 1
50 74 200 1
51 74 200 1
52 62 200 1
53 73 200 1
54 99 200 1
55 97 200 1
56 80 200 1
57 98 200 1
58 98 200 1
59 61 200 1
60 61 200 1
61 65 200 1
62 59 200 1
63 64 200 1
64 59 200 1
65 92 200 1
66 96 200 1
67 71 200 1
68 69 200 1
69 75 200 1
70 63 200 1
71 77 200 1
72 64 200 1
73 79 200 1
74 83 200 1
75 67 200 1
76 54 200 1
77 71 200 1
78 62 200 1
79 62 200 1
80 76 200 1
81 64 200 1
82 64 200 1
83 84 200 1
84 77 200 1
85 75 200 1
86 59 200 1
87 56 200 1
88 52 200 1
89 91 200 1
90 94 200 1
91 78 200 1
92 88 200 1
93 82 200 1
94 70 200 1
95 59 200 1
96 94 200 1
97 99 200 1
98 91 200 1
99 76 200 1
100 57 200 1
101 60 200 1
102 76 200 1
103 52 200 1
104 52 200 1
105 55 200 1
106 79 200 1
107 65 200 1
108 55 200 1
109 67 200 1
110 73 200 1
111 89 200 1
112 77 200 1
113 53 200 1
114 87 200 1
115 81 200 1
116 79 200 1
117 77 200 1
118 57 200 1
119 99 200 1
120 70 200 1
121 80 200 1
122 80 200 1
123 81 200 1
124 67 200 1
125 91 200 1
126 64 200 1
127 65 200 1
128 62 200 1
129 56 200 1
130 96 200 1
131 75 200 1
132 61 200 1
133 100 200 1
134 93 200 1
135 66 200 1
136 57 200 1
137 85 200 1
138 68 200 1
139 81 200 1
140 56 200 1
141 81 200 1
142 81 200 1
143 91 200 1
144 99 200 1
145 81 200 1
146 94 200 1
147 96 200 1
148 57 200 1
149 51 200 1
150 66 200 1
151 72 200 1
152 51 200 1
153 63 200 1
154 96 200 1
155 90 200 1
156 63 200 1
157 97 200 1
158 99 200 1
159 83 200 1
160 99 200 1
161 62 200 1
162 80 200 1
163 60 200 1
164 57 200 1
165 69 200 1
166 93 200 1
167 60 200 1
168 70 200 1
169 54 200 1
170 85 200 1
171 68 200 1
172 85 200 1
173 97 200 1
174 75 200 1
175 89 200 1
176 76 200 1
177 61 200 1
178 72 200 1
179 81 200 1
180 76 200 1
181 75 200 1
182 70 200 1
183 62 200 1
184 60 200 1
185 64 200 1
186 70 200 1
187 88 200 1
188 65 200 1
189 60 200 1
190 92 200 1
191 55 200 1
192 89 200 1
193 93 200 1
194 99 200 1
195 89 200 1
196 98 200 1
197 95 200 1
198 65 200 1
199 69 200 1
