NAME GBP_INSTANCES\prob_2_A_3_2_0.txt
COMMENT
BINTYPES 3
ITEMS 200
BINS_SECTIONS
0 100 100 0 124 
1 120 120 0 103 
2 150 150 0 83 
ITEMS_SECTIONS
0 57 200 1
1 69 200 1
2 91 200 1
3 55 200 1
4 39 200 1
5 53 200 1
6 24 200 1
7 76 200 1
8 60 200 1
9 60 200 1
10 39 200 1
11 95 200 1
12 34 200 1
13 37 200 1
14 39 200 1
15 55 200 1
16 22 200 1
17 83 200 1
18 100 200 1
19 99 200 1
20 77 200 1
21 64 200 1
22 93 200 1
23 73 200 1
24 98 200 1
25 38 200 1
26 39 200 1
27 83 200 1
28 85 200 1
29 33 200 1
30 35 200 1
31 74 200 1
32 25 200 1
33 46 200 1
34 39 200 1
35 82 200 1
36 57 200 1
37 85 200 1
38 92 200 1
39 74 200 1
40 70 200 1
41 95 200 1
42 77 200 1
43 80 200 1
44 90 200 1
45 57 200 1
46 76 200 1
47 92 200 1
48 50 200 1
49 28 200 1
50 88 200 1
51 30 200 1
52 74 200 1
53 91 200 1
54 29 200 1
55 39 200 1
56 95 200 1
57 54 200 1
58 40 200 1
59 82 200 1
60 94 200 1
61 78 200 1
62 44 200 1
63 32 200 1
64 46 200 1
65 74 200 1
66 76 200 1
67 32 200 1
68 22 200 1
69 78 200 1
70 95 200 1
71 99 200 1
72 45 200 1
73 89 200 1
74 93 200 1
75 82 200 1
76 59 200 1
77 65 200 1
78 78 200 1
79 80 200 1
80 72 200 1
81 73 200 1
82 25 200 1
83 32 200 1
84 66 200 1
85 93 200 1
86 97 200 1
87 26 200 1
88 26 200 1
89 34 200 1
90 35 200 1
91 22 200 1
92 88 200 1
93 95 200 1
94 88 200 1
95 81 200 1
96 50 200 1
97 32 200 1
98 64 200 1
99 100 200 1
100 68 200 1
101 30 200 1
102 83 200 1
103 64 200 1
104 34 200 1
105 55 200 1
106 83 200 1
107 65 200 1
108 23 200 1
109 63 200 1
110 60 200 1
111 47 200 1
112 75 200 1
113 21 200 1
114 99 200 1
115 58 200 1
116 62 200 1
117 52 200 1
118 97 200 1
119 80 200 1
120 39 200 1
121 36 200 1
122 68 200 1
123 62 200 1
124 67 200 1
125 30 200 1
126 50 200 1
127 27 200 1
128 84 200 1
129 49 200 1
130 42 200 1
131 74 200 1
132 82 200 1
133 68 200 1
134 86 200 1
135 72 200 1
136 44 200 1
137 94 200 1
138 60 200 1
139 64 200 1
140 60 200 1
141 98 200 1
142 94 200 1
143 55 200 1
144 86 200 1
145 86 200 1
146 39 200 1
147 48 200 1
148 71 200 1
149 79 200 1
150 48 200 1
151 38 200 1
152 80 200 1
153 43 200 1
154 42 200 1
155 29 200 1
156 27 200 1
157 36 200 1
158 34 200 1
159 22 200 1
160 73 200 1
161 21 200 1
162 66 200 1
163 46 200 1
164 32 200 1
165 48 200 1
166 29 200 1
167 90 200 1
168 38 200 1
169 72 200 1
170 56 200 1
171 96 200 1
172 87 200 1
173 29 200 1
174 72 200 1
175 27 200 1
176 89 200 1
177 86 200 1
178 71 200 1
179 87 200 1
180 99 200 1
181 92 200 1
182 25 200 1
183 82 200 1
184 53 200 1
185 47 200 1
186 36 200 1
187 55 200 1
188 45 200 1
189 71 200 1
190 39 200 1
191 85 200 1
192 60 200 1
193 91 200 1
194 50 200 1
195 97 200 1
196 44 200 1
197 30 200 1
198 57 200 1
199 37 200 1
