NAME GBP_INSTANCES\prob_1_B_4_2_0.txt
COMMENT
BINTYPES 5
ITEMS 500
BINS_SECTIONS
0 60 60 0 432 
1 80 80 0 324 
2 100 100 0 259 
3 120 120 0 216 
4 150 150 0 173 
ITEMS_SECTIONS
0 36 200 0 
1 29 200 0 
2 86 200 0 
3 45 200 0 
4 4 200 0 
5 92 200 0 
6 76 200 0 
7 63 200 0 
8 100 200 0 
9 47 200 0 
10 57 200 0 
11 52 200 0 
12 64 200 0 
13 6 200 0 
14 42 200 0 
15 22 200 0 
16 88 200 0 
17 35 200 0 
18 34 200 0 
19 57 200 0 
20 58 200 0 
21 70 200 0 
22 86 200 0 
23 24 200 0 
24 96 200 0 
25 45 200 0 
26 17 200 0 
27 91 200 0 
28 86 200 0 
29 61 200 0 
30 14 200 0 
31 65 200 0 
32 16 200 0 
33 93 200 0 
34 64 200 0 
35 4 200 0 
36 92 200 0 
37 57 200 0 
38 5 200 0 
39 21 200 0 
40 61 200 0 
41 24 200 0 
42 33 200 0 
43 39 200 0 
44 95 200 0 
45 24 200 0 
46 3 200 0 
47 95 200 0 
48 87 200 0 
49 11 200 0 
50 5 200 0 
51 66 200 0 
52 96 200 0 
53 34 200 0 
54 86 200 0 
55 16 200 0 
56 96 200 0 
57 93 200 0 
58 100 200 0 
59 35 200 0 
60 78 200 0 
61 20 200 0 
62 29 200 0 
63 64 200 0 
64 34 200 0 
65 55 200 0 
66 85 200 0 
67 80 200 0 
68 96 200 0 
69 76 200 0 
70 41 200 0 
71 40 200 0 
72 62 200 0 
73 39 200 0 
74 60 200 0 
75 50 200 0 
76 50 200 0 
77 86 200 0 
78 12 200 0 
79 66 200 0 
80 39 200 0 
81 93 200 0 
82 34 200 0 
83 83 200 0 
84 44 200 0 
85 94 200 0 
86 20 200 0 
87 31 200 0 
88 62 200 0 
89 67 200 0 
90 93 200 0 
91 20 200 0 
92 42 200 0 
93 15 200 0 
94 53 200 0 
95 68 200 0 
96 24 200 0 
97 30 200 0 
98 55 200 0 
99 46 200 0 
100 99 200 0 
101 71 200 0 
102 99 200 0 
103 71 200 0 
104 32 200 0 
105 39 200 0 
106 5 200 0 
107 84 200 0 
108 91 200 0 
109 84 200 0 
110 30 200 0 
111 50 200 0 
112 37 200 0 
113 40 200 0 
114 25 200 0 
115 12 200 0 
116 22 200 0 
117 93 200 0 
118 73 200 0 
119 24 200 0 
120 30 200 0 
121 7 200 0 
122 11 200 0 
123 25 200 0 
124 26 200 0 
125 5 200 0 
126 73 200 0 
127 46 200 0 
128 41 200 0 
129 15 200 0 
130 72 200 0 
131 33 200 0 
132 56 200 0 
133 97 200 0 
134 37 200 0 
135 74 200 0 
136 19 200 0 
137 56 200 0 
138 28 200 0 
139 100 200 0 
140 55 200 0 
141 47 200 0 
142 65 200 0 
143 73 200 0 
144 98 200 0 
145 90 200 0 
146 74 200 0 
147 12 200 0 
148 20 200 0 
149 2 200 0 
150 78 200 0 
151 61 200 0 
152 59 200 0 
153 37 200 0 
154 60 200 0 
155 87 200 0 
156 52 200 0 
157 85 200 0 
158 21 200 0 
159 79 200 0 
160 63 200 0 
161 93 200 0 
162 35 200 0 
163 32 200 0 
164 93 200 0 
165 46 200 0 
166 61 200 0 
167 19 200 0 
168 92 200 0 
169 7 200 0 
170 87 200 0 
171 16 200 0 
172 49 200 0 
173 34 200 0 
174 74 200 0 
175 70 200 0 
176 63 200 0 
177 70 200 0 
178 78 200 0 
179 2 200 0 
180 3 200 0 
181 28 200 0 
182 15 200 0 
183 16 200 0 
184 32 200 0 
185 65 200 0 
186 51 200 0 
187 6 200 0 
188 16 200 0 
189 84 200 0 
190 73 200 0 
191 56 200 0 
192 91 200 0 
193 33 200 0 
194 36 200 0 
195 90 200 0 
196 11 200 0 
197 41 200 0 
198 24 200 0 
199 85 200 0 
200 47 200 0 
201 91 200 0 
202 41 200 0 
203 8 200 0 
204 53 200 0 
205 42 200 0 
206 59 200 0 
207 84 200 0 
208 91 200 0 
209 88 200 0 
210 30 200 0 
211 63 200 0 
212 5 200 0 
213 13 200 0 
214 11 200 0 
215 71 200 0 
216 53 200 0 
217 85 200 0 
218 86 200 0 
219 37 200 0 
220 80 200 0 
221 65 200 0 
222 57 200 0 
223 77 200 0 
224 45 200 0 
225 84 200 0 
226 66 200 0 
227 21 200 0 
228 80 200 0 
229 42 200 0 
230 26 200 0 
231 61 200 0 
232 96 200 0 
233 97 200 0 
234 40 200 0 
235 13 200 0 
236 19 200 0 
237 100 200 0 
238 67 200 0 
239 69 200 0 
240 64 200 0 
241 40 200 0 
242 18 200 0 
243 35 200 0 
244 33 200 0 
245 34 200 0 
246 37 200 0 
247 23 200 0 
248 45 200 0 
249 74 200 0 
250 67 200 0 
251 96 200 0 
252 83 200 0 
253 25 200 0 
254 46 200 0 
255 48 200 0 
256 69 200 0 
257 85 200 0 
258 15 200 0 
259 89 200 0 
260 44 200 0 
261 42 200 0 
262 13 200 0 
263 45 200 0 
264 76 200 0 
265 91 200 0 
266 34 200 0 
267 27 200 0 
268 69 200 0 
269 75 200 0 
270 96 200 0 
271 88 200 0 
272 86 200 0 
273 100 200 0 
274 28 200 0 
275 15 200 0 
276 66 200 0 
277 2 200 0 
278 15 200 0 
279 72 200 0 
280 58 200 0 
281 94 200 0 
282 91 200 0 
283 60 200 0 
284 37 200 0 
285 94 200 0 
286 57 200 0 
287 88 200 0 
288 28 200 0 
289 54 200 0 
290 64 200 0 
291 26 200 0 
292 16 200 0 
293 69 200 0 
294 79 200 0 
295 44 200 0 
296 45 200 0 
297 30 200 0 
298 69 200 0 
299 7 200 0 
300 100 200 0 
301 63 200 0 
302 87 200 0 
303 13 200 0 
304 84 200 0 
305 36 200 0 
306 44 200 0 
307 60 200 0 
308 56 200 0 
309 60 200 0 
310 11 200 0 
311 31 200 0 
312 59 200 0 
313 91 200 0 
314 55 200 0 
315 64 200 0 
316 19 200 0 
317 41 200 0 
318 57 200 0 
319 24 200 0 
320 10 200 0 
321 97 200 0 
322 97 200 0 
323 16 200 0 
324 84 200 0 
325 85 200 0 
326 64 200 0 
327 74 200 0 
328 82 200 0 
329 50 200 0 
330 88 200 0 
331 64 200 0 
332 79 200 0 
333 99 200 0 
334 31 200 0 
335 24 200 0 
336 7 200 0 
337 90 200 0 
338 45 200 0 
339 88 200 0 
340 24 200 0 
341 89 200 0 
342 39 200 0 
343 21 200 0 
344 41 200 0 
345 95 200 0 
346 47 200 0 
347 3 200 0 
348 84 200 0 
349 65 200 0 
350 60 200 0 
351 90 200 0 
352 21 200 0 
353 4 200 0 
354 91 200 0 
355 8 200 0 
356 8 200 0 
357 87 200 0 
358 57 200 0 
359 62 200 0 
360 91 200 0 
361 74 200 0 
362 33 200 0 
363 76 200 0 
364 44 200 0 
365 51 200 0 
366 64 200 0 
367 14 200 0 
368 23 200 0 
369 96 200 0 
370 9 200 0 
371 76 200 0 
372 65 200 0 
373 3 200 0 
374 59 200 0 
375 72 200 0 
376 15 200 0 
377 23 200 0 
378 58 200 0 
379 28 200 0 
380 58 200 0 
381 100 200 0 
382 25 200 0 
383 35 200 0 
384 95 200 0 
385 45 200 0 
386 23 200 0 
387 7 200 0 
388 15 200 0 
389 6 200 0 
390 89 200 0 
391 43 200 0 
392 95 200 0 
393 11 200 0 
394 38 200 0 
395 75 200 0 
396 7 200 0 
397 20 200 0 
398 69 200 0 
399 82 200 0 
400 24 200 0 
401 70 200 0 
402 7 200 0 
403 58 200 0 
404 46 200 0 
405 49 200 0 
406 81 200 0 
407 25 200 0 
408 17 200 0 
409 72 200 0 
410 72 200 0 
411 54 200 0 
412 36 200 0 
413 18 200 0 
414 59 200 0 
415 11 200 0 
416 83 200 0 
417 81 200 0 
418 63 200 0 
419 78 200 0 
420 10 200 0 
421 7 200 0 
422 45 200 0 
423 62 200 0 
424 40 200 0 
425 50 200 0 
426 38 200 0 
427 53 200 0 
428 49 200 0 
429 42 200 0 
430 76 200 0 
431 39 200 0 
432 25 200 0 
433 12 200 0 
434 12 200 0 
435 32 200 0 
436 5 200 0 
437 11 200 0 
438 58 200 0 
439 30 200 0 
440 2 200 0 
441 27 200 0 
442 72 200 0 
443 54 200 0 
444 88 200 0 
445 19 200 0 
446 16 200 0 
447 83 200 0 
448 61 200 0 
449 54 200 0 
450 80 200 0 
451 47 200 0 
452 65 200 0 
453 88 200 0 
454 49 200 0 
455 73 200 0 
456 92 200 0 
457 67 200 0 
458 64 200 0 
459 64 200 0 
460 27 200 0 
461 88 200 0 
462 64 200 0 
463 3 200 0 
464 59 200 0 
465 4 200 0 
466 90 200 0 
467 50 200 0 
468 51 200 0 
469 4 200 0 
470 90 200 0 
471 45 200 0 
472 50 200 0 
473 55 200 0 
474 37 200 0 
475 59 200 0 
476 54 200 0 
477 43 200 0 
478 95 200 0 
479 26 200 0 
480 24 200 0 
481 90 200 0 
482 42 200 0 
483 98 200 0 
484 29 200 0 
485 86 200 0 
486 78 200 0 
487 40 200 0 
488 43 200 0 
489 25 200 0 
490 43 200 0 
491 18 200 0 
492 65 200 0 
493 65 200 0 
494 55 200 0 
495 2 200 0 
496 86 200 0 
497 17 200 0 
498 7 200 0 
499 27 200 0 
