NAME GBP_INSTANCES\prob_3_B_3_2_0.txt
COMMENT
BINTYPES 5
ITEMS 200
BINS_SECTIONS
0 60 60 0 251 
1 80 80 0 188 
2 100 100 0 151 
3 120 120 0 126 
4 150 150 0 101 
ITEMS_SECTIONS
0 94 200 1
1 92 200 1
2 81 200 1
3 81 200 1
4 84 200 1
5 95 200 1
6 69 200 1
7 96 200 1
8 67 200 1
9 51 200 1
10 64 200 1
11 74 200 1
12 67 200 1
13 52 200 1
14 83 200 1
15 92 200 1
16 74 200 1
17 52 200 1
18 66 200 1
19 69 200 1
20 59 200 1
21 74 200 1
22 85 200 1
23 70 200 1
24 96 200 1
25 89 200 1
26 88 200 1
27 74 200 1
28 63 200 1
29 88 200 1
30 75 200 1
31 79 200 1
32 97 200 1
33 91 200 1
34 79 200 1
35 57 200 1
36 79 200 1
37 98 200 1
38 55 200 1
39 79 200 1
40 69 200 1
41 94 200 1
42 93 200 1
43 75 200 1
44 60 200 1
45 59 200 1
46 60 200 1
47 51 200 1
48 87 200 1
49 78 200 1
50 89 200 1
51 71 200 1
52 53 200 1
53 79 200 1
54 75 200 1
55 82 200 1
56 97 200 1
57 73 200 1
58 78 200 1
59 93 200 1
60 87 200 1
61 82 200 1
62 62 200 1
63 71 200 1
64 96 200 1
65 84 200 1
66 61 200 1
67 83 200 1
68 53 200 1
69 96 200 1
70 60 200 1
71 92 200 1
72 67 200 1
73 89 200 1
74 61 200 1
75 77 200 1
76 80 200 1
77 53 200 1
78 97 200 1
79 91 200 1
80 93 200 1
81 97 200 1
82 51 200 1
83 84 200 1
84 54 200 1
85 64 200 1
86 87 200 1
87 92 200 1
88 80 200 1
89 85 200 1
90 72 200 1
91 76 200 1
92 79 200 1
93 60 200 1
94 68 200 1
95 71 200 1
96 60 200 1
97 93 200 1
98 98 200 1
99 52 200 1
100 83 200 1
101 51 200 1
102 94 200 1
103 56 200 1
104 98 200 1
105 99 200 1
106 95 200 1
107 63 200 1
108 70 200 1
109 57 200 1
110 57 200 1
111 93 200 1
112 87 200 1
113 52 200 1
114 70 200 1
115 68 200 1
116 59 200 1
117 51 200 1
118 68 200 1
119 71 200 1
120 87 200 1
121 84 200 1
122 67 200 1
123 96 200 1
124 77 200 1
125 79 200 1
126 68 200 1
127 85 200 1
128 64 200 1
129 81 200 1
130 57 200 1
131 88 200 1
132 86 200 1
133 95 200 1
134 93 200 1
135 99 200 1
136 61 200 1
137 79 200 1
138 68 200 1
139 96 200 1
140 59 200 1
141 63 200 1
142 74 200 1
143 89 200 1
144 76 200 1
145 79 200 1
146 64 200 1
147 61 200 1
148 100 200 1
149 79 200 1
150 90 200 1
151 100 200 1
152 74 200 1
153 74 200 1
154 64 200 1
155 56 200 1
156 52 200 1
157 64 200 1
158 57 200 1
159 75 200 1
160 96 200 1
161 56 200 1
162 55 200 1
163 96 200 1
164 60 200 1
165 75 200 1
166 65 200 1
167 100 200 1
168 66 200 1
169 79 200 1
170 52 200 1
171 68 200 1
172 63 200 1
173 78 200 1
174 56 200 1
175 68 200 1
176 80 200 1
177 54 200 1
178 98 200 1
179 82 200 1
180 95 200 1
181 54 200 1
182 99 200 1
183 61 200 1
184 55 200 1
185 98 200 1
186 57 200 1
187 87 200 1
188 64 200 1
189 57 200 1
190 56 200 1
191 57 200 1
192 57 200 1
193 65 200 1
194 57 200 1
195 58 200 1
196 92 200 1
197 55 200 1
198 93 200 1
199 96 200 1
