NAME GBP_INSTANCES\prob_1_B_2_8_0.txt
COMMENT
BINTYPES 5
ITEMS 100
BINS_SECTIONS
0 60 60 0 86 
1 80 80 0 65 
2 100 100 0 52 
3 120 120 0 43 
4 150 150 0 35 
ITEMS_SECTIONS
0 14 200 0 
1 73 200 0 
2 53 200 0 
3 21 200 0 
4 74 200 0 
5 61 200 0 
6 78 200 0 
7 37 200 0 
8 47 200 0 
9 66 200 0 
10 85 200 0 
11 67 200 0 
12 50 200 0 
13 50 200 0 
14 84 200 0 
15 83 200 0 
16 19 200 0 
17 49 200 0 
18 54 200 0 
19 51 200 0 
20 97 200 0 
21 12 200 0 
22 4 200 0 
23 16 200 0 
24 38 200 0 
25 59 200 0 
26 92 200 0 
27 5 200 0 
28 83 200 0 
29 94 200 0 
30 49 200 0 
31 43 200 0 
32 65 200 0 
33 28 200 0 
34 97 200 0 
35 52 200 0 
36 75 200 0 
37 83 200 0 
38 20 200 0 
39 34 200 0 
40 41 200 0 
41 45 200 0 
42 71 200 0 
43 100 200 0 
44 70 200 0 
45 82 200 0 
46 83 200 0 
47 68 200 0 
48 99 200 0 
49 60 200 0 
50 48 200 0 
51 59 200 0 
52 2 200 0 
53 31 200 0 
54 48 200 0 
55 34 200 0 
56 83 200 0 
57 25 200 0 
58 6 200 0 
59 4 200 0 
60 46 200 0 
61 61 200 0 
62 22 200 0 
63 48 200 0 
64 28 200 0 
65 61 200 0 
66 75 200 0 
67 70 200 0 
68 4 200 0 
69 98 200 0 
70 60 200 0 
71 30 200 0 
72 51 200 0 
73 81 200 0 
74 27 200 0 
75 92 200 0 
76 77 200 0 
77 87 200 0 
78 98 200 0 
79 6 200 0 
80 12 200 0 
81 40 200 0 
82 46 200 0 
83 76 200 0 
84 34 200 0 
85 67 200 0 
86 72 200 0 
87 44 200 0 
88 74 200 0 
89 18 200 0 
90 3 200 0 
91 10 200 0 
92 49 200 0 
93 74 200 0 
94 30 200 0 
95 42 200 0 
96 48 200 0 
97 48 200 0 
98 4 200 0 
99 8 200 0 
