NAME GBP_INSTANCES\prob_1_B_3_4_0.txt
COMMENT
BINTYPES 5
ITEMS 200
BINS_SECTIONS
0 60 60 0 170 
1 80 80 0 127 
2 100 100 0 102 
3 120 120 0 85 
4 150 150 0 68 
ITEMS_SECTIONS
0 3 200 0 
1 37 200 0 
2 59 200 0 
3 45 200 0 
4 95 200 0 
5 78 200 0 
6 95 200 0 
7 66 200 0 
8 54 200 0 
9 32 200 0 
10 30 200 0 
11 44 200 0 
12 13 200 0 
13 22 200 0 
14 92 200 0 
15 93 200 0 
16 72 200 0 
17 36 200 0 
18 32 200 0 
19 10 200 0 
20 59 200 0 
21 77 200 0 
22 72 200 0 
23 45 200 0 
24 20 200 0 
25 71 200 0 
26 99 200 0 
27 83 200 0 
28 23 200 0 
29 54 200 0 
30 20 200 0 
31 38 200 0 
32 87 200 0 
33 44 200 0 
34 83 200 0 
35 14 200 0 
36 100 200 0 
37 19 200 0 
38 28 200 0 
39 57 200 0 
40 68 200 0 
41 86 200 0 
42 30 200 0 
43 41 200 0 
44 50 200 0 
45 76 200 0 
46 19 200 0 
47 3 200 0 
48 9 200 0 
49 52 200 0 
50 46 200 0 
51 98 200 0 
52 49 200 0 
53 67 200 0 
54 54 200 0 
55 64 200 0 
56 56 200 0 
57 41 200 0 
58 53 200 0 
59 68 200 0 
60 25 200 0 
61 19 200 0 
62 32 200 0 
63 40 200 0 
64 83 200 0 
65 60 200 0 
66 26 200 0 
67 59 200 0 
68 86 200 0 
69 26 200 0 
70 67 200 0 
71 90 200 0 
72 15 200 0 
73 27 200 0 
74 22 200 0 
75 38 200 0 
76 29 200 0 
77 70 200 0 
78 67 200 0 
79 30 200 0 
80 26 200 0 
81 7 200 0 
82 94 200 0 
83 82 200 0 
84 39 200 0 
85 78 200 0 
86 89 200 0 
87 59 200 0 
88 40 200 0 
89 91 200 0 
90 95 200 0 
91 85 200 0 
92 78 200 0 
93 16 200 0 
94 86 200 0 
95 26 200 0 
96 9 200 0 
97 13 200 0 
98 68 200 0 
99 84 200 0 
100 60 200 0 
101 21 200 0 
102 41 200 0 
103 34 200 0 
104 78 200 0 
105 87 200 0 
106 25 200 0 
107 40 200 0 
108 11 200 0 
109 72 200 0 
110 90 200 0 
111 83 200 0 
112 50 200 0 
113 16 200 0 
114 6 200 0 
115 45 200 0 
116 21 200 0 
117 100 200 0 
118 28 200 0 
119 52 200 0 
120 18 200 0 
121 99 200 0 
122 42 200 0 
123 69 200 0 
124 77 200 0 
125 29 200 0 
126 8 200 0 
127 8 200 0 
128 2 200 0 
129 11 200 0 
130 87 200 0 
131 49 200 0 
132 96 200 0 
133 58 200 0 
134 25 200 0 
135 66 200 0 
136 68 200 0 
137 88 200 0 
138 51 200 0 
139 11 200 0 
140 27 200 0 
141 83 200 0 
142 84 200 0 
143 81 200 0 
144 33 200 0 
145 82 200 0 
146 8 200 0 
147 25 200 0 
148 55 200 0 
149 56 200 0 
150 67 200 0 
151 77 200 0 
152 57 200 0 
153 26 200 0 
154 7 200 0 
155 14 200 0 
156 92 200 0 
157 77 200 0 
158 68 200 0 
159 10 200 0 
160 24 200 0 
161 49 200 0 
162 58 200 0 
163 76 200 0 
164 45 200 0 
165 27 200 0 
166 37 200 0 
167 75 200 0 
168 12 200 0 
169 32 200 0 
170 12 200 0 
171 73 200 0 
172 81 200 0 
173 38 200 0 
174 96 200 0 
175 52 200 0 
176 47 200 0 
177 93 200 0 
178 22 200 0 
179 26 200 0 
180 78 200 0 
181 2 200 0 
182 51 200 0 
183 76 200 0 
184 49 200 0 
185 16 200 0 
186 98 200 0 
187 71 200 0 
188 61 200 0 
189 13 200 0 
190 85 200 0 
191 63 200 0 
192 59 200 0 
193 7 200 0 
194 52 200 0 
195 46 200 0 
196 25 200 0 
197 52 200 0 
198 47 200 0 
199 58 200 0 
