NAME GBP_INSTANCES\prob_2_A_3_6_0.txt
COMMENT
BINTYPES 3
ITEMS 200
BINS_SECTIONS
0 100 100 0 115 
1 120 120 0 96 
2 150 150 0 77 
ITEMS_SECTIONS
0 94 200 0 
1 68 200 0 
2 76 200 0 
3 93 200 0 
4 64 200 0 
5 49 200 0 
6 52 200 0 
7 57 200 0 
8 39 200 0 
9 57 200 0 
10 44 200 0 
11 62 200 0 
12 45 200 0 
13 83 200 0 
14 89 200 0 
15 55 200 0 
16 36 200 0 
17 26 200 0 
18 78 200 0 
19 43 200 0 
20 54 200 0 
21 49 200 0 
22 47 200 0 
23 89 200 0 
24 65 200 0 
25 52 200 0 
26 57 200 0 
27 66 200 0 
28 89 200 0 
29 69 200 0 
30 37 200 0 
31 83 200 0 
32 28 200 0 
33 74 200 0 
34 87 200 0 
35 57 200 0 
36 67 200 0 
37 46 200 0 
38 99 200 0 
39 41 200 0 
40 94 200 0 
41 60 200 0 
42 76 200 0 
43 38 200 0 
44 42 200 0 
45 47 200 0 
46 86 200 0 
47 26 200 0 
48 81 200 0 
49 42 200 0 
50 99 200 0 
51 40 200 0 
52 100 200 0 
53 70 200 0 
54 26 200 0 
55 87 200 0 
56 100 200 0 
57 97 200 0 
58 32 200 0 
59 43 200 0 
60 80 200 0 
61 78 200 0 
62 75 200 0 
63 51 200 0 
64 71 200 0 
65 40 200 0 
66 56 200 0 
67 26 200 0 
68 88 200 0 
69 75 200 0 
70 51 200 0 
71 74 200 0 
72 34 200 0 
73 30 200 0 
74 35 200 0 
75 47 200 0 
76 36 200 0 
77 39 200 0 
78 86 200 0 
79 92 200 0 
80 44 200 0 
81 82 200 0 
82 75 200 0 
83 38 200 0 
84 58 200 0 
85 50 200 0 
86 68 200 0 
87 31 200 0 
88 57 200 0 
89 88 200 0 
90 47 200 0 
91 22 200 0 
92 28 200 0 
93 54 200 0 
94 27 200 0 
95 40 200 0 
96 50 200 0 
97 36 200 0 
98 42 200 0 
99 46 200 0 
100 36 200 0 
101 44 200 0 
102 37 200 0 
103 38 200 0 
104 46 200 0 
105 88 200 0 
106 32 200 0 
107 62 200 0 
108 48 200 0 
109 46 200 0 
110 25 200 0 
111 91 200 0 
112 51 200 0 
113 57 200 0 
114 75 200 0 
115 75 200 0 
116 38 200 0 
117 41 200 0 
118 50 200 0 
119 97 200 0 
120 63 200 0 
121 29 200 0 
122 25 200 0 
123 88 200 0 
124 32 200 0 
125 87 200 0 
126 95 200 0 
127 61 200 0 
128 70 200 0 
129 57 200 0 
130 41 200 0 
131 71 200 0 
132 59 200 0 
133 67 200 0 
134 83 200 0 
135 82 200 0 
136 32 200 0 
137 41 200 0 
138 40 200 0 
139 42 200 0 
140 92 200 0 
141 25 200 0 
142 51 200 0 
143 50 200 0 
144 25 200 0 
145 49 200 0 
146 22 200 0 
147 98 200 0 
148 64 200 0 
149 60 200 0 
150 67 200 0 
151 88 200 0 
152 41 200 0 
153 93 200 0 
154 65 200 0 
155 76 200 0 
156 26 200 0 
157 78 200 0 
158 57 200 0 
159 75 200 0 
160 33 200 0 
161 26 200 0 
162 67 200 0 
163 42 200 0 
164 60 200 0 
165 64 200 0 
166 33 200 0 
167 63 200 0 
168 96 200 0 
169 25 200 0 
170 46 200 0 
171 97 200 0 
172 24 200 0 
173 60 200 0 
174 54 200 0 
175 21 200 0 
176 87 200 0 
177 63 200 0 
178 100 200 0 
179 43 200 0 
180 82 200 0 
181 93 200 0 
182 30 200 0 
183 75 200 0 
184 31 200 0 
185 57 200 0 
186 44 200 0 
187 46 200 0 
188 24 200 0 
189 54 200 0 
190 72 200 0 
191 68 200 0 
192 40 200 0 
193 34 200 0 
194 72 200 0 
195 46 200 0 
196 23 200 0 
197 86 200 0 
198 28 200 0 
199 25 200 0 
