NAME GBP_INSTANCES\prob_2_B_1_0_0.txt
COMMENT
BINTYPES 5
ITEMS 50
BINS_SECTIONS
0 60 60 0 54 
1 80 80 0 41 
2 100 100 0 33 
3 120 120 0 27 
4 150 150 0 22 
ITEMS_SECTIONS
0 69 200 1
1 90 200 1
2 93 200 1
3 44 200 1
4 49 200 1
5 67 200 1
6 81 200 1
7 55 200 1
8 36 200 1
9 61 200 1
10 69 200 1
11 34 200 1
12 40 200 1
13 95 200 1
14 85 200 1
15 69 200 1
16 89 200 1
17 97 200 1
18 57 200 1
19 74 200 1
20 33 200 1
21 42 200 1
22 24 200 1
23 80 200 1
24 98 200 1
25 73 200 1
26 57 200 1
27 68 200 1
28 39 200 1
29 83 200 1
30 23 200 1
31 75 200 1
32 84 200 1
33 88 200 1
34 59 200 1
35 59 200 1
36 59 200 1
37 69 200 1
38 47 200 1
39 87 200 1
40 73 200 1
41 68 200 1
42 66 200 1
43 93 200 1
44 91 200 1
45 92 200 1
46 44 200 1
47 28 200 1
48 22 200 1
49 35 200 1
