NAME GBP_INSTANCES\prob_1_B_3_6_0.txt
COMMENT
BINTYPES 5
ITEMS 200
BINS_SECTIONS
0 60 60 0 163 
1 80 80 0 122 
2 100 100 0 98 
3 120 120 0 82 
4 150 150 0 65 
ITEMS_SECTIONS
0 73 200 0 
1 23 200 0 
2 29 200 0 
3 98 200 0 
4 80 200 0 
5 10 200 0 
6 72 200 0 
7 82 200 0 
8 32 200 0 
9 55 200 0 
10 42 200 0 
11 69 200 0 
12 13 200 0 
13 58 200 0 
14 14 200 0 
15 74 200 0 
16 44 200 0 
17 8 200 0 
18 71 200 0 
19 30 200 0 
20 83 200 0 
21 19 200 0 
22 79 200 0 
23 40 200 0 
24 58 200 0 
25 53 200 0 
26 71 200 0 
27 74 200 0 
28 75 200 0 
29 81 200 0 
30 89 200 0 
31 14 200 0 
32 60 200 0 
33 39 200 0 
34 89 200 0 
35 4 200 0 
36 68 200 0 
37 38 200 0 
38 38 200 0 
39 29 200 0 
40 16 200 0 
41 13 200 0 
42 19 200 0 
43 67 200 0 
44 77 200 0 
45 19 200 0 
46 82 200 0 
47 31 200 0 
48 100 200 0 
49 89 200 0 
50 37 200 0 
51 53 200 0 
52 76 200 0 
53 76 200 0 
54 32 200 0 
55 37 200 0 
56 20 200 0 
57 49 200 0 
58 33 200 0 
59 11 200 0 
60 8 200 0 
61 9 200 0 
62 20 200 0 
63 22 200 0 
64 13 200 0 
65 77 200 0 
66 27 200 0 
67 6 200 0 
68 88 200 0 
69 15 200 0 
70 57 200 0 
71 53 200 0 
72 48 200 0 
73 39 200 0 
74 67 200 0 
75 27 200 0 
76 89 200 0 
77 87 200 0 
78 83 200 0 
79 52 200 0 
80 3 200 0 
81 97 200 0 
82 26 200 0 
83 15 200 0 
84 18 200 0 
85 51 200 0 
86 2 200 0 
87 4 200 0 
88 31 200 0 
89 60 200 0 
90 69 200 0 
91 37 200 0 
92 70 200 0 
93 26 200 0 
94 95 200 0 
95 93 200 0 
96 21 200 0 
97 67 200 0 
98 33 200 0 
99 100 200 0 
100 92 200 0 
101 38 200 0 
102 42 200 0 
103 91 200 0 
104 38 200 0 
105 24 200 0 
106 67 200 0 
107 95 200 0 
108 8 200 0 
109 63 200 0 
110 6 200 0 
111 63 200 0 
112 52 200 0 
113 56 200 0 
114 77 200 0 
115 87 200 0 
116 47 200 0 
117 13 200 0 
118 25 200 0 
119 31 200 0 
120 63 200 0 
121 18 200 0 
122 57 200 0 
123 31 200 0 
124 58 200 0 
125 48 200 0 
126 79 200 0 
127 60 200 0 
128 99 200 0 
129 27 200 0 
130 97 200 0 
131 40 200 0 
132 6 200 0 
133 43 200 0 
134 54 200 0 
135 89 200 0 
136 16 200 0 
137 40 200 0 
138 92 200 0 
139 80 200 0 
140 62 200 0 
141 76 200 0 
142 83 200 0 
143 2 200 0 
144 73 200 0 
145 71 200 0 
146 30 200 0 
147 4 200 0 
148 75 200 0 
149 61 200 0 
150 83 200 0 
151 21 200 0 
152 7 200 0 
153 38 200 0 
154 69 200 0 
155 28 200 0 
156 36 200 0 
157 24 200 0 
158 77 200 0 
159 61 200 0 
160 81 200 0 
161 52 200 0 
162 4 200 0 
163 39 200 0 
164 26 200 0 
165 100 200 0 
166 99 200 0 
167 4 200 0 
168 35 200 0 
169 46 200 0 
170 16 200 0 
171 45 200 0 
172 55 200 0 
173 90 200 0 
174 96 200 0 
175 10 200 0 
176 12 200 0 
177 35 200 0 
178 17 200 0 
179 58 200 0 
180 85 200 0 
181 34 200 0 
182 10 200 0 
183 80 200 0 
184 76 200 0 
185 21 200 0 
186 76 200 0 
187 23 200 0 
188 44 200 0 
189 34 200 0 
190 44 200 0 
191 46 200 0 
192 24 200 0 
193 29 200 0 
194 35 200 0 
195 68 200 0 
196 21 200 0 
197 13 200 0 
198 31 200 0 
199 95 200 0 
