NAME GBP_INSTANCES\prob_2_A_2_5_0.txt
COMMENT
BINTYPES 3
ITEMS 100
BINS_SECTIONS
0 100 100 0 62 
1 120 120 0 52 
2 150 150 0 41 
ITEMS_SECTIONS
0 33 200 0 
1 42 200 0 
2 95 200 0 
3 72 200 0 
4 36 200 0 
5 77 200 0 
6 59 200 0 
7 64 200 0 
8 59 200 0 
9 78 200 0 
10 70 200 0 
11 52 200 0 
12 66 200 0 
13 70 200 0 
14 31 200 0 
15 22 200 0 
16 66 200 0 
17 21 200 0 
18 58 200 0 
19 74 200 0 
20 82 200 0 
21 98 200 0 
22 74 200 0 
23 98 200 0 
24 66 200 0 
25 64 200 0 
26 24 200 0 
27 47 200 0 
28 75 200 0 
29 34 200 0 
30 23 200 0 
31 79 200 0 
32 32 200 0 
33 29 200 0 
34 83 200 0 
35 98 200 0 
36 94 200 0 
37 70 200 0 
38 86 200 0 
39 70 200 0 
40 89 200 0 
41 73 200 0 
42 45 200 0 
43 76 200 0 
44 72 200 0 
45 35 200 0 
46 59 200 0 
47 97 200 0 
48 60 200 0 
49 64 200 0 
50 61 200 0 
51 52 200 0 
52 46 200 0 
53 35 200 0 
54 53 200 0 
55 51 200 0 
56 32 200 0 
57 33 200 0 
58 62 200 0 
59 40 200 0 
60 42 200 0 
61 71 200 0 
62 85 200 0 
63 76 200 0 
64 44 200 0 
65 90 200 0 
66 73 200 0 
67 80 200 0 
68 35 200 0 
69 94 200 0 
70 63 200 0 
71 94 200 0 
72 76 200 0 
73 54 200 0 
74 26 200 0 
75 96 200 0 
76 50 200 0 
77 89 200 0 
78 85 200 0 
79 92 200 0 
80 33 200 0 
81 69 200 0 
82 56 200 0 
83 36 200 0 
84 28 200 0 
85 29 200 0 
86 77 200 0 
87 27 200 0 
88 35 200 0 
89 57 200 0 
90 59 200 0 
91 38 200 0 
92 67 200 0 
93 97 200 0 
94 75 200 0 
95 92 200 0 
96 61 200 0 
97 72 200 0 
98 40 200 0 
99 66 200 0 
