NAME GBP_INSTANCES\prob_1_A_4_0_0.txt
COMMENT
BINTYPES 3
ITEMS 500
BINS_SECTIONS
0 100 100 0 257 
1 120 120 0 215 
2 150 150 0 172 
ITEMS_SECTIONS
0 8 200 1
1 45 200 1
2 49 200 1
3 96 200 1
4 50 200 1
5 38 200 1
6 19 200 1
7 2 200 1
8 59 200 1
9 40 200 1
10 82 200 1
11 57 200 1
12 14 200 1
13 19 200 1
14 22 200 1
15 57 200 1
16 67 200 1
17 75 200 1
18 72 200 1
19 4 200 1
20 27 200 1
21 75 200 1
22 91 200 1
23 8 200 1
24 56 200 1
25 60 200 1
26 23 200 1
27 71 200 1
28 50 200 1
29 93 200 1
30 94 200 1
31 56 200 1
32 82 200 1
33 61 200 1
34 9 200 1
35 49 200 1
36 66 200 1
37 70 200 1
38 62 200 1
39 29 200 1
40 23 200 1
41 76 200 1
42 42 200 1
43 53 200 1
44 13 200 1
45 63 200 1
46 52 200 1
47 64 200 1
48 28 200 1
49 42 200 1
50 16 200 1
51 33 200 1
52 79 200 1
53 59 200 1
54 89 200 1
55 40 200 1
56 85 200 1
57 86 200 1
58 50 200 1
59 18 200 1
60 12 200 1
61 2 200 1
62 95 200 1
63 39 200 1
64 52 200 1
65 12 200 1
66 7 200 1
67 95 200 1
68 95 200 1
69 38 200 1
70 11 200 1
71 43 200 1
72 88 200 1
73 16 200 1
74 8 200 1
75 39 200 1
76 24 200 1
77 15 200 1
78 94 200 1
79 81 200 1
80 67 200 1
81 55 200 1
82 35 200 1
83 56 200 1
84 57 200 1
85 5 200 1
86 26 200 1
87 98 200 1
88 82 200 1
89 43 200 1
90 12 200 1
91 89 200 1
92 75 200 1
93 77 200 1
94 76 200 1
95 73 200 1
96 34 200 1
97 85 200 1
98 84 200 1
99 46 200 1
100 2 200 1
101 96 200 1
102 86 200 1
103 67 200 1
104 11 200 1
105 50 200 1
106 79 200 1
107 70 200 1
108 35 200 1
109 70 200 1
110 15 200 1
111 15 200 1
112 52 200 1
113 83 200 1
114 56 200 1
115 49 200 1
116 51 200 1
117 24 200 1
118 85 200 1
119 47 200 1
120 99 200 1
121 51 200 1
122 42 200 1
123 58 200 1
124 100 200 1
125 20 200 1
126 15 200 1
127 59 200 1
128 43 200 1
129 32 200 1
130 56 200 1
131 41 200 1
132 97 200 1
133 12 200 1
134 37 200 1
135 9 200 1
136 42 200 1
137 33 200 1
138 26 200 1
139 35 200 1
140 83 200 1
141 34 200 1
142 2 200 1
143 54 200 1
144 45 200 1
145 56 200 1
146 81 200 1
147 22 200 1
148 93 200 1
149 35 200 1
150 73 200 1
151 34 200 1
152 88 200 1
153 92 200 1
154 45 200 1
155 30 200 1
156 98 200 1
157 41 200 1
158 9 200 1
159 77 200 1
160 91 200 1
161 60 200 1
162 8 200 1
163 59 200 1
164 39 200 1
165 59 200 1
166 27 200 1
167 56 200 1
168 31 200 1
169 74 200 1
170 87 200 1
171 56 200 1
172 50 200 1
173 23 200 1
174 64 200 1
175 73 200 1
176 7 200 1
177 62 200 1
178 80 200 1
179 19 200 1
180 67 200 1
181 70 200 1
182 18 200 1
183 92 200 1
184 94 200 1
185 8 200 1
186 99 200 1
187 45 200 1
188 24 200 1
189 59 200 1
190 78 200 1
191 94 200 1
192 87 200 1
193 37 200 1
194 97 200 1
195 11 200 1
196 34 200 1
197 23 200 1
198 45 200 1
199 85 200 1
200 23 200 1
201 44 200 1
202 78 200 1
203 90 200 1
204 66 200 1
205 60 200 1
206 34 200 1
207 32 200 1
208 94 200 1
209 48 200 1
210 98 200 1
211 19 200 1
212 2 200 1
213 68 200 1
214 69 200 1
215 39 200 1
216 63 200 1
217 95 200 1
218 55 200 1
219 79 200 1
220 80 200 1
221 6 200 1
222 67 200 1
223 61 200 1
224 38 200 1
225 90 200 1
226 55 200 1
227 42 200 1
228 33 200 1
229 97 200 1
230 3 200 1
231 56 200 1
232 59 200 1
233 71 200 1
234 83 200 1
235 32 200 1
236 7 200 1
237 80 200 1
238 64 200 1
239 72 200 1
240 63 200 1
241 22 200 1
242 51 200 1
243 34 200 1
244 71 200 1
245 77 200 1
246 97 200 1
247 76 200 1
248 34 200 1
249 16 200 1
250 31 200 1
251 40 200 1
252 17 200 1
253 17 200 1
254 40 200 1
255 13 200 1
256 44 200 1
257 6 200 1
258 80 200 1
259 34 200 1
260 35 200 1
261 87 200 1
262 32 200 1
263 13 200 1
264 80 200 1
265 46 200 1
266 60 200 1
267 5 200 1
268 95 200 1
269 27 200 1
270 31 200 1
271 23 200 1
272 63 200 1
273 48 200 1
274 26 200 1
275 12 200 1
276 99 200 1
277 56 200 1
278 97 200 1
279 89 200 1
280 46 200 1
281 87 200 1
282 21 200 1
283 72 200 1
284 31 200 1
285 42 200 1
286 81 200 1
287 70 200 1
288 6 200 1
289 31 200 1
290 49 200 1
291 99 200 1
292 87 200 1
293 4 200 1
294 86 200 1
295 81 200 1
296 22 200 1
297 15 200 1
298 37 200 1
299 70 200 1
300 3 200 1
301 51 200 1
302 31 200 1
303 93 200 1
304 42 200 1
305 54 200 1
306 81 200 1
307 34 200 1
308 55 200 1
309 71 200 1
310 83 200 1
311 49 200 1
312 32 200 1
313 88 200 1
314 90 200 1
315 52 200 1
316 66 200 1
317 38 200 1
318 100 200 1
319 35 200 1
320 19 200 1
321 70 200 1
322 6 200 1
323 88 200 1
324 81 200 1
325 68 200 1
326 44 200 1
327 77 200 1
328 17 200 1
329 87 200 1
330 15 200 1
331 25 200 1
332 44 200 1
333 17 200 1
334 83 200 1
335 81 200 1
336 44 200 1
337 24 200 1
338 49 200 1
339 17 200 1
340 54 200 1
341 100 200 1
342 91 200 1
343 11 200 1
344 25 200 1
345 55 200 1
346 75 200 1
347 92 200 1
348 12 200 1
349 71 200 1
350 28 200 1
351 97 200 1
352 77 200 1
353 88 200 1
354 67 200 1
355 84 200 1
356 57 200 1
357 15 200 1
358 100 200 1
359 95 200 1
360 95 200 1
361 30 200 1
362 65 200 1
363 95 200 1
364 84 200 1
365 93 200 1
366 29 200 1
367 67 200 1
368 13 200 1
369 3 200 1
370 32 200 1
371 11 200 1
372 59 200 1
373 30 200 1
374 83 200 1
375 13 200 1
376 52 200 1
377 86 200 1
378 85 200 1
379 41 200 1
380 7 200 1
381 19 200 1
382 15 200 1
383 30 200 1
384 70 200 1
385 10 200 1
386 22 200 1
387 4 200 1
388 100 200 1
389 81 200 1
390 77 200 1
391 18 200 1
392 84 200 1
393 69 200 1
394 35 200 1
395 47 200 1
396 36 200 1
397 63 200 1
398 32 200 1
399 16 200 1
400 83 200 1
401 93 200 1
402 6 200 1
403 100 200 1
404 81 200 1
405 54 200 1
406 37 200 1
407 78 200 1
408 39 200 1
409 36 200 1
410 99 200 1
411 76 200 1
412 34 200 1
413 64 200 1
414 35 200 1
415 88 200 1
416 85 200 1
417 17 200 1
418 32 200 1
419 100 200 1
420 46 200 1
421 21 200 1
422 16 200 1
423 11 200 1
424 7 200 1
425 90 200 1
426 38 200 1
427 77 200 1
428 53 200 1
429 16 200 1
430 75 200 1
431 77 200 1
432 94 200 1
433 59 200 1
434 17 200 1
435 6 200 1
436 76 200 1
437 79 200 1
438 57 200 1
439 17 200 1
440 8 200 1
441 21 200 1
442 70 200 1
443 17 200 1
444 25 200 1
445 4 200 1
446 84 200 1
447 16 200 1
448 6 200 1
449 54 200 1
450 30 200 1
451 59 200 1
452 74 200 1
453 91 200 1
454 79 200 1
455 23 200 1
456 82 200 1
457 39 200 1
458 64 200 1
459 20 200 1
460 43 200 1
461 50 200 1
462 66 200 1
463 83 200 1
464 76 200 1
465 24 200 1
466 83 200 1
467 79 200 1
468 49 200 1
469 20 200 1
470 67 200 1
471 19 200 1
472 77 200 1
473 16 200 1
474 23 200 1
475 9 200 1
476 57 200 1
477 42 200 1
478 81 200 1
479 37 200 1
480 13 200 1
481 23 200 1
482 20 200 1
483 2 200 1
484 11 200 1
485 63 200 1
486 54 200 1
487 89 200 1
488 31 200 1
489 20 200 1
490 73 200 1
491 40 200 1
492 55 200 1
493 75 200 1
494 34 200 1
495 53 200 1
496 59 200 1
497 68 200 1
498 96 200 1
499 10 200 1
