NAME GBP_INSTANCES\prob_3_B_3_4_0.txt
COMMENT
BINTYPES 5
ITEMS 200
BINS_SECTIONS
0 60 60 0 250 
1 80 80 0 188 
2 100 100 0 150 
3 120 120 0 125 
4 150 150 0 100 
ITEMS_SECTIONS
0 63 200 1
1 54 200 1
2 55 200 1
3 75 200 1
4 69 200 1
5 71 200 1
6 100 200 1
7 82 200 1
8 65 200 1
9 87 200 1
10 62 200 1
11 72 200 1
12 85 200 1
13 76 200 1
14 90 200 1
15 100 200 1
16 70 200 1
17 75 200 1
18 51 200 1
19 86 200 1
20 98 200 1
21 67 200 1
22 91 200 1
23 99 200 1
24 53 200 1
25 63 200 1
26 57 200 1
27 67 200 1
28 77 200 1
29 86 200 1
30 64 200 1
31 96 200 1
32 62 200 1
33 68 200 1
34 89 200 1
35 58 200 1
36 72 200 1
37 55 200 1
38 90 200 1
39 65 200 1
40 53 200 1
41 86 200 1
42 71 200 1
43 56 200 1
44 60 200 1
45 91 200 1
46 88 200 1
47 93 200 1
48 79 200 1
49 67 200 1
50 83 200 1
51 58 200 1
52 67 200 1
53 91 200 1
54 73 200 1
55 99 200 1
56 66 200 1
57 60 200 1
58 93 200 1
59 57 200 1
60 100 200 1
61 86 200 1
62 64 200 1
63 75 200 1
64 84 200 1
65 75 200 1
66 85 200 1
67 72 200 1
68 62 200 1
69 65 200 1
70 78 200 1
71 92 200 1
72 62 200 1
73 65 200 1
74 76 200 1
75 89 200 1
76 65 200 1
77 62 200 1
78 78 200 1
79 81 200 1
80 99 200 1
81 79 200 1
82 83 200 1
83 72 200 1
84 87 200 1
85 71 200 1
86 53 200 1
87 76 200 1
88 68 200 1
89 78 200 1
90 78 200 1
91 94 200 1
92 70 200 1
93 72 200 1
94 98 200 1
95 78 200 1
96 57 200 1
97 75 200 1
98 92 200 1
99 85 200 1
100 66 200 1
101 77 200 1
102 94 200 1
103 92 200 1
104 67 200 1
105 90 200 1
106 57 200 1
107 51 200 1
108 70 200 1
109 52 200 1
110 65 200 1
111 76 200 1
112 89 200 1
113 80 200 1
114 99 200 1
115 60 200 1
116 56 200 1
117 93 200 1
118 96 200 1
119 61 200 1
120 88 200 1
121 78 200 1
122 67 200 1
123 97 200 1
124 100 200 1
125 89 200 1
126 84 200 1
127 96 200 1
128 71 200 1
129 59 200 1
130 59 200 1
131 90 200 1
132 98 200 1
133 89 200 1
134 90 200 1
135 51 200 1
136 53 200 1
137 70 200 1
138 95 200 1
139 99 200 1
140 77 200 1
141 92 200 1
142 75 200 1
143 95 200 1
144 67 200 1
145 84 200 1
146 81 200 1
147 80 200 1
148 54 200 1
149 62 200 1
150 92 200 1
151 94 200 1
152 67 200 1
153 65 200 1
154 64 200 1
155 66 200 1
156 85 200 1
157 54 200 1
158 61 200 1
159 75 200 1
160 74 200 1
161 61 200 1
162 82 200 1
163 64 200 1
164 57 200 1
165 61 200 1
166 93 200 1
167 58 200 1
168 67 200 1
169 54 200 1
170 67 200 1
171 74 200 1
172 76 200 1
173 80 200 1
174 61 200 1
175 60 200 1
176 64 200 1
177 94 200 1
178 74 200 1
179 74 200 1
180 100 200 1
181 98 200 1
182 55 200 1
183 64 200 1
184 58 200 1
185 86 200 1
186 70 200 1
187 79 200 1
188 59 200 1
189 97 200 1
190 90 200 1
191 62 200 1
192 79 200 1
193 57 200 1
194 59 200 1
195 60 200 1
196 80 200 1
197 73 200 1
198 54 200 1
199 57 200 1
