NAME GBP_INSTANCES\prob_3_A_1_2_0.txt
COMMENT
BINTYPES 3
ITEMS 50
BINS_SECTIONS
0 100 100 0 39 
1 120 120 0 33 
2 150 150 0 26 
ITEMS_SECTIONS
0 72 200 0 
1 55 200 0 
2 93 200 0 
3 64 200 0 
4 70 200 0 
5 57 200 0 
6 95 200 0 
7 58 200 0 
8 83 200 0 
9 85 200 0 
10 63 200 0 
11 98 200 0 
12 76 200 0 
13 88 200 0 
14 95 200 0 
15 62 200 0 
16 95 200 0 
17 80 200 0 
18 90 200 0 
19 94 200 0 
20 53 200 0 
21 83 200 0 
22 61 200 0 
23 58 200 0 
24 72 200 0 
25 98 200 0 
26 100 200 0 
27 70 200 0 
28 74 200 0 
29 66 200 0 
30 70 200 0 
31 52 200 0 
32 56 200 0 
33 98 200 0 
34 100 200 0 
35 70 200 0 
36 87 200 0 
37 74 200 0 
38 90 200 0 
39 97 200 0 
40 62 200 0 
41 94 200 0 
42 77 200 0 
43 71 200 0 
44 92 200 0 
45 88 200 0 
46 62 200 0 
47 96 200 0 
48 80 200 0 
49 64 200 0 
