NAME GBP_INSTANCES\prob_1_B_3_1_0.txt
COMMENT
BINTYPES 5
ITEMS 200
BINS_SECTIONS
0 60 60 0 164 
1 80 80 0 123 
2 100 100 0 98 
3 120 120 0 82 
4 150 150 0 66 
ITEMS_SECTIONS
0 100 200 1
1 15 200 1
2 50 200 1
3 74 200 1
4 20 200 1
5 83 200 1
6 80 200 1
7 93 200 1
8 58 200 1
9 74 200 1
10 12 200 1
11 97 200 1
12 15 200 1
13 50 200 1
14 96 200 1
15 60 200 1
16 47 200 1
17 33 200 1
18 35 200 1
19 14 200 1
20 30 200 1
21 60 200 1
22 68 200 1
23 39 200 1
24 7 200 1
25 88 200 1
26 25 200 1
27 7 200 1
28 25 200 1
29 77 200 1
30 54 200 1
31 66 200 1
32 56 200 1
33 53 200 1
34 47 200 1
35 68 200 1
36 86 200 1
37 56 200 1
38 89 200 1
39 88 200 1
40 98 200 1
41 94 200 1
42 49 200 1
43 62 200 1
44 16 200 1
45 3 200 1
46 38 200 1
47 91 200 1
48 18 200 1
49 14 200 1
50 54 200 1
51 21 200 1
52 26 200 1
53 69 200 1
54 40 200 1
55 68 200 1
56 53 200 1
57 53 200 1
58 60 200 1
59 81 200 1
60 11 200 1
61 85 200 1
62 49 200 1
63 24 200 1
64 75 200 1
65 54 200 1
66 14 200 1
67 56 200 1
68 9 200 1
69 31 200 1
70 52 200 1
71 14 200 1
72 34 200 1
73 41 200 1
74 74 200 1
75 47 200 1
76 51 200 1
77 38 200 1
78 77 200 1
79 28 200 1
80 9 200 1
81 50 200 1
82 68 200 1
83 91 200 1
84 4 200 1
85 44 200 1
86 89 200 1
87 5 200 1
88 36 200 1
89 91 200 1
90 30 200 1
91 46 200 1
92 84 200 1
93 64 200 1
94 79 200 1
95 83 200 1
96 28 200 1
97 50 200 1
98 27 200 1
99 16 200 1
100 81 200 1
101 20 200 1
102 29 200 1
103 100 200 1
104 76 200 1
105 28 200 1
106 77 200 1
107 7 200 1
108 48 200 1
109 91 200 1
110 75 200 1
111 17 200 1
112 52 200 1
113 16 200 1
114 53 200 1
115 30 200 1
116 94 200 1
117 16 200 1
118 52 200 1
119 82 200 1
120 78 200 1
121 9 200 1
122 68 200 1
123 35 200 1
124 58 200 1
125 16 200 1
126 28 200 1
127 45 200 1
128 6 200 1
129 56 200 1
130 58 200 1
131 82 200 1
132 70 200 1
133 72 200 1
134 28 200 1
135 88 200 1
136 61 200 1
137 55 200 1
138 42 200 1
139 54 200 1
140 2 200 1
141 32 200 1
142 38 200 1
143 11 200 1
144 99 200 1
145 68 200 1
146 80 200 1
147 4 200 1
148 98 200 1
149 50 200 1
150 7 200 1
151 48 200 1
152 26 200 1
153 96 200 1
154 11 200 1
155 40 200 1
156 15 200 1
157 75 200 1
158 25 200 1
159 20 200 1
160 22 200 1
161 73 200 1
162 79 200 1
163 50 200 1
164 15 200 1
165 69 200 1
166 2 200 1
167 26 200 1
168 45 200 1
169 5 200 1
170 51 200 1
171 61 200 1
172 80 200 1
173 61 200 1
174 20 200 1
175 76 200 1
176 26 200 1
177 51 200 1
178 19 200 1
179 37 200 1
180 92 200 1
181 46 200 1
182 82 200 1
183 55 200 1
184 47 200 1
185 32 200 1
186 87 200 1
187 14 200 1
188 9 200 1
189 16 200 1
190 48 200 1
191 25 200 1
192 14 200 1
193 84 200 1
194 57 200 1
195 75 200 1
196 25 200 1
197 30 200 1
198 54 200 1
199 73 200 1
