NAME GBP_INSTANCES\prob_3_B_0_8_0.txt
COMMENT
BINTYPES 5
ITEMS 25
BINS_SECTIONS
0 60 60 0 34 
1 80 80 0 26 
2 100 100 0 21 
3 120 120 0 17 
4 150 150 0 14 
ITEMS_SECTIONS
0 95 200 0 
1 90 200 0 
2 74 200 0 
3 99 200 0 
4 74 200 0 
5 99 200 0 
6 80 200 0 
7 71 200 0 
8 52 200 0 
9 98 200 0 
10 97 200 0 
11 90 200 0 
12 95 200 0 
13 74 200 0 
14 83 200 0 
15 95 200 0 
16 82 200 0 
17 77 200 0 
18 69 200 0 
19 59 200 0 
20 65 200 0 
21 85 200 0 
22 83 200 0 
23 59 200 0 
24 56 200 0 
