NAME GBP_INSTANCES\prob_1_B_4_1_0.txt
COMMENT
BINTYPES 5
ITEMS 500
BINS_SECTIONS
0 60 60 0 435 
1 80 80 0 327 
2 100 100 0 261 
3 120 120 0 218 
4 150 150 0 174 
ITEMS_SECTIONS
0 72 200 0 
1 16 200 0 
2 93 200 0 
3 96 200 0 
4 42 200 0 
5 63 200 0 
6 88 200 0 
7 80 200 0 
8 91 200 0 
9 34 200 0 
10 51 200 0 
11 78 200 0 
12 35 200 0 
13 41 200 0 
14 99 200 0 
15 45 200 0 
16 27 200 0 
17 11 200 0 
18 69 200 0 
19 28 200 0 
20 27 200 0 
21 14 200 0 
22 51 200 0 
23 15 200 0 
24 42 200 0 
25 54 200 0 
26 79 200 0 
27 53 200 0 
28 66 200 0 
29 15 200 0 
30 62 200 0 
31 34 200 0 
32 100 200 0 
33 82 200 0 
34 2 200 0 
35 19 200 0 
36 63 200 0 
37 36 200 0 
38 3 200 0 
39 93 200 0 
40 71 200 0 
41 46 200 0 
42 16 200 0 
43 40 200 0 
44 5 200 0 
45 56 200 0 
46 9 200 0 
47 93 200 0 
48 35 200 0 
49 83 200 0 
50 19 200 0 
51 6 200 0 
52 39 200 0 
53 28 200 0 
54 82 200 0 
55 39 200 0 
56 63 200 0 
57 18 200 0 
58 76 200 0 
59 51 200 0 
60 65 200 0 
61 83 200 0 
62 87 200 0 
63 76 200 0 
64 2 200 0 
65 85 200 0 
66 48 200 0 
67 60 200 0 
68 93 200 0 
69 88 200 0 
70 22 200 0 
71 67 200 0 
72 25 200 0 
73 11 200 0 
74 17 200 0 
75 7 200 0 
76 8 200 0 
77 33 200 0 
78 86 200 0 
79 98 200 0 
80 89 200 0 
81 10 200 0 
82 95 200 0 
83 33 200 0 
84 5 200 0 
85 53 200 0 
86 34 200 0 
87 31 200 0 
88 71 200 0 
89 37 200 0 
90 23 200 0 
91 69 200 0 
92 26 200 0 
93 97 200 0 
94 15 200 0 
95 82 200 0 
96 89 200 0 
97 68 200 0 
98 45 200 0 
99 85 200 0 
100 77 200 0 
101 29 200 0 
102 99 200 0 
103 54 200 0 
104 20 200 0 
105 18 200 0 
106 91 200 0 
107 84 200 0 
108 33 200 0 
109 62 200 0 
110 97 200 0 
111 88 200 0 
112 89 200 0 
113 98 200 0 
114 34 200 0 
115 31 200 0 
116 29 200 0 
117 38 200 0 
118 56 200 0 
119 70 200 0 
120 70 200 0 
121 18 200 0 
122 28 200 0 
123 17 200 0 
124 48 200 0 
125 41 200 0 
126 56 200 0 
127 59 200 0 
128 51 200 0 
129 7 200 0 
130 50 200 0 
131 70 200 0 
132 81 200 0 
133 48 200 0 
134 84 200 0 
135 63 200 0 
136 98 200 0 
137 89 200 0 
138 23 200 0 
139 89 200 0 
140 88 200 0 
141 17 200 0 
142 2 200 0 
143 50 200 0 
144 8 200 0 
145 95 200 0 
146 15 200 0 
147 30 200 0 
148 41 200 0 
149 15 200 0 
150 95 200 0 
151 97 200 0 
152 39 200 0 
153 2 200 0 
154 47 200 0 
155 16 200 0 
156 52 200 0 
157 79 200 0 
158 20 200 0 
159 74 200 0 
160 43 200 0 
161 13 200 0 
162 70 200 0 
163 98 200 0 
164 94 200 0 
165 19 200 0 
166 21 200 0 
167 65 200 0 
168 74 200 0 
169 83 200 0 
170 38 200 0 
171 45 200 0 
172 7 200 0 
173 57 200 0 
174 56 200 0 
175 33 200 0 
176 87 200 0 
177 78 200 0 
178 68 200 0 
179 68 200 0 
180 89 200 0 
181 2 200 0 
182 95 200 0 
183 14 200 0 
184 25 200 0 
185 61 200 0 
186 84 200 0 
187 93 200 0 
188 80 200 0 
189 63 200 0 
190 11 200 0 
191 56 200 0 
192 96 200 0 
193 32 200 0 
194 56 200 0 
195 65 200 0 
196 27 200 0 
197 4 200 0 
198 51 200 0 
199 90 200 0 
200 33 200 0 
201 92 200 0 
202 16 200 0 
203 86 200 0 
204 42 200 0 
205 25 200 0 
206 16 200 0 
207 42 200 0 
208 44 200 0 
209 60 200 0 
210 68 200 0 
211 95 200 0 
212 46 200 0 
213 99 200 0 
214 97 200 0 
215 77 200 0 
216 51 200 0 
217 8 200 0 
218 89 200 0 
219 89 200 0 
220 96 200 0 
221 28 200 0 
222 32 200 0 
223 90 200 0 
224 11 200 0 
225 44 200 0 
226 8 200 0 
227 74 200 0 
228 12 200 0 
229 43 200 0 
230 16 200 0 
231 28 200 0 
232 31 200 0 
233 43 200 0 
234 78 200 0 
235 55 200 0 
236 68 200 0 
237 49 200 0 
238 30 200 0 
239 44 200 0 
240 66 200 0 
241 89 200 0 
242 38 200 0 
243 69 200 0 
244 4 200 0 
245 95 200 0 
246 40 200 0 
247 7 200 0 
248 9 200 0 
249 82 200 0 
250 58 200 0 
251 52 200 0 
252 88 200 0 
253 94 200 0 
254 82 200 0 
255 24 200 0 
256 61 200 0 
257 65 200 0 
258 70 200 0 
259 37 200 0 
260 3 200 0 
261 68 200 0 
262 50 200 0 
263 25 200 0 
264 96 200 0 
265 93 200 0 
266 94 200 0 
267 6 200 0 
268 84 200 0 
269 40 200 0 
270 48 200 0 
271 65 200 0 
272 12 200 0 
273 46 200 0 
274 47 200 0 
275 58 200 0 
276 78 200 0 
277 59 200 0 
278 55 200 0 
279 79 200 0 
280 64 200 0 
281 64 200 0 
282 34 200 0 
283 37 200 0 
284 64 200 0 
285 65 200 0 
286 60 200 0 
287 61 200 0 
288 91 200 0 
289 43 200 0 
290 36 200 0 
291 76 200 0 
292 76 200 0 
293 89 200 0 
294 86 200 0 
295 89 200 0 
296 31 200 0 
297 41 200 0 
298 83 200 0 
299 98 200 0 
300 8 200 0 
301 93 200 0 
302 14 200 0 
303 90 200 0 
304 13 200 0 
305 46 200 0 
306 12 200 0 
307 38 200 0 
308 7 200 0 
309 45 200 0 
310 77 200 0 
311 34 200 0 
312 52 200 0 
313 66 200 0 
314 8 200 0 
315 12 200 0 
316 52 200 0 
317 29 200 0 
318 56 200 0 
319 66 200 0 
320 20 200 0 
321 60 200 0 
322 46 200 0 
323 24 200 0 
324 30 200 0 
325 6 200 0 
326 56 200 0 
327 89 200 0 
328 7 200 0 
329 15 200 0 
330 9 200 0 
331 6 200 0 
332 80 200 0 
333 91 200 0 
334 69 200 0 
335 65 200 0 
336 72 200 0 
337 42 200 0 
338 94 200 0 
339 94 200 0 
340 47 200 0 
341 91 200 0 
342 32 200 0 
343 67 200 0 
344 83 200 0 
345 33 200 0 
346 17 200 0 
347 52 200 0 
348 6 200 0 
349 59 200 0 
350 61 200 0 
351 65 200 0 
352 36 200 0 
353 36 200 0 
354 85 200 0 
355 20 200 0 
356 84 200 0 
357 96 200 0 
358 84 200 0 
359 50 200 0 
360 69 200 0 
361 77 200 0 
362 79 200 0 
363 8 200 0 
364 64 200 0 
365 98 200 0 
366 53 200 0 
367 90 200 0 
368 65 200 0 
369 17 200 0 
370 6 200 0 
371 24 200 0 
372 81 200 0 
373 25 200 0 
374 46 200 0 
375 34 200 0 
376 37 200 0 
377 47 200 0 
378 45 200 0 
379 44 200 0 
380 98 200 0 
381 12 200 0 
382 63 200 0 
383 41 200 0 
384 98 200 0 
385 22 200 0 
386 88 200 0 
387 16 200 0 
388 80 200 0 
389 29 200 0 
390 95 200 0 
391 58 200 0 
392 34 200 0 
393 28 200 0 
394 54 200 0 
395 94 200 0 
396 46 200 0 
397 64 200 0 
398 99 200 0 
399 32 200 0 
400 39 200 0 
401 90 200 0 
402 2 200 0 
403 31 200 0 
404 12 200 0 
405 50 200 0 
406 41 200 0 
407 51 200 0 
408 65 200 0 
409 23 200 0 
410 24 200 0 
411 82 200 0 
412 26 200 0 
413 29 200 0 
414 44 200 0 
415 35 200 0 
416 43 200 0 
417 4 200 0 
418 35 200 0 
419 69 200 0 
420 82 200 0 
421 52 200 0 
422 11 200 0 
423 59 200 0 
424 88 200 0 
425 97 200 0 
426 38 200 0 
427 66 200 0 
428 30 200 0 
429 21 200 0 
430 42 200 0 
431 11 200 0 
432 11 200 0 
433 17 200 0 
434 86 200 0 
435 31 200 0 
436 63 200 0 
437 61 200 0 
438 37 200 0 
439 92 200 0 
440 93 200 0 
441 11 200 0 
442 31 200 0 
443 71 200 0 
444 6 200 0 
445 36 200 0 
446 85 200 0 
447 51 200 0 
448 72 200 0 
449 3 200 0 
450 52 200 0 
451 51 200 0 
452 76 200 0 
453 100 200 0 
454 46 200 0 
455 56 200 0 
456 94 200 0 
457 55 200 0 
458 81 200 0 
459 31 200 0 
460 46 200 0 
461 87 200 0 
462 9 200 0 
463 10 200 0 
464 72 200 0 
465 83 200 0 
466 11 200 0 
467 46 200 0 
468 81 200 0 
469 34 200 0 
470 47 200 0 
471 92 200 0 
472 17 200 0 
473 94 200 0 
474 91 200 0 
475 24 200 0 
476 76 200 0 
477 44 200 0 
478 65 200 0 
479 49 200 0 
480 63 200 0 
481 73 200 0 
482 14 200 0 
483 40 200 0 
484 68 200 0 
485 94 200 0 
486 17 200 0 
487 15 200 0 
488 83 200 0 
489 100 200 0 
490 82 200 0 
491 8 200 0 
492 44 200 0 
493 66 200 0 
494 26 200 0 
495 70 200 0 
496 86 200 0 
497 13 200 0 
498 72 200 0 
499 10 200 0 
