NAME GBP_INSTANCES\prob_2_B_4_6_0.txt
COMMENT
BINTYPES 5
ITEMS 500
BINS_SECTIONS
0 60 60 0 512 
1 80 80 0 384 
2 100 100 0 307 
3 120 120 0 256 
4 150 150 0 205 
ITEMS_SECTIONS
0 49 200 1
1 61 200 1
2 90 200 1
3 56 200 1
4 51 200 1
5 59 200 1
6 100 200 1
7 72 200 1
8 74 200 1
9 76 200 1
10 43 200 1
11 95 200 1
12 65 200 1
13 37 200 1
14 100 200 1
15 67 200 1
16 56 200 1
17 37 200 1
18 86 200 1
19 58 200 1
20 30 200 1
21 40 200 1
22 58 200 1
23 45 200 1
24 82 200 1
25 21 200 1
26 46 200 1
27 75 200 1
28 64 200 1
29 42 200 1
30 50 200 1
31 37 200 1
32 80 200 1
33 56 200 1
34 86 200 1
35 98 200 1
36 76 200 1
37 64 200 1
38 40 200 1
39 24 200 1
40 100 200 1
41 98 200 1
42 90 200 1
43 87 200 1
44 54 200 1
45 86 200 1
46 94 200 1
47 30 200 1
48 38 200 1
49 40 200 1
50 62 200 1
51 81 200 1
52 95 200 1
53 66 200 1
54 21 200 1
55 75 200 1
56 66 200 1
57 63 200 1
58 48 200 1
59 46 200 1
60 35 200 1
61 69 200 1
62 46 200 1
63 89 200 1
64 89 200 1
65 65 200 1
66 43 200 1
67 81 200 1
68 97 200 1
69 36 200 1
70 32 200 1
71 84 200 1
72 77 200 1
73 76 200 1
74 45 200 1
75 93 200 1
76 22 200 1
77 44 200 1
78 50 200 1
79 49 200 1
80 65 200 1
81 66 200 1
82 26 200 1
83 55 200 1
84 21 200 1
85 55 200 1
86 66 200 1
87 23 200 1
88 60 200 1
89 96 200 1
90 48 200 1
91 65 200 1
92 38 200 1
93 86 200 1
94 89 200 1
95 47 200 1
96 23 200 1
97 31 200 1
98 47 200 1
99 26 200 1
100 47 200 1
101 86 200 1
102 74 200 1
103 62 200 1
104 79 200 1
105 68 200 1
106 95 200 1
107 84 200 1
108 99 200 1
109 89 200 1
110 56 200 1
111 75 200 1
112 74 200 1
113 29 200 1
114 86 200 1
115 43 200 1
116 29 200 1
117 76 200 1
118 30 200 1
119 40 200 1
120 88 200 1
121 33 200 1
122 49 200 1
123 27 200 1
124 49 200 1
125 26 200 1
126 64 200 1
127 86 200 1
128 51 200 1
129 82 200 1
130 62 200 1
131 41 200 1
132 38 200 1
133 75 200 1
134 83 200 1
135 54 200 1
136 77 200 1
137 79 200 1
138 64 200 1
139 39 200 1
140 28 200 1
141 68 200 1
142 37 200 1
143 27 200 1
144 61 200 1
145 32 200 1
146 63 200 1
147 37 200 1
148 39 200 1
149 21 200 1
150 68 200 1
151 87 200 1
152 67 200 1
153 52 200 1
154 95 200 1
155 78 200 1
156 62 200 1
157 49 200 1
158 97 200 1
159 27 200 1
160 74 200 1
161 55 200 1
162 91 200 1
163 80 200 1
164 37 200 1
165 91 200 1
166 53 200 1
167 43 200 1
168 98 200 1
169 63 200 1
170 52 200 1
171 27 200 1
172 53 200 1
173 57 200 1
174 77 200 1
175 29 200 1
176 76 200 1
177 47 200 1
178 58 200 1
179 37 200 1
180 68 200 1
181 91 200 1
182 92 200 1
183 91 200 1
184 56 200 1
185 42 200 1
186 26 200 1
187 47 200 1
188 89 200 1
189 63 200 1
190 70 200 1
191 58 200 1
192 55 200 1
193 55 200 1
194 93 200 1
195 26 200 1
196 30 200 1
197 48 200 1
198 55 200 1
199 60 200 1
200 69 200 1
201 82 200 1
202 39 200 1
203 42 200 1
204 34 200 1
205 36 200 1
206 97 200 1
207 94 200 1
208 72 200 1
209 70 200 1
210 50 200 1
211 47 200 1
212 71 200 1
213 76 200 1
214 94 200 1
215 27 200 1
216 89 200 1
217 76 200 1
218 37 200 1
219 93 200 1
220 79 200 1
221 45 200 1
222 22 200 1
223 98 200 1
224 92 200 1
225 53 200 1
226 63 200 1
227 90 200 1
228 21 200 1
229 89 200 1
230 78 200 1
231 25 200 1
232 51 200 1
233 63 200 1
234 39 200 1
235 85 200 1
236 89 200 1
237 56 200 1
238 95 200 1
239 44 200 1
240 55 200 1
241 47 200 1
242 53 200 1
243 84 200 1
244 100 200 1
245 72 200 1
246 61 200 1
247 77 200 1
248 97 200 1
249 98 200 1
250 45 200 1
251 61 200 1
252 78 200 1
253 37 200 1
254 70 200 1
255 30 200 1
256 22 200 1
257 48 200 1
258 37 200 1
259 89 200 1
260 31 200 1
261 25 200 1
262 29 200 1
263 63 200 1
264 87 200 1
265 43 200 1
266 28 200 1
267 87 200 1
268 34 200 1
269 73 200 1
270 67 200 1
271 67 200 1
272 89 200 1
273 31 200 1
274 41 200 1
275 87 200 1
276 65 200 1
277 82 200 1
278 57 200 1
279 71 200 1
280 70 200 1
281 77 200 1
282 82 200 1
283 45 200 1
284 71 200 1
285 70 200 1
286 88 200 1
287 27 200 1
288 57 200 1
289 66 200 1
290 86 200 1
291 89 200 1
292 98 200 1
293 52 200 1
294 51 200 1
295 27 200 1
296 34 200 1
297 85 200 1
298 95 200 1
299 64 200 1
300 100 200 1
301 31 200 1
302 85 200 1
303 77 200 1
304 58 200 1
305 23 200 1
306 24 200 1
307 86 200 1
308 53 200 1
309 98 200 1
310 65 200 1
311 46 200 1
312 54 200 1
313 90 200 1
314 57 200 1
315 66 200 1
316 58 200 1
317 82 200 1
318 30 200 1
319 66 200 1
320 70 200 1
321 83 200 1
322 80 200 1
323 81 200 1
324 38 200 1
325 37 200 1
326 46 200 1
327 60 200 1
328 47 200 1
329 40 200 1
330 50 200 1
331 41 200 1
332 59 200 1
333 24 200 1
334 62 200 1
335 37 200 1
336 62 200 1
337 50 200 1
338 49 200 1
339 37 200 1
340 89 200 1
341 98 200 1
342 66 200 1
343 89 200 1
344 75 200 1
345 82 200 1
346 78 200 1
347 73 200 1
348 60 200 1
349 80 200 1
350 83 200 1
351 96 200 1
352 69 200 1
353 99 200 1
354 84 200 1
355 67 200 1
356 84 200 1
357 70 200 1
358 73 200 1
359 30 200 1
360 100 200 1
361 27 200 1
362 58 200 1
363 50 200 1
364 98 200 1
365 49 200 1
366 64 200 1
367 40 200 1
368 98 200 1
369 87 200 1
370 43 200 1
371 65 200 1
372 54 200 1
373 50 200 1
374 37 200 1
375 90 200 1
376 53 200 1
377 25 200 1
378 50 200 1
379 100 200 1
380 32 200 1
381 55 200 1
382 35 200 1
383 30 200 1
384 40 200 1
385 63 200 1
386 43 200 1
387 54 200 1
388 89 200 1
389 73 200 1
390 27 200 1
391 92 200 1
392 63 200 1
393 32 200 1
394 84 200 1
395 51 200 1
396 22 200 1
397 94 200 1
398 78 200 1
399 61 200 1
400 60 200 1
401 57 200 1
402 49 200 1
403 60 200 1
404 89 200 1
405 66 200 1
406 34 200 1
407 70 200 1
408 49 200 1
409 79 200 1
410 74 200 1
411 31 200 1
412 29 200 1
413 69 200 1
414 72 200 1
415 70 200 1
416 27 200 1
417 33 200 1
418 100 200 1
419 58 200 1
420 78 200 1
421 34 200 1
422 43 200 1
423 51 200 1
424 25 200 1
425 67 200 1
426 47 200 1
427 91 200 1
428 54 200 1
429 54 200 1
430 87 200 1
431 47 200 1
432 62 200 1
433 72 200 1
434 66 200 1
435 83 200 1
436 30 200 1
437 89 200 1
438 28 200 1
439 96 200 1
440 98 200 1
441 31 200 1
442 51 200 1
443 78 200 1
444 42 200 1
445 90 200 1
446 54 200 1
447 66 200 1
448 52 200 1
449 91 200 1
450 32 200 1
451 100 200 1
452 100 200 1
453 86 200 1
454 93 200 1
455 78 200 1
456 51 200 1
457 95 200 1
458 67 200 1
459 64 200 1
460 35 200 1
461 50 200 1
462 72 200 1
463 72 200 1
464 34 200 1
465 28 200 1
466 53 200 1
467 38 200 1
468 53 200 1
469 46 200 1
470 70 200 1
471 43 200 1
472 56 200 1
473 97 200 1
474 78 200 1
475 58 200 1
476 80 200 1
477 74 200 1
478 81 200 1
479 74 200 1
480 32 200 1
481 31 200 1
482 57 200 1
483 52 200 1
484 57 200 1
485 32 200 1
486 65 200 1
487 71 200 1
488 24 200 1
489 23 200 1
490 60 200 1
491 33 200 1
492 62 200 1
493 32 200 1
494 90 200 1
495 94 200 1
496 42 200 1
497 91 200 1
498 85 200 1
499 81 200 1
