NAME GBP_INSTANCES\prob_2_A_4_5_0.txt
COMMENT
BINTYPES 3
ITEMS 500
BINS_SECTIONS
0 100 100 0 303 
1 120 120 0 253 
2 150 150 0 202 
ITEMS_SECTIONS
0 42 200 0 
1 91 200 0 
2 34 200 0 
3 34 200 0 
4 61 200 0 
5 81 200 0 
6 50 200 0 
7 41 200 0 
8 53 200 0 
9 67 200 0 
10 43 200 0 
11 79 200 0 
12 61 200 0 
13 45 200 0 
14 47 200 0 
15 23 200 0 
16 33 200 0 
17 47 200 0 
18 45 200 0 
19 40 200 0 
20 73 200 0 
21 88 200 0 
22 75 200 0 
23 29 200 0 
24 55 200 0 
25 23 200 0 
26 85 200 0 
27 78 200 0 
28 69 200 0 
29 26 200 0 
30 31 200 0 
31 72 200 0 
32 31 200 0 
33 71 200 0 
34 24 200 0 
35 22 200 0 
36 73 200 0 
37 100 200 0 
38 87 200 0 
39 29 200 0 
40 55 200 0 
41 42 200 0 
42 32 200 0 
43 27 200 0 
44 55 200 0 
45 92 200 0 
46 54 200 0 
47 68 200 0 
48 91 200 0 
49 96 200 0 
50 21 200 0 
51 60 200 0 
52 59 200 0 
53 62 200 0 
54 94 200 0 
55 75 200 0 
56 59 200 0 
57 56 200 0 
58 44 200 0 
59 50 200 0 
60 85 200 0 
61 88 200 0 
62 65 200 0 
63 60 200 0 
64 66 200 0 
65 79 200 0 
66 27 200 0 
67 84 200 0 
68 27 200 0 
69 26 200 0 
70 60 200 0 
71 41 200 0 
72 67 200 0 
73 73 200 0 
74 62 200 0 
75 53 200 0 
76 99 200 0 
77 25 200 0 
78 47 200 0 
79 33 200 0 
80 80 200 0 
81 28 200 0 
82 47 200 0 
83 67 200 0 
84 38 200 0 
85 28 200 0 
86 64 200 0 
87 69 200 0 
88 65 200 0 
89 50 200 0 
90 35 200 0 
91 82 200 0 
92 60 200 0 
93 28 200 0 
94 88 200 0 
95 94 200 0 
96 37 200 0 
97 34 200 0 
98 92 200 0 
99 53 200 0 
100 52 200 0 
101 31 200 0 
102 44 200 0 
103 42 200 0 
104 92 200 0 
105 81 200 0 
106 70 200 0 
107 27 200 0 
108 23 200 0 
109 49 200 0 
110 55 200 0 
111 28 200 0 
112 91 200 0 
113 64 200 0 
114 84 200 0 
115 29 200 0 
116 76 200 0 
117 42 200 0 
118 30 200 0 
119 91 200 0 
120 73 200 0 
121 29 200 0 
122 23 200 0 
123 58 200 0 
124 44 200 0 
125 55 200 0 
126 58 200 0 
127 41 200 0 
128 76 200 0 
129 64 200 0 
130 89 200 0 
131 32 200 0 
132 75 200 0 
133 56 200 0 
134 53 200 0 
135 66 200 0 
136 47 200 0 
137 34 200 0 
138 48 200 0 
139 88 200 0 
140 93 200 0 
141 57 200 0 
142 46 200 0 
143 75 200 0 
144 53 200 0 
145 75 200 0 
146 68 200 0 
147 22 200 0 
148 40 200 0 
149 90 200 0 
150 55 200 0 
151 46 200 0 
152 80 200 0 
153 66 200 0 
154 29 200 0 
155 50 200 0 
156 40 200 0 
157 64 200 0 
158 32 200 0 
159 74 200 0 
160 68 200 0 
161 21 200 0 
162 25 200 0 
163 70 200 0 
164 61 200 0 
165 49 200 0 
166 38 200 0 
167 51 200 0 
168 91 200 0 
169 29 200 0 
170 48 200 0 
171 82 200 0 
172 51 200 0 
173 28 200 0 
174 86 200 0 
175 99 200 0 
176 52 200 0 
177 59 200 0 
178 75 200 0 
179 69 200 0 
180 73 200 0 
181 81 200 0 
182 57 200 0 
183 69 200 0 
184 83 200 0 
185 40 200 0 
186 54 200 0 
187 78 200 0 
188 92 200 0 
189 39 200 0 
190 84 200 0 
191 33 200 0 
192 58 200 0 
193 49 200 0 
194 42 200 0 
195 84 200 0 
196 90 200 0 
197 44 200 0 
198 47 200 0 
199 86 200 0 
200 55 200 0 
201 50 200 0 
202 97 200 0 
203 42 200 0 
204 80 200 0 
205 30 200 0 
206 97 200 0 
207 95 200 0 
208 89 200 0 
209 63 200 0 
210 78 200 0 
211 60 200 0 
212 34 200 0 
213 96 200 0 
214 54 200 0 
215 40 200 0 
216 73 200 0 
217 40 200 0 
218 73 200 0 
219 30 200 0 
220 38 200 0 
221 50 200 0 
222 65 200 0 
223 67 200 0 
224 88 200 0 
225 96 200 0 
226 22 200 0 
227 96 200 0 
228 42 200 0 
229 85 200 0 
230 65 200 0 
231 86 200 0 
232 93 200 0 
233 47 200 0 
234 40 200 0 
235 29 200 0 
236 78 200 0 
237 56 200 0 
238 100 200 0 
239 46 200 0 
240 88 200 0 
241 98 200 0 
242 25 200 0 
243 72 200 0 
244 62 200 0 
245 61 200 0 
246 80 200 0 
247 69 200 0 
248 40 200 0 
249 39 200 0 
250 42 200 0 
251 60 200 0 
252 76 200 0 
253 97 200 0 
254 84 200 0 
255 71 200 0 
256 39 200 0 
257 79 200 0 
258 64 200 0 
259 80 200 0 
260 74 200 0 
261 62 200 0 
262 98 200 0 
263 34 200 0 
264 32 200 0 
265 100 200 0 
266 22 200 0 
267 52 200 0 
268 60 200 0 
269 29 200 0 
270 53 200 0 
271 79 200 0 
272 44 200 0 
273 65 200 0 
274 86 200 0 
275 52 200 0 
276 92 200 0 
277 69 200 0 
278 28 200 0 
279 92 200 0 
280 53 200 0 
281 61 200 0 
282 52 200 0 
283 30 200 0 
284 41 200 0 
285 24 200 0 
286 29 200 0 
287 89 200 0 
288 26 200 0 
289 43 200 0 
290 83 200 0 
291 34 200 0 
292 61 200 0 
293 31 200 0 
294 84 200 0 
295 58 200 0 
296 100 200 0 
297 94 200 0 
298 82 200 0 
299 67 200 0 
300 81 200 0 
301 38 200 0 
302 91 200 0 
303 73 200 0 
304 35 200 0 
305 73 200 0 
306 83 200 0 
307 52 200 0 
308 97 200 0 
309 61 200 0 
310 48 200 0 
311 33 200 0 
312 96 200 0 
313 96 200 0 
314 92 200 0 
315 70 200 0 
316 45 200 0 
317 85 200 0 
318 43 200 0 
319 71 200 0 
320 84 200 0 
321 79 200 0 
322 55 200 0 
323 65 200 0 
324 73 200 0 
325 60 200 0 
326 64 200 0 
327 38 200 0 
328 39 200 0 
329 43 200 0 
330 78 200 0 
331 57 200 0 
332 71 200 0 
333 21 200 0 
334 46 200 0 
335 52 200 0 
336 54 200 0 
337 37 200 0 
338 62 200 0 
339 72 200 0 
340 88 200 0 
341 68 200 0 
342 66 200 0 
343 42 200 0 
344 72 200 0 
345 100 200 0 
346 49 200 0 
347 98 200 0 
348 79 200 0 
349 61 200 0 
350 47 200 0 
351 35 200 0 
352 85 200 0 
353 86 200 0 
354 90 200 0 
355 67 200 0 
356 59 200 0 
357 60 200 0 
358 92 200 0 
359 77 200 0 
360 72 200 0 
361 88 200 0 
362 87 200 0 
363 33 200 0 
364 80 200 0 
365 82 200 0 
366 89 200 0 
367 28 200 0 
368 90 200 0 
369 80 200 0 
370 40 200 0 
371 61 200 0 
372 32 200 0 
373 46 200 0 
374 28 200 0 
375 100 200 0 
376 41 200 0 
377 78 200 0 
378 28 200 0 
379 58 200 0 
380 89 200 0 
381 60 200 0 
382 61 200 0 
383 67 200 0 
384 60 200 0 
385 92 200 0 
386 36 200 0 
387 41 200 0 
388 88 200 0 
389 31 200 0 
390 82 200 0 
391 29 200 0 
392 97 200 0 
393 98 200 0 
394 82 200 0 
395 34 200 0 
396 32 200 0 
397 94 200 0 
398 88 200 0 
399 80 200 0 
400 54 200 0 
401 52 200 0 
402 96 200 0 
403 73 200 0 
404 96 200 0 
405 38 200 0 
406 55 200 0 
407 91 200 0 
408 61 200 0 
409 84 200 0 
410 30 200 0 
411 82 200 0 
412 60 200 0 
413 38 200 0 
414 41 200 0 
415 80 200 0 
416 34 200 0 
417 90 200 0 
418 40 200 0 
419 97 200 0 
420 22 200 0 
421 61 200 0 
422 45 200 0 
423 53 200 0 
424 91 200 0 
425 69 200 0 
426 92 200 0 
427 46 200 0 
428 52 200 0 
429 95 200 0 
430 88 200 0 
431 35 200 0 
432 90 200 0 
433 91 200 0 
434 44 200 0 
435 32 200 0 
436 81 200 0 
437 95 200 0 
438 46 200 0 
439 51 200 0 
440 27 200 0 
441 57 200 0 
442 35 200 0 
443 90 200 0 
444 94 200 0 
445 39 200 0 
446 42 200 0 
447 56 200 0 
448 32 200 0 
449 43 200 0 
450 66 200 0 
451 51 200 0 
452 84 200 0 
453 86 200 0 
454 90 200 0 
455 58 200 0 
456 27 200 0 
457 45 200 0 
458 46 200 0 
459 82 200 0 
460 61 200 0 
461 53 200 0 
462 72 200 0 
463 28 200 0 
464 21 200 0 
465 64 200 0 
466 77 200 0 
467 48 200 0 
468 69 200 0 
469 38 200 0 
470 81 200 0 
471 79 200 0 
472 72 200 0 
473 63 200 0 
474 80 200 0 
475 29 200 0 
476 92 200 0 
477 33 200 0 
478 54 200 0 
479 41 200 0 
480 77 200 0 
481 39 200 0 
482 54 200 0 
483 68 200 0 
484 52 200 0 
485 48 200 0 
486 22 200 0 
487 98 200 0 
488 37 200 0 
489 37 200 0 
490 90 200 0 
491 23 200 0 
492 98 200 0 
493 23 200 0 
494 39 200 0 
495 100 200 0 
496 69 200 0 
497 43 200 0 
498 46 200 0 
499 98 200 0 
