NAME GBP_INSTANCES\prob_1_A_1_4_0.txt
COMMENT
BINTYPES 3
ITEMS 50
BINS_SECTIONS
0 100 100 0 29 
1 120 120 0 24 
2 150 150 0 20 
ITEMS_SECTIONS
0 66 200 1
1 85 200 1
2 85 200 1
3 17 200 1
4 23 200 1
5 63 200 1
6 45 200 1
7 58 200 1
8 10 200 1
9 39 200 1
10 73 200 1
11 52 200 1
12 80 200 1
13 89 200 1
14 11 200 1
15 67 200 1
16 56 200 1
17 74 200 1
18 46 200 1
19 85 200 1
20 78 200 1
21 40 200 1
22 84 200 1
23 64 200 1
24 63 200 1
25 45 200 1
26 24 200 1
27 26 200 1
28 51 200 1
29 63 200 1
30 9 200 1
31 15 200 1
32 8 200 1
33 73 200 1
34 86 200 1
35 98 200 1
36 67 200 1
37 96 200 1
38 36 200 1
39 59 200 1
40 65 200 1
41 96 200 1
42 93 200 1
43 45 200 1
44 60 200 1
45 86 200 1
46 42 200 1
47 31 200 1
48 85 200 1
49 66 200 1
