NAME GBP_INSTANCES\prob_2_A_3_5_0.txt
COMMENT
BINTYPES 3
ITEMS 200
BINS_SECTIONS
0 100 100 0 118 
1 120 120 0 99 
2 150 150 0 79 
ITEMS_SECTIONS
0 54 200 1
1 40 200 1
2 59 200 1
3 64 200 1
4 89 200 1
5 49 200 1
6 76 200 1
7 28 200 1
8 47 200 1
9 89 200 1
10 22 200 1
11 62 200 1
12 57 200 1
13 32 200 1
14 54 200 1
15 87 200 1
16 32 200 1
17 42 200 1
18 68 200 1
19 72 200 1
20 93 200 1
21 48 200 1
22 75 200 1
23 86 200 1
24 23 200 1
25 67 200 1
26 57 200 1
27 41 200 1
28 57 200 1
29 79 200 1
30 64 200 1
31 71 200 1
32 28 200 1
33 21 200 1
34 21 200 1
35 59 200 1
36 38 200 1
37 97 200 1
38 100 200 1
39 45 200 1
40 82 200 1
41 65 200 1
42 66 200 1
43 50 200 1
44 32 200 1
45 97 200 1
46 73 200 1
47 68 200 1
48 40 200 1
49 26 200 1
50 26 200 1
51 51 200 1
52 78 200 1
53 71 200 1
54 60 200 1
55 77 200 1
56 69 200 1
57 72 200 1
58 71 200 1
59 45 200 1
60 78 200 1
61 21 200 1
62 37 200 1
63 51 200 1
64 97 200 1
65 50 200 1
66 99 200 1
67 62 200 1
68 72 200 1
69 74 200 1
70 74 200 1
71 47 200 1
72 50 200 1
73 69 200 1
74 81 200 1
75 67 200 1
76 35 200 1
77 71 200 1
78 33 200 1
79 27 200 1
80 81 200 1
81 54 200 1
82 78 200 1
83 46 200 1
84 55 200 1
85 67 200 1
86 58 200 1
87 30 200 1
88 64 200 1
89 66 200 1
90 81 200 1
91 30 200 1
92 30 200 1
93 58 200 1
94 95 200 1
95 63 200 1
96 44 200 1
97 80 200 1
98 92 200 1
99 85 200 1
100 66 200 1
101 60 200 1
102 38 200 1
103 94 200 1
104 33 200 1
105 45 200 1
106 22 200 1
107 74 200 1
108 71 200 1
109 56 200 1
110 37 200 1
111 79 200 1
112 35 200 1
113 41 200 1
114 71 200 1
115 23 200 1
116 58 200 1
117 59 200 1
118 58 200 1
119 97 200 1
120 69 200 1
121 76 200 1
122 50 200 1
123 31 200 1
124 36 200 1
125 34 200 1
126 90 200 1
127 37 200 1
128 90 200 1
129 69 200 1
130 56 200 1
131 51 200 1
132 51 200 1
133 21 200 1
134 90 200 1
135 32 200 1
136 69 200 1
137 23 200 1
138 99 200 1
139 99 200 1
140 62 200 1
141 42 200 1
142 86 200 1
143 49 200 1
144 62 200 1
145 68 200 1
146 31 200 1
147 99 200 1
148 39 200 1
149 39 200 1
150 25 200 1
151 60 200 1
152 22 200 1
153 57 200 1
154 37 200 1
155 69 200 1
156 57 200 1
157 83 200 1
158 92 200 1
159 91 200 1
160 92 200 1
161 63 200 1
162 68 200 1
163 27 200 1
164 59 200 1
165 54 200 1
166 63 200 1
167 57 200 1
168 78 200 1
169 42 200 1
170 61 200 1
171 78 200 1
172 87 200 1
173 65 200 1
174 79 200 1
175 29 200 1
176 38 200 1
177 68 200 1
178 82 200 1
179 55 200 1
180 26 200 1
181 45 200 1
182 62 200 1
183 47 200 1
184 60 200 1
185 50 200 1
186 42 200 1
187 74 200 1
188 51 200 1
189 66 200 1
190 70 200 1
191 51 200 1
192 26 200 1
193 37 200 1
194 58 200 1
195 71 200 1
196 37 200 1
197 60 200 1
198 89 200 1
199 71 200 1
