NAME GBP_INSTANCES\prob_1_B_0_6_0.txt
COMMENT
BINTYPES 5
ITEMS 25
BINS_SECTIONS
0 60 60 0 22 
1 80 80 0 16 
2 100 100 0 13 
3 120 120 0 11 
4 150 150 0 9 
ITEMS_SECTIONS
0 63 200 0 
1 25 200 0 
2 92 200 0 
3 20 200 0 
4 29 200 0 
5 88 200 0 
6 34 200 0 
7 26 200 0 
8 17 200 0 
9 95 200 0 
10 76 200 0 
11 92 200 0 
12 94 200 0 
13 14 200 0 
14 81 200 0 
15 69 200 0 
16 27 200 0 
17 89 200 0 
18 3 200 0 
19 3 200 0 
20 32 200 0 
21 49 200 0 
22 17 200 0 
23 96 200 0 
24 46 200 0 
