NAME GBP_INSTANCES\prob_1_A_2_1_0.txt
COMMENT
BINTYPES 3
ITEMS 100
BINS_SECTIONS
0 100 100 0 54 
1 120 120 0 45 
2 150 150 0 36 
ITEMS_SECTIONS
0 27 200 1
1 6 200 1
2 57 200 1
3 77 200 1
4 53 200 1
5 6 200 1
6 34 200 1
7 96 200 1
8 7 200 1
9 26 200 1
10 99 200 1
11 73 200 1
12 93 200 1
13 87 200 1
14 69 200 1
15 100 200 1
16 25 200 1
17 86 200 1
18 97 200 1
19 59 200 1
20 96 200 1
21 39 200 1
22 86 200 1
23 55 200 1
24 51 200 1
25 81 200 1
26 92 200 1
27 38 200 1
28 30 200 1
29 88 200 1
30 5 200 1
31 9 200 1
32 59 200 1
33 20 200 1
34 94 200 1
35 25 200 1
36 69 200 1
37 43 200 1
38 48 200 1
39 19 200 1
40 84 200 1
41 60 200 1
42 68 200 1
43 24 200 1
44 100 200 1
45 83 200 1
46 31 200 1
47 43 200 1
48 70 200 1
49 72 200 1
50 23 200 1
51 37 200 1
52 17 200 1
53 99 200 1
54 28 200 1
55 74 200 1
56 5 200 1
57 42 200 1
58 75 200 1
59 21 200 1
60 85 200 1
61 67 200 1
62 42 200 1
63 11 200 1
64 38 200 1
65 17 200 1
66 7 200 1
67 73 200 1
68 24 200 1
69 54 200 1
70 49 200 1
71 61 200 1
72 94 200 1
73 80 200 1
74 5 200 1
75 57 200 1
76 45 200 1
77 72 200 1
78 40 200 1
79 91 200 1
80 68 200 1
81 72 200 1
82 96 200 1
83 67 200 1
84 100 200 1
85 59 200 1
86 41 200 1
87 9 200 1
88 8 200 1
89 41 200 1
90 69 200 1
91 32 200 1
92 9 200 1
93 4 200 1
94 28 200 1
95 74 200 1
96 85 200 1
97 38 200 1
98 69 200 1
99 48 200 1
