NAME GBP_INSTANCES\prob_2_B_0_0_0.txt
COMMENT
BINTYPES 5
ITEMS 25
BINS_SECTIONS
0 60 60 0 25 
1 80 80 0 19 
2 100 100 0 15 
3 120 120 0 13 
4 150 150 0 10 
ITEMS_SECTIONS
0 68 200 0 
1 54 200 0 
2 58 200 0 
3 62 200 0 
4 78 200 0 
5 40 200 0 
6 41 200 0 
7 69 200 0 
8 25 200 0 
9 60 200 0 
10 73 200 0 
11 53 200 0 
12 51 200 0 
13 33 200 0 
14 81 200 0 
15 89 200 0 
16 21 200 0 
17 97 200 0 
18 92 200 0 
19 49 200 0 
20 99 200 0 
21 94 200 0 
22 29 200 0 
23 32 200 0 
24 40 200 0 
