NAME GBP_INSTANCES\prob_1_A_1_8_0.txt
COMMENT
BINTYPES 3
ITEMS 50
BINS_SECTIONS
0 100 100 0 26 
1 120 120 0 22 
2 150 150 0 18 
ITEMS_SECTIONS
0 57 200 0 
1 27 200 0 
2 68 200 0 
3 94 200 0 
4 57 200 0 
5 94 200 0 
6 70 200 0 
7 77 200 0 
8 5 200 0 
9 96 200 0 
10 63 200 0 
11 83 200 0 
12 25 200 0 
13 3 200 0 
14 24 200 0 
15 88 200 0 
16 55 200 0 
17 46 200 0 
18 34 200 0 
19 35 200 0 
20 5 200 0 
21 34 200 0 
22 76 200 0 
23 12 200 0 
24 28 200 0 
25 84 200 0 
26 76 200 0 
27 39 200 0 
28 79 200 0 
29 75 200 0 
30 78 200 0 
31 81 200 0 
32 10 200 0 
33 88 200 0 
34 53 200 0 
35 82 200 0 
36 10 200 0 
37 27 200 0 
38 39 200 0 
39 51 200 0 
40 24 200 0 
41 3 200 0 
42 3 200 0 
43 82 200 0 
44 53 200 0 
45 63 200 0 
46 30 200 0 
47 53 200 0 
48 88 200 0 
49 62 200 0 
