NAME GBP_INSTANCES\prob_1_A_2_7_0.txt
COMMENT
BINTYPES 3
ITEMS 100
BINS_SECTIONS
0 100 100 0 50 
1 120 120 0 42 
2 150 150 0 34 
ITEMS_SECTIONS
0 68 200 0 
1 64 200 0 
2 45 200 0 
3 41 200 0 
4 31 200 0 
5 82 200 0 
6 22 200 0 
7 72 200 0 
8 82 200 0 
9 22 200 0 
10 7 200 0 
11 73 200 0 
12 63 200 0 
13 17 200 0 
14 71 200 0 
15 100 200 0 
16 42 200 0 
17 25 200 0 
18 65 200 0 
19 36 200 0 
20 33 200 0 
21 5 200 0 
22 92 200 0 
23 33 200 0 
24 83 200 0 
25 19 200 0 
26 28 200 0 
27 43 200 0 
28 33 200 0 
29 3 200 0 
30 13 200 0 
31 51 200 0 
32 83 200 0 
33 21 200 0 
34 86 200 0 
35 94 200 0 
36 85 200 0 
37 59 200 0 
38 4 200 0 
39 26 200 0 
40 80 200 0 
41 70 200 0 
42 65 200 0 
43 66 200 0 
44 3 200 0 
45 27 200 0 
46 37 200 0 
47 25 200 0 
48 81 200 0 
49 2 200 0 
50 72 200 0 
51 34 200 0 
52 43 200 0 
53 11 200 0 
54 18 200 0 
55 57 200 0 
56 61 200 0 
57 65 200 0 
58 23 200 0 
59 41 200 0 
60 49 200 0 
61 51 200 0 
62 11 200 0 
63 54 200 0 
64 45 200 0 
65 79 200 0 
66 62 200 0 
67 94 200 0 
68 78 200 0 
69 48 200 0 
70 50 200 0 
71 92 200 0 
72 80 200 0 
73 25 200 0 
74 72 200 0 
75 9 200 0 
76 14 200 0 
77 24 200 0 
78 42 200 0 
79 48 200 0 
80 93 200 0 
81 69 200 0 
82 60 200 0 
83 78 200 0 
84 71 200 0 
85 18 200 0 
86 48 200 0 
87 92 200 0 
88 43 200 0 
89 40 200 0 
90 45 200 0 
91 91 200 0 
92 85 200 0 
93 25 200 0 
94 66 200 0 
95 28 200 0 
96 44 200 0 
97 23 200 0 
98 22 200 0 
99 86 200 0 
