NAME GBP_INSTANCES\prob_2_A_2_4_0.txt
COMMENT
BINTYPES 3
ITEMS 100
BINS_SECTIONS
0 100 100 0 61 
1 120 120 0 51 
2 150 150 0 41 
ITEMS_SECTIONS
0 49 200 0 
1 68 200 0 
2 94 200 0 
3 70 200 0 
4 71 200 0 
5 37 200 0 
6 31 200 0 
7 76 200 0 
8 46 200 0 
9 91 200 0 
10 72 200 0 
11 77 200 0 
12 49 200 0 
13 27 200 0 
14 64 200 0 
15 48 200 0 
16 49 200 0 
17 71 200 0 
18 93 200 0 
19 62 200 0 
20 92 200 0 
21 56 200 0 
22 90 200 0 
23 67 200 0 
24 36 200 0 
25 67 200 0 
26 63 200 0 
27 47 200 0 
28 31 200 0 
29 24 200 0 
30 61 200 0 
31 50 200 0 
32 98 200 0 
33 64 200 0 
34 40 200 0 
35 48 200 0 
36 92 200 0 
37 94 200 0 
38 22 200 0 
39 80 200 0 
40 78 200 0 
41 100 200 0 
42 60 200 0 
43 86 200 0 
44 87 200 0 
45 86 200 0 
46 97 200 0 
47 33 200 0 
48 80 200 0 
49 32 200 0 
50 30 200 0 
51 71 200 0 
52 40 200 0 
53 89 200 0 
54 55 200 0 
55 34 200 0 
56 82 200 0 
57 50 200 0 
58 96 200 0 
59 29 200 0 
60 73 200 0 
61 73 200 0 
62 69 200 0 
63 61 200 0 
64 27 200 0 
65 99 200 0 
66 31 200 0 
67 45 200 0 
68 52 200 0 
69 87 200 0 
70 28 200 0 
71 64 200 0 
72 59 200 0 
73 53 200 0 
74 69 200 0 
75 73 200 0 
76 21 200 0 
77 87 200 0 
78 36 200 0 
79 28 200 0 
80 30 200 0 
81 79 200 0 
82 32 200 0 
83 21 200 0 
84 59 200 0 
85 34 200 0 
86 100 200 0 
87 71 200 0 
88 35 200 0 
89 69 200 0 
90 57 200 0 
91 93 200 0 
92 55 200 0 
93 23 200 0 
94 51 200 0 
95 89 200 0 
96 64 200 0 
97 67 200 0 
98 31 200 0 
99 60 200 0 
