NAME GBP_INSTANCES\prob_1_B_4_3_0.txt
COMMENT
BINTYPES 5
ITEMS 500
BINS_SECTIONS
0 60 60 0 430 
1 80 80 0 323 
2 100 100 0 258 
3 120 120 0 215 
4 150 150 0 172 
ITEMS_SECTIONS
0 67 200 0 
1 79 200 0 
2 28 200 0 
3 38 200 0 
4 61 200 0 
5 9 200 0 
6 43 200 0 
7 60 200 0 
8 47 200 0 
9 62 200 0 
10 47 200 0 
11 22 200 0 
12 91 200 0 
13 100 200 0 
14 10 200 0 
15 75 200 0 
16 18 200 0 
17 69 200 0 
18 54 200 0 
19 36 200 0 
20 2 200 0 
21 66 200 0 
22 99 200 0 
23 86 200 0 
24 64 200 0 
25 11 200 0 
26 21 200 0 
27 73 200 0 
28 85 200 0 
29 4 200 0 
30 22 200 0 
31 36 200 0 
32 7 200 0 
33 25 200 0 
34 65 200 0 
35 87 200 0 
36 57 200 0 
37 25 200 0 
38 62 200 0 
39 10 200 0 
40 51 200 0 
41 83 200 0 
42 62 200 0 
43 64 200 0 
44 3 200 0 
45 79 200 0 
46 43 200 0 
47 81 200 0 
48 22 200 0 
49 38 200 0 
50 44 200 0 
51 42 200 0 
52 3 200 0 
53 20 200 0 
54 55 200 0 
55 99 200 0 
56 93 200 0 
57 98 200 0 
58 78 200 0 
59 66 200 0 
60 56 200 0 
61 3 200 0 
62 93 200 0 
63 10 200 0 
64 96 200 0 
65 58 200 0 
66 43 200 0 
67 79 200 0 
68 82 200 0 
69 26 200 0 
70 65 200 0 
71 16 200 0 
72 22 200 0 
73 48 200 0 
74 84 200 0 
75 53 200 0 
76 20 200 0 
77 9 200 0 
78 97 200 0 
79 78 200 0 
80 3 200 0 
81 31 200 0 
82 64 200 0 
83 51 200 0 
84 100 200 0 
85 99 200 0 
86 28 200 0 
87 47 200 0 
88 94 200 0 
89 38 200 0 
90 93 200 0 
91 36 200 0 
92 22 200 0 
93 34 200 0 
94 76 200 0 
95 41 200 0 
96 33 200 0 
97 35 200 0 
98 52 200 0 
99 12 200 0 
100 4 200 0 
101 16 200 0 
102 18 200 0 
103 49 200 0 
104 87 200 0 
105 30 200 0 
106 2 200 0 
107 100 200 0 
108 28 200 0 
109 50 200 0 
110 29 200 0 
111 87 200 0 
112 93 200 0 
113 20 200 0 
114 77 200 0 
115 63 200 0 
116 72 200 0 
117 4 200 0 
118 32 200 0 
119 79 200 0 
120 81 200 0 
121 72 200 0 
122 76 200 0 
123 48 200 0 
124 29 200 0 
125 5 200 0 
126 23 200 0 
127 79 200 0 
128 86 200 0 
129 44 200 0 
130 27 200 0 
131 88 200 0 
132 8 200 0 
133 85 200 0 
134 83 200 0 
135 37 200 0 
136 49 200 0 
137 41 200 0 
138 47 200 0 
139 28 200 0 
140 32 200 0 
141 54 200 0 
142 84 200 0 
143 90 200 0 
144 100 200 0 
145 11 200 0 
146 91 200 0 
147 89 200 0 
148 17 200 0 
149 14 200 0 
150 80 200 0 
151 3 200 0 
152 41 200 0 
153 76 200 0 
154 86 200 0 
155 78 200 0 
156 43 200 0 
157 6 200 0 
158 82 200 0 
159 38 200 0 
160 98 200 0 
161 8 200 0 
162 51 200 0 
163 26 200 0 
164 5 200 0 
165 9 200 0 
166 23 200 0 
167 69 200 0 
168 77 200 0 
169 24 200 0 
170 4 200 0 
171 64 200 0 
172 59 200 0 
173 53 200 0 
174 14 200 0 
175 28 200 0 
176 2 200 0 
177 43 200 0 
178 63 200 0 
179 50 200 0 
180 55 200 0 
181 95 200 0 
182 82 200 0 
183 86 200 0 
184 31 200 0 
185 64 200 0 
186 29 200 0 
187 12 200 0 
188 53 200 0 
189 13 200 0 
190 98 200 0 
191 85 200 0 
192 81 200 0 
193 83 200 0 
194 53 200 0 
195 47 200 0 
196 26 200 0 
197 44 200 0 
198 93 200 0 
199 92 200 0 
200 17 200 0 
201 57 200 0 
202 100 200 0 
203 49 200 0 
204 60 200 0 
205 64 200 0 
206 59 200 0 
207 99 200 0 
208 44 200 0 
209 92 200 0 
210 95 200 0 
211 73 200 0 
212 30 200 0 
213 100 200 0 
214 41 200 0 
215 57 200 0 
216 80 200 0 
217 79 200 0 
218 55 200 0 
219 42 200 0 
220 68 200 0 
221 84 200 0 
222 15 200 0 
223 52 200 0 
224 21 200 0 
225 64 200 0 
226 10 200 0 
227 87 200 0 
228 25 200 0 
229 34 200 0 
230 48 200 0 
231 15 200 0 
232 83 200 0 
233 55 200 0 
234 13 200 0 
235 31 200 0 
236 6 200 0 
237 88 200 0 
238 62 200 0 
239 64 200 0 
240 50 200 0 
241 67 200 0 
242 39 200 0 
243 97 200 0 
244 5 200 0 
245 65 200 0 
246 61 200 0 
247 3 200 0 
248 91 200 0 
249 3 200 0 
250 65 200 0 
251 72 200 0 
252 24 200 0 
253 64 200 0 
254 69 200 0 
255 27 200 0 
256 73 200 0 
257 75 200 0 
258 44 200 0 
259 90 200 0 
260 78 200 0 
261 8 200 0 
262 40 200 0 
263 100 200 0 
264 63 200 0 
265 64 200 0 
266 62 200 0 
267 69 200 0 
268 89 200 0 
269 13 200 0 
270 60 200 0 
271 42 200 0 
272 13 200 0 
273 11 200 0 
274 88 200 0 
275 72 200 0 
276 65 200 0 
277 7 200 0 
278 42 200 0 
279 66 200 0 
280 36 200 0 
281 49 200 0 
282 4 200 0 
283 15 200 0 
284 71 200 0 
285 81 200 0 
286 99 200 0 
287 58 200 0 
288 68 200 0 
289 77 200 0 
290 26 200 0 
291 7 200 0 
292 81 200 0 
293 75 200 0 
294 15 200 0 
295 76 200 0 
296 16 200 0 
297 66 200 0 
298 19 200 0 
299 29 200 0 
300 27 200 0 
301 7 200 0 
302 87 200 0 
303 9 200 0 
304 96 200 0 
305 2 200 0 
306 88 200 0 
307 53 200 0 
308 22 200 0 
309 31 200 0 
310 79 200 0 
311 56 200 0 
312 61 200 0 
313 67 200 0 
314 63 200 0 
315 93 200 0 
316 88 200 0 
317 48 200 0 
318 39 200 0 
319 52 200 0 
320 7 200 0 
321 66 200 0 
322 72 200 0 
323 100 200 0 
324 54 200 0 
325 35 200 0 
326 18 200 0 
327 27 200 0 
328 73 200 0 
329 77 200 0 
330 99 200 0 
331 89 200 0 
332 54 200 0 
333 26 200 0 
334 76 200 0 
335 4 200 0 
336 39 200 0 
337 51 200 0 
338 29 200 0 
339 8 200 0 
340 4 200 0 
341 26 200 0 
342 65 200 0 
343 36 200 0 
344 83 200 0 
345 40 200 0 
346 85 200 0 
347 38 200 0 
348 72 200 0 
349 60 200 0 
350 15 200 0 
351 78 200 0 
352 60 200 0 
353 70 200 0 
354 48 200 0 
355 41 200 0 
356 38 200 0 
357 64 200 0 
358 91 200 0 
359 97 200 0 
360 39 200 0 
361 48 200 0 
362 65 200 0 
363 35 200 0 
364 31 200 0 
365 9 200 0 
366 53 200 0 
367 23 200 0 
368 47 200 0 
369 7 200 0 
370 48 200 0 
371 12 200 0 
372 61 200 0 
373 64 200 0 
374 91 200 0 
375 30 200 0 
376 91 200 0 
377 85 200 0 
378 55 200 0 
379 90 200 0 
380 43 200 0 
381 100 200 0 
382 56 200 0 
383 61 200 0 
384 74 200 0 
385 53 200 0 
386 63 200 0 
387 11 200 0 
388 95 200 0 
389 31 200 0 
390 73 200 0 
391 91 200 0 
392 86 200 0 
393 63 200 0 
394 28 200 0 
395 62 200 0 
396 38 200 0 
397 79 200 0 
398 46 200 0 
399 23 200 0 
400 3 200 0 
401 49 200 0 
402 30 200 0 
403 50 200 0 
404 70 200 0 
405 2 200 0 
406 44 200 0 
407 21 200 0 
408 47 200 0 
409 56 200 0 
410 6 200 0 
411 99 200 0 
412 43 200 0 
413 35 200 0 
414 86 200 0 
415 87 200 0 
416 65 200 0 
417 15 200 0 
418 75 200 0 
419 98 200 0 
420 12 200 0 
421 82 200 0 
422 99 200 0 
423 71 200 0 
424 64 200 0 
425 42 200 0 
426 44 200 0 
427 76 200 0 
428 78 200 0 
429 45 200 0 
430 74 200 0 
431 18 200 0 
432 57 200 0 
433 92 200 0 
434 5 200 0 
435 19 200 0 
436 26 200 0 
437 82 200 0 
438 8 200 0 
439 52 200 0 
440 82 200 0 
441 38 200 0 
442 19 200 0 
443 28 200 0 
444 36 200 0 
445 12 200 0 
446 25 200 0 
447 2 200 0 
448 21 200 0 
449 85 200 0 
450 88 200 0 
451 6 200 0 
452 92 200 0 
453 53 200 0 
454 100 200 0 
455 60 200 0 
456 89 200 0 
457 38 200 0 
458 17 200 0 
459 90 200 0 
460 75 200 0 
461 98 200 0 
462 58 200 0 
463 84 200 0 
464 35 200 0 
465 88 200 0 
466 50 200 0 
467 22 200 0 
468 45 200 0 
469 30 200 0 
470 61 200 0 
471 26 200 0 
472 2 200 0 
473 51 200 0 
474 20 200 0 
475 41 200 0 
476 7 200 0 
477 67 200 0 
478 89 200 0 
479 9 200 0 
480 100 200 0 
481 33 200 0 
482 54 200 0 
483 39 200 0 
484 66 200 0 
485 61 200 0 
486 8 200 0 
487 41 200 0 
488 54 200 0 
489 39 200 0 
490 95 200 0 
491 30 200 0 
492 77 200 0 
493 17 200 0 
494 14 200 0 
495 55 200 0 
496 32 200 0 
497 20 200 0 
498 92 200 0 
499 71 200 0 
