NAME GBP_INSTANCES\prob_2_B_0_6_0.txt
COMMENT
BINTYPES 5
ITEMS 25
BINS_SECTIONS
0 60 60 0 27 
1 80 80 0 20 
2 100 100 0 16 
3 120 120 0 14 
4 150 150 0 11 
ITEMS_SECTIONS
0 57 200 0 
1 32 200 0 
2 27 200 0 
3 75 200 0 
4 35 200 0 
5 64 200 0 
6 72 200 0 
7 58 200 0 
8 82 200 0 
9 88 200 0 
10 57 200 0 
11 53 200 0 
12 62 200 0 
13 63 200 0 
14 53 200 0 
15 70 200 0 
16 100 200 0 
17 88 200 0 
18 59 200 0 
19 50 200 0 
20 38 200 0 
21 77 200 0 
22 73 200 0 
23 65 200 0 
24 89 200 0 
