NAME GBP_INSTANCES\prob_3_B_2_2_0.txt
COMMENT
BINTYPES 5
ITEMS 100
BINS_SECTIONS
0 60 60 0 125 
1 80 80 0 94 
2 100 100 0 75 
3 120 120 0 63 
4 150 150 0 50 
ITEMS_SECTIONS
0 89 200 1
1 94 200 1
2 82 200 1
3 71 200 1
4 64 200 1
5 60 200 1
6 66 200 1
7 80 200 1
8 82 200 1
9 100 200 1
10 53 200 1
11 69 200 1
12 92 200 1
13 67 200 1
14 76 200 1
15 59 200 1
16 93 200 1
17 77 200 1
18 78 200 1
19 68 200 1
20 70 200 1
21 81 200 1
22 52 200 1
23 87 200 1
24 62 200 1
25 52 200 1
26 64 200 1
27 58 200 1
28 70 200 1
29 51 200 1
30 94 200 1
31 95 200 1
32 93 200 1
33 84 200 1
34 89 200 1
35 87 200 1
36 61 200 1
37 88 200 1
38 100 200 1
39 70 200 1
40 85 200 1
41 68 200 1
42 54 200 1
43 81 200 1
44 100 200 1
45 79 200 1
46 83 200 1
47 54 200 1
48 75 200 1
49 60 200 1
50 63 200 1
51 83 200 1
52 62 200 1
53 77 200 1
54 77 200 1
55 68 200 1
56 59 200 1
57 74 200 1
58 61 200 1
59 57 200 1
60 62 200 1
61 100 200 1
62 98 200 1
63 52 200 1
64 69 200 1
65 94 200 1
66 61 200 1
67 58 200 1
68 79 200 1
69 57 200 1
70 87 200 1
71 69 200 1
72 85 200 1
73 52 200 1
74 61 200 1
75 82 200 1
76 62 200 1
77 85 200 1
78 55 200 1
79 88 200 1
80 94 200 1
81 84 200 1
82 58 200 1
83 72 200 1
84 91 200 1
85 65 200 1
86 68 200 1
87 75 200 1
88 97 200 1
89 99 200 1
90 58 200 1
91 100 200 1
92 76 200 1
93 93 200 1
94 75 200 1
95 62 200 1
96 100 200 1
97 63 200 1
98 77 200 1
99 67 200 1
