NAME GBP_INSTANCES\prob_3_A_4_1_0.txt
COMMENT
BINTYPES 3
ITEMS 500
BINS_SECTIONS
0 100 100 0 381 
1 120 120 0 318 
2 150 150 0 254 
ITEMS_SECTIONS
0 57 200 0 
1 81 200 0 
2 82 200 0 
3 71 200 0 
4 54 200 0 
5 93 200 0 
6 73 200 0 
7 63 200 0 
8 70 200 0 
9 89 200 0 
10 81 200 0 
11 92 200 0 
12 67 200 0 
13 91 200 0 
14 95 200 0 
15 93 200 0 
16 67 200 0 
17 64 200 0 
18 88 200 0 
19 83 200 0 
20 59 200 0 
21 54 200 0 
22 85 200 0 
23 92 200 0 
24 90 200 0 
25 97 200 0 
26 83 200 0 
27 82 200 0 
28 53 200 0 
29 97 200 0 
30 95 200 0 
31 72 200 0 
32 96 200 0 
33 52 200 0 
34 96 200 0 
35 94 200 0 
36 90 200 0 
37 86 200 0 
38 93 200 0 
39 68 200 0 
40 87 200 0 
41 74 200 0 
42 95 200 0 
43 79 200 0 
44 76 200 0 
45 87 200 0 
46 52 200 0 
47 73 200 0 
48 81 200 0 
49 81 200 0 
50 84 200 0 
51 62 200 0 
52 85 200 0 
53 84 200 0 
54 90 200 0 
55 63 200 0 
56 79 200 0 
57 61 200 0 
58 82 200 0 
59 55 200 0 
60 91 200 0 
61 64 200 0 
62 51 200 0 
63 77 200 0 
64 76 200 0 
65 93 200 0 
66 54 200 0 
67 54 200 0 
68 53 200 0 
69 74 200 0 
70 79 200 0 
71 74 200 0 
72 70 200 0 
73 88 200 0 
74 81 200 0 
75 52 200 0 
76 94 200 0 
77 96 200 0 
78 86 200 0 
79 53 200 0 
80 52 200 0 
81 98 200 0 
82 74 200 0 
83 67 200 0 
84 65 200 0 
85 85 200 0 
86 66 200 0 
87 95 200 0 
88 54 200 0 
89 92 200 0 
90 88 200 0 
91 98 200 0 
92 65 200 0 
93 88 200 0 
94 98 200 0 
95 72 200 0 
96 84 200 0 
97 51 200 0 
98 71 200 0 
99 91 200 0 
100 96 200 0 
101 66 200 0 
102 51 200 0 
103 80 200 0 
104 54 200 0 
105 85 200 0 
106 61 200 0 
107 78 200 0 
108 63 200 0 
109 100 200 0 
110 71 200 0 
111 81 200 0 
112 52 200 0 
113 64 200 0 
114 76 200 0 
115 83 200 0 
116 73 200 0 
117 54 200 0 
118 74 200 0 
119 70 200 0 
120 64 200 0 
121 72 200 0 
122 53 200 0 
123 51 200 0 
124 69 200 0 
125 66 200 0 
126 75 200 0 
127 64 200 0 
128 80 200 0 
129 78 200 0 
130 69 200 0 
131 85 200 0 
132 66 200 0 
133 98 200 0 
134 62 200 0 
135 53 200 0 
136 98 200 0 
137 74 200 0 
138 67 200 0 
139 68 200 0 
140 77 200 0 
141 63 200 0 
142 63 200 0 
143 70 200 0 
144 79 200 0 
145 82 200 0 
146 69 200 0 
147 89 200 0 
148 82 200 0 
149 70 200 0 
150 63 200 0 
151 88 200 0 
152 80 200 0 
153 88 200 0 
154 90 200 0 
155 94 200 0 
156 93 200 0 
157 79 200 0 
158 58 200 0 
159 75 200 0 
160 96 200 0 
161 80 200 0 
162 83 200 0 
163 59 200 0 
164 61 200 0 
165 89 200 0 
166 53 200 0 
167 74 200 0 
168 88 200 0 
169 67 200 0 
170 93 200 0 
171 74 200 0 
172 76 200 0 
173 81 200 0 
174 55 200 0 
175 52 200 0 
176 53 200 0 
177 61 200 0 
178 94 200 0 
179 51 200 0 
180 65 200 0 
181 88 200 0 
182 66 200 0 
183 65 200 0 
184 97 200 0 
185 80 200 0 
186 72 200 0 
187 52 200 0 
188 79 200 0 
189 84 200 0 
190 58 200 0 
191 93 200 0 
192 91 200 0 
193 68 200 0 
194 58 200 0 
195 79 200 0 
196 77 200 0 
197 85 200 0 
198 100 200 0 
199 94 200 0 
200 78 200 0 
201 84 200 0 
202 94 200 0 
203 91 200 0 
204 99 200 0 
205 74 200 0 
206 78 200 0 
207 75 200 0 
208 67 200 0 
209 64 200 0 
210 100 200 0 
211 83 200 0 
212 91 200 0 
213 97 200 0 
214 53 200 0 
215 86 200 0 
216 83 200 0 
217 93 200 0 
218 86 200 0 
219 90 200 0 
220 64 200 0 
221 71 200 0 
222 73 200 0 
223 77 200 0 
224 95 200 0 
225 56 200 0 
226 51 200 0 
227 52 200 0 
228 57 200 0 
229 64 200 0 
230 68 200 0 
231 81 200 0 
232 98 200 0 
233 97 200 0 
234 84 200 0 
235 55 200 0 
236 83 200 0 
237 98 200 0 
238 95 200 0 
239 54 200 0 
240 89 200 0 
241 58 200 0 
242 100 200 0 
243 88 200 0 
244 78 200 0 
245 63 200 0 
246 78 200 0 
247 100 200 0 
248 80 200 0 
249 78 200 0 
250 76 200 0 
251 66 200 0 
252 86 200 0 
253 56 200 0 
254 84 200 0 
255 51 200 0 
256 61 200 0 
257 65 200 0 
258 80 200 0 
259 78 200 0 
260 96 200 0 
261 82 200 0 
262 52 200 0 
263 68 200 0 
264 53 200 0 
265 84 200 0 
266 91 200 0 
267 96 200 0 
268 66 200 0 
269 84 200 0 
270 59 200 0 
271 72 200 0 
272 59 200 0 
273 66 200 0 
274 67 200 0 
275 61 200 0 
276 93 200 0 
277 83 200 0 
278 84 200 0 
279 77 200 0 
280 53 200 0 
281 90 200 0 
282 100 200 0 
283 80 200 0 
284 78 200 0 
285 87 200 0 
286 63 200 0 
287 54 200 0 
288 66 200 0 
289 70 200 0 
290 72 200 0 
291 98 200 0 
292 83 200 0 
293 75 200 0 
294 89 200 0 
295 59 200 0 
296 69 200 0 
297 76 200 0 
298 52 200 0 
299 84 200 0 
300 80 200 0 
301 96 200 0 
302 57 200 0 
303 80 200 0 
304 91 200 0 
305 66 200 0 
306 84 200 0 
307 90 200 0 
308 52 200 0 
309 82 200 0 
310 97 200 0 
311 52 200 0 
312 90 200 0 
313 87 200 0 
314 74 200 0 
315 74 200 0 
316 76 200 0 
317 92 200 0 
318 63 200 0 
319 97 200 0 
320 62 200 0 
321 99 200 0 
322 66 200 0 
323 97 200 0 
324 58 200 0 
325 60 200 0 
326 98 200 0 
327 72 200 0 
328 96 200 0 
329 60 200 0 
330 64 200 0 
331 83 200 0 
332 60 200 0 
333 74 200 0 
334 60 200 0 
335 93 200 0 
336 72 200 0 
337 87 200 0 
338 97 200 0 
339 55 200 0 
340 69 200 0 
341 67 200 0 
342 82 200 0 
343 77 200 0 
344 53 200 0 
345 85 200 0 
346 79 200 0 
347 82 200 0 
348 61 200 0 
349 77 200 0 
350 76 200 0 
351 55 200 0 
352 72 200 0 
353 88 200 0 
354 64 200 0 
355 100 200 0 
356 60 200 0 
357 82 200 0 
358 86 200 0 
359 92 200 0 
360 58 200 0 
361 79 200 0 
362 87 200 0 
363 98 200 0 
364 86 200 0 
365 92 200 0 
366 79 200 0 
367 96 200 0 
368 64 200 0 
369 69 200 0 
370 60 200 0 
371 80 200 0 
372 55 200 0 
373 73 200 0 
374 86 200 0 
375 73 200 0 
376 79 200 0 
377 52 200 0 
378 54 200 0 
379 82 200 0 
380 64 200 0 
381 80 200 0 
382 78 200 0 
383 70 200 0 
384 94 200 0 
385 75 200 0 
386 76 200 0 
387 77 200 0 
388 74 200 0 
389 66 200 0 
390 94 200 0 
391 75 200 0 
392 52 200 0 
393 77 200 0 
394 91 200 0 
395 78 200 0 
396 89 200 0 
397 99 200 0 
398 59 200 0 
399 90 200 0 
400 99 200 0 
401 100 200 0 
402 91 200 0 
403 77 200 0 
404 72 200 0 
405 64 200 0 
406 96 200 0 
407 75 200 0 
408 75 200 0 
409 61 200 0 
410 99 200 0 
411 92 200 0 
412 64 200 0 
413 67 200 0 
414 83 200 0 
415 52 200 0 
416 99 200 0 
417 53 200 0 
418 74 200 0 
419 87 200 0 
420 86 200 0 
421 67 200 0 
422 51 200 0 
423 89 200 0 
424 99 200 0 
425 57 200 0 
426 58 200 0 
427 61 200 0 
428 95 200 0 
429 79 200 0 
430 80 200 0 
431 95 200 0 
432 88 200 0 
433 78 200 0 
434 67 200 0 
435 54 200 0 
436 78 200 0 
437 87 200 0 
438 82 200 0 
439 89 200 0 
440 75 200 0 
441 91 200 0 
442 75 200 0 
443 73 200 0 
444 87 200 0 
445 83 200 0 
446 89 200 0 
447 79 200 0 
448 81 200 0 
449 71 200 0 
450 90 200 0 
451 84 200 0 
452 79 200 0 
453 70 200 0 
454 71 200 0 
455 73 200 0 
456 93 200 0 
457 74 200 0 
458 78 200 0 
459 81 200 0 
460 83 200 0 
461 91 200 0 
462 58 200 0 
463 96 200 0 
464 59 200 0 
465 52 200 0 
466 77 200 0 
467 60 200 0 
468 81 200 0 
469 65 200 0 
470 52 200 0 
471 85 200 0 
472 83 200 0 
473 75 200 0 
474 56 200 0 
475 77 200 0 
476 61 200 0 
477 54 200 0 
478 82 200 0 
479 95 200 0 
480 58 200 0 
481 81 200 0 
482 70 200 0 
483 62 200 0 
484 84 200 0 
485 90 200 0 
486 54 200 0 
487 81 200 0 
488 51 200 0 
489 88 200 0 
490 56 200 0 
491 60 200 0 
492 77 200 0 
493 76 200 0 
494 97 200 0 
495 96 200 0 
496 68 200 0 
497 78 200 0 
498 69 200 0 
499 86 200 0 
