NAME GBP_INSTANCES\prob_2_B_3_4_0.txt
COMMENT
BINTYPES 5
ITEMS 200
BINS_SECTIONS
0 60 60 0 202 
1 80 80 0 152 
2 100 100 0 121 
3 120 120 0 101 
4 150 150 0 81 
ITEMS_SECTIONS
0 52 200 1
1 64 200 1
2 83 200 1
3 57 200 1
4 83 200 1
5 43 200 1
6 21 200 1
7 82 200 1
8 97 200 1
9 89 200 1
10 36 200 1
11 47 200 1
12 63 200 1
13 65 200 1
14 80 200 1
15 77 200 1
16 27 200 1
17 50 200 1
18 44 200 1
19 100 200 1
20 32 200 1
21 38 200 1
22 74 200 1
23 28 200 1
24 62 200 1
25 23 200 1
26 43 200 1
27 82 200 1
28 35 200 1
29 79 200 1
30 25 200 1
31 95 200 1
32 62 200 1
33 42 200 1
34 53 200 1
35 50 200 1
36 98 200 1
37 79 200 1
38 96 200 1
39 51 200 1
40 26 200 1
41 79 200 1
42 89 200 1
43 62 200 1
44 82 200 1
45 23 200 1
46 52 200 1
47 99 200 1
48 25 200 1
49 67 200 1
50 55 200 1
51 84 200 1
52 89 200 1
53 25 200 1
54 73 200 1
55 42 200 1
56 34 200 1
57 99 200 1
58 33 200 1
59 99 200 1
60 55 200 1
61 64 200 1
62 36 200 1
63 79 200 1
64 93 200 1
65 30 200 1
66 78 200 1
67 75 200 1
68 56 200 1
69 79 200 1
70 68 200 1
71 35 200 1
72 34 200 1
73 57 200 1
74 90 200 1
75 55 200 1
76 45 200 1
77 88 200 1
78 47 200 1
79 61 200 1
80 22 200 1
81 61 200 1
82 64 200 1
83 22 200 1
84 50 200 1
85 99 200 1
86 56 200 1
87 78 200 1
88 27 200 1
89 89 200 1
90 23 200 1
91 52 200 1
92 55 200 1
93 51 200 1
94 22 200 1
95 61 200 1
96 97 200 1
97 69 200 1
98 94 200 1
99 79 200 1
100 24 200 1
101 26 200 1
102 71 200 1
103 21 200 1
104 57 200 1
105 42 200 1
106 93 200 1
107 24 200 1
108 71 200 1
109 89 200 1
110 71 200 1
111 30 200 1
112 80 200 1
113 89 200 1
114 64 200 1
115 25 200 1
116 70 200 1
117 77 200 1
118 39 200 1
119 25 200 1
120 44 200 1
121 65 200 1
122 87 200 1
123 63 200 1
124 47 200 1
125 65 200 1
126 69 200 1
127 50 200 1
128 83 200 1
129 70 200 1
130 72 200 1
131 95 200 1
132 85 200 1
133 52 200 1
134 82 200 1
135 38 200 1
136 89 200 1
137 79 200 1
138 30 200 1
139 54 200 1
140 60 200 1
141 83 200 1
142 47 200 1
143 39 200 1
144 77 200 1
145 73 200 1
146 88 200 1
147 49 200 1
148 83 200 1
149 84 200 1
150 35 200 1
151 59 200 1
152 68 200 1
153 48 200 1
154 95 200 1
155 21 200 1
156 57 200 1
157 37 200 1
158 100 200 1
159 24 200 1
160 39 200 1
161 50 200 1
162 23 200 1
163 83 200 1
164 21 200 1
165 33 200 1
166 72 200 1
167 88 200 1
168 100 200 1
169 84 200 1
170 31 200 1
171 78 200 1
172 87 200 1
173 37 200 1
174 58 200 1
175 89 200 1
176 27 200 1
177 45 200 1
178 42 200 1
179 58 200 1
180 37 200 1
181 72 200 1
182 56 200 1
183 81 200 1
184 59 200 1
185 85 200 1
186 35 200 1
187 62 200 1
188 49 200 1
189 45 200 1
190 35 200 1
191 88 200 1
192 88 200 1
193 54 200 1
194 73 200 1
195 92 200 1
196 32 200 1
197 77 200 1
198 91 200 1
199 55 200 1
