NAME GBP_INSTANCES\prob_2_A_3_4_0.txt
COMMENT
BINTYPES 3
ITEMS 200
BINS_SECTIONS
0 100 100 0 113 
1 120 120 0 94 
2 150 150 0 75 
ITEMS_SECTIONS
0 51 200 0 
1 64 200 0 
2 83 200 0 
3 46 200 0 
4 59 200 0 
5 71 200 0 
6 60 200 0 
7 95 200 0 
8 46 200 0 
9 38 200 0 
10 48 200 0 
11 52 200 0 
12 41 200 0 
13 94 200 0 
14 24 200 0 
15 44 200 0 
16 48 200 0 
17 67 200 0 
18 86 200 0 
19 95 200 0 
20 76 200 0 
21 21 200 0 
22 38 200 0 
23 93 200 0 
24 79 200 0 
25 21 200 0 
26 80 200 0 
27 47 200 0 
28 50 200 0 
29 78 200 0 
30 35 200 0 
31 32 200 0 
32 56 200 0 
33 35 200 0 
34 94 200 0 
35 37 200 0 
36 65 200 0 
37 78 200 0 
38 77 200 0 
39 71 200 0 
40 71 200 0 
41 48 200 0 
42 52 200 0 
43 35 200 0 
44 42 200 0 
45 67 200 0 
46 29 200 0 
47 27 200 0 
48 38 200 0 
49 23 200 0 
50 39 200 0 
51 22 200 0 
52 35 200 0 
53 28 200 0 
54 95 200 0 
55 80 200 0 
56 32 200 0 
57 24 200 0 
58 38 200 0 
59 31 200 0 
60 53 200 0 
61 21 200 0 
62 71 200 0 
63 100 200 0 
64 72 200 0 
65 94 200 0 
66 52 200 0 
67 57 200 0 
68 28 200 0 
69 32 200 0 
70 23 200 0 
71 56 200 0 
72 42 200 0 
73 75 200 0 
74 61 200 0 
75 80 200 0 
76 24 200 0 
77 88 200 0 
78 76 200 0 
79 54 200 0 
80 94 200 0 
81 25 200 0 
82 47 200 0 
83 32 200 0 
84 23 200 0 
85 91 200 0 
86 36 200 0 
87 83 200 0 
88 75 200 0 
89 97 200 0 
90 86 200 0 
91 43 200 0 
92 32 200 0 
93 73 200 0 
94 38 200 0 
95 25 200 0 
96 57 200 0 
97 58 200 0 
98 36 200 0 
99 70 200 0 
100 91 200 0 
101 83 200 0 
102 65 200 0 
103 28 200 0 
104 75 200 0 
105 27 200 0 
106 89 200 0 
107 35 200 0 
108 38 200 0 
109 30 200 0 
110 100 200 0 
111 100 200 0 
112 74 200 0 
113 51 200 0 
114 37 200 0 
115 80 200 0 
116 60 200 0 
117 27 200 0 
118 22 200 0 
119 52 200 0 
120 23 200 0 
121 30 200 0 
122 47 200 0 
123 46 200 0 
124 37 200 0 
125 51 200 0 
126 61 200 0 
127 36 200 0 
128 89 200 0 
129 68 200 0 
130 65 200 0 
131 24 200 0 
132 70 200 0 
133 34 200 0 
134 33 200 0 
135 74 200 0 
136 86 200 0 
137 55 200 0 
138 89 200 0 
139 57 200 0 
140 50 200 0 
141 57 200 0 
142 92 200 0 
143 86 200 0 
144 31 200 0 
145 87 200 0 
146 38 200 0 
147 29 200 0 
148 82 200 0 
149 100 200 0 
150 28 200 0 
151 46 200 0 
152 51 200 0 
153 100 200 0 
154 83 200 0 
155 68 200 0 
156 33 200 0 
157 63 200 0 
158 80 200 0 
159 70 200 0 
160 40 200 0 
161 33 200 0 
162 93 200 0 
163 96 200 0 
164 23 200 0 
165 52 200 0 
166 51 200 0 
167 64 200 0 
168 29 200 0 
169 83 200 0 
170 30 200 0 
171 50 200 0 
172 26 200 0 
173 57 200 0 
174 22 200 0 
175 43 200 0 
176 59 200 0 
177 46 200 0 
178 92 200 0 
179 51 200 0 
180 23 200 0 
181 62 200 0 
182 88 200 0 
183 73 200 0 
184 51 200 0 
185 33 200 0 
186 51 200 0 
187 49 200 0 
188 65 200 0 
189 22 200 0 
190 93 200 0 
191 89 200 0 
192 62 200 0 
193 31 200 0 
194 94 200 0 
195 51 200 0 
196 82 200 0 
197 33 200 0 
198 61 200 0 
199 61 200 0 
