NAME GBP_INSTANCES\prob_1_B_0_5_0.txt
COMMENT
BINTYPES 5
ITEMS 25
BINS_SECTIONS
0 60 60 0 22 
1 80 80 0 16 
2 100 100 0 13 
3 120 120 0 11 
4 150 150 0 9 
ITEMS_SECTIONS
0 60 200 0 
1 84 200 0 
2 26 200 0 
3 74 200 0 
4 57 200 0 
5 82 200 0 
6 80 200 0 
7 2 200 0 
8 60 200 0 
9 51 200 0 
10 15 200 0 
11 99 200 0 
12 33 200 0 
13 46 200 0 
14 11 200 0 
15 70 200 0 
16 21 200 0 
17 29 200 0 
18 52 200 0 
19 30 200 0 
20 23 200 0 
21 84 200 0 
22 63 200 0 
23 39 200 0 
24 77 200 0 
