NAME GBP_INSTANCES\prob_2_A_4_7_0.txt
COMMENT
BINTYPES 3
ITEMS 500
BINS_SECTIONS
0 100 100 0 305 
1 120 120 0 254 
2 150 150 0 203 
ITEMS_SECTIONS
0 95 200 0 
1 67 200 0 
2 33 200 0 
3 82 200 0 
4 27 200 0 
5 76 200 0 
6 71 200 0 
7 74 200 0 
8 72 200 0 
9 64 200 0 
10 44 200 0 
11 93 200 0 
12 33 200 0 
13 40 200 0 
14 47 200 0 
15 42 200 0 
16 56 200 0 
17 81 200 0 
18 94 200 0 
19 49 200 0 
20 34 200 0 
21 24 200 0 
22 92 200 0 
23 25 200 0 
24 98 200 0 
25 89 200 0 
26 62 200 0 
27 94 200 0 
28 91 200 0 
29 54 200 0 
30 42 200 0 
31 67 200 0 
32 81 200 0 
33 61 200 0 
34 76 200 0 
35 53 200 0 
36 48 200 0 
37 21 200 0 
38 51 200 0 
39 41 200 0 
40 93 200 0 
41 66 200 0 
42 73 200 0 
43 77 200 0 
44 91 200 0 
45 63 200 0 
46 68 200 0 
47 70 200 0 
48 65 200 0 
49 62 200 0 
50 65 200 0 
51 41 200 0 
52 33 200 0 
53 100 200 0 
54 100 200 0 
55 22 200 0 
56 50 200 0 
57 46 200 0 
58 83 200 0 
59 89 200 0 
60 93 200 0 
61 39 200 0 
62 69 200 0 
63 65 200 0 
64 79 200 0 
65 75 200 0 
66 23 200 0 
67 89 200 0 
68 83 200 0 
69 82 200 0 
70 52 200 0 
71 64 200 0 
72 96 200 0 
73 71 200 0 
74 49 200 0 
75 80 200 0 
76 85 200 0 
77 36 200 0 
78 41 200 0 
79 37 200 0 
80 38 200 0 
81 62 200 0 
82 21 200 0 
83 28 200 0 
84 97 200 0 
85 81 200 0 
86 84 200 0 
87 89 200 0 
88 72 200 0 
89 48 200 0 
90 35 200 0 
91 90 200 0 
92 52 200 0 
93 58 200 0 
94 21 200 0 
95 50 200 0 
96 92 200 0 
97 61 200 0 
98 71 200 0 
99 35 200 0 
100 83 200 0 
101 57 200 0 
102 89 200 0 
103 29 200 0 
104 94 200 0 
105 95 200 0 
106 35 200 0 
107 42 200 0 
108 46 200 0 
109 88 200 0 
110 75 200 0 
111 35 200 0 
112 57 200 0 
113 60 200 0 
114 30 200 0 
115 25 200 0 
116 75 200 0 
117 87 200 0 
118 65 200 0 
119 25 200 0 
120 56 200 0 
121 94 200 0 
122 50 200 0 
123 91 200 0 
124 96 200 0 
125 43 200 0 
126 54 200 0 
127 66 200 0 
128 42 200 0 
129 22 200 0 
130 75 200 0 
131 80 200 0 
132 37 200 0 
133 71 200 0 
134 30 200 0 
135 48 200 0 
136 100 200 0 
137 40 200 0 
138 71 200 0 
139 92 200 0 
140 40 200 0 
141 36 200 0 
142 55 200 0 
143 62 200 0 
144 43 200 0 
145 80 200 0 
146 54 200 0 
147 78 200 0 
148 96 200 0 
149 86 200 0 
150 84 200 0 
151 95 200 0 
152 50 200 0 
153 71 200 0 
154 75 200 0 
155 33 200 0 
156 73 200 0 
157 95 200 0 
158 100 200 0 
159 65 200 0 
160 88 200 0 
161 84 200 0 
162 30 200 0 
163 45 200 0 
164 51 200 0 
165 95 200 0 
166 84 200 0 
167 58 200 0 
168 40 200 0 
169 97 200 0 
170 93 200 0 
171 64 200 0 
172 95 200 0 
173 24 200 0 
174 42 200 0 
175 25 200 0 
176 72 200 0 
177 34 200 0 
178 36 200 0 
179 100 200 0 
180 84 200 0 
181 55 200 0 
182 35 200 0 
183 73 200 0 
184 22 200 0 
185 73 200 0 
186 39 200 0 
187 46 200 0 
188 26 200 0 
189 81 200 0 
190 32 200 0 
191 69 200 0 
192 65 200 0 
193 26 200 0 
194 65 200 0 
195 93 200 0 
196 29 200 0 
197 29 200 0 
198 76 200 0 
199 69 200 0 
200 81 200 0 
201 25 200 0 
202 98 200 0 
203 61 200 0 
204 32 200 0 
205 42 200 0 
206 36 200 0 
207 57 200 0 
208 61 200 0 
209 43 200 0 
210 56 200 0 
211 30 200 0 
212 82 200 0 
213 56 200 0 
214 74 200 0 
215 39 200 0 
216 97 200 0 
217 82 200 0 
218 83 200 0 
219 46 200 0 
220 37 200 0 
221 37 200 0 
222 58 200 0 
223 84 200 0 
224 48 200 0 
225 70 200 0 
226 48 200 0 
227 21 200 0 
228 71 200 0 
229 100 200 0 
230 89 200 0 
231 73 200 0 
232 65 200 0 
233 28 200 0 
234 58 200 0 
235 55 200 0 
236 33 200 0 
237 91 200 0 
238 54 200 0 
239 39 200 0 
240 81 200 0 
241 35 200 0 
242 89 200 0 
243 75 200 0 
244 88 200 0 
245 80 200 0 
246 51 200 0 
247 62 200 0 
248 77 200 0 
249 48 200 0 
250 90 200 0 
251 57 200 0 
252 66 200 0 
253 85 200 0 
254 83 200 0 
255 26 200 0 
256 28 200 0 
257 87 200 0 
258 66 200 0 
259 47 200 0 
260 76 200 0 
261 62 200 0 
262 63 200 0 
263 53 200 0 
264 75 200 0 
265 40 200 0 
266 82 200 0 
267 42 200 0 
268 74 200 0 
269 96 200 0 
270 51 200 0 
271 81 200 0 
272 43 200 0 
273 63 200 0 
274 92 200 0 
275 69 200 0 
276 61 200 0 
277 46 200 0 
278 76 200 0 
279 37 200 0 
280 81 200 0 
281 46 200 0 
282 78 200 0 
283 51 200 0 
284 29 200 0 
285 35 200 0 
286 30 200 0 
287 37 200 0 
288 75 200 0 
289 76 200 0 
290 21 200 0 
291 21 200 0 
292 61 200 0 
293 79 200 0 
294 36 200 0 
295 59 200 0 
296 27 200 0 
297 41 200 0 
298 98 200 0 
299 48 200 0 
300 92 200 0 
301 72 200 0 
302 80 200 0 
303 39 200 0 
304 95 200 0 
305 70 200 0 
306 74 200 0 
307 36 200 0 
308 75 200 0 
309 40 200 0 
310 36 200 0 
311 87 200 0 
312 66 200 0 
313 42 200 0 
314 43 200 0 
315 28 200 0 
316 41 200 0 
317 26 200 0 
318 82 200 0 
319 88 200 0 
320 94 200 0 
321 84 200 0 
322 34 200 0 
323 58 200 0 
324 78 200 0 
325 78 200 0 
326 63 200 0 
327 46 200 0 
328 78 200 0 
329 59 200 0 
330 91 200 0 
331 46 200 0 
332 60 200 0 
333 39 200 0 
334 49 200 0 
335 76 200 0 
336 62 200 0 
337 47 200 0 
338 27 200 0 
339 25 200 0 
340 83 200 0 
341 75 200 0 
342 74 200 0 
343 84 200 0 
344 66 200 0 
345 47 200 0 
346 40 200 0 
347 93 200 0 
348 93 200 0 
349 42 200 0 
350 35 200 0 
351 55 200 0 
352 69 200 0 
353 44 200 0 
354 42 200 0 
355 63 200 0 
356 59 200 0 
357 78 200 0 
358 58 200 0 
359 41 200 0 
360 61 200 0 
361 91 200 0 
362 23 200 0 
363 37 200 0 
364 68 200 0 
365 27 200 0 
366 46 200 0 
367 24 200 0 
368 86 200 0 
369 30 200 0 
370 76 200 0 
371 34 200 0 
372 75 200 0 
373 92 200 0 
374 32 200 0 
375 44 200 0 
376 34 200 0 
377 40 200 0 
378 99 200 0 
379 60 200 0 
380 53 200 0 
381 77 200 0 
382 27 200 0 
383 43 200 0 
384 62 200 0 
385 96 200 0 
386 43 200 0 
387 46 200 0 
388 53 200 0 
389 24 200 0 
390 29 200 0 
391 54 200 0 
392 47 200 0 
393 98 200 0 
394 76 200 0 
395 47 200 0 
396 84 200 0 
397 73 200 0 
398 96 200 0 
399 22 200 0 
400 68 200 0 
401 24 200 0 
402 86 200 0 
403 86 200 0 
404 77 200 0 
405 38 200 0 
406 89 200 0 
407 55 200 0 
408 80 200 0 
409 48 200 0 
410 68 200 0 
411 93 200 0 
412 70 200 0 
413 50 200 0 
414 50 200 0 
415 67 200 0 
416 52 200 0 
417 31 200 0 
418 88 200 0 
419 45 200 0 
420 65 200 0 
421 26 200 0 
422 86 200 0 
423 85 200 0 
424 23 200 0 
425 91 200 0 
426 85 200 0 
427 53 200 0 
428 33 200 0 
429 60 200 0 
430 80 200 0 
431 35 200 0 
432 65 200 0 
433 83 200 0 
434 59 200 0 
435 74 200 0 
436 75 200 0 
437 31 200 0 
438 41 200 0 
439 28 200 0 
440 69 200 0 
441 66 200 0 
442 96 200 0 
443 58 200 0 
444 87 200 0 
445 48 200 0 
446 36 200 0 
447 44 200 0 
448 94 200 0 
449 83 200 0 
450 49 200 0 
451 48 200 0 
452 59 200 0 
453 45 200 0 
454 33 200 0 
455 42 200 0 
456 57 200 0 
457 48 200 0 
458 26 200 0 
459 58 200 0 
460 38 200 0 
461 40 200 0 
462 59 200 0 
463 99 200 0 
464 52 200 0 
465 65 200 0 
466 55 200 0 
467 78 200 0 
468 90 200 0 
469 33 200 0 
470 24 200 0 
471 26 200 0 
472 27 200 0 
473 55 200 0 
474 64 200 0 
475 94 200 0 
476 86 200 0 
477 89 200 0 
478 92 200 0 
479 44 200 0 
480 84 200 0 
481 57 200 0 
482 93 200 0 
483 66 200 0 
484 36 200 0 
485 48 200 0 
486 93 200 0 
487 57 200 0 
488 50 200 0 
489 76 200 0 
490 91 200 0 
491 91 200 0 
492 100 200 0 
493 71 200 0 
494 30 200 0 
495 73 200 0 
496 82 200 0 
497 38 200 0 
498 29 200 0 
499 46 200 0 
