NAME GBP_INSTANCES\prob_2_B_1_9_0.txt
COMMENT
BINTYPES 5
ITEMS 50
BINS_SECTIONS
0 60 60 0 53 
1 80 80 0 40 
2 100 100 0 32 
3 120 120 0 27 
4 150 150 0 22 
ITEMS_SECTIONS
0 66 200 0 
1 32 200 0 
2 46 200 0 
3 87 200 0 
4 47 200 0 
5 100 200 0 
6 46 200 0 
7 40 200 0 
8 100 200 0 
9 56 200 0 
10 55 200 0 
11 55 200 0 
12 53 200 0 
13 24 200 0 
14 76 200 0 
15 46 200 0 
16 50 200 0 
17 99 200 0 
18 32 200 0 
19 50 200 0 
20 74 200 0 
21 71 200 0 
22 77 200 0 
23 47 200 0 
24 37 200 0 
25 93 200 0 
26 82 200 0 
27 68 200 0 
28 66 200 0 
29 60 200 0 
30 87 200 0 
31 21 200 0 
32 99 200 0 
33 64 200 0 
34 85 200 0 
35 70 200 0 
36 36 200 0 
37 93 200 0 
38 52 200 0 
39 100 200 0 
40 45 200 0 
41 70 200 0 
42 21 200 0 
43 75 200 0 
44 89 200 0 
45 64 200 0 
46 72 200 0 
47 48 200 0 
48 36 200 0 
49 93 200 0 
