NAME GBP_INSTANCES\prob_1_B_0_3_0.txt
COMMENT
BINTYPES 5
ITEMS 25
BINS_SECTIONS
0 60 60 0 23 
1 80 80 0 17 
2 100 100 0 14 
3 120 120 0 12 
4 150 150 0 9 
ITEMS_SECTIONS
0 62 200 0 
1 59 200 0 
2 85 200 0 
3 37 200 0 
4 92 200 0 
5 48 200 0 
6 57 200 0 
7 21 200 0 
8 84 200 0 
9 92 200 0 
10 34 200 0 
11 53 200 0 
12 13 200 0 
13 60 200 0 
14 19 200 0 
15 10 200 0 
16 61 200 0 
17 12 200 0 
18 76 200 0 
19 88 200 0 
20 69 200 0 
21 44 200 0 
22 74 200 0 
23 23 200 0 
24 67 200 0 
