NAME GBP_INSTANCES\prob_2_B_3_9_0.txt
COMMENT
BINTYPES 5
ITEMS 200
BINS_SECTIONS
0 60 60 0 191 
1 80 80 0 144 
2 100 100 0 115 
3 120 120 0 96 
4 150 150 0 77 
ITEMS_SECTIONS
0 91 200 1
1 85 200 1
2 59 200 1
3 51 200 1
4 80 200 1
5 73 200 1
6 52 200 1
7 29 200 1
8 68 200 1
9 80 200 1
10 78 200 1
11 90 200 1
12 30 200 1
13 56 200 1
14 54 200 1
15 37 200 1
16 86 200 1
17 86 200 1
18 49 200 1
19 49 200 1
20 99 200 1
21 37 200 1
22 91 200 1
23 46 200 1
24 31 200 1
25 44 200 1
26 71 200 1
27 77 200 1
28 44 200 1
29 48 200 1
30 56 200 1
31 74 200 1
32 73 200 1
33 31 200 1
34 28 200 1
35 43 200 1
36 21 200 1
37 33 200 1
38 55 200 1
39 77 200 1
40 69 200 1
41 80 200 1
42 85 200 1
43 56 200 1
44 67 200 1
45 78 200 1
46 59 200 1
47 34 200 1
48 88 200 1
49 21 200 1
50 58 200 1
51 43 200 1
52 56 200 1
53 31 200 1
54 29 200 1
55 72 200 1
56 40 200 1
57 80 200 1
58 46 200 1
59 88 200 1
60 40 200 1
61 38 200 1
62 26 200 1
63 46 200 1
64 94 200 1
65 65 200 1
66 22 200 1
67 70 200 1
68 32 200 1
69 59 200 1
70 75 200 1
71 43 200 1
72 45 200 1
73 21 200 1
74 49 200 1
75 61 200 1
76 80 200 1
77 59 200 1
78 94 200 1
79 30 200 1
80 42 200 1
81 36 200 1
82 87 200 1
83 26 200 1
84 31 200 1
85 73 200 1
86 59 200 1
87 90 200 1
88 90 200 1
89 78 200 1
90 31 200 1
91 38 200 1
92 69 200 1
93 54 200 1
94 76 200 1
95 51 200 1
96 32 200 1
97 98 200 1
98 59 200 1
99 42 200 1
100 54 200 1
101 72 200 1
102 42 200 1
103 27 200 1
104 81 200 1
105 91 200 1
106 85 200 1
107 48 200 1
108 46 200 1
109 70 200 1
110 97 200 1
111 25 200 1
112 55 200 1
113 97 200 1
114 91 200 1
115 32 200 1
116 96 200 1
117 41 200 1
118 29 200 1
119 62 200 1
120 52 200 1
121 79 200 1
122 41 200 1
123 34 200 1
124 36 200 1
125 79 200 1
126 23 200 1
127 73 200 1
128 66 200 1
129 70 200 1
130 32 200 1
131 37 200 1
132 51 200 1
133 64 200 1
134 42 200 1
135 95 200 1
136 77 200 1
137 27 200 1
138 27 200 1
139 45 200 1
140 41 200 1
141 87 200 1
142 86 200 1
143 68 200 1
144 53 200 1
145 36 200 1
146 62 200 1
147 22 200 1
148 22 200 1
149 36 200 1
150 25 200 1
151 78 200 1
152 96 200 1
153 74 200 1
154 48 200 1
155 28 200 1
156 27 200 1
157 84 200 1
158 81 200 1
159 65 200 1
160 27 200 1
161 27 200 1
162 34 200 1
163 61 200 1
164 78 200 1
165 91 200 1
166 80 200 1
167 39 200 1
168 71 200 1
169 70 200 1
170 66 200 1
171 91 200 1
172 77 200 1
173 75 200 1
174 72 200 1
175 93 200 1
176 96 200 1
177 34 200 1
178 32 200 1
179 46 200 1
180 76 200 1
181 71 200 1
182 50 200 1
183 36 200 1
184 49 200 1
185 80 200 1
186 62 200 1
187 61 200 1
188 62 200 1
189 27 200 1
190 62 200 1
191 25 200 1
192 48 200 1
193 43 200 1
194 34 200 1
195 45 200 1
196 54 200 1
197 39 200 1
198 76 200 1
199 22 200 1
