NAME GBP_INSTANCES\prob_2_B_2_5_0.txt
COMMENT
BINTYPES 5
ITEMS 100
BINS_SECTIONS
0 60 60 0 107 
1 80 80 0 80 
2 100 100 0 64 
3 120 120 0 54 
4 150 150 0 43 
ITEMS_SECTIONS
0 57 200 1
1 30 200 1
2 64 200 1
3 75 200 1
4 91 200 1
5 54 200 1
6 25 200 1
7 96 200 1
8 48 200 1
9 65 200 1
10 100 200 1
11 58 200 1
12 68 200 1
13 60 200 1
14 77 200 1
15 82 200 1
16 78 200 1
17 74 200 1
18 95 200 1
19 51 200 1
20 80 200 1
21 71 200 1
22 75 200 1
23 45 200 1
24 21 200 1
25 97 200 1
26 49 200 1
27 66 200 1
28 96 200 1
29 80 200 1
30 58 200 1
31 35 200 1
32 76 200 1
33 58 200 1
34 25 200 1
35 99 200 1
36 24 200 1
37 82 200 1
38 33 200 1
39 64 200 1
40 97 200 1
41 72 200 1
42 44 200 1
43 63 200 1
44 73 200 1
45 82 200 1
46 68 200 1
47 97 200 1
48 23 200 1
49 66 200 1
50 44 200 1
51 64 200 1
52 63 200 1
53 51 200 1
54 45 200 1
55 65 200 1
56 61 200 1
57 75 200 1
58 74 200 1
59 70 200 1
60 82 200 1
61 70 200 1
62 51 200 1
63 63 200 1
64 69 200 1
65 78 200 1
66 75 200 1
67 89 200 1
68 99 200 1
69 28 200 1
70 30 200 1
71 30 200 1
72 31 200 1
73 29 200 1
74 55 200 1
75 59 200 1
76 40 200 1
77 68 200 1
78 76 200 1
79 87 200 1
80 59 200 1
81 83 200 1
82 86 200 1
83 86 200 1
84 22 200 1
85 21 200 1
86 68 200 1
87 34 200 1
88 53 200 1
89 40 200 1
90 64 200 1
91 69 200 1
92 88 200 1
93 73 200 1
94 94 200 1
95 72 200 1
96 78 200 1
97 31 200 1
98 82 200 1
99 83 200 1
