NAME GBP_INSTANCES\prob_3_A_3_0_0.txt
COMMENT
BINTYPES 3
ITEMS 200
BINS_SECTIONS
0 100 100 0 152 
1 120 120 0 127 
2 150 150 0 101 
ITEMS_SECTIONS
0 93 200 0 
1 89 200 0 
2 81 200 0 
3 56 200 0 
4 83 200 0 
5 55 200 0 
6 81 200 0 
7 53 200 0 
8 63 200 0 
9 82 200 0 
10 87 200 0 
11 80 200 0 
12 77 200 0 
13 98 200 0 
14 72 200 0 
15 76 200 0 
16 97 200 0 
17 69 200 0 
18 97 200 0 
19 71 200 0 
20 79 200 0 
21 71 200 0 
22 54 200 0 
23 68 200 0 
24 56 200 0 
25 100 200 0 
26 67 200 0 
27 95 200 0 
28 60 200 0 
29 93 200 0 
30 73 200 0 
31 68 200 0 
32 59 200 0 
33 76 200 0 
34 51 200 0 
35 73 200 0 
36 81 200 0 
37 58 200 0 
38 82 200 0 
39 76 200 0 
40 90 200 0 
41 80 200 0 
42 53 200 0 
43 59 200 0 
44 66 200 0 
45 51 200 0 
46 87 200 0 
47 90 200 0 
48 51 200 0 
49 74 200 0 
50 68 200 0 
51 86 200 0 
52 83 200 0 
53 82 200 0 
54 86 200 0 
55 63 200 0 
56 57 200 0 
57 66 200 0 
58 74 200 0 
59 87 200 0 
60 55 200 0 
61 84 200 0 
62 59 200 0 
63 79 200 0 
64 71 200 0 
65 99 200 0 
66 59 200 0 
67 74 200 0 
68 74 200 0 
69 88 200 0 
70 87 200 0 
71 97 200 0 
72 93 200 0 
73 55 200 0 
74 97 200 0 
75 97 200 0 
76 56 200 0 
77 61 200 0 
78 82 200 0 
79 65 200 0 
80 80 200 0 
81 81 200 0 
82 66 200 0 
83 63 200 0 
84 84 200 0 
85 66 200 0 
86 95 200 0 
87 100 200 0 
88 71 200 0 
89 76 200 0 
90 62 200 0 
91 78 200 0 
92 58 200 0 
93 87 200 0 
94 83 200 0 
95 90 200 0 
96 99 200 0 
97 60 200 0 
98 55 200 0 
99 57 200 0 
100 73 200 0 
101 75 200 0 
102 56 200 0 
103 64 200 0 
104 96 200 0 
105 100 200 0 
106 84 200 0 
107 54 200 0 
108 55 200 0 
109 65 200 0 
110 76 200 0 
111 78 200 0 
112 100 200 0 
113 58 200 0 
114 59 200 0 
115 58 200 0 
116 79 200 0 
117 57 200 0 
118 95 200 0 
119 72 200 0 
120 96 200 0 
121 64 200 0 
122 91 200 0 
123 59 200 0 
124 90 200 0 
125 68 200 0 
126 95 200 0 
127 100 200 0 
128 55 200 0 
129 94 200 0 
130 75 200 0 
131 86 200 0 
132 59 200 0 
133 56 200 0 
134 60 200 0 
135 67 200 0 
136 69 200 0 
137 86 200 0 
138 67 200 0 
139 54 200 0 
140 95 200 0 
141 56 200 0 
142 99 200 0 
143 98 200 0 
144 74 200 0 
145 55 200 0 
146 52 200 0 
147 94 200 0 
148 86 200 0 
149 91 200 0 
150 63 200 0 
151 68 200 0 
152 75 200 0 
153 90 200 0 
154 53 200 0 
155 91 200 0 
156 93 200 0 
157 97 200 0 
158 55 200 0 
159 100 200 0 
160 54 200 0 
161 64 200 0 
162 91 200 0 
163 92 200 0 
164 88 200 0 
165 71 200 0 
166 79 200 0 
167 90 200 0 
168 81 200 0 
169 67 200 0 
170 83 200 0 
171 89 200 0 
172 81 200 0 
173 83 200 0 
174 90 200 0 
175 89 200 0 
176 66 200 0 
177 99 200 0 
178 85 200 0 
179 62 200 0 
180 96 200 0 
181 63 200 0 
182 85 200 0 
183 64 200 0 
184 53 200 0 
185 97 200 0 
186 81 200 0 
187 98 200 0 
188 84 200 0 
189 100 200 0 
190 83 200 0 
191 72 200 0 
192 57 200 0 
193 63 200 0 
194 63 200 0 
195 76 200 0 
196 87 200 0 
197 64 200 0 
198 56 200 0 
199 55 200 0 
