NAME GBP_INSTANCES\prob_2_B_1_5_0.txt
COMMENT
BINTYPES 5
ITEMS 50
BINS_SECTIONS
0 60 60 0 52 
1 80 80 0 39 
2 100 100 0 31 
3 120 120 0 26 
4 150 150 0 21 
ITEMS_SECTIONS
0 90 200 1
1 86 200 1
2 67 200 1
3 71 200 1
4 21 200 1
5 61 200 1
6 68 200 1
7 82 200 1
8 56 200 1
9 85 200 1
10 25 200 1
11 57 200 1
12 72 200 1
13 23 200 1
14 37 200 1
15 62 200 1
16 22 200 1
17 70 200 1
18 47 200 1
19 47 200 1
20 86 200 1
21 83 200 1
22 78 200 1
23 99 200 1
24 22 200 1
25 91 200 1
26 97 200 1
27 51 200 1
28 81 200 1
29 58 200 1
30 96 200 1
31 40 200 1
32 41 200 1
33 62 200 1
34 98 200 1
35 33 200 1
36 80 200 1
37 38 200 1
38 60 200 1
39 70 200 1
40 44 200 1
41 67 200 1
42 30 200 1
43 60 200 1
44 22 200 1
45 34 200 1
46 95 200 1
47 67 200 1
48 79 200 1
49 62 200 1
