NAME GBP_INSTANCES\prob_3_B_2_0_0.txt
COMMENT
BINTYPES 5
ITEMS 100
BINS_SECTIONS
0 60 60 0 128 
1 80 80 0 96 
2 100 100 0 77 
3 120 120 0 64 
4 150 150 0 52 
ITEMS_SECTIONS
0 91 200 0 
1 77 200 0 
2 68 200 0 
3 100 200 0 
4 55 200 0 
5 83 200 0 
6 74 200 0 
7 85 200 0 
8 87 200 0 
9 54 200 0 
10 75 200 0 
11 91 200 0 
12 74 200 0 
13 79 200 0 
14 69 200 0 
15 58 200 0 
16 84 200 0 
17 84 200 0 
18 82 200 0 
19 88 200 0 
20 62 200 0 
21 54 200 0 
22 60 200 0 
23 66 200 0 
24 60 200 0 
25 84 200 0 
26 58 200 0 
27 92 200 0 
28 66 200 0 
29 82 200 0 
30 88 200 0 
31 73 200 0 
32 60 200 0 
33 69 200 0 
34 89 200 0 
35 61 200 0 
36 68 200 0 
37 86 200 0 
38 83 200 0 
39 86 200 0 
40 93 200 0 
41 100 200 0 
42 73 200 0 
43 65 200 0 
44 80 200 0 
45 88 200 0 
46 92 200 0 
47 92 200 0 
48 72 200 0 
49 80 200 0 
50 71 200 0 
51 97 200 0 
52 80 200 0 
53 76 200 0 
54 89 200 0 
55 58 200 0 
56 100 200 0 
57 90 200 0 
58 93 200 0 
59 68 200 0 
60 91 200 0 
61 84 200 0 
62 92 200 0 
63 51 200 0 
64 95 200 0 
65 75 200 0 
66 81 200 0 
67 56 200 0 
68 62 200 0 
69 100 200 0 
70 64 200 0 
71 82 200 0 
72 65 200 0 
73 62 200 0 
74 84 200 0 
75 81 200 0 
76 78 200 0 
77 88 200 0 
78 62 200 0 
79 59 200 0 
80 71 200 0 
81 89 200 0 
82 80 200 0 
83 99 200 0 
84 80 200 0 
85 78 200 0 
86 81 200 0 
87 67 200 0 
88 87 200 0 
89 58 200 0 
90 92 200 0 
91 65 200 0 
92 67 200 0 
93 76 200 0 
94 86 200 0 
95 65 200 0 
96 52 200 0 
97 53 200 0 
98 89 200 0 
99 60 200 0 
