NAME GBP_INSTANCES\prob_1_A_3_4_0.txt
COMMENT
BINTYPES 3
ITEMS 200
BINS_SECTIONS
0 100 100 0 99 
1 120 120 0 83 
2 150 150 0 66 
ITEMS_SECTIONS
0 78 200 1
1 56 200 1
2 58 200 1
3 49 200 1
4 28 200 1
5 84 200 1
6 87 200 1
7 84 200 1
8 76 200 1
9 93 200 1
10 13 200 1
11 33 200 1
12 8 200 1
13 59 200 1
14 48 200 1
15 48 200 1
16 48 200 1
17 10 200 1
18 30 200 1
19 46 200 1
20 23 200 1
21 19 200 1
22 87 200 1
23 35 200 1
24 52 200 1
25 79 200 1
26 60 200 1
27 31 200 1
28 73 200 1
29 85 200 1
30 71 200 1
31 32 200 1
32 60 200 1
33 67 200 1
34 48 200 1
35 83 200 1
36 98 200 1
37 9 200 1
38 90 200 1
39 36 200 1
40 11 200 1
41 73 200 1
42 71 200 1
43 2 200 1
44 77 200 1
45 89 200 1
46 93 200 1
47 22 200 1
48 51 200 1
49 17 200 1
50 61 200 1
51 64 200 1
52 13 200 1
53 31 200 1
54 5 200 1
55 37 200 1
56 62 200 1
57 64 200 1
58 17 200 1
59 55 200 1
60 98 200 1
61 32 200 1
62 30 200 1
63 44 200 1
64 74 200 1
65 85 200 1
66 6 200 1
67 17 200 1
68 83 200 1
69 15 200 1
70 51 200 1
71 98 200 1
72 71 200 1
73 53 200 1
74 49 200 1
75 48 200 1
76 16 200 1
77 92 200 1
78 5 200 1
79 55 200 1
80 80 200 1
81 78 200 1
82 98 200 1
83 36 200 1
84 76 200 1
85 76 200 1
86 53 200 1
87 30 200 1
88 47 200 1
89 86 200 1
90 96 200 1
91 23 200 1
92 2 200 1
93 11 200 1
94 37 200 1
95 78 200 1
96 7 200 1
97 21 200 1
98 26 200 1
99 18 200 1
100 90 200 1
101 58 200 1
102 23 200 1
103 29 200 1
104 31 200 1
105 97 200 1
106 47 200 1
107 39 200 1
108 4 200 1
109 15 200 1
110 28 200 1
111 42 200 1
112 68 200 1
113 88 200 1
114 25 200 1
115 98 200 1
116 45 200 1
117 65 200 1
118 47 200 1
119 15 200 1
120 78 200 1
121 42 200 1
122 38 200 1
123 18 200 1
124 37 200 1
125 71 200 1
126 49 200 1
127 17 200 1
128 40 200 1
129 49 200 1
130 78 200 1
131 90 200 1
132 72 200 1
133 4 200 1
134 78 200 1
135 70 200 1
136 57 200 1
137 34 200 1
138 40 200 1
139 73 200 1
140 68 200 1
141 10 200 1
142 31 200 1
143 56 200 1
144 48 200 1
145 97 200 1
146 94 200 1
147 22 200 1
148 96 200 1
149 17 200 1
150 22 200 1
151 75 200 1
152 24 200 1
153 85 200 1
154 50 200 1
155 56 200 1
156 6 200 1
157 72 200 1
158 45 200 1
159 29 200 1
160 53 200 1
161 99 200 1
162 3 200 1
163 72 200 1
164 30 200 1
165 25 200 1
166 17 200 1
167 48 200 1
168 17 200 1
169 45 200 1
170 74 200 1
171 85 200 1
172 84 200 1
173 41 200 1
174 2 200 1
175 59 200 1
176 45 200 1
177 19 200 1
178 35 200 1
179 12 200 1
180 54 200 1
181 59 200 1
182 34 200 1
183 80 200 1
184 46 200 1
185 31 200 1
186 17 200 1
187 89 200 1
188 56 200 1
189 82 200 1
190 26 200 1
191 65 200 1
192 22 200 1
193 65 200 1
194 14 200 1
195 36 200 1
196 11 200 1
197 5 200 1
198 55 200 1
199 75 200 1
