NAME GBP_INSTANCES\prob_1_A_2_9_0.txt
COMMENT
BINTYPES 3
ITEMS 100
BINS_SECTIONS
0 100 100 0 52 
1 120 120 0 43 
2 150 150 0 35 
ITEMS_SECTIONS
0 87 200 1
1 77 200 1
2 30 200 1
3 44 200 1
4 71 200 1
5 53 200 1
6 93 200 1
7 49 200 1
8 46 200 1
9 30 200 1
10 37 200 1
11 57 200 1
12 78 200 1
13 86 200 1
14 71 200 1
15 91 200 1
16 56 200 1
17 86 200 1
18 89 200 1
19 53 200 1
20 68 200 1
21 58 200 1
22 15 200 1
23 83 200 1
24 39 200 1
25 95 200 1
26 18 200 1
27 65 200 1
28 30 200 1
29 58 200 1
30 72 200 1
31 5 200 1
32 46 200 1
33 73 200 1
34 80 200 1
35 76 200 1
36 57 200 1
37 85 200 1
38 28 200 1
39 59 200 1
40 61 200 1
41 90 200 1
42 5 200 1
43 53 200 1
44 7 200 1
45 89 200 1
46 43 200 1
47 18 200 1
48 4 200 1
49 82 200 1
50 21 200 1
51 2 200 1
52 36 200 1
53 62 200 1
54 77 200 1
55 7 200 1
56 7 200 1
57 10 200 1
58 79 200 1
59 74 200 1
60 30 200 1
61 60 200 1
62 2 200 1
63 21 200 1
64 93 200 1
65 44 200 1
66 53 200 1
67 8 200 1
68 18 200 1
69 61 200 1
70 99 200 1
71 85 200 1
72 31 200 1
73 100 200 1
74 36 200 1
75 94 200 1
76 75 200 1
77 64 200 1
78 50 200 1
79 50 200 1
80 81 200 1
81 4 200 1
82 22 200 1
83 5 200 1
84 15 200 1
85 29 200 1
86 10 200 1
87 20 200 1
88 34 200 1
89 94 200 1
90 71 200 1
91 29 200 1
92 63 200 1
93 41 200 1
94 65 200 1
95 27 200 1
96 25 200 1
97 67 200 1
98 70 200 1
99 72 200 1
