NAME GBP_INSTANCES\prob_1_B_2_6_0.txt
COMMENT
BINTYPES 5
ITEMS 100
BINS_SECTIONS
0 60 60 0 85 
1 80 80 0 64 
2 100 100 0 51 
3 120 120 0 43 
4 150 150 0 34 
ITEMS_SECTIONS
0 90 200 0 
1 98 200 0 
2 88 200 0 
3 93 200 0 
4 68 200 0 
5 49 200 0 
6 93 200 0 
7 23 200 0 
8 79 200 0 
9 28 200 0 
10 11 200 0 
11 11 200 0 
12 2 200 0 
13 88 200 0 
14 37 200 0 
15 66 200 0 
16 95 200 0 
17 74 200 0 
18 84 200 0 
19 19 200 0 
20 39 200 0 
21 21 200 0 
22 9 200 0 
23 60 200 0 
24 29 200 0 
25 97 200 0 
26 92 200 0 
27 83 200 0 
28 29 200 0 
29 23 200 0 
30 46 200 0 
31 16 200 0 
32 81 200 0 
33 49 200 0 
34 10 200 0 
35 15 200 0 
36 49 200 0 
37 33 200 0 
38 9 200 0 
39 35 200 0 
40 19 200 0 
41 97 200 0 
42 61 200 0 
43 18 200 0 
44 36 200 0 
45 97 200 0 
46 77 200 0 
47 26 200 0 
48 89 200 0 
49 93 200 0 
50 59 200 0 
51 71 200 0 
52 16 200 0 
53 52 200 0 
54 35 200 0 
55 53 200 0 
56 53 200 0 
57 68 200 0 
58 34 200 0 
59 57 200 0 
60 12 200 0 
61 39 200 0 
62 42 200 0 
63 35 200 0 
64 80 200 0 
65 72 200 0 
66 44 200 0 
67 18 200 0 
68 47 200 0 
69 70 200 0 
70 89 200 0 
71 69 200 0 
72 49 200 0 
73 57 200 0 
74 84 200 0 
75 53 200 0 
76 30 200 0 
77 17 200 0 
78 53 200 0 
79 100 200 0 
80 23 200 0 
81 81 200 0 
82 72 200 0 
83 60 200 0 
84 30 200 0 
85 46 200 0 
86 19 200 0 
87 26 200 0 
88 24 200 0 
89 66 200 0 
90 29 200 0 
91 4 200 0 
92 39 200 0 
93 86 200 0 
94 14 200 0 
95 35 200 0 
96 82 200 0 
97 82 200 0 
98 40 200 0 
99 25 200 0 
