NAME GBP_INSTANCES\prob_2_B_4_1_0.txt
COMMENT
BINTYPES 5
ITEMS 500
BINS_SECTIONS
0 60 60 0 514 
1 80 80 0 386 
2 100 100 0 309 
3 120 120 0 257 
4 150 150 0 206 
ITEMS_SECTIONS
0 83 200 1
1 53 200 1
2 23 200 1
3 64 200 1
4 90 200 1
5 67 200 1
6 71 200 1
7 66 200 1
8 76 200 1
9 24 200 1
10 53 200 1
11 80 200 1
12 59 200 1
13 48 200 1
14 33 200 1
15 25 200 1
16 77 200 1
17 21 200 1
18 63 200 1
19 59 200 1
20 54 200 1
21 41 200 1
22 46 200 1
23 90 200 1
24 83 200 1
25 31 200 1
26 91 200 1
27 90 200 1
28 79 200 1
29 65 200 1
30 52 200 1
31 99 200 1
32 88 200 1
33 34 200 1
34 78 200 1
35 46 200 1
36 35 200 1
37 37 200 1
38 53 200 1
39 37 200 1
40 54 200 1
41 46 200 1
42 94 200 1
43 37 200 1
44 84 200 1
45 73 200 1
46 45 200 1
47 69 200 1
48 39 200 1
49 28 200 1
50 66 200 1
51 22 200 1
52 50 200 1
53 90 200 1
54 21 200 1
55 40 200 1
56 67 200 1
57 66 200 1
58 62 200 1
59 85 200 1
60 90 200 1
61 80 200 1
62 57 200 1
63 56 200 1
64 78 200 1
65 23 200 1
66 85 200 1
67 26 200 1
68 75 200 1
69 24 200 1
70 52 200 1
71 40 200 1
72 99 200 1
73 23 200 1
74 91 200 1
75 96 200 1
76 76 200 1
77 59 200 1
78 29 200 1
79 50 200 1
80 90 200 1
81 75 200 1
82 83 200 1
83 88 200 1
84 44 200 1
85 49 200 1
86 98 200 1
87 60 200 1
88 99 200 1
89 60 200 1
90 37 200 1
91 58 200 1
92 45 200 1
93 59 200 1
94 100 200 1
95 94 200 1
96 86 200 1
97 61 200 1
98 49 200 1
99 25 200 1
100 73 200 1
101 63 200 1
102 28 200 1
103 71 200 1
104 58 200 1
105 81 200 1
106 77 200 1
107 39 200 1
108 22 200 1
109 78 200 1
110 46 200 1
111 76 200 1
112 34 200 1
113 35 200 1
114 79 200 1
115 23 200 1
116 50 200 1
117 89 200 1
118 98 200 1
119 27 200 1
120 78 200 1
121 96 200 1
122 48 200 1
123 55 200 1
124 40 200 1
125 89 200 1
126 62 200 1
127 83 200 1
128 86 200 1
129 96 200 1
130 51 200 1
131 34 200 1
132 29 200 1
133 59 200 1
134 61 200 1
135 51 200 1
136 39 200 1
137 96 200 1
138 85 200 1
139 99 200 1
140 50 200 1
141 71 200 1
142 36 200 1
143 22 200 1
144 90 200 1
145 93 200 1
146 93 200 1
147 40 200 1
148 57 200 1
149 89 200 1
150 37 200 1
151 68 200 1
152 76 200 1
153 81 200 1
154 45 200 1
155 92 200 1
156 71 200 1
157 43 200 1
158 99 200 1
159 61 200 1
160 64 200 1
161 63 200 1
162 92 200 1
163 88 200 1
164 83 200 1
165 23 200 1
166 26 200 1
167 72 200 1
168 84 200 1
169 90 200 1
170 63 200 1
171 74 200 1
172 22 200 1
173 88 200 1
174 54 200 1
175 90 200 1
176 97 200 1
177 95 200 1
178 84 200 1
179 78 200 1
180 32 200 1
181 32 200 1
182 53 200 1
183 78 200 1
184 28 200 1
185 72 200 1
186 56 200 1
187 71 200 1
188 29 200 1
189 65 200 1
190 86 200 1
191 75 200 1
192 28 200 1
193 45 200 1
194 87 200 1
195 33 200 1
196 31 200 1
197 75 200 1
198 80 200 1
199 71 200 1
200 94 200 1
201 74 200 1
202 38 200 1
203 50 200 1
204 98 200 1
205 43 200 1
206 34 200 1
207 88 200 1
208 70 200 1
209 41 200 1
210 88 200 1
211 47 200 1
212 82 200 1
213 93 200 1
214 77 200 1
215 38 200 1
216 42 200 1
217 33 200 1
218 25 200 1
219 22 200 1
220 23 200 1
221 85 200 1
222 97 200 1
223 97 200 1
224 83 200 1
225 34 200 1
226 33 200 1
227 79 200 1
228 47 200 1
229 41 200 1
230 92 200 1
231 74 200 1
232 69 200 1
233 45 200 1
234 32 200 1
235 80 200 1
236 96 200 1
237 41 200 1
238 27 200 1
239 75 200 1
240 42 200 1
241 73 200 1
242 58 200 1
243 61 200 1
244 47 200 1
245 72 200 1
246 80 200 1
247 96 200 1
248 85 200 1
249 75 200 1
250 56 200 1
251 23 200 1
252 60 200 1
253 59 200 1
254 79 200 1
255 30 200 1
256 29 200 1
257 88 200 1
258 80 200 1
259 87 200 1
260 42 200 1
261 94 200 1
262 53 200 1
263 32 200 1
264 22 200 1
265 68 200 1
266 69 200 1
267 27 200 1
268 53 200 1
269 52 200 1
270 41 200 1
271 35 200 1
272 62 200 1
273 84 200 1
274 25 200 1
275 44 200 1
276 68 200 1
277 36 200 1
278 70 200 1
279 89 200 1
280 63 200 1
281 58 200 1
282 89 200 1
283 38 200 1
284 45 200 1
285 52 200 1
286 22 200 1
287 100 200 1
288 85 200 1
289 92 200 1
290 58 200 1
291 42 200 1
292 64 200 1
293 38 200 1
294 68 200 1
295 66 200 1
296 69 200 1
297 36 200 1
298 87 200 1
299 38 200 1
300 61 200 1
301 76 200 1
302 43 200 1
303 39 200 1
304 39 200 1
305 34 200 1
306 96 200 1
307 45 200 1
308 23 200 1
309 81 200 1
310 92 200 1
311 22 200 1
312 56 200 1
313 66 200 1
314 60 200 1
315 79 200 1
316 99 200 1
317 77 200 1
318 29 200 1
319 64 200 1
320 89 200 1
321 79 200 1
322 35 200 1
323 60 200 1
324 60 200 1
325 100 200 1
326 43 200 1
327 65 200 1
328 100 200 1
329 69 200 1
330 21 200 1
331 70 200 1
332 31 200 1
333 57 200 1
334 36 200 1
335 88 200 1
336 57 200 1
337 29 200 1
338 59 200 1
339 85 200 1
340 86 200 1
341 90 200 1
342 70 200 1
343 65 200 1
344 86 200 1
345 95 200 1
346 66 200 1
347 47 200 1
348 82 200 1
349 93 200 1
350 83 200 1
351 85 200 1
352 53 200 1
353 71 200 1
354 74 200 1
355 62 200 1
356 34 200 1
357 58 200 1
358 79 200 1
359 82 200 1
360 23 200 1
361 34 200 1
362 47 200 1
363 46 200 1
364 91 200 1
365 50 200 1
366 62 200 1
367 29 200 1
368 61 200 1
369 84 200 1
370 95 200 1
371 66 200 1
372 91 200 1
373 53 200 1
374 44 200 1
375 77 200 1
376 29 200 1
377 45 200 1
378 39 200 1
379 50 200 1
380 70 200 1
381 88 200 1
382 44 200 1
383 94 200 1
384 91 200 1
385 74 200 1
386 78 200 1
387 97 200 1
388 47 200 1
389 35 200 1
390 75 200 1
391 21 200 1
392 85 200 1
393 26 200 1
394 95 200 1
395 98 200 1
396 27 200 1
397 55 200 1
398 38 200 1
399 36 200 1
400 90 200 1
401 40 200 1
402 67 200 1
403 24 200 1
404 86 200 1
405 68 200 1
406 91 200 1
407 86 200 1
408 100 200 1
409 45 200 1
410 69 200 1
411 81 200 1
412 39 200 1
413 75 200 1
414 50 200 1
415 29 200 1
416 90 200 1
417 86 200 1
418 26 200 1
419 22 200 1
420 57 200 1
421 24 200 1
422 48 200 1
423 33 200 1
424 68 200 1
425 48 200 1
426 94 200 1
427 84 200 1
428 81 200 1
429 21 200 1
430 81 200 1
431 51 200 1
432 41 200 1
433 48 200 1
434 71 200 1
435 37 200 1
436 100 200 1
437 100 200 1
438 88 200 1
439 45 200 1
440 51 200 1
441 52 200 1
442 84 200 1
443 23 200 1
444 99 200 1
445 99 200 1
446 34 200 1
447 76 200 1
448 38 200 1
449 89 200 1
450 56 200 1
451 61 200 1
452 81 200 1
453 43 200 1
454 52 200 1
455 34 200 1
456 94 200 1
457 91 200 1
458 51 200 1
459 70 200 1
460 75 200 1
461 84 200 1
462 24 200 1
463 24 200 1
464 71 200 1
465 84 200 1
466 45 200 1
467 75 200 1
468 57 200 1
469 62 200 1
470 27 200 1
471 75 200 1
472 52 200 1
473 89 200 1
474 89 200 1
475 47 200 1
476 21 200 1
477 67 200 1
478 49 200 1
479 29 200 1
480 97 200 1
481 53 200 1
482 61 200 1
483 87 200 1
484 32 200 1
485 59 200 1
486 98 200 1
487 30 200 1
488 61 200 1
489 50 200 1
490 49 200 1
491 90 200 1
492 46 200 1
493 87 200 1
494 59 200 1
495 72 200 1
496 31 200 1
497 32 200 1
498 80 200 1
499 73 200 1
