NAME GBP_INSTANCES\prob_3_A_2_8_0.txt
COMMENT
BINTYPES 3
ITEMS 100
BINS_SECTIONS
0 100 100 0 76 
1 120 120 0 63 
2 150 150 0 51 
ITEMS_SECTIONS
0 84 200 0 
1 53 200 0 
2 74 200 0 
3 91 200 0 
4 95 200 0 
5 53 200 0 
6 79 200 0 
7 93 200 0 
8 85 200 0 
9 77 200 0 
10 56 200 0 
11 69 200 0 
12 55 200 0 
13 53 200 0 
14 55 200 0 
15 98 200 0 
16 74 200 0 
17 72 200 0 
18 84 200 0 
19 76 200 0 
20 69 200 0 
21 90 200 0 
22 67 200 0 
23 51 200 0 
24 70 200 0 
25 78 200 0 
26 90 200 0 
27 100 200 0 
28 83 200 0 
29 58 200 0 
30 100 200 0 
31 68 200 0 
32 76 200 0 
33 69 200 0 
34 82 200 0 
35 60 200 0 
36 66 200 0 
37 57 200 0 
38 99 200 0 
39 64 200 0 
40 97 200 0 
41 72 200 0 
42 96 200 0 
43 68 200 0 
44 89 200 0 
45 84 200 0 
46 69 200 0 
47 80 200 0 
48 95 200 0 
49 88 200 0 
50 97 200 0 
51 53 200 0 
52 58 200 0 
53 52 200 0 
54 75 200 0 
55 63 200 0 
56 92 200 0 
57 100 200 0 
58 72 200 0 
59 60 200 0 
60 87 200 0 
61 69 200 0 
62 77 200 0 
63 77 200 0 
64 62 200 0 
65 85 200 0 
66 69 200 0 
67 69 200 0 
68 63 200 0 
69 94 200 0 
70 71 200 0 
71 78 200 0 
72 76 200 0 
73 52 200 0 
74 76 200 0 
75 77 200 0 
76 60 200 0 
77 54 200 0 
78 60 200 0 
79 57 200 0 
80 77 200 0 
81 100 200 0 
82 99 200 0 
83 52 200 0 
84 92 200 0 
85 88 200 0 
86 82 200 0 
87 57 200 0 
88 62 200 0 
89 86 200 0 
90 75 200 0 
91 57 200 0 
92 59 200 0 
93 52 200 0 
94 70 200 0 
95 99 200 0 
96 100 200 0 
97 74 200 0 
98 90 200 0 
99 88 200 0 
