NAME GBP_INSTANCES\prob_2_B_3_0_0.txt
COMMENT
BINTYPES 5
ITEMS 200
BINS_SECTIONS
0 60 60 0 197 
1 80 80 0 148 
2 100 100 0 118 
3 120 120 0 99 
4 150 150 0 79 
ITEMS_SECTIONS
0 42 200 1
1 66 200 1
2 85 200 1
3 75 200 1
4 56 200 1
5 50 200 1
6 61 200 1
7 82 200 1
8 37 200 1
9 38 200 1
10 81 200 1
11 73 200 1
12 77 200 1
13 33 200 1
14 52 200 1
15 38 200 1
16 41 200 1
17 44 200 1
18 91 200 1
19 98 200 1
20 79 200 1
21 58 200 1
22 42 200 1
23 35 200 1
24 63 200 1
25 44 200 1
26 90 200 1
27 83 200 1
28 55 200 1
29 30 200 1
30 78 200 1
31 96 200 1
32 87 200 1
33 59 200 1
34 40 200 1
35 34 200 1
36 95 200 1
37 78 200 1
38 30 200 1
39 75 200 1
40 44 200 1
41 38 200 1
42 79 200 1
43 30 200 1
44 33 200 1
45 29 200 1
46 50 200 1
47 31 200 1
48 29 200 1
49 73 200 1
50 53 200 1
51 98 200 1
52 56 200 1
53 46 200 1
54 67 200 1
55 77 200 1
56 94 200 1
57 85 200 1
58 88 200 1
59 33 200 1
60 97 200 1
61 86 200 1
62 70 200 1
63 22 200 1
64 44 200 1
65 23 200 1
66 28 200 1
67 58 200 1
68 21 200 1
69 27 200 1
70 57 200 1
71 76 200 1
72 91 200 1
73 85 200 1
74 57 200 1
75 60 200 1
76 36 200 1
77 77 200 1
78 58 200 1
79 68 200 1
80 69 200 1
81 96 200 1
82 41 200 1
83 70 200 1
84 63 200 1
85 76 200 1
86 71 200 1
87 59 200 1
88 67 200 1
89 36 200 1
90 51 200 1
91 41 200 1
92 47 200 1
93 46 200 1
94 57 200 1
95 96 200 1
96 28 200 1
97 33 200 1
98 86 200 1
99 64 200 1
100 23 200 1
101 35 200 1
102 21 200 1
103 80 200 1
104 38 200 1
105 70 200 1
106 93 200 1
107 53 200 1
108 90 200 1
109 79 200 1
110 66 200 1
111 68 200 1
112 64 200 1
113 43 200 1
114 71 200 1
115 96 200 1
116 57 200 1
117 37 200 1
118 50 200 1
119 41 200 1
120 71 200 1
121 81 200 1
122 74 200 1
123 39 200 1
124 36 200 1
125 88 200 1
126 27 200 1
127 99 200 1
128 50 200 1
129 30 200 1
130 48 200 1
131 58 200 1
132 67 200 1
133 63 200 1
134 40 200 1
135 52 200 1
136 39 200 1
137 74 200 1
138 61 200 1
139 67 200 1
140 56 200 1
141 86 200 1
142 59 200 1
143 77 200 1
144 55 200 1
145 28 200 1
146 38 200 1
147 27 200 1
148 93 200 1
149 46 200 1
150 81 200 1
151 51 200 1
152 90 200 1
153 34 200 1
154 49 200 1
155 50 200 1
156 53 200 1
157 55 200 1
158 45 200 1
159 22 200 1
160 100 200 1
161 66 200 1
162 27 200 1
163 54 200 1
164 58 200 1
165 63 200 1
166 67 200 1
167 83 200 1
168 71 200 1
169 41 200 1
170 31 200 1
171 87 200 1
172 52 200 1
173 56 200 1
174 22 200 1
175 29 200 1
176 61 200 1
177 37 200 1
178 31 200 1
179 38 200 1
180 84 200 1
181 47 200 1
182 78 200 1
183 84 200 1
184 86 200 1
185 55 200 1
186 67 200 1
187 22 200 1
188 27 200 1
189 99 200 1
190 93 200 1
191 62 200 1
192 65 200 1
193 56 200 1
194 92 200 1
195 73 200 1
196 77 200 1
197 53 200 1
198 55 200 1
199 74 200 1
