NAME GBP_INSTANCES\prob_2_B_3_5_0.txt
COMMENT
BINTYPES 5
ITEMS 200
BINS_SECTIONS
0 60 60 0 201 
1 80 80 0 151 
2 100 100 0 121 
3 120 120 0 101 
4 150 150 0 81 
ITEMS_SECTIONS
0 41 200 0 
1 78 200 0 
2 21 200 0 
3 37 200 0 
4 85 200 0 
5 62 200 0 
6 22 200 0 
7 70 200 0 
8 86 200 0 
9 62 200 0 
10 35 200 0 
11 25 200 0 
12 63 200 0 
13 60 200 0 
14 29 200 0 
15 43 200 0 
16 35 200 0 
17 93 200 0 
18 92 200 0 
19 90 200 0 
20 87 200 0 
21 77 200 0 
22 32 200 0 
23 74 200 0 
24 93 200 0 
25 73 200 0 
26 68 200 0 
27 97 200 0 
28 93 200 0 
29 36 200 0 
30 25 200 0 
31 36 200 0 
32 76 200 0 
33 30 200 0 
34 45 200 0 
35 37 200 0 
36 86 200 0 
37 98 200 0 
38 95 200 0 
39 76 200 0 
40 62 200 0 
41 53 200 0 
42 48 200 0 
43 90 200 0 
44 63 200 0 
45 55 200 0 
46 40 200 0 
47 22 200 0 
48 71 200 0 
49 93 200 0 
50 89 200 0 
51 96 200 0 
52 89 200 0 
53 25 200 0 
54 85 200 0 
55 22 200 0 
56 53 200 0 
57 47 200 0 
58 50 200 0 
59 83 200 0 
60 39 200 0 
61 70 200 0 
62 79 200 0 
63 91 200 0 
64 30 200 0 
65 97 200 0 
66 26 200 0 
67 34 200 0 
68 58 200 0 
69 74 200 0 
70 32 200 0 
71 92 200 0 
72 64 200 0 
73 48 200 0 
74 23 200 0 
75 80 200 0 
76 42 200 0 
77 51 200 0 
78 93 200 0 
79 65 200 0 
80 58 200 0 
81 57 200 0 
82 47 200 0 
83 80 200 0 
84 72 200 0 
85 91 200 0 
86 28 200 0 
87 99 200 0 
88 24 200 0 
89 24 200 0 
90 98 200 0 
91 40 200 0 
92 41 200 0 
93 89 200 0 
94 55 200 0 
95 89 200 0 
96 24 200 0 
97 62 200 0 
98 81 200 0 
99 72 200 0 
100 67 200 0 
101 63 200 0 
102 63 200 0 
103 70 200 0 
104 98 200 0 
105 31 200 0 
106 99 200 0 
107 68 200 0 
108 100 200 0 
109 31 200 0 
110 27 200 0 
111 23 200 0 
112 28 200 0 
113 62 200 0 
114 23 200 0 
115 48 200 0 
116 72 200 0 
117 65 200 0 
118 90 200 0 
119 41 200 0 
120 42 200 0 
121 79 200 0 
122 90 200 0 
123 46 200 0 
124 49 200 0 
125 67 200 0 
126 73 200 0 
127 28 200 0 
128 76 200 0 
129 58 200 0 
130 48 200 0 
131 39 200 0 
132 37 200 0 
133 50 200 0 
134 98 200 0 
135 87 200 0 
136 67 200 0 
137 88 200 0 
138 51 200 0 
139 58 200 0 
140 34 200 0 
141 43 200 0 
142 82 200 0 
143 39 200 0 
144 67 200 0 
145 54 200 0 
146 34 200 0 
147 94 200 0 
148 61 200 0 
149 41 200 0 
150 99 200 0 
151 30 200 0 
152 37 200 0 
153 74 200 0 
154 22 200 0 
155 27 200 0 
156 28 200 0 
157 48 200 0 
158 89 200 0 
159 32 200 0 
160 24 200 0 
161 84 200 0 
162 40 200 0 
163 74 200 0 
164 68 200 0 
165 83 200 0 
166 43 200 0 
167 30 200 0 
168 92 200 0 
169 97 200 0 
170 94 200 0 
171 59 200 0 
172 60 200 0 
173 46 200 0 
174 94 200 0 
175 59 200 0 
176 81 200 0 
177 85 200 0 
178 52 200 0 
179 79 200 0 
180 28 200 0 
181 25 200 0 
182 41 200 0 
183 55 200 0 
184 80 200 0 
185 57 200 0 
186 84 200 0 
187 77 200 0 
188 44 200 0 
189 63 200 0 
190 59 200 0 
191 33 200 0 
192 80 200 0 
193 86 200 0 
194 51 200 0 
195 82 200 0 
196 38 200 0 
197 40 200 0 
198 41 200 0 
199 72 200 0 
