NAME GBP_INSTANCES\prob_3_B_2_9_0.txt
COMMENT
BINTYPES 5
ITEMS 100
BINS_SECTIONS
0 60 60 0 131 
1 80 80 0 98 
2 100 100 0 79 
3 120 120 0 66 
4 150 150 0 53 
ITEMS_SECTIONS
0 73 200 0 
1 89 200 0 
2 71 200 0 
3 55 200 0 
4 63 200 0 
5 87 200 0 
6 92 200 0 
7 79 200 0 
8 98 200 0 
9 86 200 0 
10 74 200 0 
11 52 200 0 
12 51 200 0 
13 89 200 0 
14 93 200 0 
15 64 200 0 
16 88 200 0 
17 89 200 0 
18 99 200 0 
19 98 200 0 
20 86 200 0 
21 94 200 0 
22 57 200 0 
23 58 200 0 
24 79 200 0 
25 90 200 0 
26 99 200 0 
27 95 200 0 
28 54 200 0 
29 59 200 0 
30 96 200 0 
31 91 200 0 
32 72 200 0 
33 97 200 0 
34 69 200 0 
35 79 200 0 
36 84 200 0 
37 96 200 0 
38 87 200 0 
39 93 200 0 
40 73 200 0 
41 83 200 0 
42 74 200 0 
43 55 200 0 
44 85 200 0 
45 81 200 0 
46 74 200 0 
47 62 200 0 
48 83 200 0 
49 98 200 0 
50 59 200 0 
51 51 200 0 
52 85 200 0 
53 79 200 0 
54 51 200 0 
55 99 200 0 
56 78 200 0 
57 59 200 0 
58 66 200 0 
59 85 200 0 
60 56 200 0 
61 87 200 0 
62 98 200 0 
63 66 200 0 
64 85 200 0 
65 51 200 0 
66 87 200 0 
67 57 200 0 
68 87 200 0 
69 97 200 0 
70 57 200 0 
71 58 200 0 
72 99 200 0 
73 99 200 0 
74 58 200 0 
75 59 200 0 
76 99 200 0 
77 82 200 0 
78 51 200 0 
79 94 200 0 
80 97 200 0 
81 62 200 0 
82 59 200 0 
83 97 200 0 
84 51 200 0 
85 92 200 0 
86 98 200 0 
87 85 200 0 
88 90 200 0 
89 88 200 0 
90 90 200 0 
91 92 200 0 
92 51 200 0 
93 73 200 0 
94 71 200 0 
95 58 200 0 
96 81 200 0 
97 99 200 0 
98 60 200 0 
99 94 200 0 
