NAME GBP_INSTANCES\prob_1_A_4_8_0.txt
COMMENT
BINTYPES 3
ITEMS 500
BINS_SECTIONS
0 100 100 0 261 
1 120 120 0 218 
2 150 150 0 174 
ITEMS_SECTIONS
0 51 200 1
1 93 200 1
2 4 200 1
3 9 200 1
4 10 200 1
5 41 200 1
6 27 200 1
7 49 200 1
8 54 200 1
9 23 200 1
10 33 200 1
11 61 200 1
12 91 200 1
13 3 200 1
14 90 200 1
15 14 200 1
16 51 200 1
17 90 200 1
18 47 200 1
19 80 200 1
20 28 200 1
21 82 200 1
22 43 200 1
23 99 200 1
24 30 200 1
25 84 200 1
26 13 200 1
27 96 200 1
28 72 200 1
29 24 200 1
30 83 200 1
31 57 200 1
32 11 200 1
33 100 200 1
34 49 200 1
35 82 200 1
36 71 200 1
37 9 200 1
38 35 200 1
39 16 200 1
40 66 200 1
41 61 200 1
42 38 200 1
43 70 200 1
44 38 200 1
45 49 200 1
46 47 200 1
47 34 200 1
48 44 200 1
49 80 200 1
50 29 200 1
51 14 200 1
52 10 200 1
53 15 200 1
54 93 200 1
55 67 200 1
56 64 200 1
57 56 200 1
58 19 200 1
59 82 200 1
60 93 200 1
61 100 200 1
62 48 200 1
63 84 200 1
64 14 200 1
65 13 200 1
66 34 200 1
67 91 200 1
68 6 200 1
69 32 200 1
70 58 200 1
71 21 200 1
72 20 200 1
73 68 200 1
74 86 200 1
75 71 200 1
76 84 200 1
77 5 200 1
78 96 200 1
79 64 200 1
80 19 200 1
81 49 200 1
82 29 200 1
83 81 200 1
84 7 200 1
85 66 200 1
86 9 200 1
87 82 200 1
88 9 200 1
89 33 200 1
90 86 200 1
91 45 200 1
92 82 200 1
93 32 200 1
94 39 200 1
95 86 200 1
96 86 200 1
97 42 200 1
98 84 200 1
99 41 200 1
100 35 200 1
101 39 200 1
102 52 200 1
103 32 200 1
104 77 200 1
105 58 200 1
106 60 200 1
107 18 200 1
108 76 200 1
109 37 200 1
110 39 200 1
111 57 200 1
112 52 200 1
113 87 200 1
114 61 200 1
115 54 200 1
116 67 200 1
117 20 200 1
118 8 200 1
119 59 200 1
120 27 200 1
121 59 200 1
122 35 200 1
123 52 200 1
124 59 200 1
125 90 200 1
126 68 200 1
127 10 200 1
128 54 200 1
129 59 200 1
130 99 200 1
131 70 200 1
132 31 200 1
133 67 200 1
134 97 200 1
135 3 200 1
136 2 200 1
137 3 200 1
138 12 200 1
139 93 200 1
140 11 200 1
141 23 200 1
142 95 200 1
143 48 200 1
144 17 200 1
145 47 200 1
146 9 200 1
147 40 200 1
148 84 200 1
149 66 200 1
150 31 200 1
151 90 200 1
152 78 200 1
153 38 200 1
154 52 200 1
155 8 200 1
156 92 200 1
157 58 200 1
158 69 200 1
159 80 200 1
160 38 200 1
161 94 200 1
162 50 200 1
163 54 200 1
164 12 200 1
165 64 200 1
166 94 200 1
167 71 200 1
168 50 200 1
169 36 200 1
170 67 200 1
171 19 200 1
172 29 200 1
173 51 200 1
174 11 200 1
175 58 200 1
176 81 200 1
177 37 200 1
178 28 200 1
179 79 200 1
180 100 200 1
181 10 200 1
182 39 200 1
183 57 200 1
184 18 200 1
185 30 200 1
186 2 200 1
187 48 200 1
188 98 200 1
189 27 200 1
190 97 200 1
191 14 200 1
192 56 200 1
193 38 200 1
194 77 200 1
195 99 200 1
196 41 200 1
197 87 200 1
198 67 200 1
199 58 200 1
200 77 200 1
201 49 200 1
202 25 200 1
203 48 200 1
204 20 200 1
205 17 200 1
206 52 200 1
207 94 200 1
208 13 200 1
209 28 200 1
210 47 200 1
211 48 200 1
212 4 200 1
213 60 200 1
214 18 200 1
215 23 200 1
216 2 200 1
217 59 200 1
218 16 200 1
219 44 200 1
220 39 200 1
221 97 200 1
222 29 200 1
223 7 200 1
224 24 200 1
225 39 200 1
226 94 200 1
227 50 200 1
228 31 200 1
229 2 200 1
230 60 200 1
231 71 200 1
232 35 200 1
233 94 200 1
234 54 200 1
235 70 200 1
236 19 200 1
237 27 200 1
238 6 200 1
239 46 200 1
240 75 200 1
241 47 200 1
242 67 200 1
243 56 200 1
244 27 200 1
245 38 200 1
246 72 200 1
247 36 200 1
248 76 200 1
249 5 200 1
250 2 200 1
251 4 200 1
252 23 200 1
253 80 200 1
254 63 200 1
255 41 200 1
256 52 200 1
257 5 200 1
258 89 200 1
259 82 200 1
260 41 200 1
261 82 200 1
262 39 200 1
263 100 200 1
264 71 200 1
265 82 200 1
266 95 200 1
267 9 200 1
268 8 200 1
269 94 200 1
270 81 200 1
271 86 200 1
272 28 200 1
273 83 200 1
274 58 200 1
275 48 200 1
276 54 200 1
277 73 200 1
278 31 200 1
279 31 200 1
280 92 200 1
281 9 200 1
282 34 200 1
283 66 200 1
284 7 200 1
285 96 200 1
286 21 200 1
287 84 200 1
288 50 200 1
289 5 200 1
290 20 200 1
291 9 200 1
292 74 200 1
293 14 200 1
294 94 200 1
295 21 200 1
296 33 200 1
297 83 200 1
298 63 200 1
299 20 200 1
300 19 200 1
301 46 200 1
302 12 200 1
303 76 200 1
304 29 200 1
305 84 200 1
306 65 200 1
307 100 200 1
308 14 200 1
309 7 200 1
310 42 200 1
311 23 200 1
312 91 200 1
313 70 200 1
314 64 200 1
315 6 200 1
316 93 200 1
317 73 200 1
318 43 200 1
319 86 200 1
320 24 200 1
321 65 200 1
322 14 200 1
323 73 200 1
324 84 200 1
325 90 200 1
326 35 200 1
327 91 200 1
328 61 200 1
329 27 200 1
330 42 200 1
331 96 200 1
332 25 200 1
333 14 200 1
334 50 200 1
335 56 200 1
336 32 200 1
337 56 200 1
338 3 200 1
339 29 200 1
340 80 200 1
341 84 200 1
342 77 200 1
343 16 200 1
344 16 200 1
345 48 200 1
346 12 200 1
347 33 200 1
348 33 200 1
349 50 200 1
350 96 200 1
351 83 200 1
352 75 200 1
353 72 200 1
354 73 200 1
355 58 200 1
356 69 200 1
357 17 200 1
358 94 200 1
359 57 200 1
360 95 200 1
361 2 200 1
362 88 200 1
363 64 200 1
364 52 200 1
365 43 200 1
366 70 200 1
367 56 200 1
368 88 200 1
369 67 200 1
370 59 200 1
371 79 200 1
372 77 200 1
373 66 200 1
374 30 200 1
375 92 200 1
376 2 200 1
377 62 200 1
378 71 200 1
379 89 200 1
380 21 200 1
381 74 200 1
382 66 200 1
383 93 200 1
384 5 200 1
385 73 200 1
386 72 200 1
387 76 200 1
388 76 200 1
389 4 200 1
390 27 200 1
391 46 200 1
392 73 200 1
393 55 200 1
394 33 200 1
395 85 200 1
396 69 200 1
397 84 200 1
398 72 200 1
399 85 200 1
400 46 200 1
401 41 200 1
402 93 200 1
403 33 200 1
404 73 200 1
405 20 200 1
406 17 200 1
407 27 200 1
408 84 200 1
409 89 200 1
410 7 200 1
411 53 200 1
412 3 200 1
413 5 200 1
414 60 200 1
415 23 200 1
416 8 200 1
417 72 200 1
418 56 200 1
419 76 200 1
420 96 200 1
421 73 200 1
422 8 200 1
423 69 200 1
424 26 200 1
425 96 200 1
426 74 200 1
427 53 200 1
428 92 200 1
429 100 200 1
430 72 200 1
431 42 200 1
432 49 200 1
433 63 200 1
434 38 200 1
435 8 200 1
436 84 200 1
437 22 200 1
438 72 200 1
439 71 200 1
440 94 200 1
441 68 200 1
442 54 200 1
443 38 200 1
444 66 200 1
445 7 200 1
446 9 200 1
447 58 200 1
448 77 200 1
449 35 200 1
450 42 200 1
451 43 200 1
452 70 200 1
453 59 200 1
454 36 200 1
455 26 200 1
456 83 200 1
457 92 200 1
458 86 200 1
459 96 200 1
460 87 200 1
461 63 200 1
462 14 200 1
463 6 200 1
464 39 200 1
465 78 200 1
466 93 200 1
467 52 200 1
468 74 200 1
469 57 200 1
470 58 200 1
471 65 200 1
472 62 200 1
473 93 200 1
474 24 200 1
475 88 200 1
476 50 200 1
477 56 200 1
478 64 200 1
479 72 200 1
480 4 200 1
481 85 200 1
482 19 200 1
483 93 200 1
484 84 200 1
485 100 200 1
486 30 200 1
487 95 200 1
488 73 200 1
489 69 200 1
490 14 200 1
491 81 200 1
492 64 200 1
493 53 200 1
494 58 200 1
495 41 200 1
496 54 200 1
497 90 200 1
498 37 200 1
499 52 200 1
