NAME GBP_INSTANCES\prob_2_A_1_0_0.txt
COMMENT
BINTYPES 3
ITEMS 50
BINS_SECTIONS
0 100 100 0 31 
1 120 120 0 26 
2 150 150 0 21 
ITEMS_SECTIONS
0 74 200 1
1 34 200 1
2 95 200 1
3 51 200 1
4 80 200 1
5 58 200 1
6 77 200 1
7 70 200 1
8 84 200 1
9 64 200 1
10 63 200 1
11 23 200 1
12 79 200 1
13 47 200 1
14 94 200 1
15 52 200 1
16 69 200 1
17 34 200 1
18 68 200 1
19 86 200 1
20 26 200 1
21 62 200 1
22 46 200 1
23 69 200 1
24 70 200 1
25 91 200 1
26 51 200 1
27 35 200 1
28 37 200 1
29 23 200 1
30 95 200 1
31 82 200 1
32 37 200 1
33 21 200 1
34 96 200 1
35 53 200 1
36 22 200 1
37 28 200 1
38 27 200 1
39 98 200 1
40 70 200 1
41 50 200 1
42 98 200 1
43 64 200 1
44 34 200 1
45 85 200 1
46 45 200 1
47 29 200 1
48 91 200 1
49 73 200 1
