NAME GBP_INSTANCES\prob_3_A_2_4_0.txt
COMMENT
BINTYPES 3
ITEMS 100
BINS_SECTIONS
0 100 100 0 78 
1 120 120 0 65 
2 150 150 0 52 
ITEMS_SECTIONS
0 91 200 0 
1 77 200 0 
2 80 200 0 
3 63 200 0 
4 96 200 0 
5 54 200 0 
6 52 200 0 
7 51 200 0 
8 85 200 0 
9 81 200 0 
10 66 200 0 
11 85 200 0 
12 81 200 0 
13 61 200 0 
14 70 200 0 
15 56 200 0 
16 64 200 0 
17 96 200 0 
18 66 200 0 
19 87 200 0 
20 84 200 0 
21 81 200 0 
22 73 200 0 
23 86 200 0 
24 84 200 0 
25 67 200 0 
26 98 200 0 
27 59 200 0 
28 98 200 0 
29 98 200 0 
30 94 200 0 
31 88 200 0 
32 79 200 0 
33 55 200 0 
34 83 200 0 
35 75 200 0 
36 78 200 0 
37 59 200 0 
38 61 200 0 
39 52 200 0 
40 78 200 0 
41 63 200 0 
42 63 200 0 
43 75 200 0 
44 92 200 0 
45 87 200 0 
46 60 200 0 
47 90 200 0 
48 87 200 0 
49 79 200 0 
50 60 200 0 
51 97 200 0 
52 59 200 0 
53 53 200 0 
54 93 200 0 
55 88 200 0 
56 91 200 0 
57 86 200 0 
58 87 200 0 
59 94 200 0 
60 89 200 0 
61 75 200 0 
62 86 200 0 
63 74 200 0 
64 72 200 0 
65 92 200 0 
66 95 200 0 
67 60 200 0 
68 61 200 0 
69 81 200 0 
70 78 200 0 
71 60 200 0 
72 51 200 0 
73 82 200 0 
74 66 200 0 
75 77 200 0 
76 94 200 0 
77 93 200 0 
78 69 200 0 
79 93 200 0 
80 91 200 0 
81 82 200 0 
82 51 200 0 
83 81 200 0 
84 68 200 0 
85 78 200 0 
86 99 200 0 
87 85 200 0 
88 82 200 0 
89 97 200 0 
90 53 200 0 
91 98 200 0 
92 82 200 0 
93 73 200 0 
94 79 200 0 
95 57 200 0 
96 72 200 0 
97 68 200 0 
98 100 200 0 
99 99 200 0 
