NAME GBP_INSTANCES\prob_2_B_1_8_0.txt
COMMENT
BINTYPES 5
ITEMS 50
BINS_SECTIONS
0 60 60 0 49 
1 80 80 0 37 
2 100 100 0 29 
3 120 120 0 25 
4 150 150 0 20 
ITEMS_SECTIONS
0 48 200 1
1 83 200 1
2 40 200 1
3 66 200 1
4 99 200 1
5 97 200 1
6 51 200 1
7 29 200 1
8 39 200 1
9 73 200 1
10 64 200 1
11 81 200 1
12 92 200 1
13 59 200 1
14 39 200 1
15 29 200 1
16 26 200 1
17 36 200 1
18 59 200 1
19 60 200 1
20 23 200 1
21 39 200 1
22 64 200 1
23 55 200 1
24 63 200 1
25 68 200 1
26 95 200 1
27 74 200 1
28 49 200 1
29 24 200 1
30 50 200 1
31 29 200 1
32 36 200 1
33 86 200 1
34 53 200 1
35 89 200 1
36 73 200 1
37 100 200 1
38 58 200 1
39 23 200 1
40 65 200 1
41 50 200 1
42 24 200 1
43 43 200 1
44 49 200 1
45 48 200 1
46 75 200 1
47 73 200 1
48 81 200 1
49 53 200 1
