NAME GBP_INSTANCES\prob_3_B_1_2_0.txt
COMMENT
BINTYPES 5
ITEMS 50
BINS_SECTIONS
0 60 60 0 61 
1 80 80 0 46 
2 100 100 0 37 
3 120 120 0 31 
4 150 150 0 25 
ITEMS_SECTIONS
0 64 200 0 
1 82 200 0 
2 80 200 0 
3 61 200 0 
4 68 200 0 
5 98 200 0 
6 53 200 0 
7 84 200 0 
8 62 200 0 
9 51 200 0 
10 97 200 0 
11 53 200 0 
12 72 200 0 
13 66 200 0 
14 98 200 0 
15 74 200 0 
16 76 200 0 
17 84 200 0 
18 54 200 0 
19 57 200 0 
20 74 200 0 
21 90 200 0 
22 58 200 0 
23 56 200 0 
24 55 200 0 
25 55 200 0 
26 87 200 0 
27 87 200 0 
28 64 200 0 
29 60 200 0 
30 58 200 0 
31 53 200 0 
32 61 200 0 
33 94 200 0 
34 59 200 0 
35 75 200 0 
36 71 200 0 
37 98 200 0 
38 79 200 0 
39 71 200 0 
40 81 200 0 
41 84 200 0 
42 73 200 0 
43 77 200 0 
44 68 200 0 
45 69 200 0 
46 100 200 0 
47 93 200 0 
48 77 200 0 
49 84 200 0 
