NAME GBP_INSTANCES\prob_2_B_3_6_0.txt
COMMENT
BINTYPES 5
ITEMS 200
BINS_SECTIONS
0 60 60 0 198 
1 80 80 0 148 
2 100 100 0 119 
3 120 120 0 99 
4 150 150 0 79 
ITEMS_SECTIONS
0 29 200 0 
1 40 200 0 
2 78 200 0 
3 88 200 0 
4 90 200 0 
5 62 200 0 
6 55 200 0 
7 80 200 0 
8 32 200 0 
9 76 200 0 
10 87 200 0 
11 33 200 0 
12 61 200 0 
13 87 200 0 
14 57 200 0 
15 74 200 0 
16 57 200 0 
17 28 200 0 
18 27 200 0 
19 55 200 0 
20 96 200 0 
21 50 200 0 
22 93 200 0 
23 89 200 0 
24 35 200 0 
25 38 200 0 
26 28 200 0 
27 55 200 0 
28 84 200 0 
29 26 200 0 
30 75 200 0 
31 35 200 0 
32 36 200 0 
33 89 200 0 
34 53 200 0 
35 89 200 0 
36 55 200 0 
37 25 200 0 
38 35 200 0 
39 64 200 0 
40 100 200 0 
41 55 200 0 
42 28 200 0 
43 71 200 0 
44 24 200 0 
45 46 200 0 
46 48 200 0 
47 93 200 0 
48 72 200 0 
49 90 200 0 
50 39 200 0 
51 72 200 0 
52 46 200 0 
53 93 200 0 
54 62 200 0 
55 68 200 0 
56 60 200 0 
57 22 200 0 
58 38 200 0 
59 75 200 0 
60 39 200 0 
61 55 200 0 
62 43 200 0 
63 27 200 0 
64 85 200 0 
65 43 200 0 
66 23 200 0 
67 94 200 0 
68 63 200 0 
69 93 200 0 
70 25 200 0 
71 21 200 0 
72 42 200 0 
73 76 200 0 
74 39 200 0 
75 79 200 0 
76 38 200 0 
77 29 200 0 
78 72 200 0 
79 82 200 0 
80 47 200 0 
81 56 200 0 
82 23 200 0 
83 82 200 0 
84 88 200 0 
85 28 200 0 
86 73 200 0 
87 44 200 0 
88 59 200 0 
89 67 200 0 
90 27 200 0 
91 68 200 0 
92 73 200 0 
93 45 200 0 
94 82 200 0 
95 44 200 0 
96 47 200 0 
97 46 200 0 
98 32 200 0 
99 64 200 0 
100 79 200 0 
101 94 200 0 
102 89 200 0 
103 91 200 0 
104 74 200 0 
105 64 200 0 
106 85 200 0 
107 26 200 0 
108 85 200 0 
109 69 200 0 
110 24 200 0 
111 64 200 0 
112 43 200 0 
113 85 200 0 
114 83 200 0 
115 48 200 0 
116 38 200 0 
117 74 200 0 
118 71 200 0 
119 59 200 0 
120 77 200 0 
121 70 200 0 
122 54 200 0 
123 50 200 0 
124 57 200 0 
125 65 200 0 
126 85 200 0 
127 51 200 0 
128 90 200 0 
129 33 200 0 
130 83 200 0 
131 46 200 0 
132 85 200 0 
133 82 200 0 
134 50 200 0 
135 58 200 0 
136 68 200 0 
137 48 200 0 
138 84 200 0 
139 53 200 0 
140 81 200 0 
141 27 200 0 
142 36 200 0 
143 23 200 0 
144 95 200 0 
145 45 200 0 
146 39 200 0 
147 23 200 0 
148 46 200 0 
149 39 200 0 
150 76 200 0 
151 41 200 0 
152 54 200 0 
153 34 200 0 
154 60 200 0 
155 43 200 0 
156 34 200 0 
157 89 200 0 
158 24 200 0 
159 57 200 0 
160 40 200 0 
161 44 200 0 
162 52 200 0 
163 93 200 0 
164 82 200 0 
165 99 200 0 
166 49 200 0 
167 75 200 0 
168 34 200 0 
169 86 200 0 
170 76 200 0 
171 66 200 0 
172 41 200 0 
173 73 200 0 
174 79 200 0 
175 77 200 0 
176 58 200 0 
177 70 200 0 
178 67 200 0 
179 63 200 0 
180 42 200 0 
181 39 200 0 
182 29 200 0 
183 49 200 0 
184 70 200 0 
185 72 200 0 
186 22 200 0 
187 78 200 0 
188 69 200 0 
189 81 200 0 
190 27 200 0 
191 43 200 0 
192 99 200 0 
193 69 200 0 
194 97 200 0 
195 28 200 0 
196 88 200 0 
197 94 200 0 
198 65 200 0 
199 24 200 0 
