NAME GBP_INSTANCES\prob_1_B_3_2_0.txt
COMMENT
BINTYPES 5
ITEMS 200
BINS_SECTIONS
0 60 60 0 169 
1 80 80 0 127 
2 100 100 0 102 
3 120 120 0 85 
4 150 150 0 68 
ITEMS_SECTIONS
0 7 200 1
1 47 200 1
2 83 200 1
3 60 200 1
4 26 200 1
5 20 200 1
6 21 200 1
7 85 200 1
8 28 200 1
9 89 200 1
10 34 200 1
11 14 200 1
12 21 200 1
13 39 200 1
14 53 200 1
15 66 200 1
16 30 200 1
17 74 200 1
18 27 200 1
19 68 200 1
20 66 200 1
21 42 200 1
22 21 200 1
23 90 200 1
24 37 200 1
25 59 200 1
26 57 200 1
27 71 200 1
28 82 200 1
29 3 200 1
30 31 200 1
31 98 200 1
32 45 200 1
33 32 200 1
34 16 200 1
35 43 200 1
36 51 200 1
37 78 200 1
38 89 200 1
39 23 200 1
40 23 200 1
41 94 200 1
42 89 200 1
43 77 200 1
44 2 200 1
45 96 200 1
46 42 200 1
47 56 200 1
48 86 200 1
49 68 200 1
50 51 200 1
51 73 200 1
52 85 200 1
53 91 200 1
54 14 200 1
55 54 200 1
56 71 200 1
57 50 200 1
58 39 200 1
59 11 200 1
60 41 200 1
61 76 200 1
62 29 200 1
63 79 200 1
64 84 200 1
65 98 200 1
66 20 200 1
67 60 200 1
68 39 200 1
69 44 200 1
70 19 200 1
71 79 200 1
72 53 200 1
73 63 200 1
74 44 200 1
75 32 200 1
76 25 200 1
77 21 200 1
78 16 200 1
79 6 200 1
80 50 200 1
81 44 200 1
82 83 200 1
83 60 200 1
84 37 200 1
85 40 200 1
86 46 200 1
87 61 200 1
88 18 200 1
89 95 200 1
90 61 200 1
91 27 200 1
92 26 200 1
93 68 200 1
94 90 200 1
95 2 200 1
96 67 200 1
97 67 200 1
98 66 200 1
99 21 200 1
100 47 200 1
101 59 200 1
102 50 200 1
103 58 200 1
104 78 200 1
105 73 200 1
106 54 200 1
107 39 200 1
108 52 200 1
109 50 200 1
110 91 200 1
111 7 200 1
112 75 200 1
113 13 200 1
114 41 200 1
115 18 200 1
116 64 200 1
117 95 200 1
118 80 200 1
119 70 200 1
120 99 200 1
121 18 200 1
122 79 200 1
123 11 200 1
124 35 200 1
125 34 200 1
126 3 200 1
127 63 200 1
128 60 200 1
129 42 200 1
130 21 200 1
131 94 200 1
132 2 200 1
133 96 200 1
134 72 200 1
135 70 200 1
136 84 200 1
137 89 200 1
138 73 200 1
139 21 200 1
140 18 200 1
141 55 200 1
142 31 200 1
143 60 200 1
144 40 200 1
145 73 200 1
146 40 200 1
147 96 200 1
148 79 200 1
149 99 200 1
150 30 200 1
151 46 200 1
152 61 200 1
153 22 200 1
154 44 200 1
155 16 200 1
156 39 200 1
157 61 200 1
158 2 200 1
159 68 200 1
160 52 200 1
161 16 200 1
162 47 200 1
163 12 200 1
164 5 200 1
165 68 200 1
166 20 200 1
167 35 200 1
168 75 200 1
169 61 200 1
170 52 200 1
171 57 200 1
172 26 200 1
173 43 200 1
174 43 200 1
175 77 200 1
176 42 200 1
177 8 200 1
178 90 200 1
179 5 200 1
180 69 200 1
181 31 200 1
182 52 200 1
183 63 200 1
184 71 200 1
185 99 200 1
186 4 200 1
187 51 200 1
188 78 200 1
189 74 200 1
190 71 200 1
191 34 200 1
192 51 200 1
193 60 200 1
194 6 200 1
195 58 200 1
196 27 200 1
197 18 200 1
198 74 200 1
199 83 200 1
