NAME GBP_INSTANCES\prob_1_B_3_9_0.txt
COMMENT
BINTYPES 5
ITEMS 200
BINS_SECTIONS
0 60 60 0 178 
1 80 80 0 134 
2 100 100 0 107 
3 120 120 0 89 
4 150 150 0 71 
ITEMS_SECTIONS
0 42 200 0 
1 90 200 0 
2 18 200 0 
3 64 200 0 
4 30 200 0 
5 82 200 0 
6 87 200 0 
7 91 200 0 
8 70 200 0 
9 78 200 0 
10 13 200 0 
11 64 200 0 
12 76 200 0 
13 78 200 0 
14 85 200 0 
15 44 200 0 
16 6 200 0 
17 52 200 0 
18 20 200 0 
19 11 200 0 
20 83 200 0 
21 21 200 0 
22 91 200 0 
23 53 200 0 
24 86 200 0 
25 50 200 0 
26 84 200 0 
27 71 200 0 
28 37 200 0 
29 67 200 0 
30 66 200 0 
31 78 200 0 
32 54 200 0 
33 8 200 0 
34 9 200 0 
35 78 200 0 
36 16 200 0 
37 99 200 0 
38 89 200 0 
39 2 200 0 
40 57 200 0 
41 100 200 0 
42 72 200 0 
43 96 200 0 
44 89 200 0 
45 88 200 0 
46 21 200 0 
47 51 200 0 
48 42 200 0 
49 22 200 0 
50 31 200 0 
51 21 200 0 
52 11 200 0 
53 82 200 0 
54 42 200 0 
55 73 200 0 
56 38 200 0 
57 92 200 0 
58 10 200 0 
59 5 200 0 
60 83 200 0 
61 43 200 0 
62 95 200 0 
63 35 200 0 
64 22 200 0 
65 13 200 0 
66 77 200 0 
67 43 200 0 
68 29 200 0 
69 15 200 0 
70 3 200 0 
71 62 200 0 
72 78 200 0 
73 54 200 0 
74 15 200 0 
75 74 200 0 
76 34 200 0 
77 33 200 0 
78 72 200 0 
79 27 200 0 
80 38 200 0 
81 82 200 0 
82 67 200 0 
83 34 200 0 
84 88 200 0 
85 65 200 0 
86 99 200 0 
87 56 200 0 
88 12 200 0 
89 22 200 0 
90 83 200 0 
91 38 200 0 
92 11 200 0 
93 99 200 0 
94 51 200 0 
95 90 200 0 
96 9 200 0 
97 57 200 0 
98 43 200 0 
99 5 200 0 
100 58 200 0 
101 60 200 0 
102 31 200 0 
103 74 200 0 
104 41 200 0 
105 72 200 0 
106 72 200 0 
107 19 200 0 
108 27 200 0 
109 64 200 0 
110 44 200 0 
111 86 200 0 
112 18 200 0 
113 25 200 0 
114 49 200 0 
115 26 200 0 
116 41 200 0 
117 20 200 0 
118 43 200 0 
119 6 200 0 
120 27 200 0 
121 64 200 0 
122 88 200 0 
123 70 200 0 
124 25 200 0 
125 59 200 0 
126 59 200 0 
127 16 200 0 
128 99 200 0 
129 74 200 0 
130 25 200 0 
131 66 200 0 
132 64 200 0 
133 2 200 0 
134 26 200 0 
135 46 200 0 
136 74 200 0 
137 72 200 0 
138 74 200 0 
139 12 200 0 
140 61 200 0 
141 71 200 0 
142 88 200 0 
143 53 200 0 
144 29 200 0 
145 28 200 0 
146 90 200 0 
147 31 200 0 
148 65 200 0 
149 31 200 0 
150 96 200 0 
151 36 200 0 
152 21 200 0 
153 29 200 0 
154 100 200 0 
155 65 200 0 
156 100 200 0 
157 75 200 0 
158 94 200 0 
159 88 200 0 
160 4 200 0 
161 84 200 0 
162 35 200 0 
163 93 200 0 
164 79 200 0 
165 42 200 0 
166 86 200 0 
167 96 200 0 
168 27 200 0 
169 58 200 0 
170 46 200 0 
171 94 200 0 
172 98 200 0 
173 75 200 0 
174 100 200 0 
175 60 200 0 
176 38 200 0 
177 51 200 0 
178 5 200 0 
179 42 200 0 
180 28 200 0 
181 17 200 0 
182 32 200 0 
183 69 200 0 
184 57 200 0 
185 13 200 0 
186 94 200 0 
187 42 200 0 
188 88 200 0 
189 39 200 0 
190 77 200 0 
191 96 200 0 
192 48 200 0 
193 88 200 0 
194 87 200 0 
195 9 200 0 
196 7 200 0 
197 17 200 0 
198 57 200 0 
199 52 200 0 
