NAME GBP_INSTANCES\prob_2_B_4_3_0.txt
COMMENT
BINTYPES 5
ITEMS 500
BINS_SECTIONS
0 60 60 0 500 
1 80 80 0 375 
2 100 100 0 300 
3 120 120 0 250 
4 150 150 0 200 
ITEMS_SECTIONS
0 58 200 0 
1 72 200 0 
2 30 200 0 
3 45 200 0 
4 77 200 0 
5 43 200 0 
6 91 200 0 
7 49 200 0 
8 32 200 0 
9 68 200 0 
10 64 200 0 
11 73 200 0 
12 94 200 0 
13 39 200 0 
14 41 200 0 
15 32 200 0 
16 58 200 0 
17 29 200 0 
18 47 200 0 
19 45 200 0 
20 60 200 0 
21 56 200 0 
22 50 200 0 
23 50 200 0 
24 46 200 0 
25 82 200 0 
26 37 200 0 
27 45 200 0 
28 67 200 0 
29 42 200 0 
30 54 200 0 
31 27 200 0 
32 39 200 0 
33 44 200 0 
34 27 200 0 
35 59 200 0 
36 91 200 0 
37 56 200 0 
38 54 200 0 
39 74 200 0 
40 53 200 0 
41 94 200 0 
42 42 200 0 
43 31 200 0 
44 75 200 0 
45 76 200 0 
46 83 200 0 
47 28 200 0 
48 76 200 0 
49 33 200 0 
50 58 200 0 
51 94 200 0 
52 72 200 0 
53 75 200 0 
54 86 200 0 
55 72 200 0 
56 49 200 0 
57 96 200 0 
58 77 200 0 
59 44 200 0 
60 71 200 0 
61 45 200 0 
62 100 200 0 
63 95 200 0 
64 85 200 0 
65 32 200 0 
66 27 200 0 
67 35 200 0 
68 42 200 0 
69 55 200 0 
70 40 200 0 
71 43 200 0 
72 28 200 0 
73 55 200 0 
74 53 200 0 
75 30 200 0 
76 59 200 0 
77 94 200 0 
78 100 200 0 
79 69 200 0 
80 52 200 0 
81 65 200 0 
82 82 200 0 
83 77 200 0 
84 89 200 0 
85 30 200 0 
86 32 200 0 
87 59 200 0 
88 47 200 0 
89 21 200 0 
90 95 200 0 
91 58 200 0 
92 89 200 0 
93 77 200 0 
94 96 200 0 
95 81 200 0 
96 27 200 0 
97 97 200 0 
98 68 200 0 
99 30 200 0 
100 99 200 0 
101 86 200 0 
102 73 200 0 
103 57 200 0 
104 61 200 0 
105 78 200 0 
106 63 200 0 
107 30 200 0 
108 82 200 0 
109 74 200 0 
110 32 200 0 
111 25 200 0 
112 27 200 0 
113 59 200 0 
114 73 200 0 
115 74 200 0 
116 69 200 0 
117 60 200 0 
118 52 200 0 
119 33 200 0 
120 72 200 0 
121 56 200 0 
122 93 200 0 
123 29 200 0 
124 64 200 0 
125 93 200 0 
126 85 200 0 
127 62 200 0 
128 33 200 0 
129 45 200 0 
130 22 200 0 
131 67 200 0 
132 91 200 0 
133 62 200 0 
134 53 200 0 
135 63 200 0 
136 37 200 0 
137 37 200 0 
138 35 200 0 
139 34 200 0 
140 74 200 0 
141 27 200 0 
142 21 200 0 
143 96 200 0 
144 57 200 0 
145 95 200 0 
146 65 200 0 
147 53 200 0 
148 29 200 0 
149 93 200 0 
150 24 200 0 
151 24 200 0 
152 97 200 0 
153 69 200 0 
154 75 200 0 
155 26 200 0 
156 77 200 0 
157 77 200 0 
158 64 200 0 
159 40 200 0 
160 50 200 0 
161 72 200 0 
162 83 200 0 
163 57 200 0 
164 63 200 0 
165 84 200 0 
166 81 200 0 
167 96 200 0 
168 94 200 0 
169 34 200 0 
170 91 200 0 
171 98 200 0 
172 28 200 0 
173 70 200 0 
174 84 200 0 
175 88 200 0 
176 56 200 0 
177 84 200 0 
178 86 200 0 
179 29 200 0 
180 43 200 0 
181 83 200 0 
182 26 200 0 
183 73 200 0 
184 31 200 0 
185 77 200 0 
186 39 200 0 
187 86 200 0 
188 27 200 0 
189 42 200 0 
190 70 200 0 
191 25 200 0 
192 40 200 0 
193 40 200 0 
194 38 200 0 
195 38 200 0 
196 38 200 0 
197 42 200 0 
198 51 200 0 
199 36 200 0 
200 71 200 0 
201 78 200 0 
202 27 200 0 
203 80 200 0 
204 69 200 0 
205 31 200 0 
206 38 200 0 
207 56 200 0 
208 38 200 0 
209 79 200 0 
210 86 200 0 
211 63 200 0 
212 84 200 0 
213 92 200 0 
214 92 200 0 
215 63 200 0 
216 41 200 0 
217 82 200 0 
218 63 200 0 
219 52 200 0 
220 31 200 0 
221 26 200 0 
222 99 200 0 
223 35 200 0 
224 65 200 0 
225 40 200 0 
226 74 200 0 
227 98 200 0 
228 97 200 0 
229 90 200 0 
230 57 200 0 
231 95 200 0 
232 64 200 0 
233 87 200 0 
234 41 200 0 
235 49 200 0 
236 64 200 0 
237 80 200 0 
238 54 200 0 
239 60 200 0 
240 31 200 0 
241 47 200 0 
242 89 200 0 
243 26 200 0 
244 100 200 0 
245 50 200 0 
246 56 200 0 
247 50 200 0 
248 69 200 0 
249 76 200 0 
250 60 200 0 
251 57 200 0 
252 22 200 0 
253 96 200 0 
254 21 200 0 
255 95 200 0 
256 44 200 0 
257 68 200 0 
258 55 200 0 
259 49 200 0 
260 58 200 0 
261 92 200 0 
262 71 200 0 
263 89 200 0 
264 24 200 0 
265 45 200 0 
266 86 200 0 
267 40 200 0 
268 93 200 0 
269 99 200 0 
270 24 200 0 
271 89 200 0 
272 83 200 0 
273 98 200 0 
274 38 200 0 
275 76 200 0 
276 99 200 0 
277 74 200 0 
278 27 200 0 
279 92 200 0 
280 79 200 0 
281 36 200 0 
282 24 200 0 
283 41 200 0 
284 71 200 0 
285 26 200 0 
286 65 200 0 
287 78 200 0 
288 71 200 0 
289 31 200 0 
290 82 200 0 
291 73 200 0 
292 36 200 0 
293 100 200 0 
294 21 200 0 
295 83 200 0 
296 83 200 0 
297 84 200 0 
298 31 200 0 
299 57 200 0 
300 59 200 0 
301 75 200 0 
302 35 200 0 
303 61 200 0 
304 99 200 0 
305 91 200 0 
306 33 200 0 
307 97 200 0 
308 65 200 0 
309 70 200 0 
310 72 200 0 
311 100 200 0 
312 49 200 0 
313 88 200 0 
314 23 200 0 
315 69 200 0 
316 67 200 0 
317 97 200 0 
318 100 200 0 
319 24 200 0 
320 21 200 0 
321 60 200 0 
322 94 200 0 
323 79 200 0 
324 45 200 0 
325 32 200 0 
326 32 200 0 
327 68 200 0 
328 67 200 0 
329 83 200 0 
330 66 200 0 
331 70 200 0 
332 77 200 0 
333 24 200 0 
334 53 200 0 
335 58 200 0 
336 80 200 0 
337 31 200 0 
338 92 200 0 
339 21 200 0 
340 40 200 0 
341 49 200 0 
342 56 200 0 
343 68 200 0 
344 55 200 0 
345 26 200 0 
346 45 200 0 
347 96 200 0 
348 36 200 0 
349 59 200 0 
350 27 200 0 
351 61 200 0 
352 24 200 0 
353 36 200 0 
354 28 200 0 
355 22 200 0 
356 75 200 0 
357 73 200 0 
358 29 200 0 
359 45 200 0 
360 63 200 0 
361 69 200 0 
362 56 200 0 
363 97 200 0 
364 83 200 0 
365 68 200 0 
366 81 200 0 
367 93 200 0 
368 47 200 0 
369 74 200 0 
370 69 200 0 
371 69 200 0 
372 43 200 0 
373 52 200 0 
374 41 200 0 
375 80 200 0 
376 31 200 0 
377 29 200 0 
378 74 200 0 
379 44 200 0 
380 62 200 0 
381 89 200 0 
382 30 200 0 
383 84 200 0 
384 68 200 0 
385 66 200 0 
386 56 200 0 
387 67 200 0 
388 95 200 0 
389 38 200 0 
390 53 200 0 
391 100 200 0 
392 93 200 0 
393 57 200 0 
394 25 200 0 
395 44 200 0 
396 69 200 0 
397 39 200 0 
398 79 200 0 
399 25 200 0 
400 37 200 0 
401 40 200 0 
402 57 200 0 
403 28 200 0 
404 71 200 0 
405 64 200 0 
406 47 200 0 
407 67 200 0 
408 90 200 0 
409 27 200 0 
410 93 200 0 
411 43 200 0 
412 46 200 0 
413 70 200 0 
414 88 200 0 
415 76 200 0 
416 81 200 0 
417 85 200 0 
418 32 200 0 
419 23 200 0 
420 50 200 0 
421 87 200 0 
422 21 200 0 
423 89 200 0 
424 38 200 0 
425 48 200 0 
426 72 200 0 
427 23 200 0 
428 86 200 0 
429 33 200 0 
430 45 200 0 
431 39 200 0 
432 23 200 0 
433 58 200 0 
434 67 200 0 
435 52 200 0 
436 98 200 0 
437 22 200 0 
438 53 200 0 
439 48 200 0 
440 40 200 0 
441 94 200 0 
442 79 200 0 
443 28 200 0 
444 27 200 0 
445 74 200 0 
446 57 200 0 
447 26 200 0 
448 85 200 0 
449 96 200 0 
450 43 200 0 
451 71 200 0 
452 23 200 0 
453 89 200 0 
454 51 200 0 
455 32 200 0 
456 34 200 0 
457 33 200 0 
458 58 200 0 
459 35 200 0 
460 81 200 0 
461 97 200 0 
462 95 200 0 
463 90 200 0 
464 79 200 0 
465 85 200 0 
466 26 200 0 
467 25 200 0 
468 77 200 0 
469 47 200 0 
470 71 200 0 
471 47 200 0 
472 27 200 0 
473 55 200 0 
474 92 200 0 
475 64 200 0 
476 22 200 0 
477 40 200 0 
478 71 200 0 
479 93 200 0 
480 40 200 0 
481 89 200 0 
482 97 200 0 
483 36 200 0 
484 74 200 0 
485 100 200 0 
486 56 200 0 
487 40 200 0 
488 79 200 0 
489 67 200 0 
490 76 200 0 
491 49 200 0 
492 58 200 0 
493 63 200 0 
494 62 200 0 
495 60 200 0 
496 54 200 0 
497 63 200 0 
498 100 200 0 
499 36 200 0 
