NAME GBP_INSTANCES\prob_3_A_2_7_0.txt
COMMENT
BINTYPES 3
ITEMS 100
BINS_SECTIONS
0 100 100 0 76 
1 120 120 0 63 
2 150 150 0 51 
ITEMS_SECTIONS
0 88 200 0 
1 86 200 0 
2 94 200 0 
3 63 200 0 
4 70 200 0 
5 51 200 0 
6 81 200 0 
7 59 200 0 
8 84 200 0 
9 79 200 0 
10 67 200 0 
11 86 200 0 
12 61 200 0 
13 93 200 0 
14 67 200 0 
15 96 200 0 
16 55 200 0 
17 88 200 0 
18 97 200 0 
19 60 200 0 
20 81 200 0 
21 98 200 0 
22 68 200 0 
23 89 200 0 
24 97 200 0 
25 64 200 0 
26 72 200 0 
27 52 200 0 
28 68 200 0 
29 81 200 0 
30 87 200 0 
31 64 200 0 
32 93 200 0 
33 70 200 0 
34 83 200 0 
35 88 200 0 
36 92 200 0 
37 70 200 0 
38 90 200 0 
39 68 200 0 
40 77 200 0 
41 85 200 0 
42 58 200 0 
43 77 200 0 
44 97 200 0 
45 89 200 0 
46 86 200 0 
47 59 200 0 
48 98 200 0 
49 71 200 0 
50 85 200 0 
51 53 200 0 
52 78 200 0 
53 67 200 0 
54 55 200 0 
55 56 200 0 
56 72 200 0 
57 69 200 0 
58 91 200 0 
59 90 200 0 
60 62 200 0 
61 60 200 0 
62 61 200 0 
63 62 200 0 
64 82 200 0 
65 52 200 0 
66 100 200 0 
67 84 200 0 
68 76 200 0 
69 92 200 0 
70 71 200 0 
71 55 200 0 
72 69 200 0 
73 53 200 0 
74 98 200 0 
75 54 200 0 
76 61 200 0 
77 71 200 0 
78 57 200 0 
79 53 200 0 
80 65 200 0 
81 64 200 0 
82 84 200 0 
83 59 200 0 
84 80 200 0 
85 67 200 0 
86 96 200 0 
87 84 200 0 
88 80 200 0 
89 96 200 0 
90 66 200 0 
91 90 200 0 
92 70 200 0 
93 58 200 0 
94 64 200 0 
95 90 200 0 
96 68 200 0 
97 68 200 0 
98 100 200 0 
99 72 200 0 
