NAME GBP_INSTANCES\prob_2_A_3_3_0.txt
COMMENT
BINTYPES 3
ITEMS 200
BINS_SECTIONS
0 100 100 0 118 
1 120 120 0 99 
2 150 150 0 79 
ITEMS_SECTIONS
0 99 200 0 
1 26 200 0 
2 38 200 0 
3 92 200 0 
4 99 200 0 
5 77 200 0 
6 22 200 0 
7 78 200 0 
8 25 200 0 
9 89 200 0 
10 36 200 0 
11 92 200 0 
12 69 200 0 
13 56 200 0 
14 79 200 0 
15 22 200 0 
16 56 200 0 
17 47 200 0 
18 67 200 0 
19 23 200 0 
20 33 200 0 
21 65 200 0 
22 40 200 0 
23 25 200 0 
24 45 200 0 
25 90 200 0 
26 86 200 0 
27 55 200 0 
28 78 200 0 
29 44 200 0 
30 50 200 0 
31 95 200 0 
32 25 200 0 
33 78 200 0 
34 72 200 0 
35 44 200 0 
36 85 200 0 
37 34 200 0 
38 29 200 0 
39 29 200 0 
40 32 200 0 
41 89 200 0 
42 36 200 0 
43 42 200 0 
44 62 200 0 
45 64 200 0 
46 81 200 0 
47 97 200 0 
48 69 200 0 
49 48 200 0 
50 91 200 0 
51 40 200 0 
52 60 200 0 
53 70 200 0 
54 74 200 0 
55 75 200 0 
56 63 200 0 
57 97 200 0 
58 44 200 0 
59 55 200 0 
60 94 200 0 
61 87 200 0 
62 27 200 0 
63 77 200 0 
64 53 200 0 
65 37 200 0 
66 83 200 0 
67 96 200 0 
68 36 200 0 
69 59 200 0 
70 77 200 0 
71 49 200 0 
72 46 200 0 
73 89 200 0 
74 27 200 0 
75 69 200 0 
76 76 200 0 
77 97 200 0 
78 38 200 0 
79 91 200 0 
80 27 200 0 
81 66 200 0 
82 79 200 0 
83 44 200 0 
84 36 200 0 
85 31 200 0 
86 71 200 0 
87 97 200 0 
88 32 200 0 
89 36 200 0 
90 49 200 0 
91 62 200 0 
92 49 200 0 
93 42 200 0 
94 65 200 0 
95 62 200 0 
96 58 200 0 
97 43 200 0 
98 90 200 0 
99 58 200 0 
100 98 200 0 
101 38 200 0 
102 46 200 0 
103 92 200 0 
104 42 200 0 
105 97 200 0 
106 66 200 0 
107 48 200 0 
108 26 200 0 
109 23 200 0 
110 95 200 0 
111 58 200 0 
112 62 200 0 
113 41 200 0 
114 21 200 0 
115 38 200 0 
116 24 200 0 
117 97 200 0 
118 21 200 0 
119 63 200 0 
120 62 200 0 
121 83 200 0 
122 85 200 0 
123 26 200 0 
124 58 200 0 
125 82 200 0 
126 57 200 0 
127 76 200 0 
128 31 200 0 
129 80 200 0 
130 53 200 0 
131 47 200 0 
132 94 200 0 
133 64 200 0 
134 33 200 0 
135 64 200 0 
136 29 200 0 
137 51 200 0 
138 65 200 0 
139 85 200 0 
140 67 200 0 
141 77 200 0 
142 55 200 0 
143 77 200 0 
144 25 200 0 
145 82 200 0 
146 83 200 0 
147 94 200 0 
148 88 200 0 
149 64 200 0 
150 50 200 0 
151 48 200 0 
152 63 200 0 
153 97 200 0 
154 74 200 0 
155 44 200 0 
156 73 200 0 
157 27 200 0 
158 35 200 0 
159 93 200 0 
160 82 200 0 
161 60 200 0 
162 27 200 0 
163 88 200 0 
164 86 200 0 
165 39 200 0 
166 36 200 0 
167 54 200 0 
168 57 200 0 
169 57 200 0 
170 35 200 0 
171 32 200 0 
172 29 200 0 
173 63 200 0 
174 97 200 0 
175 98 200 0 
176 45 200 0 
177 67 200 0 
178 52 200 0 
179 30 200 0 
180 48 200 0 
181 99 200 0 
182 24 200 0 
183 78 200 0 
184 64 200 0 
185 26 200 0 
186 36 200 0 
187 43 200 0 
188 44 200 0 
189 61 200 0 
190 86 200 0 
191 36 200 0 
192 37 200 0 
193 65 200 0 
194 86 200 0 
195 35 200 0 
196 52 200 0 
197 72 200 0 
198 26 200 0 
199 21 200 0 
