NAME GBP_INSTANCES\prob_2_A_4_3_0.txt
COMMENT
BINTYPES 3
ITEMS 500
BINS_SECTIONS
0 100 100 0 308 
1 120 120 0 257 
2 150 150 0 206 
ITEMS_SECTIONS
0 91 200 0 
1 25 200 0 
2 36 200 0 
3 43 200 0 
4 71 200 0 
5 39 200 0 
6 30 200 0 
7 80 200 0 
8 94 200 0 
9 31 200 0 
10 52 200 0 
11 59 200 0 
12 53 200 0 
13 64 200 0 
14 89 200 0 
15 44 200 0 
16 67 200 0 
17 80 200 0 
18 41 200 0 
19 85 200 0 
20 61 200 0 
21 59 200 0 
22 35 200 0 
23 58 200 0 
24 78 200 0 
25 87 200 0 
26 69 200 0 
27 93 200 0 
28 23 200 0 
29 100 200 0 
30 40 200 0 
31 34 200 0 
32 27 200 0 
33 71 200 0 
34 57 200 0 
35 62 200 0 
36 98 200 0 
37 82 200 0 
38 95 200 0 
39 48 200 0 
40 41 200 0 
41 25 200 0 
42 85 200 0 
43 81 200 0 
44 62 200 0 
45 37 200 0 
46 63 200 0 
47 63 200 0 
48 59 200 0 
49 55 200 0 
50 34 200 0 
51 91 200 0 
52 50 200 0 
53 90 200 0 
54 43 200 0 
55 82 200 0 
56 38 200 0 
57 66 200 0 
58 35 200 0 
59 45 200 0 
60 80 200 0 
61 40 200 0 
62 86 200 0 
63 85 200 0 
64 80 200 0 
65 40 200 0 
66 91 200 0 
67 28 200 0 
68 51 200 0 
69 97 200 0 
70 59 200 0 
71 81 200 0 
72 61 200 0 
73 30 200 0 
74 21 200 0 
75 80 200 0 
76 48 200 0 
77 43 200 0 
78 59 200 0 
79 30 200 0 
80 58 200 0 
81 91 200 0 
82 26 200 0 
83 53 200 0 
84 84 200 0 
85 25 200 0 
86 98 200 0 
87 36 200 0 
88 35 200 0 
89 93 200 0 
90 53 200 0 
91 61 200 0 
92 62 200 0 
93 21 200 0 
94 99 200 0 
95 81 200 0 
96 90 200 0 
97 38 200 0 
98 23 200 0 
99 66 200 0 
100 57 200 0 
101 51 200 0 
102 41 200 0 
103 44 200 0 
104 44 200 0 
105 92 200 0 
106 49 200 0 
107 76 200 0 
108 98 200 0 
109 21 200 0 
110 90 200 0 
111 58 200 0 
112 64 200 0 
113 75 200 0 
114 88 200 0 
115 31 200 0 
116 29 200 0 
117 77 200 0 
118 86 200 0 
119 98 200 0 
120 79 200 0 
121 38 200 0 
122 59 200 0 
123 55 200 0 
124 76 200 0 
125 29 200 0 
126 61 200 0 
127 89 200 0 
128 56 200 0 
129 57 200 0 
130 34 200 0 
131 89 200 0 
132 41 200 0 
133 81 200 0 
134 97 200 0 
135 32 200 0 
136 35 200 0 
137 65 200 0 
138 97 200 0 
139 39 200 0 
140 95 200 0 
141 80 200 0 
142 27 200 0 
143 85 200 0 
144 74 200 0 
145 23 200 0 
146 32 200 0 
147 29 200 0 
148 29 200 0 
149 66 200 0 
150 74 200 0 
151 36 200 0 
152 95 200 0 
153 59 200 0 
154 49 200 0 
155 51 200 0 
156 23 200 0 
157 53 200 0 
158 51 200 0 
159 83 200 0 
160 52 200 0 
161 57 200 0 
162 44 200 0 
163 36 200 0 
164 47 200 0 
165 90 200 0 
166 62 200 0 
167 44 200 0 
168 81 200 0 
169 91 200 0 
170 66 200 0 
171 46 200 0 
172 42 200 0 
173 95 200 0 
174 79 200 0 
175 40 200 0 
176 80 200 0 
177 81 200 0 
178 46 200 0 
179 82 200 0 
180 24 200 0 
181 57 200 0 
182 64 200 0 
183 84 200 0 
184 86 200 0 
185 43 200 0 
186 74 200 0 
187 99 200 0 
188 85 200 0 
189 94 200 0 
190 87 200 0 
191 23 200 0 
192 72 200 0 
193 45 200 0 
194 28 200 0 
195 35 200 0 
196 72 200 0 
197 68 200 0 
198 27 200 0 
199 69 200 0 
200 62 200 0 
201 40 200 0 
202 80 200 0 
203 40 200 0 
204 58 200 0 
205 29 200 0 
206 72 200 0 
207 78 200 0 
208 75 200 0 
209 38 200 0 
210 56 200 0 
211 90 200 0 
212 74 200 0 
213 47 200 0 
214 76 200 0 
215 65 200 0 
216 53 200 0 
217 81 200 0 
218 85 200 0 
219 37 200 0 
220 79 200 0 
221 78 200 0 
222 43 200 0 
223 99 200 0 
224 24 200 0 
225 76 200 0 
226 23 200 0 
227 80 200 0 
228 75 200 0 
229 95 200 0 
230 21 200 0 
231 82 200 0 
232 99 200 0 
233 68 200 0 
234 75 200 0 
235 73 200 0 
236 59 200 0 
237 91 200 0 
238 89 200 0 
239 22 200 0 
240 47 200 0 
241 54 200 0 
242 44 200 0 
243 62 200 0 
244 34 200 0 
245 37 200 0 
246 69 200 0 
247 27 200 0 
248 74 200 0 
249 75 200 0 
250 89 200 0 
251 51 200 0 
252 21 200 0 
253 98 200 0 
254 51 200 0 
255 88 200 0 
256 58 200 0 
257 93 200 0 
258 40 200 0 
259 33 200 0 
260 51 200 0 
261 95 200 0 
262 91 200 0 
263 47 200 0 
264 68 200 0 
265 60 200 0 
266 50 200 0 
267 65 200 0 
268 80 200 0 
269 100 200 0 
270 70 200 0 
271 80 200 0 
272 63 200 0 
273 94 200 0 
274 51 200 0 
275 34 200 0 
276 39 200 0 
277 36 200 0 
278 97 200 0 
279 87 200 0 
280 64 200 0 
281 52 200 0 
282 72 200 0 
283 32 200 0 
284 43 200 0 
285 97 200 0 
286 21 200 0 
287 72 200 0 
288 77 200 0 
289 85 200 0 
290 67 200 0 
291 25 200 0 
292 32 200 0 
293 82 200 0 
294 60 200 0 
295 74 200 0 
296 84 200 0 
297 27 200 0 
298 56 200 0 
299 41 200 0 
300 32 200 0 
301 40 200 0 
302 56 200 0 
303 52 200 0 
304 27 200 0 
305 92 200 0 
306 96 200 0 
307 70 200 0 
308 98 200 0 
309 62 200 0 
310 73 200 0 
311 31 200 0 
312 98 200 0 
313 89 200 0 
314 76 200 0 
315 62 200 0 
316 77 200 0 
317 22 200 0 
318 40 200 0 
319 43 200 0 
320 65 200 0 
321 90 200 0 
322 73 200 0 
323 52 200 0 
324 88 200 0 
325 78 200 0 
326 91 200 0 
327 22 200 0 
328 99 200 0 
329 28 200 0 
330 47 200 0 
331 57 200 0 
332 25 200 0 
333 65 200 0 
334 100 200 0 
335 42 200 0 
336 79 200 0 
337 30 200 0 
338 93 200 0 
339 100 200 0 
340 22 200 0 
341 59 200 0 
342 88 200 0 
343 29 200 0 
344 86 200 0 
345 67 200 0 
346 40 200 0 
347 89 200 0 
348 91 200 0 
349 72 200 0 
350 53 200 0 
351 60 200 0 
352 82 200 0 
353 33 200 0 
354 80 200 0 
355 59 200 0 
356 85 200 0 
357 30 200 0 
358 42 200 0 
359 56 200 0 
360 62 200 0 
361 91 200 0 
362 29 200 0 
363 33 200 0 
364 45 200 0 
365 95 200 0 
366 38 200 0 
367 63 200 0 
368 40 200 0 
369 96 200 0 
370 96 200 0 
371 82 200 0 
372 55 200 0 
373 59 200 0 
374 89 200 0 
375 82 200 0 
376 97 200 0 
377 78 200 0 
378 42 200 0 
379 87 200 0 
380 88 200 0 
381 48 200 0 
382 23 200 0 
383 89 200 0 
384 25 200 0 
385 46 200 0 
386 92 200 0 
387 99 200 0 
388 89 200 0 
389 54 200 0 
390 30 200 0 
391 89 200 0 
392 81 200 0 
393 50 200 0 
394 70 200 0 
395 80 200 0 
396 37 200 0 
397 57 200 0 
398 39 200 0 
399 34 200 0 
400 45 200 0 
401 46 200 0 
402 56 200 0 
403 84 200 0 
404 81 200 0 
405 23 200 0 
406 42 200 0 
407 96 200 0 
408 35 200 0 
409 100 200 0 
410 58 200 0 
411 60 200 0 
412 34 200 0 
413 84 200 0 
414 88 200 0 
415 84 200 0 
416 30 200 0 
417 69 200 0 
418 87 200 0 
419 90 200 0 
420 43 200 0 
421 33 200 0 
422 28 200 0 
423 22 200 0 
424 99 200 0 
425 26 200 0 
426 54 200 0 
427 92 200 0 
428 61 200 0 
429 46 200 0 
430 52 200 0 
431 24 200 0 
432 67 200 0 
433 84 200 0 
434 61 200 0 
435 38 200 0 
436 22 200 0 
437 76 200 0 
438 89 200 0 
439 45 200 0 
440 44 200 0 
441 78 200 0 
442 40 200 0 
443 39 200 0 
444 87 200 0 
445 78 200 0 
446 85 200 0 
447 67 200 0 
448 69 200 0 
449 89 200 0 
450 22 200 0 
451 62 200 0 
452 86 200 0 
453 99 200 0 
454 29 200 0 
455 64 200 0 
456 60 200 0 
457 29 200 0 
458 81 200 0 
459 75 200 0 
460 58 200 0 
461 86 200 0 
462 43 200 0 
463 87 200 0 
464 80 200 0 
465 60 200 0 
466 96 200 0 
467 65 200 0 
468 75 200 0 
469 34 200 0 
470 71 200 0 
471 52 200 0 
472 26 200 0 
473 85 200 0 
474 77 200 0 
475 80 200 0 
476 47 200 0 
477 96 200 0 
478 31 200 0 
479 46 200 0 
480 32 200 0 
481 61 200 0 
482 73 200 0 
483 67 200 0 
484 74 200 0 
485 70 200 0 
486 41 200 0 
487 89 200 0 
488 62 200 0 
489 35 200 0 
490 70 200 0 
491 61 200 0 
492 84 200 0 
493 46 200 0 
494 76 200 0 
495 25 200 0 
496 51 200 0 
497 34 200 0 
498 44 200 0 
499 74 200 0 
