NAME GBP_INSTANCES\prob_1_B_1_1_0.txt
COMMENT
BINTYPES 5
ITEMS 50
BINS_SECTIONS
0 60 60 0 43 
1 80 80 0 33 
2 100 100 0 26 
3 120 120 0 22 
4 150 150 0 18 
ITEMS_SECTIONS
0 82 200 1
1 3 200 1
2 88 200 1
3 33 200 1
4 15 200 1
5 85 200 1
6 27 200 1
7 50 200 1
8 43 200 1
9 80 200 1
10 95 200 1
11 71 200 1
12 98 200 1
13 20 200 1
14 69 200 1
15 9 200 1
16 34 200 1
17 34 200 1
18 55 200 1
19 91 200 1
20 77 200 1
21 63 200 1
22 62 200 1
23 74 200 1
24 15 200 1
25 11 200 1
26 64 200 1
27 45 200 1
28 14 200 1
29 60 200 1
30 19 200 1
31 41 200 1
32 10 200 1
33 6 200 1
34 77 200 1
35 74 200 1
36 84 200 1
37 28 200 1
38 39 200 1
39 4 200 1
40 50 200 1
41 27 200 1
42 89 200 1
43 20 200 1
44 65 200 1
45 94 200 1
46 84 200 1
47 94 200 1
48 9 200 1
49 98 200 1
