NAME GBP_INSTANCES\prob_3_A_1_4_0.txt
COMMENT
BINTYPES 3
ITEMS 50
BINS_SECTIONS
0 100 100 0 39 
1 120 120 0 32 
2 150 150 0 26 
ITEMS_SECTIONS
0 94 200 1
1 60 200 1
2 95 200 1
3 60 200 1
4 64 200 1
5 85 200 1
6 86 200 1
7 95 200 1
8 74 200 1
9 57 200 1
10 61 200 1
11 92 200 1
12 67 200 1
13 93 200 1
14 87 200 1
15 62 200 1
16 64 200 1
17 88 200 1
18 57 200 1
19 68 200 1
20 92 200 1
21 84 200 1
22 87 200 1
23 87 200 1
24 62 200 1
25 51 200 1
26 57 200 1
27 63 200 1
28 100 200 1
29 85 200 1
30 60 200 1
31 93 200 1
32 60 200 1
33 97 200 1
34 92 200 1
35 69 200 1
36 55 200 1
37 72 200 1
38 92 200 1
39 63 200 1
40 92 200 1
41 84 200 1
42 70 200 1
43 73 200 1
44 98 200 1
45 70 200 1
46 92 200 1
47 78 200 1
48 73 200 1
49 55 200 1
