NAME GBP_INSTANCES\prob_1_A_2_2_0.txt
COMMENT
BINTYPES 3
ITEMS 100
BINS_SECTIONS
0 100 100 0 51 
1 120 120 0 43 
2 150 150 0 34 
ITEMS_SECTIONS
0 68 200 0 
1 6 200 0 
2 25 200 0 
3 72 200 0 
4 58 200 0 
5 43 200 0 
6 100 200 0 
7 59 200 0 
8 63 200 0 
9 75 200 0 
10 91 200 0 
11 92 200 0 
12 15 200 0 
13 35 200 0 
14 6 200 0 
15 71 200 0 
16 49 200 0 
17 65 200 0 
18 99 200 0 
19 72 200 0 
20 6 200 0 
21 91 200 0 
22 29 200 0 
23 99 200 0 
24 36 200 0 
25 48 200 0 
26 91 200 0 
27 62 200 0 
28 72 200 0 
29 38 200 0 
30 81 200 0 
31 62 200 0 
32 51 200 0 
33 23 200 0 
34 33 200 0 
35 33 200 0 
36 46 200 0 
37 18 200 0 
38 73 200 0 
39 2 200 0 
40 89 200 0 
41 68 200 0 
42 49 200 0 
43 22 200 0 
44 52 200 0 
45 18 200 0 
46 56 200 0 
47 51 200 0 
48 58 200 0 
49 22 200 0 
50 47 200 0 
51 16 200 0 
52 92 200 0 
53 16 200 0 
54 31 200 0 
55 37 200 0 
56 100 200 0 
57 6 200 0 
58 33 200 0 
59 68 200 0 
60 15 200 0 
61 77 200 0 
62 60 200 0 
63 12 200 0 
64 16 200 0 
65 91 200 0 
66 7 200 0 
67 60 200 0 
68 72 200 0 
69 80 200 0 
70 59 200 0 
71 38 200 0 
72 56 200 0 
73 89 200 0 
74 50 200 0 
75 92 200 0 
76 72 200 0 
77 87 200 0 
78 79 200 0 
79 96 200 0 
80 20 200 0 
81 93 200 0 
82 3 200 0 
83 20 200 0 
84 7 200 0 
85 45 200 0 
86 72 200 0 
87 39 200 0 
88 32 200 0 
89 46 200 0 
90 26 200 0 
91 21 200 0 
92 77 200 0 
93 27 200 0 
94 47 200 0 
95 77 200 0 
96 5 200 0 
97 55 200 0 
98 47 200 0 
99 4 200 0 
