NAME GBP_INSTANCES\prob_2_A_1_8_0.txt
COMMENT
BINTYPES 3
ITEMS 50
BINS_SECTIONS
0 100 100 0 31 
1 120 120 0 26 
2 150 150 0 21 
ITEMS_SECTIONS
0 66 200 0 
1 64 200 0 
2 53 200 0 
3 74 200 0 
4 89 200 0 
5 53 200 0 
6 36 200 0 
7 33 200 0 
8 37 200 0 
9 63 200 0 
10 28 200 0 
11 99 200 0 
12 92 200 0 
13 31 200 0 
14 43 200 0 
15 51 200 0 
16 96 200 0 
17 77 200 0 
18 35 200 0 
19 85 200 0 
20 36 200 0 
21 24 200 0 
22 31 200 0 
23 62 200 0 
24 21 200 0 
25 90 200 0 
26 57 200 0 
27 60 200 0 
28 44 200 0 
29 99 200 0 
30 60 200 0 
31 80 200 0 
32 73 200 0 
33 78 200 0 
34 93 200 0 
35 22 200 0 
36 39 200 0 
37 80 200 0 
38 85 200 0 
39 28 200 0 
40 27 200 0 
41 70 200 0 
42 46 200 0 
43 79 200 0 
44 82 200 0 
45 65 200 0 
46 76 200 0 
47 45 200 0 
48 96 200 0 
49 73 200 0 
