NAME GBP_INSTANCES\prob_3_B_1_0_0.txt
COMMENT
BINTYPES 5
ITEMS 50
BINS_SECTIONS
0 60 60 0 63 
1 80 80 0 48 
2 100 100 0 38 
3 120 120 0 32 
4 150 150 0 26 
ITEMS_SECTIONS
0 94 200 0 
1 91 200 0 
2 76 200 0 
3 80 200 0 
4 51 200 0 
5 58 200 0 
6 55 200 0 
7 70 200 0 
8 100 200 0 
9 67 200 0 
10 86 200 0 
11 58 200 0 
12 60 200 0 
13 76 200 0 
14 79 200 0 
15 96 200 0 
16 93 200 0 
17 55 200 0 
18 98 200 0 
19 51 200 0 
20 85 200 0 
21 95 200 0 
22 90 200 0 
23 98 200 0 
24 52 200 0 
25 80 200 0 
26 56 200 0 
27 71 200 0 
28 89 200 0 
29 57 200 0 
30 57 200 0 
31 82 200 0 
32 98 200 0 
33 80 200 0 
34 80 200 0 
35 74 200 0 
36 51 200 0 
37 63 200 0 
38 71 200 0 
39 91 200 0 
40 81 200 0 
41 67 200 0 
42 85 200 0 
43 55 200 0 
44 53 200 0 
45 100 200 0 
46 86 200 0 
47 96 200 0 
48 60 200 0 
49 66 200 0 
