NAME GBP_INSTANCES\prob_3_B_4_0_0.txt
COMMENT
BINTYPES 5
ITEMS 500
BINS_SECTIONS
0 60 60 0 632 
1 80 80 0 474 
2 100 100 0 379 
3 120 120 0 316 
4 150 150 0 253 
ITEMS_SECTIONS
0 71 200 0 
1 79 200 0 
2 58 200 0 
3 80 200 0 
4 59 200 0 
5 99 200 0 
6 54 200 0 
7 55 200 0 
8 83 200 0 
9 64 200 0 
10 75 200 0 
11 58 200 0 
12 68 200 0 
13 64 200 0 
14 75 200 0 
15 62 200 0 
16 91 200 0 
17 54 200 0 
18 65 200 0 
19 64 200 0 
20 92 200 0 
21 78 200 0 
22 52 200 0 
23 85 200 0 
24 100 200 0 
25 88 200 0 
26 74 200 0 
27 75 200 0 
28 71 200 0 
29 89 200 0 
30 60 200 0 
31 63 200 0 
32 57 200 0 
33 82 200 0 
34 96 200 0 
35 54 200 0 
36 77 200 0 
37 90 200 0 
38 100 200 0 
39 96 200 0 
40 55 200 0 
41 100 200 0 
42 74 200 0 
43 83 200 0 
44 71 200 0 
45 93 200 0 
46 77 200 0 
47 62 200 0 
48 74 200 0 
49 95 200 0 
50 59 200 0 
51 60 200 0 
52 96 200 0 
53 80 200 0 
54 76 200 0 
55 51 200 0 
56 80 200 0 
57 59 200 0 
58 100 200 0 
59 70 200 0 
60 60 200 0 
61 66 200 0 
62 74 200 0 
63 64 200 0 
64 99 200 0 
65 53 200 0 
66 85 200 0 
67 67 200 0 
68 71 200 0 
69 86 200 0 
70 55 200 0 
71 90 200 0 
72 54 200 0 
73 53 200 0 
74 73 200 0 
75 83 200 0 
76 61 200 0 
77 97 200 0 
78 63 200 0 
79 89 200 0 
80 81 200 0 
81 59 200 0 
82 69 200 0 
83 100 200 0 
84 54 200 0 
85 54 200 0 
86 99 200 0 
87 53 200 0 
88 98 200 0 
89 77 200 0 
90 99 200 0 
91 95 200 0 
92 76 200 0 
93 96 200 0 
94 67 200 0 
95 85 200 0 
96 60 200 0 
97 75 200 0 
98 67 200 0 
99 98 200 0 
100 68 200 0 
101 60 200 0 
102 54 200 0 
103 94 200 0 
104 66 200 0 
105 96 200 0 
106 68 200 0 
107 76 200 0 
108 78 200 0 
109 60 200 0 
110 65 200 0 
111 55 200 0 
112 55 200 0 
113 98 200 0 
114 86 200 0 
115 78 200 0 
116 59 200 0 
117 79 200 0 
118 91 200 0 
119 51 200 0 
120 93 200 0 
121 63 200 0 
122 93 200 0 
123 58 200 0 
124 54 200 0 
125 94 200 0 
126 82 200 0 
127 67 200 0 
128 63 200 0 
129 71 200 0 
130 82 200 0 
131 57 200 0 
132 79 200 0 
133 52 200 0 
134 53 200 0 
135 67 200 0 
136 86 200 0 
137 93 200 0 
138 56 200 0 
139 59 200 0 
140 99 200 0 
141 81 200 0 
142 89 200 0 
143 79 200 0 
144 100 200 0 
145 57 200 0 
146 100 200 0 
147 68 200 0 
148 91 200 0 
149 55 200 0 
150 95 200 0 
151 56 200 0 
152 68 200 0 
153 77 200 0 
154 52 200 0 
155 96 200 0 
156 61 200 0 
157 95 200 0 
158 89 200 0 
159 54 200 0 
160 94 200 0 
161 56 200 0 
162 68 200 0 
163 81 200 0 
164 52 200 0 
165 69 200 0 
166 82 200 0 
167 75 200 0 
168 72 200 0 
169 53 200 0 
170 81 200 0 
171 59 200 0 
172 86 200 0 
173 77 200 0 
174 66 200 0 
175 83 200 0 
176 82 200 0 
177 73 200 0 
178 96 200 0 
179 71 200 0 
180 65 200 0 
181 97 200 0 
182 79 200 0 
183 88 200 0 
184 84 200 0 
185 74 200 0 
186 94 200 0 
187 76 200 0 
188 55 200 0 
189 99 200 0 
190 78 200 0 
191 97 200 0 
192 99 200 0 
193 89 200 0 
194 63 200 0 
195 88 200 0 
196 68 200 0 
197 84 200 0 
198 96 200 0 
199 88 200 0 
200 89 200 0 
201 75 200 0 
202 85 200 0 
203 83 200 0 
204 87 200 0 
205 85 200 0 
206 99 200 0 
207 94 200 0 
208 77 200 0 
209 75 200 0 
210 63 200 0 
211 72 200 0 
212 82 200 0 
213 87 200 0 
214 82 200 0 
215 67 200 0 
216 63 200 0 
217 98 200 0 
218 86 200 0 
219 93 200 0 
220 76 200 0 
221 76 200 0 
222 64 200 0 
223 51 200 0 
224 84 200 0 
225 68 200 0 
226 100 200 0 
227 75 200 0 
228 99 200 0 
229 90 200 0 
230 71 200 0 
231 82 200 0 
232 66 200 0 
233 51 200 0 
234 60 200 0 
235 66 200 0 
236 87 200 0 
237 54 200 0 
238 65 200 0 
239 96 200 0 
240 72 200 0 
241 84 200 0 
242 83 200 0 
243 81 200 0 
244 79 200 0 
245 75 200 0 
246 70 200 0 
247 72 200 0 
248 89 200 0 
249 87 200 0 
250 94 200 0 
251 74 200 0 
252 51 200 0 
253 59 200 0 
254 87 200 0 
255 76 200 0 
256 67 200 0 
257 88 200 0 
258 65 200 0 
259 71 200 0 
260 97 200 0 
261 93 200 0 
262 58 200 0 
263 84 200 0 
264 94 200 0 
265 65 200 0 
266 95 200 0 
267 75 200 0 
268 56 200 0 
269 55 200 0 
270 64 200 0 
271 75 200 0 
272 66 200 0 
273 63 200 0 
274 91 200 0 
275 93 200 0 
276 80 200 0 
277 79 200 0 
278 78 200 0 
279 84 200 0 
280 58 200 0 
281 72 200 0 
282 82 200 0 
283 76 200 0 
284 94 200 0 
285 52 200 0 
286 59 200 0 
287 85 200 0 
288 77 200 0 
289 81 200 0 
290 89 200 0 
291 82 200 0 
292 55 200 0 
293 71 200 0 
294 81 200 0 
295 81 200 0 
296 71 200 0 
297 93 200 0 
298 79 200 0 
299 55 200 0 
300 51 200 0 
301 73 200 0 
302 69 200 0 
303 72 200 0 
304 68 200 0 
305 68 200 0 
306 66 200 0 
307 77 200 0 
308 93 200 0 
309 82 200 0 
310 69 200 0 
311 90 200 0 
312 74 200 0 
313 76 200 0 
314 61 200 0 
315 82 200 0 
316 54 200 0 
317 74 200 0 
318 64 200 0 
319 97 200 0 
320 54 200 0 
321 75 200 0 
322 52 200 0 
323 94 200 0 
324 100 200 0 
325 65 200 0 
326 88 200 0 
327 59 200 0 
328 59 200 0 
329 54 200 0 
330 96 200 0 
331 82 200 0 
332 64 200 0 
333 62 200 0 
334 79 200 0 
335 84 200 0 
336 98 200 0 
337 96 200 0 
338 90 200 0 
339 87 200 0 
340 64 200 0 
341 86 200 0 
342 76 200 0 
343 81 200 0 
344 55 200 0 
345 62 200 0 
346 92 200 0 
347 59 200 0 
348 67 200 0 
349 63 200 0 
350 62 200 0 
351 87 200 0 
352 98 200 0 
353 88 200 0 
354 84 200 0 
355 74 200 0 
356 94 200 0 
357 87 200 0 
358 100 200 0 
359 64 200 0 
360 80 200 0 
361 57 200 0 
362 83 200 0 
363 61 200 0 
364 72 200 0 
365 93 200 0 
366 64 200 0 
367 61 200 0 
368 87 200 0 
369 87 200 0 
370 90 200 0 
371 53 200 0 
372 72 200 0 
373 59 200 0 
374 57 200 0 
375 52 200 0 
376 78 200 0 
377 87 200 0 
378 84 200 0 
379 51 200 0 
380 52 200 0 
381 73 200 0 
382 85 200 0 
383 82 200 0 
384 70 200 0 
385 81 200 0 
386 62 200 0 
387 68 200 0 
388 87 200 0 
389 62 200 0 
390 61 200 0 
391 92 200 0 
392 67 200 0 
393 57 200 0 
394 73 200 0 
395 76 200 0 
396 90 200 0 
397 52 200 0 
398 67 200 0 
399 60 200 0 
400 76 200 0 
401 74 200 0 
402 93 200 0 
403 85 200 0 
404 85 200 0 
405 88 200 0 
406 93 200 0 
407 54 200 0 
408 81 200 0 
409 100 200 0 
410 95 200 0 
411 84 200 0 
412 68 200 0 
413 74 200 0 
414 88 200 0 
415 65 200 0 
416 94 200 0 
417 58 200 0 
418 62 200 0 
419 52 200 0 
420 62 200 0 
421 85 200 0 
422 89 200 0 
423 97 200 0 
424 64 200 0 
425 97 200 0 
426 98 200 0 
427 92 200 0 
428 67 200 0 
429 96 200 0 
430 56 200 0 
431 90 200 0 
432 70 200 0 
433 81 200 0 
434 74 200 0 
435 75 200 0 
436 56 200 0 
437 75 200 0 
438 89 200 0 
439 92 200 0 
440 64 200 0 
441 93 200 0 
442 81 200 0 
443 60 200 0 
444 57 200 0 
445 56 200 0 
446 51 200 0 
447 73 200 0 
448 52 200 0 
449 64 200 0 
450 58 200 0 
451 81 200 0 
452 91 200 0 
453 69 200 0 
454 76 200 0 
455 87 200 0 
456 76 200 0 
457 65 200 0 
458 87 200 0 
459 53 200 0 
460 91 200 0 
461 95 200 0 
462 72 200 0 
463 66 200 0 
464 81 200 0 
465 73 200 0 
466 57 200 0 
467 93 200 0 
468 73 200 0 
469 90 200 0 
470 73 200 0 
471 77 200 0 
472 86 200 0 
473 97 200 0 
474 95 200 0 
475 64 200 0 
476 98 200 0 
477 74 200 0 
478 77 200 0 
479 100 200 0 
480 89 200 0 
481 86 200 0 
482 74 200 0 
483 91 200 0 
484 80 200 0 
485 91 200 0 
486 86 200 0 
487 74 200 0 
488 68 200 0 
489 91 200 0 
490 69 200 0 
491 82 200 0 
492 81 200 0 
493 90 200 0 
494 80 200 0 
495 58 200 0 
496 85 200 0 
497 60 200 0 
498 63 200 0 
499 88 200 0 
