NAME GBP_INSTANCES\prob_2_B_4_9_0.txt
COMMENT
BINTYPES 5
ITEMS 500
BINS_SECTIONS
0 60 60 0 508 
1 80 80 0 381 
2 100 100 0 305 
3 120 120 0 254 
4 150 150 0 203 
ITEMS_SECTIONS
0 51 200 1
1 64 200 1
2 29 200 1
3 49 200 1
4 68 200 1
5 31 200 1
6 76 200 1
7 93 200 1
8 83 200 1
9 60 200 1
10 38 200 1
11 85 200 1
12 58 200 1
13 80 200 1
14 48 200 1
15 79 200 1
16 52 200 1
17 74 200 1
18 67 200 1
19 96 200 1
20 63 200 1
21 34 200 1
22 36 200 1
23 49 200 1
24 41 200 1
25 22 200 1
26 29 200 1
27 57 200 1
28 40 200 1
29 49 200 1
30 40 200 1
31 28 200 1
32 51 200 1
33 61 200 1
34 52 200 1
35 80 200 1
36 61 200 1
37 89 200 1
38 88 200 1
39 48 200 1
40 95 200 1
41 32 200 1
42 25 200 1
43 39 200 1
44 87 200 1
45 22 200 1
46 59 200 1
47 58 200 1
48 45 200 1
49 47 200 1
50 91 200 1
51 91 200 1
52 44 200 1
53 70 200 1
54 44 200 1
55 29 200 1
56 25 200 1
57 77 200 1
58 86 200 1
59 38 200 1
60 55 200 1
61 78 200 1
62 68 200 1
63 89 200 1
64 76 200 1
65 37 200 1
66 95 200 1
67 77 200 1
68 99 200 1
69 24 200 1
70 34 200 1
71 42 200 1
72 52 200 1
73 68 200 1
74 29 200 1
75 57 200 1
76 61 200 1
77 77 200 1
78 62 200 1
79 46 200 1
80 62 200 1
81 50 200 1
82 82 200 1
83 44 200 1
84 88 200 1
85 39 200 1
86 95 200 1
87 34 200 1
88 29 200 1
89 21 200 1
90 52 200 1
91 47 200 1
92 66 200 1
93 21 200 1
94 57 200 1
95 50 200 1
96 28 200 1
97 69 200 1
98 91 200 1
99 78 200 1
100 34 200 1
101 33 200 1
102 82 200 1
103 47 200 1
104 68 200 1
105 93 200 1
106 91 200 1
107 98 200 1
108 35 200 1
109 75 200 1
110 85 200 1
111 47 200 1
112 93 200 1
113 73 200 1
114 91 200 1
115 60 200 1
116 36 200 1
117 27 200 1
118 56 200 1
119 80 200 1
120 56 200 1
121 51 200 1
122 45 200 1
123 68 200 1
124 78 200 1
125 43 200 1
126 96 200 1
127 80 200 1
128 65 200 1
129 64 200 1
130 50 200 1
131 91 200 1
132 95 200 1
133 95 200 1
134 38 200 1
135 45 200 1
136 38 200 1
137 21 200 1
138 90 200 1
139 93 200 1
140 44 200 1
141 34 200 1
142 34 200 1
143 74 200 1
144 66 200 1
145 97 200 1
146 87 200 1
147 48 200 1
148 25 200 1
149 71 200 1
150 74 200 1
151 31 200 1
152 51 200 1
153 35 200 1
154 24 200 1
155 55 200 1
156 71 200 1
157 96 200 1
158 67 200 1
159 34 200 1
160 45 200 1
161 74 200 1
162 59 200 1
163 89 200 1
164 86 200 1
165 61 200 1
166 68 200 1
167 22 200 1
168 32 200 1
169 69 200 1
170 62 200 1
171 96 200 1
172 97 200 1
173 81 200 1
174 94 200 1
175 67 200 1
176 86 200 1
177 88 200 1
178 34 200 1
179 46 200 1
180 91 200 1
181 73 200 1
182 91 200 1
183 79 200 1
184 51 200 1
185 66 200 1
186 24 200 1
187 86 200 1
188 86 200 1
189 79 200 1
190 55 200 1
191 96 200 1
192 81 200 1
193 60 200 1
194 42 200 1
195 94 200 1
196 34 200 1
197 47 200 1
198 53 200 1
199 54 200 1
200 58 200 1
201 48 200 1
202 42 200 1
203 52 200 1
204 23 200 1
205 48 200 1
206 85 200 1
207 52 200 1
208 36 200 1
209 81 200 1
210 58 200 1
211 60 200 1
212 85 200 1
213 44 200 1
214 88 200 1
215 21 200 1
216 35 200 1
217 66 200 1
218 77 200 1
219 50 200 1
220 59 200 1
221 81 200 1
222 98 200 1
223 58 200 1
224 65 200 1
225 50 200 1
226 80 200 1
227 96 200 1
228 97 200 1
229 37 200 1
230 72 200 1
231 64 200 1
232 63 200 1
233 70 200 1
234 61 200 1
235 32 200 1
236 27 200 1
237 38 200 1
238 25 200 1
239 64 200 1
240 56 200 1
241 98 200 1
242 37 200 1
243 64 200 1
244 77 200 1
245 22 200 1
246 83 200 1
247 66 200 1
248 77 200 1
249 22 200 1
250 54 200 1
251 41 200 1
252 65 200 1
253 56 200 1
254 35 200 1
255 36 200 1
256 66 200 1
257 61 200 1
258 95 200 1
259 51 200 1
260 96 200 1
261 43 200 1
262 81 200 1
263 61 200 1
264 90 200 1
265 80 200 1
266 68 200 1
267 75 200 1
268 52 200 1
269 98 200 1
270 51 200 1
271 65 200 1
272 64 200 1
273 68 200 1
274 91 200 1
275 76 200 1
276 36 200 1
277 71 200 1
278 51 200 1
279 26 200 1
280 28 200 1
281 72 200 1
282 61 200 1
283 41 200 1
284 75 200 1
285 65 200 1
286 59 200 1
287 77 200 1
288 90 200 1
289 94 200 1
290 82 200 1
291 43 200 1
292 66 200 1
293 24 200 1
294 76 200 1
295 64 200 1
296 39 200 1
297 87 200 1
298 88 200 1
299 26 200 1
300 100 200 1
301 65 200 1
302 97 200 1
303 24 200 1
304 76 200 1
305 68 200 1
306 95 200 1
307 87 200 1
308 66 200 1
309 45 200 1
310 85 200 1
311 43 200 1
312 80 200 1
313 100 200 1
314 45 200 1
315 81 200 1
316 40 200 1
317 40 200 1
318 84 200 1
319 74 200 1
320 82 200 1
321 62 200 1
322 37 200 1
323 45 200 1
324 21 200 1
325 47 200 1
326 87 200 1
327 98 200 1
328 70 200 1
329 88 200 1
330 66 200 1
331 99 200 1
332 67 200 1
333 41 200 1
334 53 200 1
335 79 200 1
336 43 200 1
337 82 200 1
338 83 200 1
339 50 200 1
340 90 200 1
341 64 200 1
342 75 200 1
343 27 200 1
344 39 200 1
345 56 200 1
346 28 200 1
347 78 200 1
348 44 200 1
349 96 200 1
350 58 200 1
351 89 200 1
352 82 200 1
353 21 200 1
354 30 200 1
355 76 200 1
356 33 200 1
357 45 200 1
358 23 200 1
359 36 200 1
360 38 200 1
361 69 200 1
362 24 200 1
363 75 200 1
364 71 200 1
365 79 200 1
366 88 200 1
367 55 200 1
368 97 200 1
369 83 200 1
370 85 200 1
371 50 200 1
372 87 200 1
373 36 200 1
374 30 200 1
375 53 200 1
376 49 200 1
377 40 200 1
378 31 200 1
379 77 200 1
380 74 200 1
381 59 200 1
382 50 200 1
383 28 200 1
384 71 200 1
385 98 200 1
386 53 200 1
387 42 200 1
388 70 200 1
389 60 200 1
390 73 200 1
391 77 200 1
392 56 200 1
393 82 200 1
394 60 200 1
395 24 200 1
396 43 200 1
397 96 200 1
398 88 200 1
399 23 200 1
400 65 200 1
401 30 200 1
402 50 200 1
403 56 200 1
404 95 200 1
405 57 200 1
406 75 200 1
407 46 200 1
408 34 200 1
409 57 200 1
410 69 200 1
411 89 200 1
412 91 200 1
413 22 200 1
414 84 200 1
415 50 200 1
416 44 200 1
417 86 200 1
418 91 200 1
419 58 200 1
420 78 200 1
421 81 200 1
422 59 200 1
423 29 200 1
424 96 200 1
425 87 200 1
426 30 200 1
427 61 200 1
428 54 200 1
429 38 200 1
430 56 200 1
431 63 200 1
432 32 200 1
433 30 200 1
434 82 200 1
435 87 200 1
436 49 200 1
437 89 200 1
438 53 200 1
439 97 200 1
440 91 200 1
441 23 200 1
442 80 200 1
443 96 200 1
444 34 200 1
445 22 200 1
446 63 200 1
447 75 200 1
448 96 200 1
449 86 200 1
450 49 200 1
451 46 200 1
452 61 200 1
453 46 200 1
454 84 200 1
455 28 200 1
456 66 200 1
457 33 200 1
458 29 200 1
459 30 200 1
460 73 200 1
461 39 200 1
462 35 200 1
463 22 200 1
464 22 200 1
465 97 200 1
466 47 200 1
467 49 200 1
468 22 200 1
469 42 200 1
470 84 200 1
471 65 200 1
472 100 200 1
473 77 200 1
474 75 200 1
475 45 200 1
476 60 200 1
477 49 200 1
478 86 200 1
479 36 200 1
480 99 200 1
481 26 200 1
482 70 200 1
483 54 200 1
484 81 200 1
485 78 200 1
486 46 200 1
487 57 200 1
488 52 200 1
489 93 200 1
490 68 200 1
491 62 200 1
492 45 200 1
493 21 200 1
494 22 200 1
495 75 200 1
496 74 200 1
497 73 200 1
498 43 200 1
499 53 200 1
