NAME GBP_INSTANCES\prob_1_A_1_0_0.txt
COMMENT
BINTYPES 3
ITEMS 50
BINS_SECTIONS
0 100 100 0 22 
1 120 120 0 19 
2 150 150 0 15 
ITEMS_SECTIONS
0 4 200 1
1 64 200 1
2 92 200 1
3 39 200 1
4 74 200 1
5 41 200 1
6 99 200 1
7 61 200 1
8 13 200 1
9 23 200 1
10 81 200 1
11 88 200 1
12 75 200 1
13 3 200 1
14 75 200 1
15 43 200 1
16 37 200 1
17 22 200 1
18 20 200 1
19 9 200 1
20 13 200 1
21 17 200 1
22 80 200 1
23 5 200 1
24 80 200 1
25 61 200 1
26 41 200 1
27 24 200 1
28 20 200 1
29 62 200 1
30 34 200 1
31 61 200 1
32 97 200 1
33 39 200 1
34 20 200 1
35 31 200 1
36 7 200 1
37 16 200 1
38 3 200 1
39 89 200 1
40 96 200 1
41 63 200 1
42 96 200 1
43 64 200 1
44 5 200 1
45 36 200 1
46 16 200 1
47 12 200 1
48 21 200 1
49 10 200 1
