NAME GBP_INSTANCES\prob_3_B_4_5_0.txt
COMMENT
BINTYPES 5
ITEMS 500
BINS_SECTIONS
0 60 60 0 628 
1 80 80 0 471 
2 100 100 0 377 
3 120 120 0 314 
4 150 150 0 251 
ITEMS_SECTIONS
0 100 200 0 
1 91 200 0 
2 70 200 0 
3 73 200 0 
4 81 200 0 
5 96 200 0 
6 90 200 0 
7 95 200 0 
8 55 200 0 
9 74 200 0 
10 86 200 0 
11 73 200 0 
12 73 200 0 
13 98 200 0 
14 67 200 0 
15 67 200 0 
16 64 200 0 
17 79 200 0 
18 73 200 0 
19 55 200 0 
20 98 200 0 
21 97 200 0 
22 59 200 0 
23 93 200 0 
24 99 200 0 
25 70 200 0 
26 79 200 0 
27 79 200 0 
28 89 200 0 
29 60 200 0 
30 62 200 0 
31 100 200 0 
32 84 200 0 
33 82 200 0 
34 53 200 0 
35 63 200 0 
36 64 200 0 
37 55 200 0 
38 75 200 0 
39 54 200 0 
40 93 200 0 
41 57 200 0 
42 75 200 0 
43 99 200 0 
44 67 200 0 
45 96 200 0 
46 56 200 0 
47 56 200 0 
48 95 200 0 
49 87 200 0 
50 79 200 0 
51 83 200 0 
52 66 200 0 
53 99 200 0 
54 62 200 0 
55 66 200 0 
56 91 200 0 
57 80 200 0 
58 71 200 0 
59 71 200 0 
60 81 200 0 
61 53 200 0 
62 90 200 0 
63 84 200 0 
64 94 200 0 
65 98 200 0 
66 90 200 0 
67 100 200 0 
68 65 200 0 
69 69 200 0 
70 61 200 0 
71 55 200 0 
72 55 200 0 
73 58 200 0 
74 60 200 0 
75 74 200 0 
76 76 200 0 
77 93 200 0 
78 94 200 0 
79 98 200 0 
80 82 200 0 
81 55 200 0 
82 91 200 0 
83 75 200 0 
84 89 200 0 
85 83 200 0 
86 78 200 0 
87 95 200 0 
88 100 200 0 
89 54 200 0 
90 69 200 0 
91 90 200 0 
92 59 200 0 
93 66 200 0 
94 84 200 0 
95 52 200 0 
96 60 200 0 
97 51 200 0 
98 94 200 0 
99 56 200 0 
100 74 200 0 
101 54 200 0 
102 73 200 0 
103 83 200 0 
104 86 200 0 
105 98 200 0 
106 55 200 0 
107 77 200 0 
108 96 200 0 
109 80 200 0 
110 51 200 0 
111 53 200 0 
112 71 200 0 
113 54 200 0 
114 60 200 0 
115 54 200 0 
116 61 200 0 
117 60 200 0 
118 57 200 0 
119 53 200 0 
120 63 200 0 
121 100 200 0 
122 97 200 0 
123 89 200 0 
124 52 200 0 
125 64 200 0 
126 60 200 0 
127 81 200 0 
128 96 200 0 
129 72 200 0 
130 98 200 0 
131 57 200 0 
132 88 200 0 
133 64 200 0 
134 85 200 0 
135 100 200 0 
136 65 200 0 
137 70 200 0 
138 92 200 0 
139 92 200 0 
140 86 200 0 
141 93 200 0 
142 93 200 0 
143 59 200 0 
144 95 200 0 
145 74 200 0 
146 55 200 0 
147 100 200 0 
148 85 200 0 
149 81 200 0 
150 98 200 0 
151 93 200 0 
152 52 200 0 
153 91 200 0 
154 99 200 0 
155 82 200 0 
156 97 200 0 
157 53 200 0 
158 87 200 0 
159 73 200 0 
160 52 200 0 
161 59 200 0 
162 61 200 0 
163 84 200 0 
164 66 200 0 
165 98 200 0 
166 70 200 0 
167 98 200 0 
168 57 200 0 
169 81 200 0 
170 80 200 0 
171 57 200 0 
172 64 200 0 
173 60 200 0 
174 86 200 0 
175 86 200 0 
176 71 200 0 
177 72 200 0 
178 73 200 0 
179 95 200 0 
180 76 200 0 
181 92 200 0 
182 97 200 0 
183 96 200 0 
184 76 200 0 
185 69 200 0 
186 97 200 0 
187 84 200 0 
188 93 200 0 
189 81 200 0 
190 78 200 0 
191 62 200 0 
192 65 200 0 
193 75 200 0 
194 66 200 0 
195 73 200 0 
196 81 200 0 
197 97 200 0 
198 98 200 0 
199 51 200 0 
200 65 200 0 
201 57 200 0 
202 51 200 0 
203 66 200 0 
204 59 200 0 
205 100 200 0 
206 94 200 0 
207 82 200 0 
208 55 200 0 
209 69 200 0 
210 81 200 0 
211 78 200 0 
212 61 200 0 
213 77 200 0 
214 99 200 0 
215 76 200 0 
216 80 200 0 
217 93 200 0 
218 83 200 0 
219 65 200 0 
220 100 200 0 
221 89 200 0 
222 98 200 0 
223 62 200 0 
224 57 200 0 
225 54 200 0 
226 67 200 0 
227 64 200 0 
228 62 200 0 
229 92 200 0 
230 88 200 0 
231 59 200 0 
232 75 200 0 
233 90 200 0 
234 60 200 0 
235 66 200 0 
236 61 200 0 
237 74 200 0 
238 81 200 0 
239 74 200 0 
240 85 200 0 
241 56 200 0 
242 73 200 0 
243 92 200 0 
244 77 200 0 
245 66 200 0 
246 98 200 0 
247 74 200 0 
248 93 200 0 
249 90 200 0 
250 74 200 0 
251 99 200 0 
252 89 200 0 
253 59 200 0 
254 57 200 0 
255 65 200 0 
256 86 200 0 
257 93 200 0 
258 94 200 0 
259 52 200 0 
260 52 200 0 
261 58 200 0 
262 58 200 0 
263 54 200 0 
264 61 200 0 
265 89 200 0 
266 84 200 0 
267 59 200 0 
268 73 200 0 
269 88 200 0 
270 56 200 0 
271 71 200 0 
272 89 200 0 
273 92 200 0 
274 64 200 0 
275 83 200 0 
276 71 200 0 
277 79 200 0 
278 85 200 0 
279 61 200 0 
280 83 200 0 
281 52 200 0 
282 61 200 0 
283 68 200 0 
284 91 200 0 
285 67 200 0 
286 67 200 0 
287 94 200 0 
288 97 200 0 
289 60 200 0 
290 99 200 0 
291 87 200 0 
292 55 200 0 
293 62 200 0 
294 75 200 0 
295 99 200 0 
296 83 200 0 
297 82 200 0 
298 77 200 0 
299 53 200 0 
300 55 200 0 
301 86 200 0 
302 80 200 0 
303 60 200 0 
304 79 200 0 
305 51 200 0 
306 92 200 0 
307 54 200 0 
308 52 200 0 
309 80 200 0 
310 100 200 0 
311 88 200 0 
312 51 200 0 
313 89 200 0 
314 56 200 0 
315 56 200 0 
316 51 200 0 
317 80 200 0 
318 85 200 0 
319 100 200 0 
320 68 200 0 
321 87 200 0 
322 56 200 0 
323 74 200 0 
324 84 200 0 
325 63 200 0 
326 52 200 0 
327 82 200 0 
328 85 200 0 
329 62 200 0 
330 62 200 0 
331 60 200 0 
332 83 200 0 
333 57 200 0 
334 60 200 0 
335 59 200 0 
336 52 200 0 
337 75 200 0 
338 70 200 0 
339 61 200 0 
340 90 200 0 
341 73 200 0 
342 83 200 0 
343 87 200 0 
344 86 200 0 
345 80 200 0 
346 97 200 0 
347 51 200 0 
348 70 200 0 
349 58 200 0 
350 69 200 0 
351 67 200 0 
352 67 200 0 
353 76 200 0 
354 67 200 0 
355 71 200 0 
356 66 200 0 
357 63 200 0 
358 53 200 0 
359 76 200 0 
360 99 200 0 
361 90 200 0 
362 90 200 0 
363 95 200 0 
364 89 200 0 
365 82 200 0 
366 53 200 0 
367 63 200 0 
368 93 200 0 
369 74 200 0 
370 84 200 0 
371 67 200 0 
372 65 200 0 
373 55 200 0 
374 70 200 0 
375 67 200 0 
376 62 200 0 
377 69 200 0 
378 94 200 0 
379 99 200 0 
380 65 200 0 
381 51 200 0 
382 75 200 0 
383 56 200 0 
384 96 200 0 
385 94 200 0 
386 52 200 0 
387 92 200 0 
388 86 200 0 
389 54 200 0 
390 89 200 0 
391 81 200 0 
392 92 200 0 
393 95 200 0 
394 81 200 0 
395 81 200 0 
396 69 200 0 
397 83 200 0 
398 63 200 0 
399 99 200 0 
400 72 200 0 
401 73 200 0 
402 93 200 0 
403 87 200 0 
404 69 200 0 
405 68 200 0 
406 98 200 0 
407 69 200 0 
408 89 200 0 
409 68 200 0 
410 81 200 0 
411 96 200 0 
412 60 200 0 
413 54 200 0 
414 56 200 0 
415 58 200 0 
416 91 200 0 
417 76 200 0 
418 58 200 0 
419 57 200 0 
420 91 200 0 
421 73 200 0 
422 70 200 0 
423 76 200 0 
424 68 200 0 
425 73 200 0 
426 82 200 0 
427 94 200 0 
428 79 200 0 
429 75 200 0 
430 94 200 0 
431 75 200 0 
432 93 200 0 
433 66 200 0 
434 79 200 0 
435 92 200 0 
436 55 200 0 
437 90 200 0 
438 100 200 0 
439 63 200 0 
440 63 200 0 
441 56 200 0 
442 66 200 0 
443 97 200 0 
444 92 200 0 
445 53 200 0 
446 65 200 0 
447 93 200 0 
448 78 200 0 
449 74 200 0 
450 55 200 0 
451 87 200 0 
452 89 200 0 
453 97 200 0 
454 54 200 0 
455 71 200 0 
456 65 200 0 
457 86 200 0 
458 61 200 0 
459 63 200 0 
460 86 200 0 
461 66 200 0 
462 97 200 0 
463 74 200 0 
464 100 200 0 
465 64 200 0 
466 100 200 0 
467 57 200 0 
468 85 200 0 
469 98 200 0 
470 59 200 0 
471 98 200 0 
472 67 200 0 
473 79 200 0 
474 79 200 0 
475 59 200 0 
476 59 200 0 
477 76 200 0 
478 53 200 0 
479 64 200 0 
480 65 200 0 
481 57 200 0 
482 85 200 0 
483 61 200 0 
484 99 200 0 
485 96 200 0 
486 99 200 0 
487 56 200 0 
488 58 200 0 
489 64 200 0 
490 62 200 0 
491 75 200 0 
492 67 200 0 
493 54 200 0 
494 73 200 0 
495 64 200 0 
496 70 200 0 
497 96 200 0 
498 84 200 0 
499 64 200 0 
