NAME GBP_INSTANCES\prob_2_A_4_6_0.txt
COMMENT
BINTYPES 3
ITEMS 500
BINS_SECTIONS
0 100 100 0 303 
1 120 120 0 253 
2 150 150 0 202 
ITEMS_SECTIONS
0 97 200 1
1 92 200 1
2 92 200 1
3 26 200 1
4 85 200 1
5 59 200 1
6 99 200 1
7 35 200 1
8 71 200 1
9 79 200 1
10 87 200 1
11 72 200 1
12 27 200 1
13 55 200 1
14 85 200 1
15 99 200 1
16 64 200 1
17 57 200 1
18 65 200 1
19 55 200 1
20 90 200 1
21 23 200 1
22 27 200 1
23 99 200 1
24 78 200 1
25 66 200 1
26 89 200 1
27 41 200 1
28 51 200 1
29 68 200 1
30 97 200 1
31 29 200 1
32 81 200 1
33 91 200 1
34 32 200 1
35 47 200 1
36 34 200 1
37 47 200 1
38 84 200 1
39 28 200 1
40 85 200 1
41 82 200 1
42 87 200 1
43 93 200 1
44 60 200 1
45 36 200 1
46 53 200 1
47 43 200 1
48 53 200 1
49 72 200 1
50 60 200 1
51 41 200 1
52 72 200 1
53 30 200 1
54 37 200 1
55 83 200 1
56 34 200 1
57 92 200 1
58 96 200 1
59 28 200 1
60 24 200 1
61 68 200 1
62 36 200 1
63 33 200 1
64 54 200 1
65 37 200 1
66 31 200 1
67 46 200 1
68 45 200 1
69 76 200 1
70 84 200 1
71 40 200 1
72 67 200 1
73 36 200 1
74 99 200 1
75 32 200 1
76 31 200 1
77 54 200 1
78 73 200 1
79 66 200 1
80 72 200 1
81 56 200 1
82 25 200 1
83 71 200 1
84 28 200 1
85 51 200 1
86 39 200 1
87 22 200 1
88 39 200 1
89 99 200 1
90 33 200 1
91 65 200 1
92 41 200 1
93 98 200 1
94 44 200 1
95 90 200 1
96 86 200 1
97 99 200 1
98 76 200 1
99 75 200 1
100 80 200 1
101 85 200 1
102 46 200 1
103 47 200 1
104 67 200 1
105 22 200 1
106 23 200 1
107 50 200 1
108 31 200 1
109 67 200 1
110 75 200 1
111 44 200 1
112 49 200 1
113 64 200 1
114 76 200 1
115 72 200 1
116 77 200 1
117 47 200 1
118 87 200 1
119 64 200 1
120 41 200 1
121 90 200 1
122 50 200 1
123 65 200 1
124 71 200 1
125 21 200 1
126 43 200 1
127 49 200 1
128 45 200 1
129 53 200 1
130 91 200 1
131 91 200 1
132 99 200 1
133 57 200 1
134 54 200 1
135 54 200 1
136 92 200 1
137 47 200 1
138 100 200 1
139 51 200 1
140 70 200 1
141 83 200 1
142 49 200 1
143 37 200 1
144 32 200 1
145 75 200 1
146 26 200 1
147 37 200 1
148 100 200 1
149 28 200 1
150 56 200 1
151 69 200 1
152 25 200 1
153 79 200 1
154 75 200 1
155 86 200 1
156 85 200 1
157 68 200 1
158 89 200 1
159 24 200 1
160 76 200 1
161 83 200 1
162 99 200 1
163 43 200 1
164 60 200 1
165 25 200 1
166 91 200 1
167 94 200 1
168 27 200 1
169 48 200 1
170 25 200 1
171 89 200 1
172 75 200 1
173 75 200 1
174 41 200 1
175 55 200 1
176 23 200 1
177 77 200 1
178 27 200 1
179 24 200 1
180 53 200 1
181 49 200 1
182 36 200 1
183 83 200 1
184 96 200 1
185 84 200 1
186 54 200 1
187 95 200 1
188 47 200 1
189 36 200 1
190 57 200 1
191 79 200 1
192 44 200 1
193 60 200 1
194 60 200 1
195 23 200 1
196 78 200 1
197 69 200 1
198 36 200 1
199 65 200 1
200 34 200 1
201 49 200 1
202 72 200 1
203 44 200 1
204 50 200 1
205 66 200 1
206 74 200 1
207 54 200 1
208 66 200 1
209 65 200 1
210 87 200 1
211 81 200 1
212 50 200 1
213 54 200 1
214 95 200 1
215 99 200 1
216 74 200 1
217 52 200 1
218 28 200 1
219 48 200 1
220 81 200 1
221 92 200 1
222 41 200 1
223 63 200 1
224 87 200 1
225 25 200 1
226 30 200 1
227 32 200 1
228 26 200 1
229 77 200 1
230 65 200 1
231 56 200 1
232 72 200 1
233 79 200 1
234 54 200 1
235 25 200 1
236 77 200 1
237 45 200 1
238 70 200 1
239 99 200 1
240 79 200 1
241 42 200 1
242 71 200 1
243 85 200 1
244 41 200 1
245 33 200 1
246 38 200 1
247 58 200 1
248 58 200 1
249 99 200 1
250 59 200 1
251 46 200 1
252 67 200 1
253 48 200 1
254 29 200 1
255 95 200 1
256 64 200 1
257 22 200 1
258 84 200 1
259 60 200 1
260 93 200 1
261 63 200 1
262 93 200 1
263 21 200 1
264 60 200 1
265 98 200 1
266 39 200 1
267 47 200 1
268 77 200 1
269 48 200 1
270 88 200 1
271 40 200 1
272 99 200 1
273 98 200 1
274 24 200 1
275 57 200 1
276 56 200 1
277 27 200 1
278 49 200 1
279 89 200 1
280 24 200 1
281 26 200 1
282 65 200 1
283 98 200 1
284 44 200 1
285 85 200 1
286 70 200 1
287 81 200 1
288 31 200 1
289 26 200 1
290 75 200 1
291 83 200 1
292 68 200 1
293 91 200 1
294 92 200 1
295 22 200 1
296 33 200 1
297 71 200 1
298 34 200 1
299 34 200 1
300 45 200 1
301 81 200 1
302 83 200 1
303 78 200 1
304 41 200 1
305 91 200 1
306 85 200 1
307 86 200 1
308 42 200 1
309 40 200 1
310 48 200 1
311 28 200 1
312 65 200 1
313 44 200 1
314 60 200 1
315 42 200 1
316 48 200 1
317 31 200 1
318 28 200 1
319 32 200 1
320 80 200 1
321 99 200 1
322 32 200 1
323 64 200 1
324 56 200 1
325 29 200 1
326 90 200 1
327 69 200 1
328 61 200 1
329 51 200 1
330 62 200 1
331 55 200 1
332 57 200 1
333 33 200 1
334 69 200 1
335 38 200 1
336 95 200 1
337 46 200 1
338 94 200 1
339 92 200 1
340 22 200 1
341 47 200 1
342 93 200 1
343 58 200 1
344 73 200 1
345 48 200 1
346 77 200 1
347 21 200 1
348 31 200 1
349 81 200 1
350 65 200 1
351 70 200 1
352 22 200 1
353 69 200 1
354 82 200 1
355 35 200 1
356 78 200 1
357 35 200 1
358 96 200 1
359 40 200 1
360 96 200 1
361 100 200 1
362 86 200 1
363 90 200 1
364 25 200 1
365 86 200 1
366 38 200 1
367 95 200 1
368 91 200 1
369 75 200 1
370 67 200 1
371 59 200 1
372 97 200 1
373 68 200 1
374 60 200 1
375 70 200 1
376 57 200 1
377 23 200 1
378 87 200 1
379 88 200 1
380 25 200 1
381 78 200 1
382 83 200 1
383 22 200 1
384 24 200 1
385 93 200 1
386 50 200 1
387 96 200 1
388 76 200 1
389 74 200 1
390 93 200 1
391 78 200 1
392 45 200 1
393 46 200 1
394 84 200 1
395 24 200 1
396 97 200 1
397 66 200 1
398 39 200 1
399 51 200 1
400 57 200 1
401 60 200 1
402 36 200 1
403 39 200 1
404 47 200 1
405 93 200 1
406 42 200 1
407 62 200 1
408 62 200 1
409 43 200 1
410 77 200 1
411 42 200 1
412 57 200 1
413 73 200 1
414 38 200 1
415 64 200 1
416 53 200 1
417 95 200 1
418 98 200 1
419 91 200 1
420 67 200 1
421 78 200 1
422 43 200 1
423 37 200 1
424 92 200 1
425 44 200 1
426 53 200 1
427 50 200 1
428 21 200 1
429 86 200 1
430 97 200 1
431 55 200 1
432 55 200 1
433 47 200 1
434 53 200 1
435 72 200 1
436 48 200 1
437 78 200 1
438 30 200 1
439 62 200 1
440 91 200 1
441 25 200 1
442 53 200 1
443 70 200 1
444 74 200 1
445 84 200 1
446 25 200 1
447 78 200 1
448 31 200 1
449 86 200 1
450 86 200 1
451 95 200 1
452 66 200 1
453 28 200 1
454 46 200 1
455 35 200 1
456 59 200 1
457 98 200 1
458 86 200 1
459 29 200 1
460 22 200 1
461 69 200 1
462 57 200 1
463 42 200 1
464 27 200 1
465 92 200 1
466 26 200 1
467 27 200 1
468 33 200 1
469 25 200 1
470 72 200 1
471 42 200 1
472 27 200 1
473 58 200 1
474 38 200 1
475 27 200 1
476 99 200 1
477 97 200 1
478 37 200 1
479 55 200 1
480 78 200 1
481 86 200 1
482 51 200 1
483 89 200 1
484 86 200 1
485 31 200 1
486 98 200 1
487 61 200 1
488 48 200 1
489 58 200 1
490 57 200 1
491 49 200 1
492 81 200 1
493 65 200 1
494 59 200 1
495 58 200 1
496 34 200 1
497 98 200 1
498 41 200 1
499 78 200 1
