NAME GBP_INSTANCES\prob_3_B_1_9_0.txt
COMMENT
BINTYPES 5
ITEMS 50
BINS_SECTIONS
0 60 60 0 66 
1 80 80 0 50 
2 100 100 0 40 
3 120 120 0 33 
4 150 150 0 27 
ITEMS_SECTIONS
0 66 200 0 
1 90 200 0 
2 100 200 0 
3 77 200 0 
4 79 200 0 
5 81 200 0 
6 78 200 0 
7 84 200 0 
8 96 200 0 
9 60 200 0 
10 96 200 0 
11 83 200 0 
12 72 200 0 
13 80 200 0 
14 61 200 0 
15 87 200 0 
16 55 200 0 
17 64 200 0 
18 92 200 0 
19 84 200 0 
20 74 200 0 
21 76 200 0 
22 94 200 0 
23 91 200 0 
24 79 200 0 
25 60 200 0 
26 93 200 0 
27 81 200 0 
28 51 200 0 
29 85 200 0 
30 78 200 0 
31 62 200 0 
32 51 200 0 
33 93 200 0 
34 57 200 0 
35 90 200 0 
36 91 200 0 
37 85 200 0 
38 56 200 0 
39 79 200 0 
40 77 200 0 
41 97 200 0 
42 84 200 0 
43 72 200 0 
44 97 200 0 
45 99 200 0 
46 93 200 0 
47 63 200 0 
48 95 200 0 
49 64 200 0 
