NAME GBP_INSTANCES\prob_3_A_4_2_0.txt
COMMENT
BINTYPES 3
ITEMS 500
BINS_SECTIONS
0 100 100 0 374 
1 120 120 0 312 
2 150 150 0 250 
ITEMS_SECTIONS
0 86 200 0 
1 53 200 0 
2 98 200 0 
3 52 200 0 
4 79 200 0 
5 51 200 0 
6 74 200 0 
7 51 200 0 
8 60 200 0 
9 86 200 0 
10 81 200 0 
11 61 200 0 
12 72 200 0 
13 92 200 0 
14 68 200 0 
15 59 200 0 
16 82 200 0 
17 70 200 0 
18 86 200 0 
19 86 200 0 
20 64 200 0 
21 64 200 0 
22 54 200 0 
23 66 200 0 
24 51 200 0 
25 55 200 0 
26 86 200 0 
27 64 200 0 
28 94 200 0 
29 66 200 0 
30 55 200 0 
31 65 200 0 
32 99 200 0 
33 85 200 0 
34 99 200 0 
35 96 200 0 
36 66 200 0 
37 60 200 0 
38 75 200 0 
39 83 200 0 
40 55 200 0 
41 64 200 0 
42 93 200 0 
43 57 200 0 
44 87 200 0 
45 64 200 0 
46 100 200 0 
47 54 200 0 
48 51 200 0 
49 85 200 0 
50 88 200 0 
51 78 200 0 
52 97 200 0 
53 71 200 0 
54 98 200 0 
55 58 200 0 
56 76 200 0 
57 77 200 0 
58 99 200 0 
59 89 200 0 
60 86 200 0 
61 81 200 0 
62 55 200 0 
63 72 200 0 
64 72 200 0 
65 74 200 0 
66 70 200 0 
67 89 200 0 
68 69 200 0 
69 100 200 0 
70 62 200 0 
71 100 200 0 
72 68 200 0 
73 53 200 0 
74 61 200 0 
75 78 200 0 
76 92 200 0 
77 66 200 0 
78 92 200 0 
79 69 200 0 
80 68 200 0 
81 87 200 0 
82 69 200 0 
83 61 200 0 
84 87 200 0 
85 85 200 0 
86 73 200 0 
87 86 200 0 
88 74 200 0 
89 71 200 0 
90 96 200 0 
91 75 200 0 
92 71 200 0 
93 91 200 0 
94 52 200 0 
95 75 200 0 
96 56 200 0 
97 63 200 0 
98 62 200 0 
99 72 200 0 
100 89 200 0 
101 73 200 0 
102 53 200 0 
103 77 200 0 
104 70 200 0 
105 97 200 0 
106 64 200 0 
107 87 200 0 
108 97 200 0 
109 69 200 0 
110 83 200 0 
111 66 200 0 
112 60 200 0 
113 60 200 0 
114 72 200 0 
115 61 200 0 
116 95 200 0 
117 84 200 0 
118 77 200 0 
119 93 200 0 
120 62 200 0 
121 98 200 0 
122 74 200 0 
123 93 200 0 
124 96 200 0 
125 71 200 0 
126 88 200 0 
127 84 200 0 
128 51 200 0 
129 76 200 0 
130 62 200 0 
131 52 200 0 
132 98 200 0 
133 84 200 0 
134 74 200 0 
135 76 200 0 
136 77 200 0 
137 70 200 0 
138 66 200 0 
139 65 200 0 
140 89 200 0 
141 99 200 0 
142 70 200 0 
143 53 200 0 
144 99 200 0 
145 67 200 0 
146 77 200 0 
147 68 200 0 
148 57 200 0 
149 51 200 0 
150 66 200 0 
151 64 200 0 
152 59 200 0 
153 96 200 0 
154 65 200 0 
155 83 200 0 
156 84 200 0 
157 99 200 0 
158 69 200 0 
159 51 200 0 
160 56 200 0 
161 66 200 0 
162 91 200 0 
163 54 200 0 
164 92 200 0 
165 96 200 0 
166 63 200 0 
167 54 200 0 
168 57 200 0 
169 76 200 0 
170 67 200 0 
171 59 200 0 
172 75 200 0 
173 87 200 0 
174 63 200 0 
175 77 200 0 
176 58 200 0 
177 100 200 0 
178 99 200 0 
179 90 200 0 
180 79 200 0 
181 76 200 0 
182 59 200 0 
183 77 200 0 
184 79 200 0 
185 85 200 0 
186 88 200 0 
187 51 200 0 
188 79 200 0 
189 59 200 0 
190 59 200 0 
191 70 200 0 
192 65 200 0 
193 64 200 0 
194 60 200 0 
195 68 200 0 
196 92 200 0 
197 73 200 0 
198 71 200 0 
199 60 200 0 
200 75 200 0 
201 99 200 0 
202 54 200 0 
203 84 200 0 
204 87 200 0 
205 68 200 0 
206 84 200 0 
207 78 200 0 
208 58 200 0 
209 82 200 0 
210 91 200 0 
211 53 200 0 
212 95 200 0 
213 51 200 0 
214 86 200 0 
215 51 200 0 
216 87 200 0 
217 61 200 0 
218 97 200 0 
219 69 200 0 
220 51 200 0 
221 89 200 0 
222 83 200 0 
223 77 200 0 
224 76 200 0 
225 82 200 0 
226 62 200 0 
227 55 200 0 
228 90 200 0 
229 86 200 0 
230 56 200 0 
231 84 200 0 
232 93 200 0 
233 51 200 0 
234 98 200 0 
235 71 200 0 
236 81 200 0 
237 84 200 0 
238 62 200 0 
239 90 200 0 
240 68 200 0 
241 63 200 0 
242 89 200 0 
243 98 200 0 
244 58 200 0 
245 75 200 0 
246 87 200 0 
247 98 200 0 
248 96 200 0 
249 54 200 0 
250 82 200 0 
251 79 200 0 
252 91 200 0 
253 81 200 0 
254 79 200 0 
255 52 200 0 
256 81 200 0 
257 63 200 0 
258 77 200 0 
259 89 200 0 
260 53 200 0 
261 61 200 0 
262 89 200 0 
263 58 200 0 
264 73 200 0 
265 77 200 0 
266 59 200 0 
267 71 200 0 
268 86 200 0 
269 80 200 0 
270 91 200 0 
271 85 200 0 
272 56 200 0 
273 77 200 0 
274 67 200 0 
275 86 200 0 
276 98 200 0 
277 99 200 0 
278 63 200 0 
279 72 200 0 
280 66 200 0 
281 71 200 0 
282 70 200 0 
283 87 200 0 
284 64 200 0 
285 82 200 0 
286 96 200 0 
287 64 200 0 
288 71 200 0 
289 78 200 0 
290 73 200 0 
291 65 200 0 
292 72 200 0 
293 76 200 0 
294 52 200 0 
295 59 200 0 
296 77 200 0 
297 97 200 0 
298 79 200 0 
299 98 200 0 
300 54 200 0 
301 54 200 0 
302 75 200 0 
303 82 200 0 
304 87 200 0 
305 84 200 0 
306 84 200 0 
307 92 200 0 
308 65 200 0 
309 80 200 0 
310 78 200 0 
311 70 200 0 
312 58 200 0 
313 99 200 0 
314 72 200 0 
315 70 200 0 
316 60 200 0 
317 96 200 0 
318 90 200 0 
319 76 200 0 
320 88 200 0 
321 78 200 0 
322 51 200 0 
323 91 200 0 
324 60 200 0 
325 68 200 0 
326 89 200 0 
327 53 200 0 
328 61 200 0 
329 66 200 0 
330 90 200 0 
331 87 200 0 
332 60 200 0 
333 62 200 0 
334 76 200 0 
335 90 200 0 
336 77 200 0 
337 75 200 0 
338 86 200 0 
339 62 200 0 
340 86 200 0 
341 82 200 0 
342 53 200 0 
343 78 200 0 
344 78 200 0 
345 56 200 0 
346 86 200 0 
347 68 200 0 
348 92 200 0 
349 78 200 0 
350 83 200 0 
351 95 200 0 
352 70 200 0 
353 93 200 0 
354 100 200 0 
355 97 200 0 
356 54 200 0 
357 74 200 0 
358 52 200 0 
359 100 200 0 
360 85 200 0 
361 64 200 0 
362 58 200 0 
363 88 200 0 
364 54 200 0 
365 62 200 0 
366 71 200 0 
367 59 200 0 
368 89 200 0 
369 71 200 0 
370 54 200 0 
371 56 200 0 
372 58 200 0 
373 69 200 0 
374 73 200 0 
375 79 200 0 
376 84 200 0 
377 89 200 0 
378 97 200 0 
379 92 200 0 
380 94 200 0 
381 90 200 0 
382 54 200 0 
383 66 200 0 
384 55 200 0 
385 85 200 0 
386 94 200 0 
387 77 200 0 
388 64 200 0 
389 89 200 0 
390 56 200 0 
391 51 200 0 
392 52 200 0 
393 53 200 0 
394 83 200 0 
395 69 200 0 
396 58 200 0 
397 68 200 0 
398 95 200 0 
399 83 200 0 
400 83 200 0 
401 71 200 0 
402 54 200 0 
403 53 200 0 
404 55 200 0 
405 64 200 0 
406 84 200 0 
407 94 200 0 
408 80 200 0 
409 73 200 0 
410 74 200 0 
411 67 200 0 
412 77 200 0 
413 99 200 0 
414 96 200 0 
415 80 200 0 
416 77 200 0 
417 93 200 0 
418 93 200 0 
419 93 200 0 
420 75 200 0 
421 61 200 0 
422 77 200 0 
423 100 200 0 
424 68 200 0 
425 75 200 0 
426 54 200 0 
427 64 200 0 
428 68 200 0 
429 100 200 0 
430 96 200 0 
431 98 200 0 
432 70 200 0 
433 57 200 0 
434 91 200 0 
435 97 200 0 
436 71 200 0 
437 92 200 0 
438 91 200 0 
439 89 200 0 
440 69 200 0 
441 66 200 0 
442 74 200 0 
443 87 200 0 
444 72 200 0 
445 74 200 0 
446 61 200 0 
447 68 200 0 
448 71 200 0 
449 87 200 0 
450 94 200 0 
451 73 200 0 
452 93 200 0 
453 93 200 0 
454 52 200 0 
455 83 200 0 
456 84 200 0 
457 51 200 0 
458 96 200 0 
459 77 200 0 
460 53 200 0 
461 79 200 0 
462 81 200 0 
463 81 200 0 
464 58 200 0 
465 88 200 0 
466 53 200 0 
467 53 200 0 
468 77 200 0 
469 85 200 0 
470 61 200 0 
471 70 200 0 
472 54 200 0 
473 53 200 0 
474 87 200 0 
475 63 200 0 
476 87 200 0 
477 93 200 0 
478 62 200 0 
479 54 200 0 
480 70 200 0 
481 67 200 0 
482 77 200 0 
483 65 200 0 
484 99 200 0 
485 94 200 0 
486 78 200 0 
487 78 200 0 
488 52 200 0 
489 81 200 0 
490 66 200 0 
491 76 200 0 
492 57 200 0 
493 85 200 0 
494 70 200 0 
495 52 200 0 
496 53 200 0 
497 53 200 0 
498 66 200 0 
499 100 200 0 
