NAME GBP_INSTANCES\prob_1_B_0_1_0.txt
COMMENT
BINTYPES 5
ITEMS 25
BINS_SECTIONS
0 60 60 0 21 
1 80 80 0 16 
2 100 100 0 13 
3 120 120 0 11 
4 150 150 0 9 
ITEMS_SECTIONS
0 30 200 0 
1 23 200 0 
2 88 200 0 
3 91 200 0 
4 6 200 0 
5 16 200 0 
6 62 200 0 
7 50 200 0 
8 30 200 0 
9 19 200 0 
10 90 200 0 
11 35 200 0 
12 59 200 0 
13 16 200 0 
14 85 200 0 
15 65 200 0 
16 30 200 0 
17 12 200 0 
18 71 200 0 
19 52 200 0 
20 51 200 0 
21 3 200 0 
22 95 200 0 
23 87 200 0 
24 73 200 0 
