NAME GBP_INSTANCES\prob_2_B_1_3_0.txt
COMMENT
BINTYPES 5
ITEMS 50
BINS_SECTIONS
0 60 60 0 50 
1 80 80 0 38 
2 100 100 0 30 
3 120 120 0 25 
4 150 150 0 20 
ITEMS_SECTIONS
0 82 200 1
1 53 200 1
2 29 200 1
3 42 200 1
4 42 200 1
5 56 200 1
6 93 200 1
7 89 200 1
8 98 200 1
9 98 200 1
10 32 200 1
11 22 200 1
12 87 200 1
13 25 200 1
14 69 200 1
15 52 200 1
16 79 200 1
17 76 200 1
18 64 200 1
19 95 200 1
20 72 200 1
21 66 200 1
22 53 200 1
23 94 200 1
24 72 200 1
25 62 200 1
26 84 200 1
27 33 200 1
28 82 200 1
29 45 200 1
30 67 200 1
31 23 200 1
32 27 200 1
33 93 200 1
34 53 200 1
35 23 200 1
36 24 200 1
37 87 200 1
38 33 200 1
39 33 200 1
40 71 200 1
41 59 200 1
42 77 200 1
43 33 200 1
44 21 200 1
45 49 200 1
46 76 200 1
47 83 200 1
48 61 200 1
49 23 200 1
