NAME GBP_INSTANCES\prob_3_B_4_3_0.txt
COMMENT
BINTYPES 5
ITEMS 500
BINS_SECTIONS
0 60 60 0 627 
1 80 80 0 471 
2 100 100 0 377 
3 120 120 0 314 
4 150 150 0 251 
ITEMS_SECTIONS
0 72 200 0 
1 64 200 0 
2 53 200 0 
3 95 200 0 
4 69 200 0 
5 82 200 0 
6 56 200 0 
7 98 200 0 
8 56 200 0 
9 74 200 0 
10 83 200 0 
11 82 200 0 
12 73 200 0 
13 52 200 0 
14 74 200 0 
15 79 200 0 
16 63 200 0 
17 82 200 0 
18 80 200 0 
19 75 200 0 
20 59 200 0 
21 78 200 0 
22 76 200 0 
23 66 200 0 
24 80 200 0 
25 58 200 0 
26 80 200 0 
27 56 200 0 
28 78 200 0 
29 64 200 0 
30 82 200 0 
31 65 200 0 
32 53 200 0 
33 64 200 0 
34 63 200 0 
35 93 200 0 
36 56 200 0 
37 68 200 0 
38 79 200 0 
39 99 200 0 
40 64 200 0 
41 92 200 0 
42 69 200 0 
43 56 200 0 
44 80 200 0 
45 93 200 0 
46 100 200 0 
47 62 200 0 
48 59 200 0 
49 62 200 0 
50 98 200 0 
51 60 200 0 
52 61 200 0 
53 99 200 0 
54 52 200 0 
55 94 200 0 
56 65 200 0 
57 98 200 0 
58 61 200 0 
59 71 200 0 
60 60 200 0 
61 87 200 0 
62 87 200 0 
63 76 200 0 
64 52 200 0 
65 71 200 0 
66 69 200 0 
67 88 200 0 
68 87 200 0 
69 100 200 0 
70 65 200 0 
71 86 200 0 
72 90 200 0 
73 52 200 0 
74 73 200 0 
75 83 200 0 
76 62 200 0 
77 90 200 0 
78 61 200 0 
79 85 200 0 
80 98 200 0 
81 100 200 0 
82 90 200 0 
83 69 200 0 
84 56 200 0 
85 59 200 0 
86 67 200 0 
87 62 200 0 
88 89 200 0 
89 51 200 0 
90 76 200 0 
91 82 200 0 
92 84 200 0 
93 63 200 0 
94 89 200 0 
95 56 200 0 
96 55 200 0 
97 91 200 0 
98 96 200 0 
99 86 200 0 
100 89 200 0 
101 89 200 0 
102 81 200 0 
103 85 200 0 
104 99 200 0 
105 85 200 0 
106 82 200 0 
107 88 200 0 
108 70 200 0 
109 99 200 0 
110 82 200 0 
111 62 200 0 
112 61 200 0 
113 86 200 0 
114 91 200 0 
115 85 200 0 
116 52 200 0 
117 94 200 0 
118 91 200 0 
119 59 200 0 
120 86 200 0 
121 54 200 0 
122 97 200 0 
123 67 200 0 
124 55 200 0 
125 95 200 0 
126 88 200 0 
127 56 200 0 
128 84 200 0 
129 99 200 0 
130 89 200 0 
131 97 200 0 
132 100 200 0 
133 93 200 0 
134 94 200 0 
135 100 200 0 
136 91 200 0 
137 89 200 0 
138 54 200 0 
139 53 200 0 
140 61 200 0 
141 69 200 0 
142 85 200 0 
143 85 200 0 
144 62 200 0 
145 80 200 0 
146 59 200 0 
147 98 200 0 
148 68 200 0 
149 82 200 0 
150 88 200 0 
151 54 200 0 
152 73 200 0 
153 65 200 0 
154 68 200 0 
155 61 200 0 
156 88 200 0 
157 77 200 0 
158 79 200 0 
159 61 200 0 
160 99 200 0 
161 87 200 0 
162 68 200 0 
163 87 200 0 
164 68 200 0 
165 60 200 0 
166 69 200 0 
167 64 200 0 
168 52 200 0 
169 77 200 0 
170 71 200 0 
171 62 200 0 
172 57 200 0 
173 88 200 0 
174 91 200 0 
175 77 200 0 
176 55 200 0 
177 55 200 0 
178 76 200 0 
179 99 200 0 
180 82 200 0 
181 91 200 0 
182 73 200 0 
183 94 200 0 
184 55 200 0 
185 55 200 0 
186 60 200 0 
187 99 200 0 
188 58 200 0 
189 96 200 0 
190 58 200 0 
191 81 200 0 
192 93 200 0 
193 64 200 0 
194 77 200 0 
195 77 200 0 
196 54 200 0 
197 80 200 0 
198 70 200 0 
199 90 200 0 
200 56 200 0 
201 83 200 0 
202 88 200 0 
203 57 200 0 
204 89 200 0 
205 91 200 0 
206 70 200 0 
207 89 200 0 
208 75 200 0 
209 56 200 0 
210 96 200 0 
211 88 200 0 
212 85 200 0 
213 84 200 0 
214 58 200 0 
215 57 200 0 
216 72 200 0 
217 66 200 0 
218 63 200 0 
219 77 200 0 
220 53 200 0 
221 80 200 0 
222 68 200 0 
223 58 200 0 
224 98 200 0 
225 56 200 0 
226 81 200 0 
227 92 200 0 
228 78 200 0 
229 87 200 0 
230 58 200 0 
231 72 200 0 
232 59 200 0 
233 54 200 0 
234 84 200 0 
235 82 200 0 
236 100 200 0 
237 52 200 0 
238 88 200 0 
239 52 200 0 
240 96 200 0 
241 90 200 0 
242 98 200 0 
243 65 200 0 
244 80 200 0 
245 65 200 0 
246 54 200 0 
247 53 200 0 
248 51 200 0 
249 56 200 0 
250 93 200 0 
251 90 200 0 
252 71 200 0 
253 99 200 0 
254 52 200 0 
255 64 200 0 
256 80 200 0 
257 55 200 0 
258 72 200 0 
259 62 200 0 
260 74 200 0 
261 56 200 0 
262 93 200 0 
263 81 200 0 
264 57 200 0 
265 58 200 0 
266 61 200 0 
267 87 200 0 
268 92 200 0 
269 86 200 0 
270 62 200 0 
271 79 200 0 
272 79 200 0 
273 85 200 0 
274 84 200 0 
275 89 200 0 
276 77 200 0 
277 79 200 0 
278 71 200 0 
279 67 200 0 
280 53 200 0 
281 98 200 0 
282 89 200 0 
283 92 200 0 
284 69 200 0 
285 67 200 0 
286 99 200 0 
287 100 200 0 
288 90 200 0 
289 73 200 0 
290 63 200 0 
291 71 200 0 
292 82 200 0 
293 53 200 0 
294 84 200 0 
295 70 200 0 
296 79 200 0 
297 78 200 0 
298 95 200 0 
299 77 200 0 
300 80 200 0 
301 55 200 0 
302 57 200 0 
303 60 200 0 
304 67 200 0 
305 85 200 0 
306 79 200 0 
307 72 200 0 
308 100 200 0 
309 65 200 0 
310 66 200 0 
311 67 200 0 
312 77 200 0 
313 86 200 0 
314 63 200 0 
315 88 200 0 
316 69 200 0 
317 89 200 0 
318 98 200 0 
319 96 200 0 
320 67 200 0 
321 86 200 0 
322 90 200 0 
323 59 200 0 
324 57 200 0 
325 89 200 0 
326 88 200 0 
327 71 200 0 
328 91 200 0 
329 64 200 0 
330 85 200 0 
331 61 200 0 
332 89 200 0 
333 58 200 0 
334 85 200 0 
335 65 200 0 
336 93 200 0 
337 52 200 0 
338 82 200 0 
339 79 200 0 
340 84 200 0 
341 54 200 0 
342 97 200 0 
343 100 200 0 
344 56 200 0 
345 78 200 0 
346 52 200 0 
347 91 200 0 
348 100 200 0 
349 62 200 0 
350 86 200 0 
351 64 200 0 
352 86 200 0 
353 90 200 0 
354 65 200 0 
355 69 200 0 
356 64 200 0 
357 64 200 0 
358 61 200 0 
359 96 200 0 
360 95 200 0 
361 85 200 0 
362 53 200 0 
363 52 200 0 
364 56 200 0 
365 88 200 0 
366 59 200 0 
367 96 200 0 
368 73 200 0 
369 62 200 0 
370 66 200 0 
371 82 200 0 
372 74 200 0 
373 68 200 0 
374 67 200 0 
375 93 200 0 
376 61 200 0 
377 51 200 0 
378 65 200 0 
379 66 200 0 
380 54 200 0 
381 75 200 0 
382 99 200 0 
383 93 200 0 
384 57 200 0 
385 97 200 0 
386 71 200 0 
387 100 200 0 
388 78 200 0 
389 74 200 0 
390 57 200 0 
391 86 200 0 
392 79 200 0 
393 74 200 0 
394 96 200 0 
395 69 200 0 
396 76 200 0 
397 83 200 0 
398 86 200 0 
399 81 200 0 
400 61 200 0 
401 63 200 0 
402 74 200 0 
403 57 200 0 
404 74 200 0 
405 72 200 0 
406 80 200 0 
407 51 200 0 
408 96 200 0 
409 98 200 0 
410 84 200 0 
411 84 200 0 
412 84 200 0 
413 61 200 0 
414 72 200 0 
415 53 200 0 
416 75 200 0 
417 85 200 0 
418 65 200 0 
419 56 200 0 
420 86 200 0 
421 52 200 0 
422 78 200 0 
423 62 200 0 
424 68 200 0 
425 85 200 0 
426 83 200 0 
427 86 200 0 
428 59 200 0 
429 69 200 0 
430 77 200 0 
431 81 200 0 
432 96 200 0 
433 66 200 0 
434 77 200 0 
435 85 200 0 
436 54 200 0 
437 73 200 0 
438 87 200 0 
439 61 200 0 
440 55 200 0 
441 81 200 0 
442 65 200 0 
443 71 200 0 
444 53 200 0 
445 93 200 0 
446 86 200 0 
447 93 200 0 
448 73 200 0 
449 52 200 0 
450 79 200 0 
451 93 200 0 
452 84 200 0 
453 78 200 0 
454 75 200 0 
455 75 200 0 
456 69 200 0 
457 87 200 0 
458 57 200 0 
459 79 200 0 
460 73 200 0 
461 66 200 0 
462 88 200 0 
463 86 200 0 
464 52 200 0 
465 52 200 0 
466 68 200 0 
467 51 200 0 
468 89 200 0 
469 70 200 0 
470 89 200 0 
471 88 200 0 
472 64 200 0 
473 76 200 0 
474 88 200 0 
475 57 200 0 
476 85 200 0 
477 87 200 0 
478 73 200 0 
479 94 200 0 
480 69 200 0 
481 60 200 0 
482 66 200 0 
483 75 200 0 
484 82 200 0 
485 73 200 0 
486 98 200 0 
487 55 200 0 
488 80 200 0 
489 65 200 0 
490 83 200 0 
491 82 200 0 
492 99 200 0 
493 87 200 0 
494 74 200 0 
495 63 200 0 
496 91 200 0 
497 68 200 0 
498 61 200 0 
499 94 200 0 
