NAME GBP_INSTANCES\prob_3_B_3_1_0.txt
COMMENT
BINTYPES 5
ITEMS 200
BINS_SECTIONS
0 60 60 0 256 
1 80 80 0 192 
2 100 100 0 154 
3 120 120 0 128 
4 150 150 0 103 
ITEMS_SECTIONS
0 56 200 0 
1 75 200 0 
2 75 200 0 
3 81 200 0 
4 77 200 0 
5 91 200 0 
6 76 200 0 
7 68 200 0 
8 93 200 0 
9 53 200 0 
10 78 200 0 
11 99 200 0 
12 97 200 0 
13 97 200 0 
14 91 200 0 
15 58 200 0 
16 80 200 0 
17 73 200 0 
18 52 200 0 
19 76 200 0 
20 82 200 0 
21 81 200 0 
22 85 200 0 
23 73 200 0 
24 77 200 0 
25 62 200 0 
26 80 200 0 
27 61 200 0 
28 71 200 0 
29 85 200 0 
30 84 200 0 
31 68 200 0 
32 73 200 0 
33 93 200 0 
34 70 200 0 
35 53 200 0 
36 81 200 0 
37 55 200 0 
38 96 200 0 
39 86 200 0 
40 89 200 0 
41 87 200 0 
42 67 200 0 
43 54 200 0 
44 56 200 0 
45 95 200 0 
46 98 200 0 
47 53 200 0 
48 87 200 0 
49 82 200 0 
50 65 200 0 
51 54 200 0 
52 75 200 0 
53 100 200 0 
54 67 200 0 
55 88 200 0 
56 59 200 0 
57 69 200 0 
58 56 200 0 
59 79 200 0 
60 86 200 0 
61 51 200 0 
62 99 200 0 
63 92 200 0 
64 76 200 0 
65 52 200 0 
66 75 200 0 
67 59 200 0 
68 52 200 0 
69 83 200 0 
70 81 200 0 
71 100 200 0 
72 66 200 0 
73 70 200 0 
74 90 200 0 
75 64 200 0 
76 78 200 0 
77 69 200 0 
78 97 200 0 
79 96 200 0 
80 93 200 0 
81 97 200 0 
82 82 200 0 
83 58 200 0 
84 86 200 0 
85 75 200 0 
86 86 200 0 
87 59 200 0 
88 83 200 0 
89 97 200 0 
90 75 200 0 
91 76 200 0 
92 83 200 0 
93 77 200 0 
94 89 200 0 
95 68 200 0 
96 82 200 0 
97 65 200 0 
98 53 200 0 
99 65 200 0 
100 76 200 0 
101 63 200 0 
102 91 200 0 
103 82 200 0 
104 72 200 0 
105 70 200 0 
106 76 200 0 
107 95 200 0 
108 75 200 0 
109 81 200 0 
110 57 200 0 
111 81 200 0 
112 71 200 0 
113 77 200 0 
114 88 200 0 
115 92 200 0 
116 94 200 0 
117 76 200 0 
118 61 200 0 
119 87 200 0 
120 78 200 0 
121 87 200 0 
122 64 200 0 
123 82 200 0 
124 95 200 0 
125 84 200 0 
126 59 200 0 
127 91 200 0 
128 68 200 0 
129 91 200 0 
130 61 200 0 
131 65 200 0 
132 74 200 0 
133 98 200 0 
134 58 200 0 
135 60 200 0 
136 71 200 0 
137 98 200 0 
138 53 200 0 
139 95 200 0 
140 96 200 0 
141 57 200 0 
142 73 200 0 
143 57 200 0 
144 53 200 0 
145 76 200 0 
146 66 200 0 
147 92 200 0 
148 62 200 0 
149 91 200 0 
150 86 200 0 
151 77 200 0 
152 88 200 0 
153 69 200 0 
154 51 200 0 
155 60 200 0 
156 87 200 0 
157 55 200 0 
158 91 200 0 
159 61 200 0 
160 73 200 0 
161 77 200 0 
162 58 200 0 
163 84 200 0 
164 54 200 0 
165 61 200 0 
166 87 200 0 
167 69 200 0 
168 84 200 0 
169 56 200 0 
170 97 200 0 
171 88 200 0 
172 75 200 0 
173 91 200 0 
174 64 200 0 
175 76 200 0 
176 83 200 0 
177 88 200 0 
178 98 200 0 
179 71 200 0 
180 91 200 0 
181 76 200 0 
182 80 200 0 
183 91 200 0 
184 65 200 0 
185 69 200 0 
186 60 200 0 
187 99 200 0 
188 62 200 0 
189 96 200 0 
190 91 200 0 
191 84 200 0 
192 95 200 0 
193 66 200 0 
194 98 200 0 
195 75 200 0 
196 57 200 0 
197 89 200 0 
198 59 200 0 
199 94 200 0 
