NAME GBP_INSTANCES\prob_3_B_1_5_0.txt
COMMENT
BINTYPES 5
ITEMS 50
BINS_SECTIONS
0 60 60 0 62 
1 80 80 0 47 
2 100 100 0 38 
3 120 120 0 31 
4 150 150 0 25 
ITEMS_SECTIONS
0 81 200 1
1 94 200 1
2 86 200 1
3 97 200 1
4 78 200 1
5 90 200 1
6 60 200 1
7 80 200 1
8 97 200 1
9 84 200 1
10 71 200 1
11 60 200 1
12 78 200 1
13 57 200 1
14 56 200 1
15 71 200 1
16 68 200 1
17 62 200 1
18 64 200 1
19 54 200 1
20 63 200 1
21 90 200 1
22 81 200 1
23 85 200 1
24 63 200 1
25 88 200 1
26 54 200 1
27 57 200 1
28 97 200 1
29 84 200 1
30 91 200 1
31 71 200 1
32 92 200 1
33 96 200 1
34 54 200 1
35 71 200 1
36 64 200 1
37 76 200 1
38 78 200 1
39 59 200 1
40 89 200 1
41 82 200 1
42 84 200 1
43 72 200 1
44 65 200 1
45 61 200 1
46 56 200 1
47 75 200 1
48 73 200 1
49 52 200 1
