NAME GBP_INSTANCES\prob_3_A_1_9_0.txt
COMMENT
BINTYPES 3
ITEMS 50
BINS_SECTIONS
0 100 100 0 37 
1 120 120 0 31 
2 150 150 0 25 
ITEMS_SECTIONS
0 70 200 0 
1 62 200 0 
2 77 200 0 
3 93 200 0 
4 58 200 0 
5 85 200 0 
6 78 200 0 
7 98 200 0 
8 58 200 0 
9 83 200 0 
10 93 200 0 
11 53 200 0 
12 84 200 0 
13 61 200 0 
14 54 200 0 
15 80 200 0 
16 51 200 0 
17 64 200 0 
18 97 200 0 
19 87 200 0 
20 68 200 0 
21 96 200 0 
22 56 200 0 
23 73 200 0 
24 67 200 0 
25 74 200 0 
26 73 200 0 
27 64 200 0 
28 97 200 0 
29 56 200 0 
30 82 200 0 
31 57 200 0 
32 58 200 0 
33 56 200 0 
34 77 200 0 
35 96 200 0 
36 96 200 0 
37 62 200 0 
38 69 200 0 
39 77 200 0 
40 80 200 0 
41 83 200 0 
42 64 200 0 
43 69 200 0 
44 95 200 0 
45 64 200 0 
46 88 200 0 
47 57 200 0 
48 57 200 0 
49 94 200 0 
