NAME GBP_INSTANCES\prob_2_A_1_5_0.txt
COMMENT
BINTYPES 3
ITEMS 50
BINS_SECTIONS
0 100 100 0 30 
1 120 120 0 25 
2 150 150 0 20 
ITEMS_SECTIONS
0 85 200 0 
1 90 200 0 
2 30 200 0 
3 38 200 0 
4 72 200 0 
5 30 200 0 
6 96 200 0 
7 73 200 0 
8 98 200 0 
9 71 200 0 
10 40 200 0 
11 37 200 0 
12 87 200 0 
13 83 200 0 
14 74 200 0 
15 61 200 0 
16 87 200 0 
17 81 200 0 
18 31 200 0 
19 89 200 0 
20 40 200 0 
21 43 200 0 
22 31 200 0 
23 80 200 0 
24 74 200 0 
25 36 200 0 
26 27 200 0 
27 99 200 0 
28 79 200 0 
29 74 200 0 
30 54 200 0 
31 25 200 0 
32 54 200 0 
33 61 200 0 
34 26 200 0 
35 72 200 0 
36 49 200 0 
37 38 200 0 
38 46 200 0 
39 25 200 0 
40 71 200 0 
41 55 200 0 
42 46 200 0 
43 62 200 0 
44 57 200 0 
45 38 200 0 
46 53 200 0 
47 36 200 0 
48 52 200 0 
49 92 200 0 
