NAME GBP_INSTANCES\prob_3_A_2_3_0.txt
COMMENT
BINTYPES 3
ITEMS 100
BINS_SECTIONS
0 100 100 0 75 
1 120 120 0 63 
2 150 150 0 50 
ITEMS_SECTIONS
0 89 200 1
1 73 200 1
2 84 200 1
3 62 200 1
4 67 200 1
5 63 200 1
6 91 200 1
7 54 200 1
8 77 200 1
9 64 200 1
10 67 200 1
11 59 200 1
12 55 200 1
13 61 200 1
14 100 200 1
15 96 200 1
16 55 200 1
17 93 200 1
18 57 200 1
19 67 200 1
20 99 200 1
21 83 200 1
22 92 200 1
23 57 200 1
24 79 200 1
25 89 200 1
26 77 200 1
27 63 200 1
28 96 200 1
29 65 200 1
30 89 200 1
31 86 200 1
32 71 200 1
33 92 200 1
34 73 200 1
35 55 200 1
36 66 200 1
37 85 200 1
38 52 200 1
39 66 200 1
40 100 200 1
41 69 200 1
42 63 200 1
43 75 200 1
44 98 200 1
45 61 200 1
46 80 200 1
47 57 200 1
48 54 200 1
49 97 200 1
50 74 200 1
51 81 200 1
52 100 200 1
53 67 200 1
54 92 200 1
55 64 200 1
56 60 200 1
57 64 200 1
58 79 200 1
59 90 200 1
60 85 200 1
61 77 200 1
62 62 200 1
63 75 200 1
64 92 200 1
65 91 200 1
66 74 200 1
67 62 200 1
68 55 200 1
69 60 200 1
70 90 200 1
71 59 200 1
72 75 200 1
73 70 200 1
74 99 200 1
75 72 200 1
76 74 200 1
77 62 200 1
78 77 200 1
79 94 200 1
80 86 200 1
81 76 200 1
82 54 200 1
83 89 200 1
84 95 200 1
85 95 200 1
86 78 200 1
87 53 200 1
88 94 200 1
89 91 200 1
90 58 200 1
91 74 200 1
92 65 200 1
93 51 200 1
94 66 200 1
95 70 200 1
96 96 200 1
97 98 200 1
98 54 200 1
99 52 200 1
