NAME GBP_INSTANCES\prob_3_B_2_3_0.txt
COMMENT
BINTYPES 5
ITEMS 100
BINS_SECTIONS
0 60 60 0 129 
1 80 80 0 97 
2 100 100 0 77 
3 120 120 0 65 
4 150 150 0 52 
ITEMS_SECTIONS
0 98 200 0 
1 86 200 0 
2 83 200 0 
3 74 200 0 
4 59 200 0 
5 59 200 0 
6 83 200 0 
7 67 200 0 
8 97 200 0 
9 90 200 0 
10 75 200 0 
11 90 200 0 
12 62 200 0 
13 60 200 0 
14 90 200 0 
15 81 200 0 
16 57 200 0 
17 72 200 0 
18 68 200 0 
19 56 200 0 
20 57 200 0 
21 79 200 0 
22 86 200 0 
23 73 200 0 
24 76 200 0 
25 68 200 0 
26 68 200 0 
27 79 200 0 
28 76 200 0 
29 75 200 0 
30 61 200 0 
31 73 200 0 
32 85 200 0 
33 60 200 0 
34 70 200 0 
35 85 200 0 
36 95 200 0 
37 88 200 0 
38 79 200 0 
39 60 200 0 
40 65 200 0 
41 65 200 0 
42 99 200 0 
43 92 200 0 
44 100 200 0 
45 92 200 0 
46 87 200 0 
47 85 200 0 
48 95 200 0 
49 93 200 0 
50 96 200 0 
51 63 200 0 
52 85 200 0 
53 59 200 0 
54 78 200 0 
55 91 200 0 
56 62 200 0 
57 80 200 0 
58 95 200 0 
59 66 200 0 
60 51 200 0 
61 52 200 0 
62 91 200 0 
63 67 200 0 
64 94 200 0 
65 83 200 0 
66 52 200 0 
67 56 200 0 
68 94 200 0 
69 80 200 0 
70 53 200 0 
71 66 200 0 
72 56 200 0 
73 97 200 0 
74 56 200 0 
75 82 200 0 
76 93 200 0 
77 73 200 0 
78 71 200 0 
79 90 200 0 
80 76 200 0 
81 88 200 0 
82 93 200 0 
83 55 200 0 
84 86 200 0 
85 75 200 0 
86 64 200 0 
87 96 200 0 
88 70 200 0 
89 100 200 0 
90 98 200 0 
91 86 200 0 
92 89 200 0 
93 62 200 0 
94 89 200 0 
95 70 200 0 
96 63 200 0 
97 75 200 0 
98 58 200 0 
99 98 200 0 
