NAME GBP_INSTANCES\prob_1_B_1_9_0.txt
COMMENT
BINTYPES 5
ITEMS 50
BINS_SECTIONS
0 60 60 0 39 
1 80 80 0 29 
2 100 100 0 24 
3 120 120 0 20 
4 150 150 0 16 
ITEMS_SECTIONS
0 91 200 0 
1 37 200 0 
2 54 200 0 
3 60 200 0 
4 16 200 0 
5 7 200 0 
6 8 200 0 
7 75 200 0 
8 23 200 0 
9 36 200 0 
10 69 200 0 
11 81 200 0 
12 96 200 0 
13 3 200 0 
14 92 200 0 
15 6 200 0 
16 64 200 0 
17 4 200 0 
18 46 200 0 
19 50 200 0 
20 97 200 0 
21 31 200 0 
22 52 200 0 
23 14 200 0 
24 35 200 0 
25 21 200 0 
26 6 200 0 
27 39 200 0 
28 24 200 0 
29 22 200 0 
30 40 200 0 
31 17 200 0 
32 27 200 0 
33 93 200 0 
34 59 200 0 
35 31 200 0 
36 91 200 0 
37 96 200 0 
38 19 200 0 
39 88 200 0 
40 28 200 0 
41 89 200 0 
42 64 200 0 
43 3 200 0 
44 93 200 0 
45 75 200 0 
46 9 200 0 
47 74 200 0 
48 30 200 0 
49 25 200 0 
