NAME GBP_INSTANCES\prob_3_A_2_0_0.txt
COMMENT
BINTYPES 3
ITEMS 100
BINS_SECTIONS
0 100 100 0 76 
1 120 120 0 63 
2 150 150 0 51 
ITEMS_SECTIONS
0 59 200 1
1 81 200 1
2 93 200 1
3 83 200 1
4 84 200 1
5 78 200 1
6 93 200 1
7 96 200 1
8 68 200 1
9 57 200 1
10 65 200 1
11 68 200 1
12 69 200 1
13 68 200 1
14 72 200 1
15 79 200 1
16 90 200 1
17 77 200 1
18 58 200 1
19 75 200 1
20 93 200 1
21 74 200 1
22 57 200 1
23 58 200 1
24 65 200 1
25 75 200 1
26 89 200 1
27 70 200 1
28 76 200 1
29 87 200 1
30 80 200 1
31 76 200 1
32 70 200 1
33 56 200 1
34 78 200 1
35 87 200 1
36 65 200 1
37 54 200 1
38 75 200 1
39 86 200 1
40 58 200 1
41 88 200 1
42 83 200 1
43 68 200 1
44 55 200 1
45 90 200 1
46 58 200 1
47 86 200 1
48 90 200 1
49 100 200 1
50 74 200 1
51 67 200 1
52 85 200 1
53 72 200 1
54 96 200 1
55 92 200 1
56 63 200 1
57 59 200 1
58 97 200 1
59 68 200 1
60 91 200 1
61 98 200 1
62 73 200 1
63 62 200 1
64 79 200 1
65 66 200 1
66 94 200 1
67 83 200 1
68 97 200 1
69 63 200 1
70 53 200 1
71 100 200 1
72 59 200 1
73 60 200 1
74 52 200 1
75 55 200 1
76 100 200 1
77 52 200 1
78 77 200 1
79 76 200 1
80 99 200 1
81 57 200 1
82 58 200 1
83 93 200 1
84 51 200 1
85 61 200 1
86 65 200 1
87 63 200 1
88 74 200 1
89 92 200 1
90 89 200 1
91 64 200 1
92 77 200 1
93 74 200 1
94 52 200 1
95 94 200 1
96 84 200 1
97 91 200 1
98 100 200 1
99 62 200 1
