NAME GBP_INSTANCES\prob_1_A_1_6_0.txt
COMMENT
BINTYPES 3
ITEMS 50
BINS_SECTIONS
0 100 100 0 29 
1 120 120 0 24 
2 150 150 0 19 
ITEMS_SECTIONS
0 61 200 0 
1 53 200 0 
2 31 200 0 
3 91 200 0 
4 68 200 0 
5 79 200 0 
6 93 200 0 
7 80 200 0 
8 38 200 0 
9 57 200 0 
10 39 200 0 
11 79 200 0 
12 76 200 0 
13 64 200 0 
14 26 200 0 
15 82 200 0 
16 3 200 0 
17 48 200 0 
18 46 200 0 
19 51 200 0 
20 34 200 0 
21 26 200 0 
22 46 200 0 
23 40 200 0 
24 92 200 0 
25 89 200 0 
26 51 200 0 
27 22 200 0 
28 92 200 0 
29 20 200 0 
30 19 200 0 
31 76 200 0 
32 87 200 0 
33 83 200 0 
34 84 200 0 
35 93 200 0 
36 37 200 0 
37 96 200 0 
38 35 200 0 
39 70 200 0 
40 86 200 0 
41 43 200 0 
42 66 200 0 
43 26 200 0 
44 6 200 0 
45 41 200 0 
46 63 200 0 
47 43 200 0 
48 77 200 0 
49 7 200 0 
