NAME GBP_INSTANCES\prob_3_A_3_4_0.txt
COMMENT
BINTYPES 3
ITEMS 200
BINS_SECTIONS
0 100 100 0 149 
1 120 120 0 125 
2 150 150 0 100 
ITEMS_SECTIONS
0 63 200 1
1 54 200 1
2 88 200 1
3 71 200 1
4 87 200 1
5 90 200 1
6 66 200 1
7 56 200 1
8 70 200 1
9 85 200 1
10 70 200 1
11 61 200 1
12 54 200 1
13 74 200 1
14 64 200 1
15 67 200 1
16 100 200 1
17 98 200 1
18 83 200 1
19 57 200 1
20 93 200 1
21 100 200 1
22 98 200 1
23 72 200 1
24 94 200 1
25 54 200 1
26 95 200 1
27 74 200 1
28 94 200 1
29 84 200 1
30 51 200 1
31 95 200 1
32 75 200 1
33 55 200 1
34 67 200 1
35 66 200 1
36 51 200 1
37 91 200 1
38 96 200 1
39 87 200 1
40 83 200 1
41 96 200 1
42 77 200 1
43 79 200 1
44 57 200 1
45 82 200 1
46 62 200 1
47 97 200 1
48 97 200 1
49 93 200 1
50 90 200 1
51 74 200 1
52 61 200 1
53 67 200 1
54 54 200 1
55 98 200 1
56 57 200 1
57 75 200 1
58 67 200 1
59 67 200 1
60 53 200 1
61 86 200 1
62 59 200 1
63 91 200 1
64 79 200 1
65 93 200 1
66 74 200 1
67 88 200 1
68 54 200 1
69 100 200 1
70 51 200 1
71 74 200 1
72 64 200 1
73 53 200 1
74 84 200 1
75 64 200 1
76 95 200 1
77 63 200 1
78 86 200 1
79 78 200 1
80 93 200 1
81 64 200 1
82 63 200 1
83 62 200 1
84 88 200 1
85 96 200 1
86 93 200 1
87 76 200 1
88 79 200 1
89 55 200 1
90 65 200 1
91 56 200 1
92 96 200 1
93 100 200 1
94 62 200 1
95 56 200 1
96 52 200 1
97 64 200 1
98 59 200 1
99 66 200 1
100 91 200 1
101 65 200 1
102 63 200 1
103 70 200 1
104 95 200 1
105 91 200 1
106 55 200 1
107 54 200 1
108 61 200 1
109 71 200 1
110 76 200 1
111 93 200 1
112 64 200 1
113 71 200 1
114 71 200 1
115 56 200 1
116 56 200 1
117 89 200 1
118 55 200 1
119 55 200 1
120 67 200 1
121 70 200 1
122 98 200 1
123 64 200 1
124 80 200 1
125 59 200 1
126 82 200 1
127 93 200 1
128 70 200 1
129 95 200 1
130 56 200 1
131 92 200 1
132 81 200 1
133 89 200 1
134 76 200 1
135 71 200 1
136 57 200 1
137 74 200 1
138 89 200 1
139 54 200 1
140 74 200 1
141 69 200 1
142 87 200 1
143 66 200 1
144 87 200 1
145 55 200 1
146 65 200 1
147 58 200 1
148 68 200 1
149 100 200 1
150 87 200 1
151 76 200 1
152 78 200 1
153 73 200 1
154 58 200 1
155 77 200 1
156 85 200 1
157 51 200 1
158 53 200 1
159 97 200 1
160 56 200 1
161 90 200 1
162 85 200 1
163 79 200 1
164 64 200 1
165 80 200 1
166 95 200 1
167 62 200 1
168 83 200 1
169 96 200 1
170 73 200 1
171 86 200 1
172 74 200 1
173 69 200 1
174 82 200 1
175 63 200 1
176 83 200 1
177 86 200 1
178 84 200 1
179 90 200 1
180 54 200 1
181 89 200 1
182 51 200 1
183 73 200 1
184 65 200 1
185 99 200 1
186 75 200 1
187 52 200 1
188 62 200 1
189 68 200 1
190 69 200 1
191 55 200 1
192 84 200 1
193 86 200 1
194 53 200 1
195 56 200 1
196 56 200 1
197 99 200 1
198 87 200 1
199 75 200 1
