NAME GBP_INSTANCES\prob_2_A_1_1_0.txt
COMMENT
BINTYPES 3
ITEMS 50
BINS_SECTIONS
0 100 100 0 33 
1 120 120 0 28 
2 150 150 0 22 
ITEMS_SECTIONS
0 61 200 0 
1 79 200 0 
2 62 200 0 
3 35 200 0 
4 95 200 0 
5 44 200 0 
6 64 200 0 
7 33 200 0 
8 72 200 0 
9 92 200 0 
10 47 200 0 
11 66 200 0 
12 77 200 0 
13 90 200 0 
14 53 200 0 
15 85 200 0 
16 96 200 0 
17 88 200 0 
18 47 200 0 
19 60 200 0 
20 36 200 0 
21 64 200 0 
22 97 200 0 
23 80 200 0 
24 90 200 0 
25 77 200 0 
26 77 200 0 
27 78 200 0 
28 29 200 0 
29 29 200 0 
30 86 200 0 
31 31 200 0 
32 100 200 0 
33 80 200 0 
34 95 200 0 
35 92 200 0 
36 57 200 0 
37 53 200 0 
38 26 200 0 
39 50 200 0 
40 31 200 0 
41 65 200 0 
42 58 200 0 
43 53 200 0 
44 75 200 0 
45 81 200 0 
46 43 200 0 
47 80 200 0 
48 45 200 0 
49 74 200 0 
