NAME GBP_INSTANCES\prob_3_B_4_2_0.txt
COMMENT
BINTYPES 5
ITEMS 500
BINS_SECTIONS
0 60 60 0 635 
1 80 80 0 476 
2 100 100 0 381 
3 120 120 0 318 
4 150 150 0 254 
ITEMS_SECTIONS
0 53 200 0 
1 54 200 0 
2 84 200 0 
3 52 200 0 
4 54 200 0 
5 69 200 0 
6 75 200 0 
7 90 200 0 
8 56 200 0 
9 94 200 0 
10 74 200 0 
11 94 200 0 
12 59 200 0 
13 97 200 0 
14 80 200 0 
15 90 200 0 
16 71 200 0 
17 82 200 0 
18 70 200 0 
19 88 200 0 
20 87 200 0 
21 51 200 0 
22 79 200 0 
23 58 200 0 
24 54 200 0 
25 84 200 0 
26 53 200 0 
27 68 200 0 
28 57 200 0 
29 62 200 0 
30 61 200 0 
31 57 200 0 
32 83 200 0 
33 72 200 0 
34 62 200 0 
35 52 200 0 
36 61 200 0 
37 53 200 0 
38 91 200 0 
39 57 200 0 
40 74 200 0 
41 91 200 0 
42 76 200 0 
43 67 200 0 
44 87 200 0 
45 63 200 0 
46 53 200 0 
47 94 200 0 
48 52 200 0 
49 88 200 0 
50 76 200 0 
51 92 200 0 
52 76 200 0 
53 87 200 0 
54 97 200 0 
55 93 200 0 
56 57 200 0 
57 63 200 0 
58 67 200 0 
59 66 200 0 
60 83 200 0 
61 90 200 0 
62 75 200 0 
63 71 200 0 
64 99 200 0 
65 89 200 0 
66 81 200 0 
67 75 200 0 
68 75 200 0 
69 79 200 0 
70 64 200 0 
71 96 200 0 
72 52 200 0 
73 52 200 0 
74 79 200 0 
75 94 200 0 
76 74 200 0 
77 56 200 0 
78 99 200 0 
79 72 200 0 
80 98 200 0 
81 53 200 0 
82 97 200 0 
83 59 200 0 
84 94 200 0 
85 84 200 0 
86 81 200 0 
87 91 200 0 
88 58 200 0 
89 87 200 0 
90 86 200 0 
91 53 200 0 
92 74 200 0 
93 68 200 0 
94 94 200 0 
95 55 200 0 
96 73 200 0 
97 87 200 0 
98 89 200 0 
99 59 200 0 
100 100 200 0 
101 62 200 0 
102 55 200 0 
103 65 200 0 
104 71 200 0 
105 87 200 0 
106 76 200 0 
107 88 200 0 
108 77 200 0 
109 90 200 0 
110 66 200 0 
111 78 200 0 
112 88 200 0 
113 54 200 0 
114 58 200 0 
115 67 200 0 
116 89 200 0 
117 90 200 0 
118 52 200 0 
119 87 200 0 
120 72 200 0 
121 87 200 0 
122 100 200 0 
123 55 200 0 
124 54 200 0 
125 69 200 0 
126 53 200 0 
127 64 200 0 
128 91 200 0 
129 88 200 0 
130 85 200 0 
131 71 200 0 
132 77 200 0 
133 85 200 0 
134 96 200 0 
135 77 200 0 
136 76 200 0 
137 100 200 0 
138 58 200 0 
139 92 200 0 
140 90 200 0 
141 96 200 0 
142 72 200 0 
143 72 200 0 
144 61 200 0 
145 62 200 0 
146 78 200 0 
147 73 200 0 
148 94 200 0 
149 72 200 0 
150 55 200 0 
151 73 200 0 
152 72 200 0 
153 88 200 0 
154 100 200 0 
155 83 200 0 
156 85 200 0 
157 83 200 0 
158 59 200 0 
159 61 200 0 
160 98 200 0 
161 58 200 0 
162 63 200 0 
163 59 200 0 
164 81 200 0 
165 100 200 0 
166 93 200 0 
167 52 200 0 
168 70 200 0 
169 83 200 0 
170 64 200 0 
171 81 200 0 
172 92 200 0 
173 73 200 0 
174 63 200 0 
175 65 200 0 
176 70 200 0 
177 86 200 0 
178 78 200 0 
179 65 200 0 
180 80 200 0 
181 64 200 0 
182 58 200 0 
183 95 200 0 
184 93 200 0 
185 54 200 0 
186 74 200 0 
187 74 200 0 
188 65 200 0 
189 66 200 0 
190 91 200 0 
191 59 200 0 
192 51 200 0 
193 54 200 0 
194 68 200 0 
195 99 200 0 
196 77 200 0 
197 73 200 0 
198 77 200 0 
199 61 200 0 
200 70 200 0 
201 74 200 0 
202 81 200 0 
203 57 200 0 
204 98 200 0 
205 85 200 0 
206 54 200 0 
207 76 200 0 
208 74 200 0 
209 81 200 0 
210 77 200 0 
211 58 200 0 
212 51 200 0 
213 67 200 0 
214 52 200 0 
215 52 200 0 
216 81 200 0 
217 93 200 0 
218 59 200 0 
219 96 200 0 
220 76 200 0 
221 93 200 0 
222 54 200 0 
223 79 200 0 
224 67 200 0 
225 75 200 0 
226 94 200 0 
227 98 200 0 
228 62 200 0 
229 89 200 0 
230 51 200 0 
231 82 200 0 
232 100 200 0 
233 53 200 0 
234 95 200 0 
235 53 200 0 
236 60 200 0 
237 65 200 0 
238 86 200 0 
239 77 200 0 
240 99 200 0 
241 93 200 0 
242 92 200 0 
243 100 200 0 
244 98 200 0 
245 100 200 0 
246 53 200 0 
247 99 200 0 
248 92 200 0 
249 56 200 0 
250 89 200 0 
251 97 200 0 
252 87 200 0 
253 54 200 0 
254 76 200 0 
255 96 200 0 
256 74 200 0 
257 64 200 0 
258 79 200 0 
259 93 200 0 
260 70 200 0 
261 100 200 0 
262 92 200 0 
263 98 200 0 
264 100 200 0 
265 89 200 0 
266 92 200 0 
267 81 200 0 
268 63 200 0 
269 63 200 0 
270 74 200 0 
271 96 200 0 
272 77 200 0 
273 59 200 0 
274 87 200 0 
275 67 200 0 
276 100 200 0 
277 97 200 0 
278 99 200 0 
279 95 200 0 
280 95 200 0 
281 85 200 0 
282 100 200 0 
283 54 200 0 
284 55 200 0 
285 59 200 0 
286 55 200 0 
287 89 200 0 
288 62 200 0 
289 55 200 0 
290 66 200 0 
291 98 200 0 
292 72 200 0 
293 74 200 0 
294 100 200 0 
295 95 200 0 
296 67 200 0 
297 97 200 0 
298 52 200 0 
299 84 200 0 
300 83 200 0 
301 97 200 0 
302 55 200 0 
303 63 200 0 
304 52 200 0 
305 59 200 0 
306 77 200 0 
307 64 200 0 
308 69 200 0 
309 61 200 0 
310 53 200 0 
311 56 200 0 
312 69 200 0 
313 64 200 0 
314 72 200 0 
315 74 200 0 
316 69 200 0 
317 83 200 0 
318 68 200 0 
319 93 200 0 
320 80 200 0 
321 73 200 0 
322 91 200 0 
323 61 200 0 
324 74 200 0 
325 98 200 0 
326 98 200 0 
327 64 200 0 
328 60 200 0 
329 81 200 0 
330 59 200 0 
331 83 200 0 
332 76 200 0 
333 100 200 0 
334 89 200 0 
335 65 200 0 
336 82 200 0 
337 66 200 0 
338 74 200 0 
339 77 200 0 
340 55 200 0 
341 61 200 0 
342 99 200 0 
343 99 200 0 
344 52 200 0 
345 69 200 0 
346 87 200 0 
347 94 200 0 
348 56 200 0 
349 69 200 0 
350 61 200 0 
351 95 200 0 
352 90 200 0 
353 88 200 0 
354 90 200 0 
355 56 200 0 
356 68 200 0 
357 76 200 0 
358 85 200 0 
359 53 200 0 
360 99 200 0 
361 90 200 0 
362 92 200 0 
363 80 200 0 
364 89 200 0 
365 74 200 0 
366 62 200 0 
367 94 200 0 
368 81 200 0 
369 94 200 0 
370 88 200 0 
371 71 200 0 
372 93 200 0 
373 86 200 0 
374 97 200 0 
375 98 200 0 
376 96 200 0 
377 70 200 0 
378 73 200 0 
379 79 200 0 
380 80 200 0 
381 76 200 0 
382 55 200 0 
383 91 200 0 
384 64 200 0 
385 60 200 0 
386 99 200 0 
387 88 200 0 
388 82 200 0 
389 77 200 0 
390 81 200 0 
391 61 200 0 
392 66 200 0 
393 64 200 0 
394 79 200 0 
395 57 200 0 
396 52 200 0 
397 87 200 0 
398 79 200 0 
399 96 200 0 
400 78 200 0 
401 100 200 0 
402 79 200 0 
403 91 200 0 
404 53 200 0 
405 89 200 0 
406 79 200 0 
407 82 200 0 
408 61 200 0 
409 78 200 0 
410 58 200 0 
411 77 200 0 
412 89 200 0 
413 83 200 0 
414 94 200 0 
415 77 200 0 
416 85 200 0 
417 91 200 0 
418 51 200 0 
419 92 200 0 
420 81 200 0 
421 90 200 0 
422 79 200 0 
423 94 200 0 
424 52 200 0 
425 84 200 0 
426 96 200 0 
427 73 200 0 
428 82 200 0 
429 75 200 0 
430 74 200 0 
431 70 200 0 
432 62 200 0 
433 83 200 0 
434 53 200 0 
435 61 200 0 
436 93 200 0 
437 91 200 0 
438 51 200 0 
439 84 200 0 
440 71 200 0 
441 95 200 0 
442 67 200 0 
443 63 200 0 
444 69 200 0 
445 82 200 0 
446 98 200 0 
447 56 200 0 
448 97 200 0 
449 77 200 0 
450 78 200 0 
451 83 200 0 
452 64 200 0 
453 69 200 0 
454 97 200 0 
455 64 200 0 
456 60 200 0 
457 75 200 0 
458 70 200 0 
459 70 200 0 
460 82 200 0 
461 92 200 0 
462 99 200 0 
463 73 200 0 
464 81 200 0 
465 84 200 0 
466 68 200 0 
467 86 200 0 
468 57 200 0 
469 81 200 0 
470 91 200 0 
471 91 200 0 
472 59 200 0 
473 67 200 0 
474 76 200 0 
475 91 200 0 
476 89 200 0 
477 87 200 0 
478 56 200 0 
479 87 200 0 
480 54 200 0 
481 54 200 0 
482 59 200 0 
483 54 200 0 
484 68 200 0 
485 86 200 0 
486 76 200 0 
487 84 200 0 
488 54 200 0 
489 54 200 0 
490 72 200 0 
491 67 200 0 
492 90 200 0 
493 57 200 0 
494 84 200 0 
495 63 200 0 
496 96 200 0 
497 86 200 0 
498 76 200 0 
499 99 200 0 
