NAME GBP_INSTANCES\prob_1_B_4_8_0.txt
COMMENT
BINTYPES 5
ITEMS 500
BINS_SECTIONS
0 60 60 0 424 
1 80 80 0 318 
2 100 100 0 255 
3 120 120 0 212 
4 150 150 0 170 
ITEMS_SECTIONS
0 36 200 0 
1 68 200 0 
2 90 200 0 
3 30 200 0 
4 32 200 0 
5 82 200 0 
6 37 200 0 
7 59 200 0 
8 2 200 0 
9 80 200 0 
10 5 200 0 
11 45 200 0 
12 83 200 0 
13 3 200 0 
14 81 200 0 
15 77 200 0 
16 7 200 0 
17 78 200 0 
18 46 200 0 
19 58 200 0 
20 10 200 0 
21 64 200 0 
22 79 200 0 
23 81 200 0 
24 31 200 0 
25 19 200 0 
26 42 200 0 
27 4 200 0 
28 43 200 0 
29 59 200 0 
30 57 200 0 
31 21 200 0 
32 51 200 0 
33 83 200 0 
34 3 200 0 
35 97 200 0 
36 27 200 0 
37 77 200 0 
38 53 200 0 
39 70 200 0 
40 93 200 0 
41 13 200 0 
42 74 200 0 
43 82 200 0 
44 54 200 0 
45 54 200 0 
46 13 200 0 
47 47 200 0 
48 58 200 0 
49 64 200 0 
50 78 200 0 
51 19 200 0 
52 94 200 0 
53 49 200 0 
54 72 200 0 
55 65 200 0 
56 39 200 0 
57 13 200 0 
58 41 200 0 
59 6 200 0 
60 4 200 0 
61 70 200 0 
62 31 200 0 
63 28 200 0 
64 34 200 0 
65 93 200 0 
66 6 200 0 
67 39 200 0 
68 21 200 0 
69 30 200 0 
70 10 200 0 
71 56 200 0 
72 32 200 0 
73 75 200 0 
74 38 200 0 
75 11 200 0 
76 61 200 0 
77 39 200 0 
78 96 200 0 
79 55 200 0 
80 96 200 0 
81 76 200 0 
82 15 200 0 
83 48 200 0 
84 87 200 0 
85 39 200 0 
86 84 200 0 
87 20 200 0 
88 36 200 0 
89 12 200 0 
90 4 200 0 
91 80 200 0 
92 73 200 0 
93 74 200 0 
94 86 200 0 
95 75 200 0 
96 56 200 0 
97 84 200 0 
98 25 200 0 
99 55 200 0 
100 48 200 0 
101 96 200 0 
102 51 200 0 
103 59 200 0 
104 6 200 0 
105 14 200 0 
106 7 200 0 
107 82 200 0 
108 44 200 0 
109 11 200 0 
110 53 200 0 
111 33 200 0 
112 7 200 0 
113 94 200 0 
114 27 200 0 
115 24 200 0 
116 9 200 0 
117 60 200 0 
118 83 200 0 
119 40 200 0 
120 72 200 0 
121 3 200 0 
122 36 200 0 
123 10 200 0 
124 28 200 0 
125 42 200 0 
126 17 200 0 
127 99 200 0 
128 12 200 0 
129 28 200 0 
130 77 200 0 
131 7 200 0 
132 17 200 0 
133 67 200 0 
134 68 200 0 
135 31 200 0 
136 28 200 0 
137 57 200 0 
138 85 200 0 
139 12 200 0 
140 14 200 0 
141 56 200 0 
142 47 200 0 
143 22 200 0 
144 93 200 0 
145 83 200 0 
146 81 200 0 
147 86 200 0 
148 50 200 0 
149 69 200 0 
150 85 200 0 
151 35 200 0 
152 20 200 0 
153 57 200 0 
154 44 200 0 
155 36 200 0 
156 15 200 0 
157 76 200 0 
158 59 200 0 
159 48 200 0 
160 17 200 0 
161 78 200 0 
162 81 200 0 
163 13 200 0 
164 4 200 0 
165 68 200 0 
166 99 200 0 
167 33 200 0 
168 32 200 0 
169 19 200 0 
170 79 200 0 
171 67 200 0 
172 55 200 0 
173 96 200 0 
174 91 200 0 
175 73 200 0 
176 82 200 0 
177 88 200 0 
178 44 200 0 
179 37 200 0 
180 76 200 0 
181 59 200 0 
182 50 200 0 
183 19 200 0 
184 75 200 0 
185 33 200 0 
186 29 200 0 
187 61 200 0 
188 55 200 0 
189 19 200 0 
190 99 200 0 
191 74 200 0 
192 10 200 0 
193 77 200 0 
194 50 200 0 
195 52 200 0 
196 58 200 0 
197 60 200 0 
198 31 200 0 
199 36 200 0 
200 74 200 0 
201 99 200 0 
202 86 200 0 
203 83 200 0 
204 22 200 0 
205 88 200 0 
206 44 200 0 
207 48 200 0 
208 25 200 0 
209 43 200 0 
210 77 200 0 
211 31 200 0 
212 22 200 0 
213 57 200 0 
214 86 200 0 
215 17 200 0 
216 55 200 0 
217 69 200 0 
218 89 200 0 
219 46 200 0 
220 38 200 0 
221 40 200 0 
222 72 200 0 
223 46 200 0 
224 50 200 0 
225 48 200 0 
226 92 200 0 
227 62 200 0 
228 4 200 0 
229 37 200 0 
230 92 200 0 
231 19 200 0 
232 32 200 0 
233 80 200 0 
234 6 200 0 
235 48 200 0 
236 43 200 0 
237 23 200 0 
238 12 200 0 
239 16 200 0 
240 89 200 0 
241 63 200 0 
242 39 200 0 
243 88 200 0 
244 96 200 0 
245 25 200 0 
246 50 200 0 
247 64 200 0 
248 96 200 0 
249 92 200 0 
250 22 200 0 
251 10 200 0 
252 28 200 0 
253 48 200 0 
254 55 200 0 
255 36 200 0 
256 19 200 0 
257 99 200 0 
258 18 200 0 
259 42 200 0 
260 33 200 0 
261 26 200 0 
262 64 200 0 
263 72 200 0 
264 5 200 0 
265 29 200 0 
266 30 200 0 
267 13 200 0 
268 18 200 0 
269 22 200 0 
270 48 200 0 
271 55 200 0 
272 69 200 0 
273 50 200 0 
274 84 200 0 
275 85 200 0 
276 77 200 0 
277 58 200 0 
278 42 200 0 
279 5 200 0 
280 61 200 0 
281 11 200 0 
282 17 200 0 
283 34 200 0 
284 60 200 0 
285 85 200 0 
286 75 200 0 
287 28 200 0 
288 20 200 0 
289 25 200 0 
290 30 200 0 
291 47 200 0 
292 12 200 0 
293 91 200 0 
294 71 200 0 
295 94 200 0 
296 14 200 0 
297 96 200 0 
298 50 200 0 
299 85 200 0 
300 16 200 0 
301 47 200 0 
302 51 200 0 
303 55 200 0 
304 79 200 0 
305 88 200 0 
306 68 200 0 
307 59 200 0 
308 19 200 0 
309 86 200 0 
310 13 200 0 
311 91 200 0 
312 32 200 0 
313 19 200 0 
314 65 200 0 
315 55 200 0 
316 41 200 0 
317 28 200 0 
318 5 200 0 
319 17 200 0 
320 78 200 0 
321 100 200 0 
322 28 200 0 
323 94 200 0 
324 77 200 0 
325 30 200 0 
326 86 200 0 
327 94 200 0 
328 3 200 0 
329 21 200 0 
330 54 200 0 
331 36 200 0 
332 80 200 0 
333 91 200 0 
334 69 200 0 
335 14 200 0 
336 55 200 0 
337 49 200 0 
338 38 200 0 
339 6 200 0 
340 43 200 0 
341 75 200 0 
342 57 200 0 
343 88 200 0 
344 13 200 0 
345 94 200 0 
346 52 200 0 
347 73 200 0 
348 50 200 0 
349 85 200 0 
350 65 200 0 
351 3 200 0 
352 42 200 0 
353 90 200 0 
354 12 200 0 
355 60 200 0 
356 39 200 0 
357 74 200 0 
358 28 200 0 
359 87 200 0 
360 37 200 0 
361 20 200 0 
362 26 200 0 
363 92 200 0 
364 28 200 0 
365 81 200 0 
366 94 200 0 
367 37 200 0 
368 55 200 0 
369 85 200 0 
370 40 200 0 
371 80 200 0 
372 44 200 0 
373 22 200 0 
374 19 200 0 
375 67 200 0 
376 29 200 0 
377 100 200 0 
378 61 200 0 
379 45 200 0 
380 38 200 0 
381 5 200 0 
382 23 200 0 
383 100 200 0 
384 79 200 0 
385 38 200 0 
386 74 200 0 
387 78 200 0 
388 78 200 0 
389 89 200 0 
390 62 200 0 
391 3 200 0 
392 4 200 0 
393 100 200 0 
394 48 200 0 
395 41 200 0 
396 43 200 0 
397 80 200 0 
398 69 200 0 
399 44 200 0 
400 59 200 0 
401 35 200 0 
402 18 200 0 
403 96 200 0 
404 91 200 0 
405 61 200 0 
406 86 200 0 
407 8 200 0 
408 29 200 0 
409 83 200 0 
410 71 200 0 
411 88 200 0 
412 27 200 0 
413 64 200 0 
414 91 200 0 
415 29 200 0 
416 82 200 0 
417 76 200 0 
418 9 200 0 
419 44 200 0 
420 49 200 0 
421 76 200 0 
422 4 200 0 
423 74 200 0 
424 12 200 0 
425 51 200 0 
426 97 200 0 
427 29 200 0 
428 85 200 0 
429 84 200 0 
430 78 200 0 
431 59 200 0 
432 69 200 0 
433 21 200 0 
434 12 200 0 
435 31 200 0 
436 22 200 0 
437 60 200 0 
438 96 200 0 
439 4 200 0 
440 83 200 0 
441 75 200 0 
442 60 200 0 
443 79 200 0 
444 12 200 0 
445 77 200 0 
446 32 200 0 
447 21 200 0 
448 62 200 0 
449 19 200 0 
450 3 200 0 
451 10 200 0 
452 74 200 0 
453 69 200 0 
454 11 200 0 
455 49 200 0 
456 91 200 0 
457 44 200 0 
458 50 200 0 
459 63 200 0 
460 85 200 0 
461 25 200 0 
462 58 200 0 
463 18 200 0 
464 10 200 0 
465 51 200 0 
466 58 200 0 
467 14 200 0 
468 48 200 0 
469 22 200 0 
470 34 200 0 
471 53 200 0 
472 83 200 0 
473 91 200 0 
474 2 200 0 
475 53 200 0 
476 58 200 0 
477 92 200 0 
478 52 200 0 
479 15 200 0 
480 55 200 0 
481 65 200 0 
482 41 200 0 
483 90 200 0 
484 53 200 0 
485 38 200 0 
486 90 200 0 
487 81 200 0 
488 95 200 0 
489 39 200 0 
490 78 200 0 
491 8 200 0 
492 45 200 0 
493 67 200 0 
494 87 200 0 
495 66 200 0 
496 26 200 0 
497 16 200 0 
498 91 200 0 
499 41 200 0 
