NAME GBP_INSTANCES\prob_2_B_4_4_0.txt
COMMENT
BINTYPES 5
ITEMS 500
BINS_SECTIONS
0 60 60 0 509 
1 80 80 0 382 
2 100 100 0 306 
3 120 120 0 255 
4 150 150 0 204 
ITEMS_SECTIONS
0 96 200 0 
1 49 200 0 
2 75 200 0 
3 98 200 0 
4 56 200 0 
5 39 200 0 
6 24 200 0 
7 24 200 0 
8 23 200 0 
9 95 200 0 
10 62 200 0 
11 43 200 0 
12 87 200 0 
13 41 200 0 
14 36 200 0 
15 32 200 0 
16 82 200 0 
17 43 200 0 
18 67 200 0 
19 71 200 0 
20 23 200 0 
21 36 200 0 
22 61 200 0 
23 79 200 0 
24 81 200 0 
25 31 200 0 
26 55 200 0 
27 76 200 0 
28 55 200 0 
29 86 200 0 
30 50 200 0 
31 62 200 0 
32 62 200 0 
33 46 200 0 
34 74 200 0 
35 83 200 0 
36 69 200 0 
37 85 200 0 
38 89 200 0 
39 66 200 0 
40 82 200 0 
41 73 200 0 
42 80 200 0 
43 46 200 0 
44 59 200 0 
45 78 200 0 
46 22 200 0 
47 60 200 0 
48 63 200 0 
49 29 200 0 
50 72 200 0 
51 87 200 0 
52 58 200 0 
53 51 200 0 
54 23 200 0 
55 29 200 0 
56 29 200 0 
57 49 200 0 
58 64 200 0 
59 37 200 0 
60 48 200 0 
61 70 200 0 
62 37 200 0 
63 48 200 0 
64 100 200 0 
65 82 200 0 
66 37 200 0 
67 49 200 0 
68 23 200 0 
69 59 200 0 
70 96 200 0 
71 76 200 0 
72 69 200 0 
73 76 200 0 
74 51 200 0 
75 44 200 0 
76 51 200 0 
77 72 200 0 
78 55 200 0 
79 88 200 0 
80 89 200 0 
81 38 200 0 
82 98 200 0 
83 62 200 0 
84 72 200 0 
85 51 200 0 
86 51 200 0 
87 89 200 0 
88 80 200 0 
89 34 200 0 
90 33 200 0 
91 85 200 0 
92 93 200 0 
93 84 200 0 
94 59 200 0 
95 68 200 0 
96 72 200 0 
97 69 200 0 
98 47 200 0 
99 53 200 0 
100 57 200 0 
101 53 200 0 
102 91 200 0 
103 70 200 0 
104 68 200 0 
105 73 200 0 
106 98 200 0 
107 65 200 0 
108 95 200 0 
109 43 200 0 
110 50 200 0 
111 54 200 0 
112 52 200 0 
113 74 200 0 
114 48 200 0 
115 55 200 0 
116 49 200 0 
117 45 200 0 
118 69 200 0 
119 97 200 0 
120 69 200 0 
121 86 200 0 
122 25 200 0 
123 52 200 0 
124 31 200 0 
125 99 200 0 
126 31 200 0 
127 80 200 0 
128 57 200 0 
129 27 200 0 
130 67 200 0 
131 77 200 0 
132 83 200 0 
133 69 200 0 
134 39 200 0 
135 29 200 0 
136 64 200 0 
137 59 200 0 
138 65 200 0 
139 64 200 0 
140 77 200 0 
141 79 200 0 
142 82 200 0 
143 99 200 0 
144 58 200 0 
145 91 200 0 
146 23 200 0 
147 54 200 0 
148 72 200 0 
149 25 200 0 
150 83 200 0 
151 99 200 0 
152 48 200 0 
153 98 200 0 
154 61 200 0 
155 98 200 0 
156 39 200 0 
157 79 200 0 
158 25 200 0 
159 92 200 0 
160 32 200 0 
161 84 200 0 
162 97 200 0 
163 33 200 0 
164 34 200 0 
165 95 200 0 
166 63 200 0 
167 63 200 0 
168 98 200 0 
169 61 200 0 
170 70 200 0 
171 83 200 0 
172 64 200 0 
173 94 200 0 
174 61 200 0 
175 97 200 0 
176 34 200 0 
177 70 200 0 
178 82 200 0 
179 52 200 0 
180 83 200 0 
181 55 200 0 
182 91 200 0 
183 28 200 0 
184 47 200 0 
185 67 200 0 
186 39 200 0 
187 68 200 0 
188 71 200 0 
189 51 200 0 
190 32 200 0 
191 80 200 0 
192 31 200 0 
193 73 200 0 
194 93 200 0 
195 79 200 0 
196 98 200 0 
197 25 200 0 
198 41 200 0 
199 88 200 0 
200 29 200 0 
201 48 200 0 
202 30 200 0 
203 93 200 0 
204 60 200 0 
205 72 200 0 
206 57 200 0 
207 45 200 0 
208 44 200 0 
209 21 200 0 
210 80 200 0 
211 52 200 0 
212 38 200 0 
213 22 200 0 
214 94 200 0 
215 25 200 0 
216 74 200 0 
217 98 200 0 
218 54 200 0 
219 57 200 0 
220 100 200 0 
221 31 200 0 
222 39 200 0 
223 64 200 0 
224 65 200 0 
225 98 200 0 
226 52 200 0 
227 61 200 0 
228 83 200 0 
229 65 200 0 
230 91 200 0 
231 68 200 0 
232 93 200 0 
233 21 200 0 
234 58 200 0 
235 71 200 0 
236 85 200 0 
237 62 200 0 
238 56 200 0 
239 69 200 0 
240 47 200 0 
241 58 200 0 
242 72 200 0 
243 63 200 0 
244 72 200 0 
245 46 200 0 
246 85 200 0 
247 37 200 0 
248 33 200 0 
249 84 200 0 
250 79 200 0 
251 85 200 0 
252 36 200 0 
253 25 200 0 
254 32 200 0 
255 36 200 0 
256 46 200 0 
257 48 200 0 
258 85 200 0 
259 71 200 0 
260 51 200 0 
261 83 200 0 
262 87 200 0 
263 95 200 0 
264 24 200 0 
265 85 200 0 
266 68 200 0 
267 82 200 0 
268 97 200 0 
269 22 200 0 
270 43 200 0 
271 23 200 0 
272 61 200 0 
273 85 200 0 
274 69 200 0 
275 23 200 0 
276 100 200 0 
277 69 200 0 
278 59 200 0 
279 59 200 0 
280 48 200 0 
281 25 200 0 
282 45 200 0 
283 23 200 0 
284 45 200 0 
285 22 200 0 
286 72 200 0 
287 33 200 0 
288 98 200 0 
289 81 200 0 
290 22 200 0 
291 52 200 0 
292 85 200 0 
293 99 200 0 
294 62 200 0 
295 69 200 0 
296 92 200 0 
297 55 200 0 
298 87 200 0 
299 40 200 0 
300 74 200 0 
301 57 200 0 
302 77 200 0 
303 48 200 0 
304 83 200 0 
305 34 200 0 
306 38 200 0 
307 36 200 0 
308 50 200 0 
309 24 200 0 
310 87 200 0 
311 56 200 0 
312 57 200 0 
313 30 200 0 
314 79 200 0 
315 66 200 0 
316 72 200 0 
317 83 200 0 
318 61 200 0 
319 59 200 0 
320 87 200 0 
321 60 200 0 
322 51 200 0 
323 31 200 0 
324 44 200 0 
325 38 200 0 
326 44 200 0 
327 96 200 0 
328 67 200 0 
329 93 200 0 
330 23 200 0 
331 25 200 0 
332 88 200 0 
333 99 200 0 
334 59 200 0 
335 93 200 0 
336 85 200 0 
337 22 200 0 
338 67 200 0 
339 55 200 0 
340 31 200 0 
341 70 200 0 
342 76 200 0 
343 37 200 0 
344 60 200 0 
345 73 200 0 
346 27 200 0 
347 99 200 0 
348 80 200 0 
349 92 200 0 
350 55 200 0 
351 87 200 0 
352 95 200 0 
353 39 200 0 
354 76 200 0 
355 43 200 0 
356 43 200 0 
357 53 200 0 
358 61 200 0 
359 90 200 0 
360 96 200 0 
361 68 200 0 
362 59 200 0 
363 43 200 0 
364 69 200 0 
365 69 200 0 
366 45 200 0 
367 75 200 0 
368 98 200 0 
369 36 200 0 
370 39 200 0 
371 38 200 0 
372 88 200 0 
373 34 200 0 
374 92 200 0 
375 60 200 0 
376 30 200 0 
377 78 200 0 
378 93 200 0 
379 92 200 0 
380 48 200 0 
381 84 200 0 
382 30 200 0 
383 57 200 0 
384 21 200 0 
385 97 200 0 
386 39 200 0 
387 54 200 0 
388 58 200 0 
389 45 200 0 
390 58 200 0 
391 94 200 0 
392 60 200 0 
393 36 200 0 
394 99 200 0 
395 31 200 0 
396 48 200 0 
397 34 200 0 
398 88 200 0 
399 36 200 0 
400 50 200 0 
401 90 200 0 
402 34 200 0 
403 33 200 0 
404 44 200 0 
405 51 200 0 
406 39 200 0 
407 72 200 0 
408 80 200 0 
409 75 200 0 
410 36 200 0 
411 26 200 0 
412 53 200 0 
413 81 200 0 
414 39 200 0 
415 37 200 0 
416 61 200 0 
417 21 200 0 
418 81 200 0 
419 32 200 0 
420 80 200 0 
421 62 200 0 
422 56 200 0 
423 37 200 0 
424 63 200 0 
425 81 200 0 
426 79 200 0 
427 92 200 0 
428 68 200 0 
429 49 200 0 
430 80 200 0 
431 67 200 0 
432 87 200 0 
433 63 200 0 
434 91 200 0 
435 94 200 0 
436 59 200 0 
437 82 200 0 
438 57 200 0 
439 64 200 0 
440 60 200 0 
441 41 200 0 
442 54 200 0 
443 45 200 0 
444 30 200 0 
445 90 200 0 
446 51 200 0 
447 61 200 0 
448 70 200 0 
449 26 200 0 
450 58 200 0 
451 37 200 0 
452 38 200 0 
453 60 200 0 
454 74 200 0 
455 54 200 0 
456 22 200 0 
457 75 200 0 
458 59 200 0 
459 94 200 0 
460 35 200 0 
461 77 200 0 
462 70 200 0 
463 69 200 0 
464 91 200 0 
465 26 200 0 
466 47 200 0 
467 45 200 0 
468 71 200 0 
469 78 200 0 
470 45 200 0 
471 79 200 0 
472 37 200 0 
473 63 200 0 
474 63 200 0 
475 65 200 0 
476 91 200 0 
477 29 200 0 
478 35 200 0 
479 51 200 0 
480 40 200 0 
481 35 200 0 
482 26 200 0 
483 55 200 0 
484 38 200 0 
485 62 200 0 
486 51 200 0 
487 92 200 0 
488 75 200 0 
489 78 200 0 
490 51 200 0 
491 77 200 0 
492 28 200 0 
493 68 200 0 
494 24 200 0 
495 65 200 0 
496 84 200 0 
497 73 200 0 
498 95 200 0 
499 33 200 0 
