NAME GBP_INSTANCES\prob_2_B_4_8_0.txt
COMMENT
BINTYPES 5
ITEMS 500
BINS_SECTIONS
0 60 60 0 502 
1 80 80 0 377 
2 100 100 0 301 
3 120 120 0 251 
4 150 150 0 201 
ITEMS_SECTIONS
0 48 200 0 
1 84 200 0 
2 77 200 0 
3 89 200 0 
4 97 200 0 
5 22 200 0 
6 67 200 0 
7 67 200 0 
8 91 200 0 
9 73 200 0 
10 59 200 0 
11 40 200 0 
12 36 200 0 
13 56 200 0 
14 53 200 0 
15 70 200 0 
16 66 200 0 
17 52 200 0 
18 40 200 0 
19 92 200 0 
20 52 200 0 
21 98 200 0 
22 90 200 0 
23 37 200 0 
24 82 200 0 
25 27 200 0 
26 29 200 0 
27 82 200 0 
28 45 200 0 
29 81 200 0 
30 61 200 0 
31 99 200 0 
32 76 200 0 
33 90 200 0 
34 65 200 0 
35 27 200 0 
36 31 200 0 
37 74 200 0 
38 36 200 0 
39 51 200 0 
40 49 200 0 
41 65 200 0 
42 21 200 0 
43 69 200 0 
44 60 200 0 
45 98 200 0 
46 43 200 0 
47 75 200 0 
48 60 200 0 
49 61 200 0 
50 41 200 0 
51 41 200 0 
52 40 200 0 
53 61 200 0 
54 58 200 0 
55 45 200 0 
56 43 200 0 
57 100 200 0 
58 90 200 0 
59 36 200 0 
60 29 200 0 
61 39 200 0 
62 61 200 0 
63 66 200 0 
64 98 200 0 
65 93 200 0 
66 47 200 0 
67 42 200 0 
68 43 200 0 
69 24 200 0 
70 100 200 0 
71 86 200 0 
72 51 200 0 
73 84 200 0 
74 38 200 0 
75 78 200 0 
76 89 200 0 
77 27 200 0 
78 80 200 0 
79 90 200 0 
80 40 200 0 
81 49 200 0 
82 26 200 0 
83 57 200 0 
84 30 200 0 
85 50 200 0 
86 46 200 0 
87 88 200 0 
88 61 200 0 
89 41 200 0 
90 45 200 0 
91 59 200 0 
92 79 200 0 
93 85 200 0 
94 38 200 0 
95 59 200 0 
96 52 200 0 
97 42 200 0 
98 93 200 0 
99 96 200 0 
100 85 200 0 
101 63 200 0 
102 29 200 0 
103 75 200 0 
104 57 200 0 
105 96 200 0 
106 99 200 0 
107 45 200 0 
108 88 200 0 
109 82 200 0 
110 82 200 0 
111 58 200 0 
112 51 200 0 
113 60 200 0 
114 43 200 0 
115 28 200 0 
116 61 200 0 
117 90 200 0 
118 24 200 0 
119 54 200 0 
120 84 200 0 
121 29 200 0 
122 63 200 0 
123 91 200 0 
124 47 200 0 
125 91 200 0 
126 70 200 0 
127 47 200 0 
128 90 200 0 
129 77 200 0 
130 68 200 0 
131 83 200 0 
132 44 200 0 
133 53 200 0 
134 73 200 0 
135 47 200 0 
136 84 200 0 
137 98 200 0 
138 69 200 0 
139 34 200 0 
140 38 200 0 
141 90 200 0 
142 47 200 0 
143 53 200 0 
144 34 200 0 
145 86 200 0 
146 97 200 0 
147 90 200 0 
148 29 200 0 
149 35 200 0 
150 40 200 0 
151 37 200 0 
152 40 200 0 
153 35 200 0 
154 26 200 0 
155 79 200 0 
156 45 200 0 
157 78 200 0 
158 73 200 0 
159 44 200 0 
160 23 200 0 
161 44 200 0 
162 35 200 0 
163 62 200 0 
164 66 200 0 
165 78 200 0 
166 77 200 0 
167 81 200 0 
168 48 200 0 
169 33 200 0 
170 91 200 0 
171 35 200 0 
172 100 200 0 
173 24 200 0 
174 52 200 0 
175 35 200 0 
176 69 200 0 
177 66 200 0 
178 69 200 0 
179 67 200 0 
180 89 200 0 
181 45 200 0 
182 58 200 0 
183 99 200 0 
184 71 200 0 
185 56 200 0 
186 97 200 0 
187 59 200 0 
188 40 200 0 
189 54 200 0 
190 42 200 0 
191 36 200 0 
192 39 200 0 
193 55 200 0 
194 97 200 0 
195 99 200 0 
196 72 200 0 
197 55 200 0 
198 45 200 0 
199 63 200 0 
200 81 200 0 
201 30 200 0 
202 26 200 0 
203 48 200 0 
204 51 200 0 
205 85 200 0 
206 87 200 0 
207 90 200 0 
208 52 200 0 
209 49 200 0 
210 40 200 0 
211 29 200 0 
212 92 200 0 
213 29 200 0 
214 40 200 0 
215 29 200 0 
216 58 200 0 
217 34 200 0 
218 75 200 0 
219 72 200 0 
220 99 200 0 
221 93 200 0 
222 46 200 0 
223 54 200 0 
224 64 200 0 
225 93 200 0 
226 71 200 0 
227 30 200 0 
228 84 200 0 
229 44 200 0 
230 56 200 0 
231 86 200 0 
232 53 200 0 
233 88 200 0 
234 91 200 0 
235 80 200 0 
236 85 200 0 
237 63 200 0 
238 64 200 0 
239 34 200 0 
240 99 200 0 
241 29 200 0 
242 46 200 0 
243 54 200 0 
244 68 200 0 
245 41 200 0 
246 25 200 0 
247 64 200 0 
248 21 200 0 
249 22 200 0 
250 37 200 0 
251 90 200 0 
252 66 200 0 
253 99 200 0 
254 77 200 0 
255 95 200 0 
256 80 200 0 
257 85 200 0 
258 54 200 0 
259 97 200 0 
260 60 200 0 
261 95 200 0 
262 29 200 0 
263 49 200 0 
264 52 200 0 
265 71 200 0 
266 63 200 0 
267 64 200 0 
268 94 200 0 
269 53 200 0 
270 49 200 0 
271 50 200 0 
272 60 200 0 
273 27 200 0 
274 83 200 0 
275 70 200 0 
276 62 200 0 
277 46 200 0 
278 51 200 0 
279 88 200 0 
280 36 200 0 
281 99 200 0 
282 96 200 0 
283 90 200 0 
284 41 200 0 
285 40 200 0 
286 39 200 0 
287 47 200 0 
288 49 200 0 
289 68 200 0 
290 98 200 0 
291 69 200 0 
292 54 200 0 
293 86 200 0 
294 41 200 0 
295 62 200 0 
296 61 200 0 
297 34 200 0 
298 73 200 0 
299 21 200 0 
300 69 200 0 
301 60 200 0 
302 29 200 0 
303 46 200 0 
304 85 200 0 
305 95 200 0 
306 24 200 0 
307 88 200 0 
308 59 200 0 
309 74 200 0 
310 72 200 0 
311 34 200 0 
312 77 200 0 
313 52 200 0 
314 85 200 0 
315 58 200 0 
316 62 200 0 
317 35 200 0 
318 77 200 0 
319 82 200 0 
320 68 200 0 
321 24 200 0 
322 57 200 0 
323 43 200 0 
324 59 200 0 
325 40 200 0 
326 84 200 0 
327 39 200 0 
328 45 200 0 
329 55 200 0 
330 52 200 0 
331 62 200 0 
332 95 200 0 
333 75 200 0 
334 66 200 0 
335 61 200 0 
336 62 200 0 
337 68 200 0 
338 97 200 0 
339 49 200 0 
340 60 200 0 
341 62 200 0 
342 40 200 0 
343 39 200 0 
344 94 200 0 
345 95 200 0 
346 32 200 0 
347 65 200 0 
348 25 200 0 
349 29 200 0 
350 92 200 0 
351 23 200 0 
352 52 200 0 
353 46 200 0 
354 56 200 0 
355 44 200 0 
356 86 200 0 
357 50 200 0 
358 69 200 0 
359 24 200 0 
360 23 200 0 
361 84 200 0 
362 49 200 0 
363 61 200 0 
364 39 200 0 
365 76 200 0 
366 59 200 0 
367 99 200 0 
368 93 200 0 
369 53 200 0 
370 90 200 0 
371 63 200 0 
372 85 200 0 
373 98 200 0 
374 64 200 0 
375 51 200 0 
376 96 200 0 
377 68 200 0 
378 85 200 0 
379 33 200 0 
380 85 200 0 
381 34 200 0 
382 63 200 0 
383 57 200 0 
384 56 200 0 
385 91 200 0 
386 24 200 0 
387 24 200 0 
388 83 200 0 
389 35 200 0 
390 65 200 0 
391 28 200 0 
392 72 200 0 
393 95 200 0 
394 69 200 0 
395 64 200 0 
396 22 200 0 
397 29 200 0 
398 67 200 0 
399 53 200 0 
400 22 200 0 
401 100 200 0 
402 68 200 0 
403 84 200 0 
404 90 200 0 
405 93 200 0 
406 92 200 0 
407 65 200 0 
408 70 200 0 
409 83 200 0 
410 27 200 0 
411 49 200 0 
412 91 200 0 
413 50 200 0 
414 47 200 0 
415 21 200 0 
416 30 200 0 
417 66 200 0 
418 83 200 0 
419 23 200 0 
420 94 200 0 
421 61 200 0 
422 56 200 0 
423 27 200 0 
424 87 200 0 
425 91 200 0 
426 74 200 0 
427 41 200 0 
428 24 200 0 
429 50 200 0 
430 64 200 0 
431 22 200 0 
432 68 200 0 
433 51 200 0 
434 54 200 0 
435 77 200 0 
436 49 200 0 
437 30 200 0 
438 68 200 0 
439 42 200 0 
440 60 200 0 
441 34 200 0 
442 81 200 0 
443 47 200 0 
444 73 200 0 
445 65 200 0 
446 96 200 0 
447 38 200 0 
448 62 200 0 
449 64 200 0 
450 75 200 0 
451 87 200 0 
452 23 200 0 
453 24 200 0 
454 27 200 0 
455 48 200 0 
456 21 200 0 
457 24 200 0 
458 66 200 0 
459 52 200 0 
460 42 200 0 
461 79 200 0 
462 24 200 0 
463 75 200 0 
464 27 200 0 
465 91 200 0 
466 26 200 0 
467 92 200 0 
468 33 200 0 
469 35 200 0 
470 94 200 0 
471 71 200 0 
472 86 200 0 
473 86 200 0 
474 25 200 0 
475 52 200 0 
476 75 200 0 
477 54 200 0 
478 24 200 0 
479 40 200 0 
480 57 200 0 
481 46 200 0 
482 38 200 0 
483 32 200 0 
484 30 200 0 
485 45 200 0 
486 38 200 0 
487 85 200 0 
488 44 200 0 
489 29 200 0 
490 81 200 0 
491 83 200 0 
492 90 200 0 
493 44 200 0 
494 77 200 0 
495 86 200 0 
496 73 200 0 
497 36 200 0 
498 84 200 0 
499 27 200 0 
