NAME GBP_INSTANCES\prob_1_B_0_7_0.txt
COMMENT
BINTYPES 5
ITEMS 25
BINS_SECTIONS
0 60 60 0 20 
1 80 80 0 15 
2 100 100 0 12 
3 120 120 0 10 
4 150 150 0 8 
ITEMS_SECTIONS
0 21 200 0 
1 74 200 0 
2 52 200 0 
3 62 200 0 
4 34 200 0 
5 77 200 0 
6 97 200 0 
7 77 200 0 
8 55 200 0 
9 17 200 0 
10 64 200 0 
11 5 200 0 
12 19 200 0 
13 89 200 0 
14 18 200 0 
15 89 200 0 
16 15 200 0 
17 7 200 0 
18 12 200 0 
19 85 200 0 
20 86 200 0 
21 39 200 0 
22 54 200 0 
23 23 200 0 
24 11 200 0 
