NAME GBP_INSTANCES\prob_2_B_0_7_0.txt
COMMENT
BINTYPES 5
ITEMS 25
BINS_SECTIONS
0 60 60 0 29 
1 80 80 0 22 
2 100 100 0 18 
3 120 120 0 15 
4 150 150 0 12 
ITEMS_SECTIONS
0 43 200 0 
1 32 200 0 
2 66 200 0 
3 87 200 0 
4 38 200 0 
5 94 200 0 
6 39 200 0 
7 98 200 0 
8 74 200 0 
9 86 200 0 
10 86 200 0 
11 88 200 0 
12 32 200 0 
13 63 200 0 
14 89 200 0 
15 73 200 0 
16 47 200 0 
17 66 200 0 
18 77 200 0 
19 48 200 0 
20 100 200 0 
21 55 200 0 
22 69 200 0 
23 61 200 0 
24 100 200 0 
