NAME GBP_INSTANCES\prob_1_B_2_4_0.txt
COMMENT
BINTYPES 5
ITEMS 100
BINS_SECTIONS
0 60 60 0 93 
1 80 80 0 70 
2 100 100 0 56 
3 120 120 0 47 
4 150 150 0 38 
ITEMS_SECTIONS
0 45 200 1
1 35 200 1
2 67 200 1
3 95 200 1
4 57 200 1
5 42 200 1
6 20 200 1
7 80 200 1
8 86 200 1
9 7 200 1
10 87 200 1
11 84 200 1
12 76 200 1
13 85 200 1
14 11 200 1
15 88 200 1
16 67 200 1
17 97 200 1
18 18 200 1
19 62 200 1
20 73 200 1
21 12 200 1
22 99 200 1
23 98 200 1
24 69 200 1
25 12 200 1
26 58 200 1
27 24 200 1
28 90 200 1
29 62 200 1
30 61 200 1
31 87 200 1
32 42 200 1
33 78 200 1
34 22 200 1
35 94 200 1
36 5 200 1
37 8 200 1
38 21 200 1
39 88 200 1
40 56 200 1
41 40 200 1
42 4 200 1
43 41 200 1
44 75 200 1
45 50 200 1
46 61 200 1
47 67 200 1
48 53 200 1
49 78 200 1
50 30 200 1
51 17 200 1
52 86 200 1
53 71 200 1
54 19 200 1
55 46 200 1
56 71 200 1
57 76 200 1
58 98 200 1
59 52 200 1
60 67 200 1
61 15 200 1
62 68 200 1
63 50 200 1
64 63 200 1
65 23 200 1
66 11 200 1
67 75 200 1
68 5 200 1
69 3 200 1
70 92 200 1
71 4 200 1
72 9 200 1
73 47 200 1
74 80 200 1
75 69 200 1
76 45 200 1
77 97 200 1
78 46 200 1
79 59 200 1
80 98 200 1
81 98 200 1
82 41 200 1
83 77 200 1
84 79 200 1
85 95 200 1
86 96 200 1
87 61 200 1
88 22 200 1
89 58 200 1
90 35 200 1
91 31 200 1
92 19 200 1
93 58 200 1
94 59 200 1
95 55 200 1
96 34 200 1
97 91 200 1
98 90 200 1
99 28 200 1
