NAME GBP_INSTANCES\prob_3_B_3_3_0.txt
COMMENT
BINTYPES 5
ITEMS 200
BINS_SECTIONS
0 60 60 0 250 
1 80 80 0 188 
2 100 100 0 150 
3 120 120 0 125 
4 150 150 0 100 
ITEMS_SECTIONS
0 82 200 0 
1 89 200 0 
2 69 200 0 
3 52 200 0 
4 85 200 0 
5 79 200 0 
6 85 200 0 
7 73 200 0 
8 78 200 0 
9 97 200 0 
10 86 200 0 
11 80 200 0 
12 98 200 0 
13 100 200 0 
14 63 200 0 
15 93 200 0 
16 56 200 0 
17 92 200 0 
18 92 200 0 
19 53 200 0 
20 57 200 0 
21 66 200 0 
22 57 200 0 
23 51 200 0 
24 55 200 0 
25 99 200 0 
26 76 200 0 
27 89 200 0 
28 55 200 0 
29 67 200 0 
30 82 200 0 
31 77 200 0 
32 92 200 0 
33 90 200 0 
34 87 200 0 
35 100 200 0 
36 60 200 0 
37 56 200 0 
38 65 200 0 
39 52 200 0 
40 59 200 0 
41 71 200 0 
42 92 200 0 
43 83 200 0 
44 51 200 0 
45 56 200 0 
46 74 200 0 
47 87 200 0 
48 64 200 0 
49 85 200 0 
50 63 200 0 
51 94 200 0 
52 61 200 0 
53 68 200 0 
54 77 200 0 
55 82 200 0 
56 62 200 0 
57 91 200 0 
58 74 200 0 
59 81 200 0 
60 57 200 0 
61 60 200 0 
62 60 200 0 
63 88 200 0 
64 88 200 0 
65 58 200 0 
66 75 200 0 
67 92 200 0 
68 63 200 0 
69 71 200 0 
70 76 200 0 
71 58 200 0 
72 77 200 0 
73 79 200 0 
74 75 200 0 
75 98 200 0 
76 78 200 0 
77 81 200 0 
78 98 200 0 
79 93 200 0 
80 76 200 0 
81 97 200 0 
82 62 200 0 
83 82 200 0 
84 93 200 0 
85 55 200 0 
86 56 200 0 
87 79 200 0 
88 59 200 0 
89 66 200 0 
90 61 200 0 
91 57 200 0 
92 92 200 0 
93 51 200 0 
94 79 200 0 
95 79 200 0 
96 73 200 0 
97 60 200 0 
98 97 200 0 
99 92 200 0 
100 52 200 0 
101 99 200 0 
102 68 200 0 
103 97 200 0 
104 92 200 0 
105 66 200 0 
106 96 200 0 
107 62 200 0 
108 93 200 0 
109 100 200 0 
110 73 200 0 
111 61 200 0 
112 53 200 0 
113 93 200 0 
114 78 200 0 
115 68 200 0 
116 55 200 0 
117 89 200 0 
118 59 200 0 
119 78 200 0 
120 89 200 0 
121 92 200 0 
122 95 200 0 
123 68 200 0 
124 89 200 0 
125 73 200 0 
126 67 200 0 
127 54 200 0 
128 62 200 0 
129 54 200 0 
130 69 200 0 
131 88 200 0 
132 75 200 0 
133 85 200 0 
134 68 200 0 
135 81 200 0 
136 79 200 0 
137 72 200 0 
138 62 200 0 
139 94 200 0 
140 93 200 0 
141 53 200 0 
142 62 200 0 
143 98 200 0 
144 62 200 0 
145 76 200 0 
146 100 200 0 
147 83 200 0 
148 86 200 0 
149 95 200 0 
150 71 200 0 
151 68 200 0 
152 56 200 0 
153 77 200 0 
154 85 200 0 
155 97 200 0 
156 65 200 0 
157 77 200 0 
158 70 200 0 
159 73 200 0 
160 78 200 0 
161 91 200 0 
162 55 200 0 
163 53 200 0 
164 60 200 0 
165 90 200 0 
166 73 200 0 
167 78 200 0 
168 71 200 0 
169 78 200 0 
170 80 200 0 
171 90 200 0 
172 62 200 0 
173 52 200 0 
174 52 200 0 
175 67 200 0 
176 86 200 0 
177 94 200 0 
178 67 200 0 
179 88 200 0 
180 59 200 0 
181 71 200 0 
182 53 200 0 
183 92 200 0 
184 74 200 0 
185 73 200 0 
186 86 200 0 
187 56 200 0 
188 72 200 0 
189 80 200 0 
190 63 200 0 
191 98 200 0 
192 60 200 0 
193 66 200 0 
194 64 200 0 
195 86 200 0 
196 77 200 0 
197 92 200 0 
198 57 200 0 
199 57 200 0 
