NAME GBP_INSTANCES\prob_2_B_4_2_0.txt
COMMENT
BINTYPES 5
ITEMS 500
BINS_SECTIONS
0 60 60 0 512 
1 80 80 0 384 
2 100 100 0 308 
3 120 120 0 256 
4 150 150 0 205 
ITEMS_SECTIONS
0 21 200 0 
1 55 200 0 
2 99 200 0 
3 65 200 0 
4 49 200 0 
5 88 200 0 
6 86 200 0 
7 49 200 0 
8 30 200 0 
9 78 200 0 
10 26 200 0 
11 88 200 0 
12 51 200 0 
13 98 200 0 
14 94 200 0 
15 97 200 0 
16 42 200 0 
17 66 200 0 
18 77 200 0 
19 34 200 0 
20 45 200 0 
21 53 200 0 
22 90 200 0 
23 66 200 0 
24 90 200 0 
25 62 200 0 
26 94 200 0 
27 79 200 0 
28 33 200 0 
29 84 200 0 
30 28 200 0 
31 94 200 0 
32 30 200 0 
33 47 200 0 
34 51 200 0 
35 72 200 0 
36 88 200 0 
37 47 200 0 
38 76 200 0 
39 54 200 0 
40 92 200 0 
41 96 200 0 
42 91 200 0 
43 62 200 0 
44 98 200 0 
45 88 200 0 
46 45 200 0 
47 61 200 0 
48 60 200 0 
49 86 200 0 
50 74 200 0 
51 66 200 0 
52 59 200 0 
53 50 200 0 
54 93 200 0 
55 45 200 0 
56 40 200 0 
57 67 200 0 
58 75 200 0 
59 99 200 0 
60 43 200 0 
61 21 200 0 
62 58 200 0 
63 88 200 0 
64 22 200 0 
65 32 200 0 
66 69 200 0 
67 80 200 0 
68 70 200 0 
69 33 200 0 
70 56 200 0 
71 56 200 0 
72 68 200 0 
73 34 200 0 
74 89 200 0 
75 86 200 0 
76 54 200 0 
77 37 200 0 
78 40 200 0 
79 70 200 0 
80 91 200 0 
81 88 200 0 
82 54 200 0 
83 73 200 0 
84 55 200 0 
85 63 200 0 
86 54 200 0 
87 44 200 0 
88 27 200 0 
89 27 200 0 
90 66 200 0 
91 29 200 0 
92 48 200 0 
93 88 200 0 
94 94 200 0 
95 53 200 0 
96 73 200 0 
97 34 200 0 
98 56 200 0 
99 81 200 0 
100 76 200 0 
101 99 200 0 
102 22 200 0 
103 93 200 0 
104 38 200 0 
105 71 200 0 
106 63 200 0 
107 65 200 0 
108 73 200 0 
109 26 200 0 
110 43 200 0 
111 28 200 0 
112 40 200 0 
113 68 200 0 
114 99 200 0 
115 91 200 0 
116 80 200 0 
117 99 200 0 
118 48 200 0 
119 47 200 0 
120 79 200 0 
121 57 200 0 
122 88 200 0 
123 98 200 0 
124 50 200 0 
125 40 200 0 
126 60 200 0 
127 36 200 0 
128 75 200 0 
129 24 200 0 
130 33 200 0 
131 72 200 0 
132 43 200 0 
133 48 200 0 
134 46 200 0 
135 94 200 0 
136 58 200 0 
137 95 200 0 
138 92 200 0 
139 68 200 0 
140 88 200 0 
141 43 200 0 
142 98 200 0 
143 43 200 0 
144 27 200 0 
145 50 200 0 
146 87 200 0 
147 83 200 0 
148 41 200 0 
149 72 200 0 
150 64 200 0 
151 84 200 0 
152 41 200 0 
153 58 200 0 
154 39 200 0 
155 59 200 0 
156 70 200 0 
157 100 200 0 
158 38 200 0 
159 48 200 0 
160 58 200 0 
161 78 200 0 
162 57 200 0 
163 62 200 0 
164 85 200 0 
165 67 200 0 
166 37 200 0 
167 33 200 0 
168 83 200 0 
169 99 200 0 
170 54 200 0 
171 93 200 0 
172 47 200 0 
173 63 200 0 
174 83 200 0 
175 32 200 0 
176 72 200 0 
177 87 200 0 
178 96 200 0 
179 98 200 0 
180 22 200 0 
181 46 200 0 
182 93 200 0 
183 75 200 0 
184 57 200 0 
185 37 200 0 
186 96 200 0 
187 76 200 0 
188 65 200 0 
189 76 200 0 
190 24 200 0 
191 71 200 0 
192 29 200 0 
193 62 200 0 
194 64 200 0 
195 63 200 0 
196 94 200 0 
197 93 200 0 
198 65 200 0 
199 92 200 0 
200 45 200 0 
201 27 200 0 
202 24 200 0 
203 68 200 0 
204 76 200 0 
205 49 200 0 
206 35 200 0 
207 40 200 0 
208 90 200 0 
209 97 200 0 
210 79 200 0 
211 35 200 0 
212 42 200 0 
213 70 200 0 
214 41 200 0 
215 65 200 0 
216 87 200 0 
217 32 200 0 
218 71 200 0 
219 77 200 0 
220 90 200 0 
221 86 200 0 
222 96 200 0 
223 52 200 0 
224 53 200 0 
225 30 200 0 
226 27 200 0 
227 97 200 0 
228 60 200 0 
229 50 200 0 
230 34 200 0 
231 22 200 0 
232 93 200 0 
233 89 200 0 
234 33 200 0 
235 85 200 0 
236 80 200 0 
237 33 200 0 
238 69 200 0 
239 79 200 0 
240 56 200 0 
241 28 200 0 
242 29 200 0 
243 39 200 0 
244 61 200 0 
245 23 200 0 
246 52 200 0 
247 69 200 0 
248 69 200 0 
249 24 200 0 
250 57 200 0 
251 80 200 0 
252 58 200 0 
253 73 200 0 
254 85 200 0 
255 67 200 0 
256 93 200 0 
257 61 200 0 
258 36 200 0 
259 33 200 0 
260 70 200 0 
261 89 200 0 
262 86 200 0 
263 99 200 0 
264 33 200 0 
265 41 200 0 
266 72 200 0 
267 85 200 0 
268 60 200 0 
269 33 200 0 
270 57 200 0 
271 47 200 0 
272 81 200 0 
273 92 200 0 
274 54 200 0 
275 22 200 0 
276 54 200 0 
277 88 200 0 
278 26 200 0 
279 66 200 0 
280 79 200 0 
281 26 200 0 
282 22 200 0 
283 29 200 0 
284 60 200 0 
285 51 200 0 
286 64 200 0 
287 80 200 0 
288 89 200 0 
289 24 200 0 
290 59 200 0 
291 68 200 0 
292 69 200 0 
293 29 200 0 
294 43 200 0 
295 90 200 0 
296 51 200 0 
297 68 200 0 
298 89 200 0 
299 96 200 0 
300 36 200 0 
301 53 200 0 
302 28 200 0 
303 51 200 0 
304 92 200 0 
305 52 200 0 
306 61 200 0 
307 65 200 0 
308 94 200 0 
309 39 200 0 
310 23 200 0 
311 87 200 0 
312 91 200 0 
313 76 200 0 
314 51 200 0 
315 37 200 0 
316 43 200 0 
317 98 200 0 
318 100 200 0 
319 100 200 0 
320 38 200 0 
321 53 200 0 
322 21 200 0 
323 86 200 0 
324 99 200 0 
325 76 200 0 
326 40 200 0 
327 45 200 0 
328 68 200 0 
329 62 200 0 
330 67 200 0 
331 75 200 0 
332 43 200 0 
333 88 200 0 
334 90 200 0 
335 86 200 0 
336 77 200 0 
337 97 200 0 
338 75 200 0 
339 95 200 0 
340 34 200 0 
341 36 200 0 
342 100 200 0 
343 47 200 0 
344 53 200 0 
345 80 200 0 
346 28 200 0 
347 62 200 0 
348 53 200 0 
349 41 200 0 
350 99 200 0 
351 25 200 0 
352 75 200 0 
353 72 200 0 
354 47 200 0 
355 57 200 0 
356 60 200 0 
357 24 200 0 
358 54 200 0 
359 66 200 0 
360 64 200 0 
361 24 200 0 
362 29 200 0 
363 64 200 0 
364 56 200 0 
365 38 200 0 
366 26 200 0 
367 34 200 0 
368 80 200 0 
369 43 200 0 
370 77 200 0 
371 48 200 0 
372 60 200 0 
373 66 200 0 
374 69 200 0 
375 70 200 0 
376 56 200 0 
377 51 200 0 
378 35 200 0 
379 72 200 0 
380 72 200 0 
381 95 200 0 
382 44 200 0 
383 42 200 0 
384 73 200 0 
385 32 200 0 
386 55 200 0 
387 42 200 0 
388 29 200 0 
389 55 200 0 
390 57 200 0 
391 59 200 0 
392 74 200 0 
393 60 200 0 
394 35 200 0 
395 34 200 0 
396 67 200 0 
397 31 200 0 
398 100 200 0 
399 63 200 0 
400 41 200 0 
401 54 200 0 
402 87 200 0 
403 26 200 0 
404 60 200 0 
405 24 200 0 
406 64 200 0 
407 87 200 0 
408 83 200 0 
409 31 200 0 
410 30 200 0 
411 43 200 0 
412 21 200 0 
413 61 200 0 
414 76 200 0 
415 63 200 0 
416 42 200 0 
417 69 200 0 
418 85 200 0 
419 26 200 0 
420 100 200 0 
421 96 200 0 
422 100 200 0 
423 59 200 0 
424 35 200 0 
425 65 200 0 
426 23 200 0 
427 45 200 0 
428 84 200 0 
429 23 200 0 
430 90 200 0 
431 70 200 0 
432 39 200 0 
433 83 200 0 
434 80 200 0 
435 59 200 0 
436 96 200 0 
437 33 200 0 
438 51 200 0 
439 76 200 0 
440 99 200 0 
441 88 200 0 
442 89 200 0 
443 34 200 0 
444 78 200 0 
445 50 200 0 
446 93 200 0 
447 48 200 0 
448 48 200 0 
449 29 200 0 
450 50 200 0 
451 83 200 0 
452 66 200 0 
453 66 200 0 
454 69 200 0 
455 69 200 0 
456 97 200 0 
457 42 200 0 
458 47 200 0 
459 80 200 0 
460 54 200 0 
461 37 200 0 
462 94 200 0 
463 81 200 0 
464 51 200 0 
465 28 200 0 
466 71 200 0 
467 26 200 0 
468 89 200 0 
469 43 200 0 
470 79 200 0 
471 64 200 0 
472 44 200 0 
473 77 200 0 
474 86 200 0 
475 37 200 0 
476 37 200 0 
477 77 200 0 
478 71 200 0 
479 86 200 0 
480 58 200 0 
481 26 200 0 
482 66 200 0 
483 55 200 0 
484 56 200 0 
485 26 200 0 
486 91 200 0 
487 59 200 0 
488 69 200 0 
489 100 200 0 
490 39 200 0 
491 55 200 0 
492 21 200 0 
493 84 200 0 
494 45 200 0 
495 86 200 0 
496 29 200 0 
497 57 200 0 
498 33 200 0 
499 51 200 0 
