NAME GBP_INSTANCES\prob_1_A_1_1_0.txt
COMMENT
BINTYPES 3
ITEMS 50
BINS_SECTIONS
0 100 100 0 25 
1 120 120 0 21 
2 150 150 0 17 
ITEMS_SECTIONS
0 4 200 0 
1 95 200 0 
2 93 200 0 
3 91 200 0 
4 87 200 0 
5 16 200 0 
6 19 200 0 
7 8 200 0 
8 66 200 0 
9 74 200 0 
10 12 200 0 
11 17 200 0 
12 11 200 0 
13 14 200 0 
14 4 200 0 
15 77 200 0 
16 96 200 0 
17 4 200 0 
18 66 200 0 
19 12 200 0 
20 44 200 0 
21 32 200 0 
22 3 200 0 
23 89 200 0 
24 77 200 0 
25 52 200 0 
26 18 200 0 
27 77 200 0 
28 89 200 0 
29 51 200 0 
30 88 200 0 
31 74 200 0 
32 25 200 0 
33 7 200 0 
34 61 200 0 
35 88 200 0 
36 51 200 0 
37 69 200 0 
38 99 200 0 
39 61 200 0 
40 51 200 0 
41 60 200 0 
42 90 200 0 
43 6 200 0 
44 89 200 0 
45 12 200 0 
46 53 200 0 
47 59 200 0 
48 2 200 0 
49 40 200 0 
