NAME GBP_INSTANCES\prob_1_B_0_4_0.txt
COMMENT
BINTYPES 5
ITEMS 25
BINS_SECTIONS
0 60 60 0 23 
1 80 80 0 17 
2 100 100 0 14 
3 120 120 0 12 
4 150 150 0 9 
ITEMS_SECTIONS
0 55 200 0 
1 38 200 0 
2 51 200 0 
3 67 200 0 
4 9 200 0 
5 54 200 0 
6 25 200 0 
7 51 200 0 
8 49 200 0 
9 48 200 0 
10 73 200 0 
11 41 200 0 
12 75 200 0 
13 92 200 0 
14 100 200 0 
15 81 200 0 
16 99 200 0 
17 50 200 0 
18 33 200 0 
19 20 200 0 
20 14 200 0 
21 15 200 0 
22 87 200 0 
23 27 200 0 
24 80 200 0 
