NAME GBP_INSTANCES\prob_3_B_2_6_0.txt
COMMENT
BINTYPES 5
ITEMS 100
BINS_SECTIONS
0 60 60 0 128 
1 80 80 0 96 
2 100 100 0 77 
3 120 120 0 64 
4 150 150 0 51 
ITEMS_SECTIONS
0 68 200 0 
1 70 200 0 
2 91 200 0 
3 94 200 0 
4 57 200 0 
5 94 200 0 
6 90 200 0 
7 65 200 0 
8 67 200 0 
9 57 200 0 
10 100 200 0 
11 93 200 0 
12 100 200 0 
13 58 200 0 
14 76 200 0 
15 56 200 0 
16 68 200 0 
17 85 200 0 
18 87 200 0 
19 67 200 0 
20 66 200 0 
21 89 200 0 
22 75 200 0 
23 93 200 0 
24 61 200 0 
25 91 200 0 
26 90 200 0 
27 66 200 0 
28 81 200 0 
29 94 200 0 
30 84 200 0 
31 82 200 0 
32 61 200 0 
33 98 200 0 
34 67 200 0 
35 64 200 0 
36 83 200 0 
37 69 200 0 
38 87 200 0 
39 63 200 0 
40 83 200 0 
41 69 200 0 
42 85 200 0 
43 54 200 0 
44 88 200 0 
45 57 200 0 
46 64 200 0 
47 96 200 0 
48 68 200 0 
49 60 200 0 
50 91 200 0 
51 80 200 0 
52 68 200 0 
53 68 200 0 
54 89 200 0 
55 70 200 0 
56 97 200 0 
57 59 200 0 
58 85 200 0 
59 73 200 0 
60 55 200 0 
61 69 200 0 
62 68 200 0 
63 80 200 0 
64 100 200 0 
65 84 200 0 
66 80 200 0 
67 70 200 0 
68 55 200 0 
69 98 200 0 
70 79 200 0 
71 74 200 0 
72 57 200 0 
73 51 200 0 
74 66 200 0 
75 86 200 0 
76 89 200 0 
77 88 200 0 
78 100 200 0 
79 65 200 0 
80 98 200 0 
81 64 200 0 
82 55 200 0 
83 70 200 0 
84 95 200 0 
85 70 200 0 
86 82 200 0 
87 69 200 0 
88 91 200 0 
89 72 200 0 
90 82 200 0 
91 68 200 0 
92 60 200 0 
93 82 200 0 
94 65 200 0 
95 51 200 0 
96 79 200 0 
97 94 200 0 
98 88 200 0 
99 64 200 0 
