NAME GBP_INSTANCES\prob_3_A_2_2_0.txt
COMMENT
BINTYPES 3
ITEMS 100
BINS_SECTIONS
0 100 100 0 74 
1 120 120 0 61 
2 150 150 0 49 
ITEMS_SECTIONS
0 54 200 1
1 72 200 1
2 52 200 1
3 70 200 1
4 56 200 1
5 95 200 1
6 58 200 1
7 98 200 1
8 68 200 1
9 64 200 1
10 56 200 1
11 65 200 1
12 52 200 1
13 98 200 1
14 54 200 1
15 93 200 1
16 58 200 1
17 63 200 1
18 63 200 1
19 99 200 1
20 63 200 1
21 52 200 1
22 56 200 1
23 58 200 1
24 74 200 1
25 94 200 1
26 58 200 1
27 96 200 1
28 59 200 1
29 64 200 1
30 67 200 1
31 57 200 1
32 55 200 1
33 95 200 1
34 88 200 1
35 53 200 1
36 91 200 1
37 91 200 1
38 68 200 1
39 98 200 1
40 54 200 1
41 68 200 1
42 78 200 1
43 91 200 1
44 87 200 1
45 78 200 1
46 89 200 1
47 87 200 1
48 64 200 1
49 53 200 1
50 54 200 1
51 77 200 1
52 55 200 1
53 64 200 1
54 70 200 1
55 66 200 1
56 96 200 1
57 76 200 1
58 53 200 1
59 68 200 1
60 74 200 1
61 65 200 1
62 77 200 1
63 62 200 1
64 85 200 1
65 56 200 1
66 83 200 1
67 69 200 1
68 78 200 1
69 63 200 1
70 98 200 1
71 55 200 1
72 99 200 1
73 84 200 1
74 67 200 1
75 61 200 1
76 88 200 1
77 76 200 1
78 95 200 1
79 68 200 1
80 95 200 1
81 77 200 1
82 93 200 1
83 51 200 1
84 83 200 1
85 89 200 1
86 90 200 1
87 73 200 1
88 59 200 1
89 93 200 1
90 94 200 1
91 84 200 1
92 69 200 1
93 57 200 1
94 55 200 1
95 66 200 1
96 97 200 1
97 65 200 1
98 87 200 1
99 85 200 1
