NAME GBP_INSTANCES\prob_1_A_2_0_0.txt
COMMENT
BINTYPES 3
ITEMS 100
BINS_SECTIONS
0 100 100 0 56 
1 120 120 0 46 
2 150 150 0 37 
ITEMS_SECTIONS
0 57 200 1
1 74 200 1
2 78 200 1
3 20 200 1
4 77 200 1
5 60 200 1
6 76 200 1
7 24 200 1
8 81 200 1
9 65 200 1
10 14 200 1
11 100 200 1
12 42 200 1
13 96 200 1
14 93 200 1
15 28 200 1
16 64 200 1
17 72 200 1
18 27 200 1
19 4 200 1
20 34 200 1
21 81 200 1
22 74 200 1
23 14 200 1
24 85 200 1
25 86 200 1
26 32 200 1
27 61 200 1
28 33 200 1
29 42 200 1
30 98 200 1
31 41 200 1
32 64 200 1
33 14 200 1
34 72 200 1
35 89 200 1
36 42 200 1
37 95 200 1
38 20 200 1
39 93 200 1
40 18 200 1
41 84 200 1
42 74 200 1
43 99 200 1
44 90 200 1
45 29 200 1
46 100 200 1
47 100 200 1
48 20 200 1
49 3 200 1
50 81 200 1
51 39 200 1
52 36 200 1
53 16 200 1
54 54 200 1
55 6 200 1
56 39 200 1
57 30 200 1
58 81 200 1
59 77 200 1
60 44 200 1
61 70 200 1
62 54 200 1
63 65 200 1
64 63 200 1
65 12 200 1
66 19 200 1
67 23 200 1
68 64 200 1
69 39 200 1
70 43 200 1
71 86 200 1
72 22 200 1
73 36 200 1
74 90 200 1
75 83 200 1
76 84 200 1
77 29 200 1
78 27 200 1
79 5 200 1
80 80 200 1
81 28 200 1
82 36 200 1
83 58 200 1
84 80 200 1
85 77 200 1
86 55 200 1
87 98 200 1
88 39 200 1
89 91 200 1
90 14 200 1
91 71 200 1
92 49 200 1
93 55 200 1
94 89 200 1
95 39 200 1
96 4 200 1
97 80 200 1
98 58 200 1
99 44 200 1
