NAME GBP_INSTANCES\prob_3_B_4_6_0.txt
COMMENT
BINTYPES 5
ITEMS 500
BINS_SECTIONS
0 60 60 0 627 
1 80 80 0 470 
2 100 100 0 376 
3 120 120 0 314 
4 150 150 0 251 
ITEMS_SECTIONS
0 85 200 1
1 57 200 1
2 56 200 1
3 53 200 1
4 68 200 1
5 51 200 1
6 74 200 1
7 95 200 1
8 68 200 1
9 93 200 1
10 69 200 1
11 100 200 1
12 98 200 1
13 63 200 1
14 64 200 1
15 61 200 1
16 51 200 1
17 82 200 1
18 58 200 1
19 100 200 1
20 58 200 1
21 54 200 1
22 99 200 1
23 68 200 1
24 62 200 1
25 81 200 1
26 69 200 1
27 89 200 1
28 66 200 1
29 55 200 1
30 84 200 1
31 96 200 1
32 90 200 1
33 74 200 1
34 70 200 1
35 88 200 1
36 70 200 1
37 53 200 1
38 79 200 1
39 73 200 1
40 90 200 1
41 67 200 1
42 61 200 1
43 61 200 1
44 60 200 1
45 95 200 1
46 83 200 1
47 75 200 1
48 86 200 1
49 59 200 1
50 86 200 1
51 52 200 1
52 63 200 1
53 70 200 1
54 63 200 1
55 89 200 1
56 71 200 1
57 81 200 1
58 84 200 1
59 75 200 1
60 88 200 1
61 56 200 1
62 78 200 1
63 93 200 1
64 96 200 1
65 51 200 1
66 78 200 1
67 91 200 1
68 63 200 1
69 83 200 1
70 96 200 1
71 64 200 1
72 53 200 1
73 53 200 1
74 74 200 1
75 88 200 1
76 67 200 1
77 74 200 1
78 55 200 1
79 95 200 1
80 55 200 1
81 75 200 1
82 85 200 1
83 89 200 1
84 54 200 1
85 95 200 1
86 66 200 1
87 86 200 1
88 54 200 1
89 79 200 1
90 61 200 1
91 75 200 1
92 72 200 1
93 76 200 1
94 64 200 1
95 100 200 1
96 60 200 1
97 81 200 1
98 58 200 1
99 80 200 1
100 73 200 1
101 55 200 1
102 98 200 1
103 96 200 1
104 51 200 1
105 96 200 1
106 55 200 1
107 99 200 1
108 73 200 1
109 88 200 1
110 65 200 1
111 67 200 1
112 71 200 1
113 67 200 1
114 56 200 1
115 70 200 1
116 51 200 1
117 76 200 1
118 94 200 1
119 62 200 1
120 82 200 1
121 94 200 1
122 96 200 1
123 75 200 1
124 88 200 1
125 63 200 1
126 67 200 1
127 65 200 1
128 51 200 1
129 97 200 1
130 84 200 1
131 54 200 1
132 61 200 1
133 52 200 1
134 83 200 1
135 98 200 1
136 84 200 1
137 88 200 1
138 95 200 1
139 94 200 1
140 68 200 1
141 92 200 1
142 74 200 1
143 93 200 1
144 59 200 1
145 67 200 1
146 96 200 1
147 84 200 1
148 58 200 1
149 80 200 1
150 57 200 1
151 78 200 1
152 89 200 1
153 86 200 1
154 80 200 1
155 88 200 1
156 96 200 1
157 80 200 1
158 82 200 1
159 93 200 1
160 97 200 1
161 77 200 1
162 79 200 1
163 89 200 1
164 75 200 1
165 74 200 1
166 73 200 1
167 59 200 1
168 67 200 1
169 58 200 1
170 86 200 1
171 51 200 1
172 77 200 1
173 59 200 1
174 66 200 1
175 78 200 1
176 51 200 1
177 98 200 1
178 54 200 1
179 96 200 1
180 66 200 1
181 89 200 1
182 89 200 1
183 96 200 1
184 68 200 1
185 56 200 1
186 54 200 1
187 58 200 1
188 87 200 1
189 60 200 1
190 81 200 1
191 91 200 1
192 88 200 1
193 90 200 1
194 65 200 1
195 94 200 1
196 99 200 1
197 86 200 1
198 63 200 1
199 67 200 1
200 71 200 1
201 80 200 1
202 68 200 1
203 80 200 1
204 61 200 1
205 79 200 1
206 98 200 1
207 83 200 1
208 95 200 1
209 74 200 1
210 75 200 1
211 56 200 1
212 52 200 1
213 53 200 1
214 95 200 1
215 85 200 1
216 74 200 1
217 100 200 1
218 57 200 1
219 58 200 1
220 91 200 1
221 99 200 1
222 56 200 1
223 73 200 1
224 76 200 1
225 98 200 1
226 61 200 1
227 56 200 1
228 53 200 1
229 73 200 1
230 70 200 1
231 70 200 1
232 84 200 1
233 71 200 1
234 80 200 1
235 68 200 1
236 68 200 1
237 58 200 1
238 99 200 1
239 73 200 1
240 96 200 1
241 54 200 1
242 54 200 1
243 89 200 1
244 77 200 1
245 91 200 1
246 55 200 1
247 67 200 1
248 71 200 1
249 54 200 1
250 77 200 1
251 91 200 1
252 74 200 1
253 64 200 1
254 75 200 1
255 56 200 1
256 72 200 1
257 53 200 1
258 87 200 1
259 90 200 1
260 90 200 1
261 86 200 1
262 88 200 1
263 66 200 1
264 51 200 1
265 87 200 1
266 58 200 1
267 83 200 1
268 80 200 1
269 70 200 1
270 75 200 1
271 70 200 1
272 71 200 1
273 87 200 1
274 83 200 1
275 52 200 1
276 91 200 1
277 87 200 1
278 74 200 1
279 70 200 1
280 86 200 1
281 98 200 1
282 100 200 1
283 90 200 1
284 86 200 1
285 88 200 1
286 79 200 1
287 62 200 1
288 100 200 1
289 52 200 1
290 58 200 1
291 94 200 1
292 54 200 1
293 93 200 1
294 80 200 1
295 61 200 1
296 78 200 1
297 79 200 1
298 87 200 1
299 73 200 1
300 67 200 1
301 57 200 1
302 51 200 1
303 96 200 1
304 100 200 1
305 65 200 1
306 54 200 1
307 81 200 1
308 77 200 1
309 93 200 1
310 77 200 1
311 75 200 1
312 57 200 1
313 52 200 1
314 60 200 1
315 68 200 1
316 65 200 1
317 69 200 1
318 80 200 1
319 70 200 1
320 92 200 1
321 83 200 1
322 90 200 1
323 94 200 1
324 72 200 1
325 80 200 1
326 85 200 1
327 65 200 1
328 83 200 1
329 89 200 1
330 52 200 1
331 65 200 1
332 84 200 1
333 78 200 1
334 78 200 1
335 83 200 1
336 71 200 1
337 72 200 1
338 55 200 1
339 93 200 1
340 57 200 1
341 76 200 1
342 65 200 1
343 71 200 1
344 82 200 1
345 79 200 1
346 90 200 1
347 67 200 1
348 83 200 1
349 75 200 1
350 68 200 1
351 59 200 1
352 94 200 1
353 76 200 1
354 98 200 1
355 95 200 1
356 55 200 1
357 98 200 1
358 66 200 1
359 91 200 1
360 95 200 1
361 51 200 1
362 84 200 1
363 66 200 1
364 72 200 1
365 57 200 1
366 81 200 1
367 63 200 1
368 84 200 1
369 85 200 1
370 75 200 1
371 83 200 1
372 86 200 1
373 75 200 1
374 63 200 1
375 97 200 1
376 70 200 1
377 86 200 1
378 72 200 1
379 58 200 1
380 100 200 1
381 91 200 1
382 52 200 1
383 68 200 1
384 62 200 1
385 53 200 1
386 93 200 1
387 83 200 1
388 55 200 1
389 68 200 1
390 57 200 1
391 58 200 1
392 54 200 1
393 93 200 1
394 64 200 1
395 63 200 1
396 57 200 1
397 87 200 1
398 58 200 1
399 76 200 1
400 100 200 1
401 70 200 1
402 51 200 1
403 76 200 1
404 56 200 1
405 92 200 1
406 66 200 1
407 51 200 1
408 90 200 1
409 70 200 1
410 85 200 1
411 93 200 1
412 61 200 1
413 67 200 1
414 67 200 1
415 87 200 1
416 61 200 1
417 78 200 1
418 86 200 1
419 73 200 1
420 56 200 1
421 77 200 1
422 68 200 1
423 90 200 1
424 60 200 1
425 82 200 1
426 71 200 1
427 72 200 1
428 54 200 1
429 79 200 1
430 79 200 1
431 66 200 1
432 93 200 1
433 90 200 1
434 66 200 1
435 78 200 1
436 96 200 1
437 97 200 1
438 95 200 1
439 84 200 1
440 75 200 1
441 71 200 1
442 58 200 1
443 54 200 1
444 96 200 1
445 72 200 1
446 70 200 1
447 62 200 1
448 70 200 1
449 59 200 1
450 85 200 1
451 60 200 1
452 79 200 1
453 79 200 1
454 80 200 1
455 65 200 1
456 74 200 1
457 80 200 1
458 81 200 1
459 90 200 1
460 59 200 1
461 60 200 1
462 88 200 1
463 79 200 1
464 93 200 1
465 97 200 1
466 55 200 1
467 72 200 1
468 69 200 1
469 79 200 1
470 96 200 1
471 51 200 1
472 66 200 1
473 71 200 1
474 67 200 1
475 100 200 1
476 72 200 1
477 93 200 1
478 93 200 1
479 93 200 1
480 77 200 1
481 94 200 1
482 99 200 1
483 69 200 1
484 81 200 1
485 95 200 1
486 51 200 1
487 66 200 1
488 70 200 1
489 90 200 1
490 72 200 1
491 91 200 1
492 60 200 1
493 74 200 1
494 54 200 1
495 70 200 1
496 97 200 1
497 86 200 1
498 99 200 1
499 74 200 1
