NAME GBP_INSTANCES\prob_2_B_0_8_0.txt
COMMENT
BINTYPES 5
ITEMS 25
BINS_SECTIONS
0 60 60 0 27 
1 80 80 0 20 
2 100 100 0 16 
3 120 120 0 14 
4 150 150 0 11 
ITEMS_SECTIONS
0 52 200 0 
1 30 200 0 
2 69 200 0 
3 66 200 0 
4 83 200 0 
5 84 200 0 
6 91 200 0 
7 96 200 0 
8 45 200 0 
9 97 200 0 
10 61 200 0 
11 44 200 0 
12 58 200 0 
13 43 200 0 
14 47 200 0 
15 53 200 0 
16 44 200 0 
17 46 200 0 
18 88 200 0 
19 80 200 0 
20 69 200 0 
21 50 200 0 
22 81 200 0 
23 54 200 0 
24 34 200 0 
