NAME GBP_INSTANCES\prob_3_B_3_9_0.txt
COMMENT
BINTYPES 5
ITEMS 200
BINS_SECTIONS
0 60 60 0 248 
1 80 80 0 186 
2 100 100 0 149 
3 120 120 0 124 
4 150 150 0 100 
ITEMS_SECTIONS
0 85 200 1
1 81 200 1
2 59 200 1
3 74 200 1
4 85 200 1
5 66 200 1
6 95 200 1
7 66 200 1
8 69 200 1
9 75 200 1
10 92 200 1
11 96 200 1
12 83 200 1
13 78 200 1
14 59 200 1
15 80 200 1
16 93 200 1
17 69 200 1
18 71 200 1
19 98 200 1
20 65 200 1
21 85 200 1
22 53 200 1
23 95 200 1
24 70 200 1
25 79 200 1
26 63 200 1
27 56 200 1
28 60 200 1
29 75 200 1
30 94 200 1
31 88 200 1
32 52 200 1
33 60 200 1
34 56 200 1
35 69 200 1
36 55 200 1
37 51 200 1
38 100 200 1
39 77 200 1
40 83 200 1
41 59 200 1
42 80 200 1
43 75 200 1
44 58 200 1
45 95 200 1
46 87 200 1
47 65 200 1
48 58 200 1
49 78 200 1
50 55 200 1
51 77 200 1
52 91 200 1
53 95 200 1
54 90 200 1
55 58 200 1
56 66 200 1
57 68 200 1
58 52 200 1
59 93 200 1
60 86 200 1
61 93 200 1
62 89 200 1
63 96 200 1
64 83 200 1
65 84 200 1
66 82 200 1
67 75 200 1
68 74 200 1
69 53 200 1
70 76 200 1
71 54 200 1
72 54 200 1
73 59 200 1
74 87 200 1
75 94 200 1
76 62 200 1
77 94 200 1
78 67 200 1
79 67 200 1
80 73 200 1
81 51 200 1
82 72 200 1
83 99 200 1
84 63 200 1
85 91 200 1
86 54 200 1
87 66 200 1
88 53 200 1
89 52 200 1
90 81 200 1
91 85 200 1
92 61 200 1
93 56 200 1
94 54 200 1
95 88 200 1
96 91 200 1
97 76 200 1
98 69 200 1
99 89 200 1
100 72 200 1
101 68 200 1
102 53 200 1
103 54 200 1
104 80 200 1
105 55 200 1
106 65 200 1
107 54 200 1
108 56 200 1
109 93 200 1
110 90 200 1
111 61 200 1
112 58 200 1
113 57 200 1
114 78 200 1
115 54 200 1
116 59 200 1
117 56 200 1
118 86 200 1
119 53 200 1
120 59 200 1
121 80 200 1
122 99 200 1
123 98 200 1
124 62 200 1
125 92 200 1
126 68 200 1
127 96 200 1
128 51 200 1
129 54 200 1
130 99 200 1
131 93 200 1
132 70 200 1
133 60 200 1
134 86 200 1
135 90 200 1
136 68 200 1
137 66 200 1
138 63 200 1
139 85 200 1
140 84 200 1
141 80 200 1
142 74 200 1
143 82 200 1
144 92 200 1
145 60 200 1
146 78 200 1
147 62 200 1
148 87 200 1
149 86 200 1
150 54 200 1
151 59 200 1
152 75 200 1
153 94 200 1
154 54 200 1
155 77 200 1
156 54 200 1
157 97 200 1
158 84 200 1
159 55 200 1
160 98 200 1
161 74 200 1
162 99 200 1
163 94 200 1
164 69 200 1
165 59 200 1
166 52 200 1
167 80 200 1
168 88 200 1
169 56 200 1
170 79 200 1
171 97 200 1
172 80 200 1
173 59 200 1
174 57 200 1
175 66 200 1
176 67 200 1
177 64 200 1
178 76 200 1
179 70 200 1
180 96 200 1
181 95 200 1
182 96 200 1
183 78 200 1
184 98 200 1
185 77 200 1
186 95 200 1
187 98 200 1
188 86 200 1
189 82 200 1
190 79 200 1
191 53 200 1
192 78 200 1
193 88 200 1
194 99 200 1
195 82 200 1
196 61 200 1
197 64 200 1
198 51 200 1
199 96 200 1
