NAME GBP_INSTANCES\prob_1_B_4_4_0.txt
COMMENT
BINTYPES 5
ITEMS 500
BINS_SECTIONS
0 60 60 0 425 
1 80 80 0 319 
2 100 100 0 255 
3 120 120 0 213 
4 150 150 0 170 
ITEMS_SECTIONS
0 68 200 1
1 55 200 1
2 83 200 1
3 4 200 1
4 82 200 1
5 51 200 1
6 83 200 1
7 20 200 1
8 62 200 1
9 19 200 1
10 95 200 1
11 73 200 1
12 39 200 1
13 58 200 1
14 71 200 1
15 17 200 1
16 84 200 1
17 9 200 1
18 45 200 1
19 53 200 1
20 19 200 1
21 67 200 1
22 80 200 1
23 26 200 1
24 51 200 1
25 59 200 1
26 53 200 1
27 25 200 1
28 17 200 1
29 5 200 1
30 3 200 1
31 91 200 1
32 55 200 1
33 53 200 1
34 49 200 1
35 7 200 1
36 72 200 1
37 29 200 1
38 31 200 1
39 51 200 1
40 33 200 1
41 70 200 1
42 52 200 1
43 18 200 1
44 37 200 1
45 97 200 1
46 84 200 1
47 68 200 1
48 18 200 1
49 83 200 1
50 37 200 1
51 97 200 1
52 20 200 1
53 79 200 1
54 14 200 1
55 22 200 1
56 87 200 1
57 73 200 1
58 85 200 1
59 46 200 1
60 29 200 1
61 96 200 1
62 98 200 1
63 15 200 1
64 90 200 1
65 2 200 1
66 28 200 1
67 15 200 1
68 92 200 1
69 6 200 1
70 30 200 1
71 32 200 1
72 69 200 1
73 10 200 1
74 68 200 1
75 26 200 1
76 72 200 1
77 21 200 1
78 86 200 1
79 30 200 1
80 62 200 1
81 54 200 1
82 3 200 1
83 36 200 1
84 63 200 1
85 68 200 1
86 87 200 1
87 70 200 1
88 98 200 1
89 87 200 1
90 19 200 1
91 32 200 1
92 80 200 1
93 82 200 1
94 46 200 1
95 82 200 1
96 78 200 1
97 66 200 1
98 89 200 1
99 68 200 1
100 34 200 1
101 42 200 1
102 94 200 1
103 68 200 1
104 45 200 1
105 9 200 1
106 49 200 1
107 38 200 1
108 91 200 1
109 32 200 1
110 15 200 1
111 47 200 1
112 32 200 1
113 79 200 1
114 57 200 1
115 85 200 1
116 26 200 1
117 56 200 1
118 40 200 1
119 32 200 1
120 18 200 1
121 16 200 1
122 54 200 1
123 53 200 1
124 54 200 1
125 84 200 1
126 57 200 1
127 45 200 1
128 47 200 1
129 92 200 1
130 98 200 1
131 66 200 1
132 62 200 1
133 29 200 1
134 86 200 1
135 77 200 1
136 53 200 1
137 23 200 1
138 95 200 1
139 57 200 1
140 15 200 1
141 69 200 1
142 55 200 1
143 76 200 1
144 66 200 1
145 96 200 1
146 17 200 1
147 27 200 1
148 58 200 1
149 6 200 1
150 55 200 1
151 76 200 1
152 2 200 1
153 57 200 1
154 93 200 1
155 41 200 1
156 6 200 1
157 58 200 1
158 91 200 1
159 63 200 1
160 43 200 1
161 14 200 1
162 16 200 1
163 66 200 1
164 12 200 1
165 95 200 1
166 15 200 1
167 84 200 1
168 13 200 1
169 93 200 1
170 8 200 1
171 43 200 1
172 33 200 1
173 7 200 1
174 41 200 1
175 83 200 1
176 25 200 1
177 32 200 1
178 89 200 1
179 97 200 1
180 82 200 1
181 10 200 1
182 65 200 1
183 84 200 1
184 28 200 1
185 94 200 1
186 33 200 1
187 86 200 1
188 63 200 1
189 93 200 1
190 55 200 1
191 8 200 1
192 39 200 1
193 46 200 1
194 2 200 1
195 87 200 1
196 90 200 1
197 100 200 1
198 33 200 1
199 23 200 1
200 61 200 1
201 46 200 1
202 79 200 1
203 17 200 1
204 10 200 1
205 52 200 1
206 52 200 1
207 41 200 1
208 87 200 1
209 93 200 1
210 83 200 1
211 94 200 1
212 92 200 1
213 97 200 1
214 50 200 1
215 46 200 1
216 95 200 1
217 95 200 1
218 66 200 1
219 39 200 1
220 25 200 1
221 15 200 1
222 100 200 1
223 57 200 1
224 27 200 1
225 90 200 1
226 11 200 1
227 6 200 1
228 78 200 1
229 42 200 1
230 45 200 1
231 38 200 1
232 60 200 1
233 89 200 1
234 4 200 1
235 57 200 1
236 80 200 1
237 46 200 1
238 14 200 1
239 35 200 1
240 60 200 1
241 73 200 1
242 2 200 1
243 75 200 1
244 54 200 1
245 31 200 1
246 33 200 1
247 58 200 1
248 26 200 1
249 12 200 1
250 85 200 1
251 9 200 1
252 61 200 1
253 82 200 1
254 28 200 1
255 99 200 1
256 22 200 1
257 32 200 1
258 96 200 1
259 59 200 1
260 28 200 1
261 49 200 1
262 99 200 1
263 81 200 1
264 90 200 1
265 18 200 1
266 70 200 1
267 4 200 1
268 51 200 1
269 66 200 1
270 99 200 1
271 57 200 1
272 66 200 1
273 50 200 1
274 47 200 1
275 56 200 1
276 4 200 1
277 9 200 1
278 88 200 1
279 31 200 1
280 63 200 1
281 78 200 1
282 76 200 1
283 63 200 1
284 17 200 1
285 88 200 1
286 83 200 1
287 33 200 1
288 58 200 1
289 40 200 1
290 8 200 1
291 42 200 1
292 61 200 1
293 86 200 1
294 91 200 1
295 18 200 1
296 57 200 1
297 10 200 1
298 64 200 1
299 54 200 1
300 2 200 1
301 22 200 1
302 30 200 1
303 10 200 1
304 54 200 1
305 84 200 1
306 17 200 1
307 12 200 1
308 50 200 1
309 61 200 1
310 35 200 1
311 80 200 1
312 72 200 1
313 16 200 1
314 26 200 1
315 31 200 1
316 6 200 1
317 61 200 1
318 61 200 1
319 65 200 1
320 95 200 1
321 69 200 1
322 89 200 1
323 12 200 1
324 74 200 1
325 53 200 1
326 64 200 1
327 19 200 1
328 86 200 1
329 26 200 1
330 69 200 1
331 67 200 1
332 81 200 1
333 59 200 1
334 71 200 1
335 7 200 1
336 92 200 1
337 24 200 1
338 5 200 1
339 79 200 1
340 77 200 1
341 56 200 1
342 38 200 1
343 34 200 1
344 40 200 1
345 30 200 1
346 13 200 1
347 98 200 1
348 15 200 1
349 64 200 1
350 2 200 1
351 13 200 1
352 14 200 1
353 57 200 1
354 87 200 1
355 81 200 1
356 34 200 1
357 81 200 1
358 8 200 1
359 65 200 1
360 27 200 1
361 16 200 1
362 65 200 1
363 58 200 1
364 16 200 1
365 57 200 1
366 38 200 1
367 67 200 1
368 73 200 1
369 97 200 1
370 3 200 1
371 51 200 1
372 36 200 1
373 92 200 1
374 12 200 1
375 28 200 1
376 76 200 1
377 9 200 1
378 18 200 1
379 14 200 1
380 3 200 1
381 91 200 1
382 91 200 1
383 100 200 1
384 16 200 1
385 27 200 1
386 39 200 1
387 25 200 1
388 79 200 1
389 41 200 1
390 58 200 1
391 48 200 1
392 47 200 1
393 9 200 1
394 29 200 1
395 6 200 1
396 95 200 1
397 29 200 1
398 90 200 1
399 24 200 1
400 8 200 1
401 22 200 1
402 99 200 1
403 81 200 1
404 52 200 1
405 6 200 1
406 16 200 1
407 7 200 1
408 10 200 1
409 26 200 1
410 15 200 1
411 82 200 1
412 99 200 1
413 75 200 1
414 65 200 1
415 66 200 1
416 23 200 1
417 86 200 1
418 83 200 1
419 77 200 1
420 21 200 1
421 32 200 1
422 99 200 1
423 68 200 1
424 39 200 1
425 22 200 1
426 34 200 1
427 44 200 1
428 90 200 1
429 23 200 1
430 36 200 1
431 16 200 1
432 31 200 1
433 94 200 1
434 80 200 1
435 84 200 1
436 22 200 1
437 65 200 1
438 57 200 1
439 27 200 1
440 95 200 1
441 40 200 1
442 75 200 1
443 70 200 1
444 8 200 1
445 81 200 1
446 4 200 1
447 53 200 1
448 83 200 1
449 26 200 1
450 53 200 1
451 30 200 1
452 42 200 1
453 91 200 1
454 60 200 1
455 36 200 1
456 18 200 1
457 54 200 1
458 50 200 1
459 68 200 1
460 37 200 1
461 22 200 1
462 30 200 1
463 92 200 1
464 100 200 1
465 100 200 1
466 27 200 1
467 32 200 1
468 15 200 1
469 73 200 1
470 88 200 1
471 52 200 1
472 7 200 1
473 93 200 1
474 70 200 1
475 3 200 1
476 100 200 1
477 10 200 1
478 34 200 1
479 16 200 1
480 63 200 1
481 22 200 1
482 78 200 1
483 36 200 1
484 97 200 1
485 89 200 1
486 19 200 1
487 68 200 1
488 17 200 1
489 90 200 1
490 45 200 1
491 34 200 1
492 45 200 1
493 43 200 1
494 73 200 1
495 14 200 1
496 94 200 1
497 8 200 1
498 20 200 1
499 55 200 1
