NAME GBP_INSTANCES\prob_3_A_2_6_0.txt
COMMENT
BINTYPES 3
ITEMS 100
BINS_SECTIONS
0 100 100 0 75 
1 120 120 0 63 
2 150 150 0 50 
ITEMS_SECTIONS
0 73 200 0 
1 74 200 0 
2 93 200 0 
3 99 200 0 
4 76 200 0 
5 73 200 0 
6 51 200 0 
7 69 200 0 
8 79 200 0 
9 59 200 0 
10 84 200 0 
11 60 200 0 
12 51 200 0 
13 66 200 0 
14 63 200 0 
15 97 200 0 
16 51 200 0 
17 53 200 0 
18 87 200 0 
19 63 200 0 
20 52 200 0 
21 72 200 0 
22 96 200 0 
23 62 200 0 
24 87 200 0 
25 64 200 0 
26 55 200 0 
27 77 200 0 
28 100 200 0 
29 83 200 0 
30 63 200 0 
31 71 200 0 
32 93 200 0 
33 94 200 0 
34 81 200 0 
35 96 200 0 
36 57 200 0 
37 87 200 0 
38 82 200 0 
39 95 200 0 
40 54 200 0 
41 82 200 0 
42 62 200 0 
43 82 200 0 
44 73 200 0 
45 51 200 0 
46 82 200 0 
47 67 200 0 
48 98 200 0 
49 62 200 0 
50 54 200 0 
51 72 200 0 
52 71 200 0 
53 65 200 0 
54 61 200 0 
55 52 200 0 
56 51 200 0 
57 97 200 0 
58 70 200 0 
59 60 200 0 
60 74 200 0 
61 55 200 0 
62 76 200 0 
63 85 200 0 
64 92 200 0 
65 76 200 0 
66 77 200 0 
67 89 200 0 
68 80 200 0 
69 67 200 0 
70 88 200 0 
71 78 200 0 
72 96 200 0 
73 81 200 0 
74 81 200 0 
75 75 200 0 
76 79 200 0 
77 71 200 0 
78 98 200 0 
79 97 200 0 
80 73 200 0 
81 77 200 0 
82 58 200 0 
83 86 200 0 
84 63 200 0 
85 79 200 0 
86 68 200 0 
87 54 200 0 
88 52 200 0 
89 63 200 0 
90 80 200 0 
91 96 200 0 
92 81 200 0 
93 88 200 0 
94 99 200 0 
95 71 200 0 
96 55 200 0 
97 100 200 0 
98 84 200 0 
99 62 200 0 
