NAME GBP_INSTANCES\prob_2_B_0_3_0.txt
COMMENT
BINTYPES 5
ITEMS 25
BINS_SECTIONS
0 60 60 0 26 
1 80 80 0 20 
2 100 100 0 16 
3 120 120 0 13 
4 150 150 0 11 
ITEMS_SECTIONS
0 90 200 0 
1 36 200 0 
2 78 200 0 
3 26 200 0 
4 92 200 0 
5 57 200 0 
6 27 200 0 
7 85 200 0 
8 92 200 0 
9 70 200 0 
10 45 200 0 
11 66 200 0 
12 55 200 0 
13 22 200 0 
14 87 200 0 
15 43 200 0 
16 65 200 0 
17 24 200 0 
18 97 200 0 
19 22 200 0 
20 66 200 0 
21 94 200 0 
22 75 200 0 
23 70 200 0 
24 57 200 0 
