NAME GBP_INSTANCES\prob_3_A_3_6_0.txt
COMMENT
BINTYPES 3
ITEMS 200
BINS_SECTIONS
0 100 100 0 149 
1 120 120 0 124 
2 150 150 0 99 
ITEMS_SECTIONS
0 84 200 1
1 63 200 1
2 65 200 1
3 82 200 1
4 70 200 1
5 68 200 1
6 94 200 1
7 74 200 1
8 65 200 1
9 97 200 1
10 80 200 1
11 51 200 1
12 78 200 1
13 85 200 1
14 66 200 1
15 56 200 1
16 76 200 1
17 77 200 1
18 81 200 1
19 70 200 1
20 86 200 1
21 100 200 1
22 69 200 1
23 61 200 1
24 78 200 1
25 83 200 1
26 99 200 1
27 61 200 1
28 54 200 1
29 94 200 1
30 94 200 1
31 62 200 1
32 83 200 1
33 64 200 1
34 89 200 1
35 86 200 1
36 61 200 1
37 52 200 1
38 95 200 1
39 86 200 1
40 86 200 1
41 87 200 1
42 97 200 1
43 89 200 1
44 94 200 1
45 90 200 1
46 51 200 1
47 65 200 1
48 69 200 1
49 97 200 1
50 64 200 1
51 60 200 1
52 86 200 1
53 52 200 1
54 68 200 1
55 57 200 1
56 62 200 1
57 92 200 1
58 75 200 1
59 61 200 1
60 96 200 1
61 73 200 1
62 74 200 1
63 79 200 1
64 99 200 1
65 80 200 1
66 53 200 1
67 73 200 1
68 80 200 1
69 64 200 1
70 62 200 1
71 71 200 1
72 53 200 1
73 92 200 1
74 97 200 1
75 64 200 1
76 60 200 1
77 62 200 1
78 73 200 1
79 66 200 1
80 87 200 1
81 67 200 1
82 63 200 1
83 71 200 1
84 82 200 1
85 54 200 1
86 74 200 1
87 86 200 1
88 75 200 1
89 64 200 1
90 87 200 1
91 59 200 1
92 74 200 1
93 63 200 1
94 79 200 1
95 55 200 1
96 87 200 1
97 79 200 1
98 56 200 1
99 86 200 1
100 93 200 1
101 61 200 1
102 66 200 1
103 84 200 1
104 55 200 1
105 90 200 1
106 69 200 1
107 53 200 1
108 64 200 1
109 90 200 1
110 85 200 1
111 66 200 1
112 88 200 1
113 72 200 1
114 94 200 1
115 54 200 1
116 72 200 1
117 65 200 1
118 61 200 1
119 98 200 1
120 79 200 1
121 70 200 1
122 65 200 1
123 66 200 1
124 86 200 1
125 81 200 1
126 92 200 1
127 71 200 1
128 56 200 1
129 57 200 1
130 81 200 1
131 85 200 1
132 83 200 1
133 55 200 1
134 87 200 1
135 73 200 1
136 79 200 1
137 94 200 1
138 87 200 1
139 51 200 1
140 67 200 1
141 69 200 1
142 51 200 1
143 69 200 1
144 78 200 1
145 71 200 1
146 59 200 1
147 78 200 1
148 80 200 1
149 98 200 1
150 66 200 1
151 89 200 1
152 84 200 1
153 60 200 1
154 78 200 1
155 61 200 1
156 54 200 1
157 98 200 1
158 59 200 1
159 99 200 1
160 59 200 1
161 91 200 1
162 98 200 1
163 95 200 1
164 60 200 1
165 61 200 1
166 66 200 1
167 78 200 1
168 60 200 1
169 94 200 1
170 60 200 1
171 69 200 1
172 52 200 1
173 96 200 1
174 98 200 1
175 67 200 1
176 61 200 1
177 57 200 1
178 95 200 1
179 76 200 1
180 51 200 1
181 73 200 1
182 86 200 1
183 93 200 1
184 52 200 1
185 64 200 1
186 77 200 1
187 89 200 1
188 73 200 1
189 89 200 1
190 85 200 1
191 55 200 1
192 99 200 1
193 88 200 1
194 63 200 1
195 60 200 1
196 57 200 1
197 51 200 1
198 57 200 1
199 79 200 1
