NAME GBP_INSTANCES\prob_1_B_0_0_0.txt
COMMENT
BINTYPES 5
ITEMS 25
BINS_SECTIONS
0 60 60 0 22 
1 80 80 0 17 
2 100 100 0 14 
3 120 120 0 11 
4 150 150 0 9 
ITEMS_SECTIONS
0 55 200 0 
1 99 200 0 
2 81 200 0 
3 59 200 0 
4 11 200 0 
5 73 200 0 
6 100 200 0 
7 32 200 0 
8 59 200 0 
9 60 200 0 
10 66 200 0 
11 41 200 0 
12 28 200 0 
13 68 200 0 
14 74 200 0 
15 24 200 0 
16 28 200 0 
17 57 200 0 
18 74 200 0 
19 5 200 0 
20 31 200 0 
21 50 200 0 
22 21 200 0 
23 94 200 0 
24 29 200 0 
