NAME GBP_INSTANCES\prob_1_A_4_4_0.txt
COMMENT
BINTYPES 3
ITEMS 500
BINS_SECTIONS
0 100 100 0 250 
1 120 120 0 208 
2 150 150 0 167 
ITEMS_SECTIONS
0 91 200 0 
1 77 200 0 
2 3 200 0 
3 21 200 0 
4 72 200 0 
5 22 200 0 
6 7 200 0 
7 22 200 0 
8 98 200 0 
9 31 200 0 
10 80 200 0 
11 39 200 0 
12 90 200 0 
13 89 200 0 
14 19 200 0 
15 90 200 0 
16 53 200 0 
17 84 200 0 
18 30 200 0 
19 67 200 0 
20 18 200 0 
21 5 200 0 
22 60 200 0 
23 44 200 0 
24 36 200 0 
25 46 200 0 
26 43 200 0 
27 53 200 0 
28 97 200 0 
29 5 200 0 
30 32 200 0 
31 35 200 0 
32 37 200 0 
33 34 200 0 
34 48 200 0 
35 69 200 0 
36 9 200 0 
37 76 200 0 
38 6 200 0 
39 97 200 0 
40 5 200 0 
41 17 200 0 
42 50 200 0 
43 56 200 0 
44 65 200 0 
45 75 200 0 
46 56 200 0 
47 8 200 0 
48 91 200 0 
49 5 200 0 
50 52 200 0 
51 8 200 0 
52 92 200 0 
53 81 200 0 
54 76 200 0 
55 87 200 0 
56 75 200 0 
57 73 200 0 
58 68 200 0 
59 89 200 0 
60 8 200 0 
61 82 200 0 
62 83 200 0 
63 40 200 0 
64 79 200 0 
65 18 200 0 
66 27 200 0 
67 93 200 0 
68 72 200 0 
69 15 200 0 
70 16 200 0 
71 29 200 0 
72 73 200 0 
73 59 200 0 
74 51 200 0 
75 39 200 0 
76 42 200 0 
77 22 200 0 
78 10 200 0 
79 90 200 0 
80 63 200 0 
81 71 200 0 
82 39 200 0 
83 99 200 0 
84 98 200 0 
85 61 200 0 
86 70 200 0 
87 86 200 0 
88 69 200 0 
89 63 200 0 
90 24 200 0 
91 75 200 0 
92 74 200 0 
93 48 200 0 
94 27 200 0 
95 88 200 0 
96 91 200 0 
97 80 200 0 
98 22 200 0 
99 100 200 0 
100 57 200 0 
101 31 200 0 
102 76 200 0 
103 11 200 0 
104 63 200 0 
105 61 200 0 
106 73 200 0 
107 89 200 0 
108 90 200 0 
109 10 200 0 
110 11 200 0 
111 67 200 0 
112 89 200 0 
113 15 200 0 
114 63 200 0 
115 15 200 0 
116 54 200 0 
117 93 200 0 
118 43 200 0 
119 77 200 0 
120 75 200 0 
121 49 200 0 
122 35 200 0 
123 31 200 0 
124 39 200 0 
125 88 200 0 
126 7 200 0 
127 3 200 0 
128 43 200 0 
129 32 200 0 
130 91 200 0 
131 32 200 0 
132 5 200 0 
133 25 200 0 
134 48 200 0 
135 24 200 0 
136 32 200 0 
137 85 200 0 
138 79 200 0 
139 45 200 0 
140 25 200 0 
141 32 200 0 
142 16 200 0 
143 52 200 0 
144 89 200 0 
145 23 200 0 
146 65 200 0 
147 62 200 0 
148 22 200 0 
149 35 200 0 
150 18 200 0 
151 83 200 0 
152 50 200 0 
153 24 200 0 
154 99 200 0 
155 11 200 0 
156 90 200 0 
157 98 200 0 
158 86 200 0 
159 87 200 0 
160 2 200 0 
161 42 200 0 
162 61 200 0 
163 63 200 0 
164 3 200 0 
165 10 200 0 
166 18 200 0 
167 31 200 0 
168 32 200 0 
169 54 200 0 
170 100 200 0 
171 78 200 0 
172 8 200 0 
173 88 200 0 
174 100 200 0 
175 41 200 0 
176 77 200 0 
177 47 200 0 
178 60 200 0 
179 85 200 0 
180 15 200 0 
181 49 200 0 
182 39 200 0 
183 11 200 0 
184 45 200 0 
185 38 200 0 
186 86 200 0 
187 5 200 0 
188 64 200 0 
189 85 200 0 
190 57 200 0 
191 33 200 0 
192 29 200 0 
193 38 200 0 
194 34 200 0 
195 4 200 0 
196 85 200 0 
197 5 200 0 
198 89 200 0 
199 81 200 0 
200 14 200 0 
201 48 200 0 
202 45 200 0 
203 93 200 0 
204 48 200 0 
205 90 200 0 
206 64 200 0 
207 18 200 0 
208 66 200 0 
209 93 200 0 
210 34 200 0 
211 60 200 0 
212 90 200 0 
213 13 200 0 
214 74 200 0 
215 49 200 0 
216 8 200 0 
217 3 200 0 
218 39 200 0 
219 34 200 0 
220 42 200 0 
221 64 200 0 
222 26 200 0 
223 14 200 0 
224 86 200 0 
225 9 200 0 
226 79 200 0 
227 97 200 0 
228 37 200 0 
229 40 200 0 
230 90 200 0 
231 8 200 0 
232 25 200 0 
233 7 200 0 
234 89 200 0 
235 33 200 0 
236 4 200 0 
237 58 200 0 
238 28 200 0 
239 47 200 0 
240 63 200 0 
241 32 200 0 
242 43 200 0 
243 99 200 0 
244 54 200 0 
245 11 200 0 
246 11 200 0 
247 73 200 0 
248 84 200 0 
249 87 200 0 
250 68 200 0 
251 57 200 0 
252 55 200 0 
253 58 200 0 
254 26 200 0 
255 87 200 0 
256 31 200 0 
257 3 200 0 
258 42 200 0 
259 24 200 0 
260 83 200 0 
261 55 200 0 
262 71 200 0 
263 27 200 0 
264 9 200 0 
265 32 200 0 
266 81 200 0 
267 69 200 0 
268 74 200 0 
269 20 200 0 
270 34 200 0 
271 82 200 0 
272 75 200 0 
273 88 200 0 
274 19 200 0 
275 47 200 0 
276 59 200 0 
277 37 200 0 
278 60 200 0 
279 45 200 0 
280 17 200 0 
281 23 200 0 
282 60 200 0 
283 66 200 0 
284 79 200 0 
285 3 200 0 
286 11 200 0 
287 97 200 0 
288 17 200 0 
289 26 200 0 
290 37 200 0 
291 95 200 0 
292 2 200 0 
293 98 200 0 
294 4 200 0 
295 41 200 0 
296 7 200 0 
297 80 200 0 
298 44 200 0 
299 14 200 0 
300 13 200 0 
301 14 200 0 
302 46 200 0 
303 56 200 0 
304 4 200 0 
305 51 200 0 
306 62 200 0 
307 85 200 0 
308 3 200 0 
309 94 200 0 
310 54 200 0 
311 6 200 0 
312 45 200 0 
313 97 200 0 
314 71 200 0 
315 86 200 0 
316 37 200 0 
317 40 200 0 
318 54 200 0 
319 72 200 0 
320 95 200 0 
321 44 200 0 
322 52 200 0 
323 59 200 0 
324 14 200 0 
325 29 200 0 
326 79 200 0 
327 37 200 0 
328 55 200 0 
329 73 200 0 
330 68 200 0 
331 8 200 0 
332 14 200 0 
333 88 200 0 
334 52 200 0 
335 90 200 0 
336 49 200 0 
337 63 200 0 
338 46 200 0 
339 27 200 0 
340 32 200 0 
341 95 200 0 
342 48 200 0 
343 84 200 0 
344 5 200 0 
345 59 200 0 
346 32 200 0 
347 80 200 0 
348 98 200 0 
349 23 200 0 
350 55 200 0 
351 23 200 0 
352 13 200 0 
353 83 200 0 
354 47 200 0 
355 97 200 0 
356 89 200 0 
357 14 200 0 
358 16 200 0 
359 83 200 0 
360 89 200 0 
361 87 200 0 
362 21 200 0 
363 30 200 0 
364 22 200 0 
365 2 200 0 
366 59 200 0 
367 87 200 0 
368 8 200 0 
369 33 200 0 
370 16 200 0 
371 22 200 0 
372 39 200 0 
373 63 200 0 
374 17 200 0 
375 94 200 0 
376 28 200 0 
377 16 200 0 
378 42 200 0 
379 41 200 0 
380 81 200 0 
381 14 200 0 
382 32 200 0 
383 45 200 0 
384 16 200 0 
385 30 200 0 
386 53 200 0 
387 27 200 0 
388 44 200 0 
389 29 200 0 
390 48 200 0 
391 37 200 0 
392 41 200 0 
393 60 200 0 
394 37 200 0 
395 92 200 0 
396 27 200 0 
397 19 200 0 
398 96 200 0 
399 36 200 0 
400 71 200 0 
401 23 200 0 
402 89 200 0 
403 53 200 0 
404 64 200 0 
405 29 200 0 
406 59 200 0 
407 31 200 0 
408 46 200 0 
409 35 200 0 
410 73 200 0 
411 97 200 0 
412 49 200 0 
413 83 200 0 
414 25 200 0 
415 20 200 0 
416 45 200 0 
417 27 200 0 
418 72 200 0 
419 95 200 0 
420 42 200 0 
421 61 200 0 
422 37 200 0 
423 35 200 0 
424 39 200 0 
425 88 200 0 
426 27 200 0 
427 42 200 0 
428 66 200 0 
429 18 200 0 
430 18 200 0 
431 10 200 0 
432 31 200 0 
433 59 200 0 
434 55 200 0 
435 38 200 0 
436 93 200 0 
437 34 200 0 
438 94 200 0 
439 77 200 0 
440 85 200 0 
441 43 200 0 
442 71 200 0 
443 16 200 0 
444 13 200 0 
445 13 200 0 
446 98 200 0 
447 12 200 0 
448 38 200 0 
449 78 200 0 
450 81 200 0 
451 90 200 0 
452 92 200 0 
453 7 200 0 
454 61 200 0 
455 2 200 0 
456 7 200 0 
457 29 200 0 
458 69 200 0 
459 59 200 0 
460 25 200 0 
461 81 200 0 
462 96 200 0 
463 64 200 0 
464 73 200 0 
465 23 200 0 
466 74 200 0 
467 29 200 0 
468 60 200 0 
469 27 200 0 
470 65 200 0 
471 98 200 0 
472 69 200 0 
473 25 200 0 
474 52 200 0 
475 92 200 0 
476 29 200 0 
477 92 200 0 
478 37 200 0 
479 71 200 0 
480 32 200 0 
481 47 200 0 
482 25 200 0 
483 31 200 0 
484 52 200 0 
485 69 200 0 
486 25 200 0 
487 45 200 0 
488 67 200 0 
489 95 200 0 
490 17 200 0 
491 59 200 0 
492 32 200 0 
493 8 200 0 
494 27 200 0 
495 42 200 0 
496 82 200 0 
497 59 200 0 
498 79 200 0 
499 13 200 0 
