NAME GBP_INSTANCES\prob_3_A_2_9_0.txt
COMMENT
BINTYPES 3
ITEMS 100
BINS_SECTIONS
0 100 100 0 76 
1 120 120 0 63 
2 150 150 0 51 
ITEMS_SECTIONS
0 92 200 1
1 97 200 1
2 66 200 1
3 87 200 1
4 96 200 1
5 94 200 1
6 81 200 1
7 90 200 1
8 87 200 1
9 67 200 1
10 71 200 1
11 75 200 1
12 100 200 1
13 71 200 1
14 90 200 1
15 79 200 1
16 88 200 1
17 59 200 1
18 91 200 1
19 58 200 1
20 54 200 1
21 75 200 1
22 52 200 1
23 92 200 1
24 54 200 1
25 61 200 1
26 79 200 1
27 75 200 1
28 94 200 1
29 91 200 1
30 88 200 1
31 56 200 1
32 81 200 1
33 54 200 1
34 70 200 1
35 86 200 1
36 83 200 1
37 52 200 1
38 82 200 1
39 69 200 1
40 62 200 1
41 78 200 1
42 57 200 1
43 70 200 1
44 95 200 1
45 96 200 1
46 56 200 1
47 55 200 1
48 88 200 1
49 78 200 1
50 65 200 1
51 82 200 1
52 93 200 1
53 89 200 1
54 93 200 1
55 87 200 1
56 51 200 1
57 57 200 1
58 63 200 1
59 87 200 1
60 100 200 1
61 71 200 1
62 93 200 1
63 78 200 1
64 85 200 1
65 57 200 1
66 75 200 1
67 65 200 1
68 58 200 1
69 62 200 1
70 84 200 1
71 92 200 1
72 97 200 1
73 52 200 1
74 85 200 1
75 72 200 1
76 90 200 1
77 99 200 1
78 69 200 1
79 70 200 1
80 55 200 1
81 66 200 1
82 80 200 1
83 87 200 1
84 51 200 1
85 77 200 1
86 71 200 1
87 78 200 1
88 51 200 1
89 54 200 1
90 94 200 1
91 62 200 1
92 70 200 1
93 76 200 1
94 69 200 1
95 78 200 1
96 78 200 1
97 52 200 1
98 87 200 1
99 51 200 1
