NAME GBP_INSTANCES\prob_1_B_2_1_0.txt
COMMENT
BINTYPES 5
ITEMS 100
BINS_SECTIONS
0 60 60 0 82 
1 80 80 0 61 
2 100 100 0 49 
3 120 120 0 41 
4 150 150 0 33 
ITEMS_SECTIONS
0 47 200 1
1 11 200 1
2 27 200 1
3 49 200 1
4 35 200 1
5 7 200 1
6 40 200 1
7 57 200 1
8 76 200 1
9 94 200 1
10 62 200 1
11 10 200 1
12 60 200 1
13 81 200 1
14 51 200 1
15 20 200 1
16 66 200 1
17 20 200 1
18 83 200 1
19 44 200 1
20 6 200 1
21 17 200 1
22 78 200 1
23 2 200 1
24 86 200 1
25 29 200 1
26 78 200 1
27 63 200 1
28 42 200 1
29 48 200 1
30 83 200 1
31 75 200 1
32 93 200 1
33 95 200 1
34 76 200 1
35 10 200 1
36 53 200 1
37 18 200 1
38 44 200 1
39 21 200 1
40 58 200 1
41 11 200 1
42 38 200 1
43 9 200 1
44 52 200 1
45 72 200 1
46 75 200 1
47 42 200 1
48 74 200 1
49 95 200 1
50 22 200 1
51 63 200 1
52 94 200 1
53 6 200 1
54 52 200 1
55 27 200 1
56 58 200 1
57 65 200 1
58 47 200 1
59 81 200 1
60 62 200 1
61 34 200 1
62 7 200 1
63 52 200 1
64 38 200 1
65 21 200 1
66 39 200 1
67 43 200 1
68 55 200 1
69 8 200 1
70 20 200 1
71 10 200 1
72 29 200 1
73 82 200 1
74 61 200 1
75 7 200 1
76 48 200 1
77 64 200 1
78 100 200 1
79 86 200 1
80 90 200 1
81 58 200 1
82 39 200 1
83 45 200 1
84 55 200 1
85 17 200 1
86 48 200 1
87 73 200 1
88 81 200 1
89 53 200 1
90 68 200 1
91 33 200 1
92 71 200 1
93 80 200 1
94 10 200 1
95 11 200 1
96 94 200 1
97 14 200 1
98 10 200 1
99 58 200 1
