NAME GBP_INSTANCES\prob_2_A_1_3_0.txt
COMMENT
BINTYPES 3
ITEMS 50
BINS_SECTIONS
0 100 100 0 30 
1 120 120 0 25 
2 150 150 0 20 
ITEMS_SECTIONS
0 75 200 0 
1 88 200 0 
2 41 200 0 
3 32 200 0 
4 74 200 0 
5 61 200 0 
6 31 200 0 
7 34 200 0 
8 46 200 0 
9 36 200 0 
10 96 200 0 
11 70 200 0 
12 37 200 0 
13 26 200 0 
14 24 200 0 
15 68 200 0 
16 48 200 0 
17 51 200 0 
18 73 200 0 
19 100 200 0 
20 52 200 0 
21 34 200 0 
22 99 200 0 
23 50 200 0 
24 78 200 0 
25 23 200 0 
26 60 200 0 
27 97 200 0 
28 95 200 0 
29 67 200 0 
30 90 200 0 
31 28 200 0 
32 29 200 0 
33 42 200 0 
34 65 200 0 
35 58 200 0 
36 58 200 0 
37 23 200 0 
38 57 200 0 
39 54 200 0 
40 67 200 0 
41 62 200 0 
42 68 200 0 
43 90 200 0 
44 28 200 0 
45 45 200 0 
46 53 200 0 
47 87 200 0 
48 93 200 0 
49 90 200 0 
