NAME GBP_INSTANCES\prob_1_B_0_2_0.txt
COMMENT
BINTYPES 5
ITEMS 25
BINS_SECTIONS
0 60 60 0 20 
1 80 80 0 15 
2 100 100 0 12 
3 120 120 0 10 
4 150 150 0 8 
ITEMS_SECTIONS
0 28 200 0 
1 4 200 0 
2 94 200 0 
3 55 200 0 
4 13 200 0 
5 57 200 0 
6 8 200 0 
7 61 200 0 
8 96 200 0 
9 50 200 0 
10 56 200 0 
11 34 200 0 
12 51 200 0 
13 70 200 0 
14 24 200 0 
15 70 200 0 
16 62 200 0 
17 87 200 0 
18 49 200 0 
19 28 200 0 
20 7 200 0 
21 8 200 0 
22 56 200 0 
23 17 200 0 
24 84 200 0 
