NAME GBP_INSTANCES\prob_1_A_2_3_0.txt
COMMENT
BINTYPES 3
ITEMS 100
BINS_SECTIONS
0 100 100 0 48 
1 120 120 0 40 
2 150 150 0 32 
ITEMS_SECTIONS
0 3 200 1
1 17 200 1
2 18 200 1
3 8 200 1
4 90 200 1
5 37 200 1
6 2 200 1
7 50 200 1
8 12 200 1
9 20 200 1
10 28 200 1
11 79 200 1
12 26 200 1
13 6 200 1
14 55 200 1
15 5 200 1
16 36 200 1
17 19 200 1
18 73 200 1
19 88 200 1
20 57 200 1
21 94 200 1
22 15 200 1
23 85 200 1
24 71 200 1
25 69 200 1
26 6 200 1
27 23 200 1
28 55 200 1
29 17 200 1
30 31 200 1
31 48 200 1
32 45 200 1
33 23 200 1
34 28 200 1
35 35 200 1
36 18 200 1
37 64 200 1
38 86 200 1
39 77 200 1
40 55 200 1
41 100 200 1
42 74 200 1
43 57 200 1
44 62 200 1
45 40 200 1
46 63 200 1
47 21 200 1
48 13 200 1
49 89 200 1
50 75 200 1
51 51 200 1
52 99 200 1
53 37 200 1
54 14 200 1
55 60 200 1
56 53 200 1
57 93 200 1
58 20 200 1
59 98 200 1
60 4 200 1
61 42 200 1
62 5 200 1
63 14 200 1
64 56 200 1
65 5 200 1
66 94 200 1
67 27 200 1
68 61 200 1
69 88 200 1
70 55 200 1
71 88 200 1
72 34 200 1
73 24 200 1
74 15 200 1
75 71 200 1
76 13 200 1
77 42 200 1
78 62 200 1
79 56 200 1
80 17 200 1
81 16 200 1
82 43 200 1
83 76 200 1
84 80 200 1
85 19 200 1
86 14 200 1
87 76 200 1
88 29 200 1
89 98 200 1
90 97 200 1
91 39 200 1
92 82 200 1
93 51 200 1
94 86 200 1
95 53 200 1
96 41 200 1
97 74 200 1
98 41 200 1
99 76 200 1
