NAME GBP_INSTANCES\prob_1_B_1_5_0.txt
COMMENT
BINTYPES 5
ITEMS 50
BINS_SECTIONS
0 60 60 0 39 
1 80 80 0 29 
2 100 100 0 23 
3 120 120 0 20 
4 150 150 0 16 
ITEMS_SECTIONS
0 52 200 1
1 16 200 1
2 41 200 1
3 97 200 1
4 69 200 1
5 3 200 1
6 86 200 1
7 41 200 1
8 6 200 1
9 27 200 1
10 42 200 1
11 26 200 1
12 62 200 1
13 89 200 1
14 62 200 1
15 62 200 1
16 80 200 1
17 68 200 1
18 73 200 1
19 6 200 1
20 73 200 1
21 57 200 1
22 32 200 1
23 10 200 1
24 88 200 1
25 31 200 1
26 25 200 1
27 27 200 1
28 90 200 1
29 35 200 1
30 65 200 1
31 7 200 1
32 19 200 1
33 70 200 1
34 19 200 1
35 59 200 1
36 16 200 1
37 64 200 1
38 32 200 1
39 37 200 1
40 66 200 1
41 14 200 1
42 73 200 1
43 2 200 1
44 50 200 1
45 75 200 1
46 72 200 1
47 21 200 1
48 57 200 1
49 2 200 1
