NAME GBP_INSTANCES\prob_3_B_2_1_0.txt
COMMENT
BINTYPES 5
ITEMS 100
BINS_SECTIONS
0 60 60 0 133 
1 80 80 0 100 
2 100 100 0 80 
3 120 120 0 67 
4 150 150 0 53 
ITEMS_SECTIONS
0 97 200 0 
1 93 200 0 
2 94 200 0 
3 96 200 0 
4 69 200 0 
5 77 200 0 
6 95 200 0 
7 92 200 0 
8 80 200 0 
9 94 200 0 
10 98 200 0 
11 77 200 0 
12 93 200 0 
13 63 200 0 
14 77 200 0 
15 61 200 0 
16 66 200 0 
17 61 200 0 
18 79 200 0 
19 95 200 0 
20 67 200 0 
21 94 200 0 
22 90 200 0 
23 52 200 0 
24 76 200 0 
25 82 200 0 
26 76 200 0 
27 83 200 0 
28 98 200 0 
29 51 200 0 
30 56 200 0 
31 82 200 0 
32 73 200 0 
33 99 200 0 
34 79 200 0 
35 55 200 0 
36 81 200 0 
37 75 200 0 
38 92 200 0 
39 80 200 0 
40 90 200 0 
41 88 200 0 
42 88 200 0 
43 67 200 0 
44 61 200 0 
45 99 200 0 
46 78 200 0 
47 79 200 0 
48 82 200 0 
49 94 200 0 
50 98 200 0 
51 96 200 0 
52 98 200 0 
53 99 200 0 
54 73 200 0 
55 74 200 0 
56 86 200 0 
57 93 200 0 
58 87 200 0 
59 80 200 0 
60 62 200 0 
61 62 200 0 
62 73 200 0 
63 56 200 0 
64 75 200 0 
65 71 200 0 
66 95 200 0 
67 90 200 0 
68 88 200 0 
69 76 200 0 
70 60 200 0 
71 60 200 0 
72 94 200 0 
73 71 200 0 
74 99 200 0 
75 57 200 0 
76 60 200 0 
77 85 200 0 
78 99 200 0 
79 80 200 0 
80 52 200 0 
81 62 200 0 
82 77 200 0 
83 79 200 0 
84 97 200 0 
85 65 200 0 
86 75 200 0 
87 61 200 0 
88 54 200 0 
89 67 200 0 
90 71 200 0 
91 87 200 0 
92 84 200 0 
93 70 200 0 
94 80 200 0 
95 100 200 0 
96 72 200 0 
97 76 200 0 
98 92 200 0 
99 90 200 0 
