NAME GBP_INSTANCES\prob_3_A_2_5_0.txt
COMMENT
BINTYPES 3
ITEMS 100
BINS_SECTIONS
0 100 100 0 77 
1 120 120 0 64 
2 150 150 0 51 
ITEMS_SECTIONS
0 57 200 1
1 69 200 1
2 61 200 1
3 100 200 1
4 99 200 1
5 94 200 1
6 61 200 1
7 70 200 1
8 89 200 1
9 73 200 1
10 53 200 1
11 56 200 1
12 54 200 1
13 74 200 1
14 64 200 1
15 53 200 1
16 88 200 1
17 83 200 1
18 81 200 1
19 75 200 1
20 51 200 1
21 71 200 1
22 99 200 1
23 58 200 1
24 62 200 1
25 88 200 1
26 88 200 1
27 75 200 1
28 81 200 1
29 91 200 1
30 65 200 1
31 91 200 1
32 52 200 1
33 77 200 1
34 83 200 1
35 89 200 1
36 65 200 1
37 82 200 1
38 70 200 1
39 51 200 1
40 99 200 1
41 76 200 1
42 83 200 1
43 65 200 1
44 99 200 1
45 52 200 1
46 61 200 1
47 96 200 1
48 65 200 1
49 100 200 1
50 92 200 1
51 95 200 1
52 91 200 1
53 55 200 1
54 63 200 1
55 79 200 1
56 92 200 1
57 72 200 1
58 85 200 1
59 60 200 1
60 97 200 1
61 98 200 1
62 96 200 1
63 51 200 1
64 57 200 1
65 64 200 1
66 77 200 1
67 89 200 1
68 93 200 1
69 61 200 1
70 99 200 1
71 84 200 1
72 71 200 1
73 57 200 1
74 85 200 1
75 96 200 1
76 100 200 1
77 95 200 1
78 90 200 1
79 60 200 1
80 71 200 1
81 64 200 1
82 95 200 1
83 78 200 1
84 95 200 1
85 80 200 1
86 72 200 1
87 84 200 1
88 53 200 1
89 79 200 1
90 56 200 1
91 83 200 1
92 67 200 1
93 56 200 1
94 84 200 1
95 63 200 1
96 54 200 1
97 93 200 1
98 85 200 1
99 52 200 1
