NAME GBP_INSTANCES\prob_3_B_1_4_0.txt
COMMENT
BINTYPES 5
ITEMS 50
BINS_SECTIONS
0 60 60 0 63 
1 80 80 0 47 
2 100 100 0 38 
3 120 120 0 32 
4 150 150 0 26 
ITEMS_SECTIONS
0 59 200 1
1 69 200 1
2 82 200 1
3 63 200 1
4 62 200 1
5 55 200 1
6 58 200 1
7 77 200 1
8 93 200 1
9 99 200 1
10 78 200 1
11 91 200 1
12 79 200 1
13 80 200 1
14 52 200 1
15 62 200 1
16 51 200 1
17 93 200 1
18 77 200 1
19 92 200 1
20 88 200 1
21 57 200 1
22 97 200 1
23 55 200 1
24 62 200 1
25 75 200 1
26 54 200 1
27 71 200 1
28 54 200 1
29 76 200 1
30 73 200 1
31 82 200 1
32 56 200 1
33 62 200 1
34 57 200 1
35 100 200 1
36 93 200 1
37 53 200 1
38 81 200 1
39 96 200 1
40 90 200 1
41 95 200 1
42 74 200 1
43 93 200 1
44 92 200 1
45 71 200 1
46 73 200 1
47 84 200 1
48 79 200 1
49 93 200 1
