NAME GBP_INSTANCES\prob_1_B_0_9_0.txt
COMMENT
BINTYPES 5
ITEMS 25
BINS_SECTIONS
0 60 60 0 21 
1 80 80 0 16 
2 100 100 0 13 
3 120 120 0 11 
4 150 150 0 9 
ITEMS_SECTIONS
0 7 200 0 
1 52 200 0 
2 52 200 0 
3 62 200 0 
4 10 200 0 
5 7 200 0 
6 85 200 0 
7 17 200 0 
8 18 200 0 
9 95 200 0 
10 55 200 0 
11 97 200 0 
12 72 200 0 
13 32 200 0 
14 35 200 0 
15 49 200 0 
16 12 200 0 
17 20 200 0 
18 20 200 0 
19 63 200 0 
20 91 200 0 
21 96 200 0 
22 33 200 0 
23 76 200 0 
24 88 200 0 
