NAME GBP_INSTANCES\prob_2_A_4_1_0.txt
COMMENT
BINTYPES 3
ITEMS 500
BINS_SECTIONS
0 100 100 0 298 
1 120 120 0 248 
2 150 150 0 199 
ITEMS_SECTIONS
0 58 200 0 
1 43 200 0 
2 33 200 0 
3 21 200 0 
4 57 200 0 
5 72 200 0 
6 40 200 0 
7 75 200 0 
8 22 200 0 
9 26 200 0 
10 62 200 0 
11 62 200 0 
12 56 200 0 
13 65 200 0 
14 93 200 0 
15 52 200 0 
16 79 200 0 
17 47 200 0 
18 49 200 0 
19 83 200 0 
20 77 200 0 
21 92 200 0 
22 29 200 0 
23 38 200 0 
24 68 200 0 
25 88 200 0 
26 68 200 0 
27 68 200 0 
28 96 200 0 
29 93 200 0 
30 78 200 0 
31 99 200 0 
32 48 200 0 
33 49 200 0 
34 80 200 0 
35 58 200 0 
36 92 200 0 
37 45 200 0 
38 62 200 0 
39 82 200 0 
40 22 200 0 
41 31 200 0 
42 39 200 0 
43 23 200 0 
44 45 200 0 
45 54 200 0 
46 59 200 0 
47 64 200 0 
48 48 200 0 
49 81 200 0 
50 75 200 0 
51 90 200 0 
52 84 200 0 
53 77 200 0 
54 96 200 0 
55 30 200 0 
56 22 200 0 
57 51 200 0 
58 23 200 0 
59 79 200 0 
60 59 200 0 
61 79 200 0 
62 80 200 0 
63 70 200 0 
64 92 200 0 
65 47 200 0 
66 58 200 0 
67 26 200 0 
68 78 200 0 
69 53 200 0 
70 22 200 0 
71 33 200 0 
72 95 200 0 
73 29 200 0 
74 54 200 0 
75 24 200 0 
76 54 200 0 
77 76 200 0 
78 33 200 0 
79 24 200 0 
80 34 200 0 
81 75 200 0 
82 35 200 0 
83 84 200 0 
84 60 200 0 
85 69 200 0 
86 50 200 0 
87 41 200 0 
88 59 200 0 
89 45 200 0 
90 69 200 0 
91 33 200 0 
92 100 200 0 
93 76 200 0 
94 45 200 0 
95 48 200 0 
96 38 200 0 
97 66 200 0 
98 66 200 0 
99 82 200 0 
100 41 200 0 
101 81 200 0 
102 61 200 0 
103 74 200 0 
104 79 200 0 
105 90 200 0 
106 50 200 0 
107 58 200 0 
108 87 200 0 
109 26 200 0 
110 72 200 0 
111 27 200 0 
112 85 200 0 
113 44 200 0 
114 95 200 0 
115 32 200 0 
116 50 200 0 
117 95 200 0 
118 80 200 0 
119 90 200 0 
120 94 200 0 
121 88 200 0 
122 98 200 0 
123 96 200 0 
124 41 200 0 
125 61 200 0 
126 41 200 0 
127 40 200 0 
128 51 200 0 
129 25 200 0 
130 98 200 0 
131 87 200 0 
132 43 200 0 
133 38 200 0 
134 99 200 0 
135 99 200 0 
136 49 200 0 
137 95 200 0 
138 24 200 0 
139 63 200 0 
140 26 200 0 
141 49 200 0 
142 90 200 0 
143 72 200 0 
144 86 200 0 
145 49 200 0 
146 77 200 0 
147 92 200 0 
148 55 200 0 
149 29 200 0 
150 75 200 0 
151 26 200 0 
152 42 200 0 
153 82 200 0 
154 57 200 0 
155 62 200 0 
156 63 200 0 
157 23 200 0 
158 69 200 0 
159 40 200 0 
160 55 200 0 
161 48 200 0 
162 46 200 0 
163 92 200 0 
164 25 200 0 
165 85 200 0 
166 73 200 0 
167 68 200 0 
168 78 200 0 
169 51 200 0 
170 35 200 0 
171 89 200 0 
172 31 200 0 
173 54 200 0 
174 98 200 0 
175 67 200 0 
176 78 200 0 
177 39 200 0 
178 24 200 0 
179 47 200 0 
180 34 200 0 
181 76 200 0 
182 22 200 0 
183 82 200 0 
184 55 200 0 
185 60 200 0 
186 33 200 0 
187 71 200 0 
188 65 200 0 
189 36 200 0 
190 71 200 0 
191 30 200 0 
192 50 200 0 
193 70 200 0 
194 21 200 0 
195 96 200 0 
196 46 200 0 
197 68 200 0 
198 98 200 0 
199 91 200 0 
200 76 200 0 
201 94 200 0 
202 36 200 0 
203 49 200 0 
204 60 200 0 
205 41 200 0 
206 47 200 0 
207 70 200 0 
208 22 200 0 
209 92 200 0 
210 33 200 0 
211 30 200 0 
212 64 200 0 
213 44 200 0 
214 83 200 0 
215 81 200 0 
216 40 200 0 
217 98 200 0 
218 87 200 0 
219 52 200 0 
220 64 200 0 
221 23 200 0 
222 83 200 0 
223 61 200 0 
224 35 200 0 
225 70 200 0 
226 29 200 0 
227 43 200 0 
228 40 200 0 
229 81 200 0 
230 66 200 0 
231 25 200 0 
232 30 200 0 
233 85 200 0 
234 39 200 0 
235 45 200 0 
236 27 200 0 
237 94 200 0 
238 62 200 0 
239 42 200 0 
240 33 200 0 
241 92 200 0 
242 22 200 0 
243 40 200 0 
244 100 200 0 
245 71 200 0 
246 40 200 0 
247 74 200 0 
248 64 200 0 
249 85 200 0 
250 22 200 0 
251 41 200 0 
252 32 200 0 
253 72 200 0 
254 81 200 0 
255 88 200 0 
256 86 200 0 
257 77 200 0 
258 57 200 0 
259 66 200 0 
260 60 200 0 
261 65 200 0 
262 47 200 0 
263 32 200 0 
264 86 200 0 
265 95 200 0 
266 34 200 0 
267 48 200 0 
268 44 200 0 
269 68 200 0 
270 47 200 0 
271 95 200 0 
272 66 200 0 
273 50 200 0 
274 44 200 0 
275 22 200 0 
276 52 200 0 
277 64 200 0 
278 91 200 0 
279 99 200 0 
280 32 200 0 
281 33 200 0 
282 94 200 0 
283 22 200 0 
284 60 200 0 
285 40 200 0 
286 59 200 0 
287 55 200 0 
288 36 200 0 
289 86 200 0 
290 66 200 0 
291 86 200 0 
292 37 200 0 
293 49 200 0 
294 48 200 0 
295 25 200 0 
296 65 200 0 
297 81 200 0 
298 67 200 0 
299 55 200 0 
300 21 200 0 
301 63 200 0 
302 84 200 0 
303 86 200 0 
304 75 200 0 
305 26 200 0 
306 50 200 0 
307 32 200 0 
308 31 200 0 
309 94 200 0 
310 52 200 0 
311 99 200 0 
312 84 200 0 
313 83 200 0 
314 60 200 0 
315 85 200 0 
316 38 200 0 
317 34 200 0 
318 25 200 0 
319 56 200 0 
320 35 200 0 
321 60 200 0 
322 76 200 0 
323 51 200 0 
324 99 200 0 
325 70 200 0 
326 93 200 0 
327 61 200 0 
328 30 200 0 
329 48 200 0 
330 84 200 0 
331 89 200 0 
332 66 200 0 
333 27 200 0 
334 31 200 0 
335 21 200 0 
336 87 200 0 
337 46 200 0 
338 49 200 0 
339 70 200 0 
340 22 200 0 
341 82 200 0 
342 77 200 0 
343 89 200 0 
344 40 200 0 
345 24 200 0 
346 52 200 0 
347 29 200 0 
348 52 200 0 
349 83 200 0 
350 88 200 0 
351 90 200 0 
352 72 200 0 
353 90 200 0 
354 85 200 0 
355 96 200 0 
356 91 200 0 
357 92 200 0 
358 64 200 0 
359 28 200 0 
360 36 200 0 
361 48 200 0 
362 85 200 0 
363 45 200 0 
364 84 200 0 
365 77 200 0 
366 87 200 0 
367 54 200 0 
368 50 200 0 
369 25 200 0 
370 27 200 0 
371 86 200 0 
372 51 200 0 
373 35 200 0 
374 95 200 0 
375 67 200 0 
376 36 200 0 
377 93 200 0 
378 21 200 0 
379 81 200 0 
380 64 200 0 
381 69 200 0 
382 54 200 0 
383 63 200 0 
384 52 200 0 
385 74 200 0 
386 68 200 0 
387 63 200 0 
388 56 200 0 
389 86 200 0 
390 22 200 0 
391 39 200 0 
392 60 200 0 
393 21 200 0 
394 50 200 0 
395 80 200 0 
396 97 200 0 
397 95 200 0 
398 63 200 0 
399 86 200 0 
400 69 200 0 
401 85 200 0 
402 28 200 0 
403 57 200 0 
404 98 200 0 
405 49 200 0 
406 57 200 0 
407 21 200 0 
408 45 200 0 
409 92 200 0 
410 56 200 0 
411 92 200 0 
412 77 200 0 
413 38 200 0 
414 64 200 0 
415 29 200 0 
416 40 200 0 
417 37 200 0 
418 58 200 0 
419 63 200 0 
420 75 200 0 
421 31 200 0 
422 44 200 0 
423 36 200 0 
424 73 200 0 
425 35 200 0 
426 96 200 0 
427 63 200 0 
428 84 200 0 
429 53 200 0 
430 33 200 0 
431 83 200 0 
432 85 200 0 
433 74 200 0 
434 73 200 0 
435 67 200 0 
436 24 200 0 
437 67 200 0 
438 87 200 0 
439 87 200 0 
440 40 200 0 
441 34 200 0 
442 62 200 0 
443 26 200 0 
444 48 200 0 
445 44 200 0 
446 40 200 0 
447 31 200 0 
448 95 200 0 
449 52 200 0 
450 63 200 0 
451 75 200 0 
452 26 200 0 
453 73 200 0 
454 63 200 0 
455 27 200 0 
456 46 200 0 
457 44 200 0 
458 77 200 0 
459 49 200 0 
460 63 200 0 
461 89 200 0 
462 85 200 0 
463 83 200 0 
464 39 200 0 
465 50 200 0 
466 81 200 0 
467 67 200 0 
468 44 200 0 
469 38 200 0 
470 89 200 0 
471 67 200 0 
472 69 200 0 
473 56 200 0 
474 82 200 0 
475 29 200 0 
476 54 200 0 
477 71 200 0 
478 80 200 0 
479 99 200 0 
480 36 200 0 
481 80 200 0 
482 73 200 0 
483 23 200 0 
484 64 200 0 
485 47 200 0 
486 33 200 0 
487 88 200 0 
488 27 200 0 
489 51 200 0 
490 66 200 0 
491 39 200 0 
492 89 200 0 
493 28 200 0 
494 85 200 0 
495 27 200 0 
496 26 200 0 
497 37 200 0 
498 28 200 0 
499 36 200 0 
