NAME GBP_INSTANCES\prob_3_A_1_8_0.txt
COMMENT
BINTYPES 3
ITEMS 50
BINS_SECTIONS
0 100 100 0 38 
1 120 120 0 31 
2 150 150 0 25 
ITEMS_SECTIONS
0 81 200 1
1 91 200 1
2 76 200 1
3 58 200 1
4 75 200 1
5 82 200 1
6 84 200 1
7 63 200 1
8 90 200 1
9 59 200 1
10 90 200 1
11 71 200 1
12 95 200 1
13 71 200 1
14 92 200 1
15 95 200 1
16 93 200 1
17 63 200 1
18 69 200 1
19 82 200 1
20 64 200 1
21 86 200 1
22 100 200 1
23 70 200 1
24 58 200 1
25 57 200 1
26 94 200 1
27 64 200 1
28 83 200 1
29 68 200 1
30 59 200 1
31 89 200 1
32 76 200 1
33 81 200 1
34 68 200 1
35 74 200 1
36 86 200 1
37 52 200 1
38 66 200 1
39 70 200 1
40 58 200 1
41 84 200 1
42 72 200 1
43 57 200 1
44 56 200 1
45 83 200 1
46 66 200 1
47 53 200 1
48 61 200 1
49 79 200 1
