NAME GBP_INSTANCES\prob_3_B_0_4_0.txt
COMMENT
BINTYPES 5
ITEMS 25
BINS_SECTIONS
0 60 60 0 34 
1 80 80 0 26 
2 100 100 0 21 
3 120 120 0 17 
4 150 150 0 14 
ITEMS_SECTIONS
0 66 200 0 
1 72 200 0 
2 95 200 0 
3 99 200 0 
4 97 200 0 
5 56 200 0 
6 80 200 0 
7 69 200 0 
8 100 200 0 
9 100 200 0 
10 54 200 0 
11 54 200 0 
12 72 200 0 
13 59 200 0 
14 83 200 0 
15 95 200 0 
16 69 200 0 
17 100 200 0 
18 100 200 0 
19 86 200 0 
20 92 200 0 
21 96 200 0 
22 74 200 0 
23 81 200 0 
24 59 200 0 
