NAME GBP_INSTANCES\prob_3_B_0_3_0.txt
COMMENT
BINTYPES 5
ITEMS 25
BINS_SECTIONS
0 60 60 0 34 
1 80 80 0 26 
2 100 100 0 21 
3 120 120 0 17 
4 150 150 0 14 
ITEMS_SECTIONS
0 94 200 0 
1 75 200 0 
2 99 200 0 
3 99 200 0 
4 96 200 0 
5 79 200 0 
6 64 200 0 
7 55 200 0 
8 92 200 0 
9 79 200 0 
10 74 200 0 
11 95 200 0 
12 62 200 0 
13 64 200 0 
14 73 200 0 
15 96 200 0 
16 89 200 0 
17 54 200 0 
18 96 200 0 
19 98 200 0 
20 81 200 0 
21 72 200 0 
22 79 200 0 
23 72 200 0 
24 83 200 0 
