NAME GBP_INSTANCES\prob_3_A_4_6_0.txt
COMMENT
BINTYPES 3
ITEMS 500
BINS_SECTIONS
0 100 100 0 374 
1 120 120 0 312 
2 150 150 0 250 
ITEMS_SECTIONS
0 94 200 1
1 64 200 1
2 78 200 1
3 77 200 1
4 100 200 1
5 59 200 1
6 64 200 1
7 73 200 1
8 71 200 1
9 63 200 1
10 73 200 1
11 59 200 1
12 74 200 1
13 85 200 1
14 71 200 1
15 57 200 1
16 51 200 1
17 99 200 1
18 71 200 1
19 66 200 1
20 85 200 1
21 99 200 1
22 90 200 1
23 91 200 1
24 96 200 1
25 89 200 1
26 60 200 1
27 95 200 1
28 73 200 1
29 68 200 1
30 62 200 1
31 71 200 1
32 91 200 1
33 70 200 1
34 60 200 1
35 94 200 1
36 53 200 1
37 90 200 1
38 58 200 1
39 59 200 1
40 87 200 1
41 99 200 1
42 58 200 1
43 56 200 1
44 80 200 1
45 77 200 1
46 73 200 1
47 87 200 1
48 51 200 1
49 72 200 1
50 52 200 1
51 87 200 1
52 73 200 1
53 58 200 1
54 55 200 1
55 86 200 1
56 57 200 1
57 58 200 1
58 79 200 1
59 91 200 1
60 68 200 1
61 98 200 1
62 88 200 1
63 73 200 1
64 62 200 1
65 58 200 1
66 89 200 1
67 73 200 1
68 79 200 1
69 91 200 1
70 60 200 1
71 74 200 1
72 88 200 1
73 75 200 1
74 66 200 1
75 61 200 1
76 95 200 1
77 64 200 1
78 81 200 1
79 98 200 1
80 90 200 1
81 59 200 1
82 88 200 1
83 99 200 1
84 69 200 1
85 59 200 1
86 90 200 1
87 89 200 1
88 69 200 1
89 69 200 1
90 86 200 1
91 56 200 1
92 56 200 1
93 74 200 1
94 60 200 1
95 51 200 1
96 84 200 1
97 51 200 1
98 89 200 1
99 53 200 1
100 93 200 1
101 82 200 1
102 94 200 1
103 77 200 1
104 96 200 1
105 90 200 1
106 72 200 1
107 63 200 1
108 70 200 1
109 61 200 1
110 64 200 1
111 64 200 1
112 68 200 1
113 75 200 1
114 94 200 1
115 76 200 1
116 100 200 1
117 100 200 1
118 98 200 1
119 82 200 1
120 56 200 1
121 87 200 1
122 72 200 1
123 86 200 1
124 77 200 1
125 63 200 1
126 54 200 1
127 75 200 1
128 85 200 1
129 53 200 1
130 66 200 1
131 90 200 1
132 82 200 1
133 88 200 1
134 96 200 1
135 69 200 1
136 81 200 1
137 74 200 1
138 87 200 1
139 65 200 1
140 81 200 1
141 88 200 1
142 56 200 1
143 53 200 1
144 89 200 1
145 62 200 1
146 69 200 1
147 57 200 1
148 66 200 1
149 81 200 1
150 96 200 1
151 86 200 1
152 86 200 1
153 55 200 1
154 68 200 1
155 94 200 1
156 92 200 1
157 86 200 1
158 58 200 1
159 60 200 1
160 91 200 1
161 97 200 1
162 64 200 1
163 58 200 1
164 58 200 1
165 88 200 1
166 63 200 1
167 91 200 1
168 63 200 1
169 87 200 1
170 58 200 1
171 89 200 1
172 75 200 1
173 68 200 1
174 100 200 1
175 76 200 1
176 51 200 1
177 94 200 1
178 52 200 1
179 51 200 1
180 88 200 1
181 60 200 1
182 61 200 1
183 65 200 1
184 77 200 1
185 100 200 1
186 87 200 1
187 60 200 1
188 86 200 1
189 70 200 1
190 70 200 1
191 62 200 1
192 74 200 1
193 96 200 1
194 64 200 1
195 98 200 1
196 54 200 1
197 65 200 1
198 52 200 1
199 81 200 1
200 59 200 1
201 67 200 1
202 65 200 1
203 75 200 1
204 74 200 1
205 80 200 1
206 99 200 1
207 84 200 1
208 52 200 1
209 74 200 1
210 63 200 1
211 80 200 1
212 64 200 1
213 98 200 1
214 82 200 1
215 75 200 1
216 97 200 1
217 73 200 1
218 79 200 1
219 83 200 1
220 68 200 1
221 96 200 1
222 51 200 1
223 78 200 1
224 58 200 1
225 92 200 1
226 81 200 1
227 68 200 1
228 80 200 1
229 58 200 1
230 82 200 1
231 65 200 1
232 83 200 1
233 83 200 1
234 79 200 1
235 79 200 1
236 74 200 1
237 57 200 1
238 69 200 1
239 71 200 1
240 90 200 1
241 83 200 1
242 63 200 1
243 87 200 1
244 64 200 1
245 60 200 1
246 57 200 1
247 65 200 1
248 59 200 1
249 59 200 1
250 81 200 1
251 76 200 1
252 69 200 1
253 100 200 1
254 70 200 1
255 98 200 1
256 64 200 1
257 58 200 1
258 65 200 1
259 93 200 1
260 67 200 1
261 60 200 1
262 83 200 1
263 62 200 1
264 52 200 1
265 83 200 1
266 53 200 1
267 73 200 1
268 93 200 1
269 87 200 1
270 86 200 1
271 74 200 1
272 59 200 1
273 84 200 1
274 95 200 1
275 81 200 1
276 79 200 1
277 67 200 1
278 96 200 1
279 76 200 1
280 77 200 1
281 71 200 1
282 65 200 1
283 72 200 1
284 94 200 1
285 71 200 1
286 59 200 1
287 56 200 1
288 60 200 1
289 95 200 1
290 56 200 1
291 65 200 1
292 69 200 1
293 68 200 1
294 94 200 1
295 85 200 1
296 76 200 1
297 95 200 1
298 77 200 1
299 98 200 1
300 73 200 1
301 63 200 1
302 86 200 1
303 71 200 1
304 52 200 1
305 68 200 1
306 90 200 1
307 88 200 1
308 78 200 1
309 93 200 1
310 71 200 1
311 90 200 1
312 63 200 1
313 52 200 1
314 89 200 1
315 69 200 1
316 74 200 1
317 54 200 1
318 61 200 1
319 76 200 1
320 64 200 1
321 85 200 1
322 75 200 1
323 95 200 1
324 66 200 1
325 86 200 1
326 67 200 1
327 87 200 1
328 68 200 1
329 78 200 1
330 78 200 1
331 62 200 1
332 80 200 1
333 82 200 1
334 68 200 1
335 83 200 1
336 62 200 1
337 57 200 1
338 65 200 1
339 51 200 1
340 51 200 1
341 70 200 1
342 62 200 1
343 82 200 1
344 78 200 1
345 74 200 1
346 97 200 1
347 84 200 1
348 59 200 1
349 51 200 1
350 78 200 1
351 75 200 1
352 93 200 1
353 90 200 1
354 83 200 1
355 59 200 1
356 58 200 1
357 70 200 1
358 65 200 1
359 64 200 1
360 86 200 1
361 69 200 1
362 68 200 1
363 90 200 1
364 52 200 1
365 98 200 1
366 89 200 1
367 73 200 1
368 79 200 1
369 52 200 1
370 71 200 1
371 80 200 1
372 60 200 1
373 80 200 1
374 63 200 1
375 70 200 1
376 79 200 1
377 90 200 1
378 71 200 1
379 51 200 1
380 75 200 1
381 64 200 1
382 75 200 1
383 61 200 1
384 60 200 1
385 99 200 1
386 75 200 1
387 51 200 1
388 72 200 1
389 82 200 1
390 61 200 1
391 55 200 1
392 88 200 1
393 84 200 1
394 94 200 1
395 74 200 1
396 53 200 1
397 65 200 1
398 71 200 1
399 97 200 1
400 91 200 1
401 84 200 1
402 97 200 1
403 53 200 1
404 93 200 1
405 64 200 1
406 77 200 1
407 63 200 1
408 75 200 1
409 82 200 1
410 74 200 1
411 69 200 1
412 72 200 1
413 54 200 1
414 77 200 1
415 86 200 1
416 80 200 1
417 84 200 1
418 82 200 1
419 82 200 1
420 55 200 1
421 90 200 1
422 88 200 1
423 91 200 1
424 81 200 1
425 71 200 1
426 91 200 1
427 72 200 1
428 68 200 1
429 96 200 1
430 93 200 1
431 100 200 1
432 86 200 1
433 64 200 1
434 67 200 1
435 64 200 1
436 61 200 1
437 66 200 1
438 70 200 1
439 62 200 1
440 70 200 1
441 61 200 1
442 60 200 1
443 58 200 1
444 72 200 1
445 83 200 1
446 70 200 1
447 94 200 1
448 62 200 1
449 96 200 1
450 72 200 1
451 80 200 1
452 81 200 1
453 63 200 1
454 93 200 1
455 93 200 1
456 70 200 1
457 56 200 1
458 78 200 1
459 62 200 1
460 56 200 1
461 57 200 1
462 98 200 1
463 74 200 1
464 99 200 1
465 81 200 1
466 92 200 1
467 77 200 1
468 97 200 1
469 83 200 1
470 66 200 1
471 62 200 1
472 69 200 1
473 69 200 1
474 66 200 1
475 100 200 1
476 71 200 1
477 71 200 1
478 52 200 1
479 69 200 1
480 68 200 1
481 64 200 1
482 96 200 1
483 91 200 1
484 94 200 1
485 78 200 1
486 80 200 1
487 78 200 1
488 58 200 1
489 95 200 1
490 62 200 1
491 87 200 1
492 99 200 1
493 68 200 1
494 87 200 1
495 99 200 1
496 65 200 1
497 55 200 1
498 67 200 1
499 69 200 1
