NAME GBP_INSTANCES\prob_3_A_3_3_0.txt
COMMENT
BINTYPES 3
ITEMS 200
BINS_SECTIONS
0 100 100 0 151 
1 120 120 0 126 
2 150 150 0 101 
ITEMS_SECTIONS
0 93 200 1
1 60 200 1
2 61 200 1
3 87 200 1
4 58 200 1
5 83 200 1
6 70 200 1
7 85 200 1
8 71 200 1
9 52 200 1
10 100 200 1
11 73 200 1
12 62 200 1
13 89 200 1
14 78 200 1
15 67 200 1
16 86 200 1
17 89 200 1
18 59 200 1
19 66 200 1
20 55 200 1
21 76 200 1
22 88 200 1
23 91 200 1
24 57 200 1
25 96 200 1
26 86 200 1
27 90 200 1
28 86 200 1
29 76 200 1
30 85 200 1
31 53 200 1
32 85 200 1
33 55 200 1
34 70 200 1
35 59 200 1
36 62 200 1
37 77 200 1
38 72 200 1
39 96 200 1
40 99 200 1
41 82 200 1
42 72 200 1
43 61 200 1
44 56 200 1
45 93 200 1
46 92 200 1
47 55 200 1
48 84 200 1
49 88 200 1
50 51 200 1
51 61 200 1
52 61 200 1
53 54 200 1
54 52 200 1
55 73 200 1
56 57 200 1
57 54 200 1
58 81 200 1
59 75 200 1
60 91 200 1
61 66 200 1
62 86 200 1
63 77 200 1
64 90 200 1
65 69 200 1
66 64 200 1
67 60 200 1
68 68 200 1
69 84 200 1
70 69 200 1
71 84 200 1
72 72 200 1
73 96 200 1
74 85 200 1
75 74 200 1
76 66 200 1
77 64 200 1
78 63 200 1
79 69 200 1
80 66 200 1
81 99 200 1
82 64 200 1
83 58 200 1
84 80 200 1
85 69 200 1
86 70 200 1
87 99 200 1
88 64 200 1
89 95 200 1
90 97 200 1
91 76 200 1
92 59 200 1
93 63 200 1
94 70 200 1
95 96 200 1
96 76 200 1
97 69 200 1
98 97 200 1
99 89 200 1
100 67 200 1
101 55 200 1
102 55 200 1
103 59 200 1
104 75 200 1
105 63 200 1
106 70 200 1
107 87 200 1
108 95 200 1
109 71 200 1
110 56 200 1
111 58 200 1
112 75 200 1
113 78 200 1
114 94 200 1
115 91 200 1
116 66 200 1
117 99 200 1
118 67 200 1
119 99 200 1
120 62 200 1
121 53 200 1
122 85 200 1
123 76 200 1
124 83 200 1
125 91 200 1
126 59 200 1
127 56 200 1
128 60 200 1
129 52 200 1
130 62 200 1
131 67 200 1
132 74 200 1
133 93 200 1
134 88 200 1
135 68 200 1
136 94 200 1
137 80 200 1
138 98 200 1
139 91 200 1
140 70 200 1
141 91 200 1
142 52 200 1
143 64 200 1
144 53 200 1
145 62 200 1
146 78 200 1
147 62 200 1
148 94 200 1
149 76 200 1
150 82 200 1
151 95 200 1
152 88 200 1
153 90 200 1
154 83 200 1
155 76 200 1
156 76 200 1
157 76 200 1
158 87 200 1
159 95 200 1
160 57 200 1
161 93 200 1
162 85 200 1
163 77 200 1
164 77 200 1
165 59 200 1
166 86 200 1
167 56 200 1
168 62 200 1
169 75 200 1
170 74 200 1
171 93 200 1
172 93 200 1
173 53 200 1
174 88 200 1
175 71 200 1
176 89 200 1
177 65 200 1
178 84 200 1
179 90 200 1
180 66 200 1
181 87 200 1
182 61 200 1
183 99 200 1
184 73 200 1
185 97 200 1
186 62 200 1
187 91 200 1
188 76 200 1
189 51 200 1
190 98 200 1
191 93 200 1
192 81 200 1
193 99 200 1
194 79 200 1
195 73 200 1
196 89 200 1
197 66 200 1
198 77 200 1
199 56 200 1
