NAME GBP_INSTANCES\prob_1_B_1_4_0.txt
COMMENT
BINTYPES 5
ITEMS 50
BINS_SECTIONS
0 60 60 0 45 
1 80 80 0 34 
2 100 100 0 27 
3 120 120 0 23 
4 150 150 0 18 
ITEMS_SECTIONS
0 43 200 1
1 32 200 1
2 64 200 1
3 65 200 1
4 53 200 1
5 65 200 1
6 100 200 1
7 15 200 1
8 23 200 1
9 99 200 1
10 35 200 1
11 92 200 1
12 85 200 1
13 41 200 1
14 23 200 1
15 10 200 1
16 96 200 1
17 90 200 1
18 32 200 1
19 77 200 1
20 56 200 1
21 50 200 1
22 97 200 1
23 33 200 1
24 92 200 1
25 96 200 1
26 36 200 1
27 5 200 1
28 6 200 1
29 82 200 1
30 34 200 1
31 65 200 1
32 58 200 1
33 32 200 1
34 35 200 1
35 86 200 1
36 31 200 1
37 86 200 1
38 34 200 1
39 52 200 1
40 9 200 1
41 45 200 1
42 34 200 1
43 42 200 1
44 32 200 1
45 96 200 1
46 38 200 1
47 47 200 1
48 67 200 1
49 55 200 1
