NAME GBP_INSTANCES\prob_1_A_1_5_0.txt
COMMENT
BINTYPES 3
ITEMS 50
BINS_SECTIONS
0 100 100 0 27 
1 120 120 0 23 
2 150 150 0 18 
ITEMS_SECTIONS
0 90 200 1
1 60 200 1
2 40 200 1
3 48 200 1
4 20 200 1
5 14 200 1
6 48 200 1
7 70 200 1
8 100 200 1
9 73 200 1
10 99 200 1
11 68 200 1
12 73 200 1
13 39 200 1
14 10 200 1
15 6 200 1
16 4 200 1
17 56 200 1
18 99 200 1
19 35 200 1
20 85 200 1
21 14 200 1
22 39 200 1
23 80 200 1
24 11 200 1
25 76 200 1
26 53 200 1
27 17 200 1
28 86 200 1
29 96 200 1
30 39 200 1
31 52 200 1
32 13 200 1
33 88 200 1
34 85 200 1
35 66 200 1
36 98 200 1
37 97 200 1
38 51 200 1
39 16 200 1
40 31 200 1
41 54 200 1
42 88 200 1
43 74 200 1
44 77 200 1
45 31 200 1
46 60 200 1
47 10 200 1
48 40 200 1
49 14 200 1
