NAME GBP_INSTANCES\prob_3_A_1_0_0.txt
COMMENT
BINTYPES 3
ITEMS 50
BINS_SECTIONS
0 100 100 0 40 
1 120 120 0 33 
2 150 150 0 27 
ITEMS_SECTIONS
0 99 200 0 
1 98 200 0 
2 83 200 0 
3 87 200 0 
4 67 200 0 
5 89 200 0 
6 82 200 0 
7 62 200 0 
8 89 200 0 
9 91 200 0 
10 58 200 0 
11 95 200 0 
12 100 200 0 
13 52 200 0 
14 75 200 0 
15 94 200 0 
16 63 200 0 
17 65 200 0 
18 79 200 0 
19 97 200 0 
20 69 200 0 
21 79 200 0 
22 73 200 0 
23 60 200 0 
24 57 200 0 
25 96 200 0 
26 59 200 0 
27 100 200 0 
28 71 200 0 
29 98 200 0 
30 69 200 0 
31 91 200 0 
32 64 200 0 
33 92 200 0 
34 56 200 0 
35 76 200 0 
36 73 200 0 
37 63 200 0 
38 78 200 0 
39 93 200 0 
40 89 200 0 
41 85 200 0 
42 89 200 0 
43 73 200 0 
44 91 200 0 
45 77 200 0 
46 59 200 0 
47 66 200 0 
48 92 200 0 
49 91 200 0 
