NAME GBP_INSTANCES\prob_2_B_0_9_0.txt
COMMENT
BINTYPES 5
ITEMS 25
BINS_SECTIONS
0 60 60 0 26 
1 80 80 0 19 
2 100 100 0 16 
3 120 120 0 13 
4 150 150 0 11 
ITEMS_SECTIONS
0 26 200 0 
1 63 200 0 
2 83 200 0 
3 76 200 0 
4 23 200 0 
5 72 200 0 
6 25 200 0 
7 41 200 0 
8 81 200 0 
9 71 200 0 
10 88 200 0 
11 90 200 0 
12 59 200 0 
13 95 200 0 
14 92 200 0 
15 22 200 0 
16 88 200 0 
17 45 200 0 
18 82 200 0 
19 89 200 0 
20 37 200 0 
21 21 200 0 
22 26 200 0 
23 63 200 0 
24 59 200 0 
