NAME GBP_INSTANCES\prob_2_A_2_2_0.txt
COMMENT
BINTYPES 3
ITEMS 100
BINS_SECTIONS
0 100 100 0 63 
1 120 120 0 53 
2 150 150 0 42 
ITEMS_SECTIONS
0 94 200 0 
1 27 200 0 
2 62 200 0 
3 50 200 0 
4 48 200 0 
5 57 200 0 
6 24 200 0 
7 100 200 0 
8 78 200 0 
9 29 200 0 
10 88 200 0 
11 58 200 0 
12 45 200 0 
13 63 200 0 
14 52 200 0 
15 32 200 0 
16 47 200 0 
17 58 200 0 
18 53 200 0 
19 54 200 0 
20 53 200 0 
21 83 200 0 
22 94 200 0 
23 88 200 0 
24 45 200 0 
25 66 200 0 
26 80 200 0 
27 71 200 0 
28 30 200 0 
29 87 200 0 
30 26 200 0 
31 59 200 0 
32 47 200 0 
33 99 200 0 
34 61 200 0 
35 93 200 0 
36 69 200 0 
37 69 200 0 
38 38 200 0 
39 40 200 0 
40 93 200 0 
41 83 200 0 
42 47 200 0 
43 35 200 0 
44 88 200 0 
45 46 200 0 
46 61 200 0 
47 36 200 0 
48 82 200 0 
49 39 200 0 
50 72 200 0 
51 78 200 0 
52 60 200 0 
53 86 200 0 
54 73 200 0 
55 57 200 0 
56 39 200 0 
57 80 200 0 
58 52 200 0 
59 63 200 0 
60 72 200 0 
61 45 200 0 
62 63 200 0 
63 21 200 0 
64 54 200 0 
65 53 200 0 
66 65 200 0 
67 51 200 0 
68 62 200 0 
69 58 200 0 
70 73 200 0 
71 79 200 0 
72 48 200 0 
73 75 200 0 
74 69 200 0 
75 97 200 0 
76 98 200 0 
77 94 200 0 
78 67 200 0 
79 88 200 0 
80 88 200 0 
81 71 200 0 
82 86 200 0 
83 62 200 0 
84 92 200 0 
85 29 200 0 
86 33 200 0 
87 81 200 0 
88 60 200 0 
89 56 200 0 
90 55 200 0 
91 98 200 0 
92 59 200 0 
93 62 200 0 
94 69 200 0 
95 39 200 0 
96 41 200 0 
97 49 200 0 
98 78 200 0 
99 33 200 0 
