NAME GBP_INSTANCES\prob_2_B_4_7_0.txt
COMMENT
BINTYPES 5
ITEMS 500
BINS_SECTIONS
0 60 60 0 502 
1 80 80 0 376 
2 100 100 0 301 
3 120 120 0 251 
4 150 150 0 201 
ITEMS_SECTIONS
0 29 200 0 
1 95 200 0 
2 48 200 0 
3 74 200 0 
4 74 200 0 
5 37 200 0 
6 51 200 0 
7 37 200 0 
8 90 200 0 
9 43 200 0 
10 90 200 0 
11 38 200 0 
12 25 200 0 
13 71 200 0 
14 30 200 0 
15 31 200 0 
16 30 200 0 
17 64 200 0 
18 86 200 0 
19 57 200 0 
20 45 200 0 
21 28 200 0 
22 60 200 0 
23 66 200 0 
24 91 200 0 
25 97 200 0 
26 39 200 0 
27 44 200 0 
28 53 200 0 
29 54 200 0 
30 35 200 0 
31 52 200 0 
32 89 200 0 
33 59 200 0 
34 87 200 0 
35 78 200 0 
36 42 200 0 
37 42 200 0 
38 60 200 0 
39 90 200 0 
40 36 200 0 
41 89 200 0 
42 96 200 0 
43 31 200 0 
44 63 200 0 
45 57 200 0 
46 80 200 0 
47 82 200 0 
48 37 200 0 
49 38 200 0 
50 39 200 0 
51 29 200 0 
52 31 200 0 
53 73 200 0 
54 57 200 0 
55 82 200 0 
56 94 200 0 
57 89 200 0 
58 50 200 0 
59 55 200 0 
60 87 200 0 
61 58 200 0 
62 54 200 0 
63 40 200 0 
64 58 200 0 
65 69 200 0 
66 70 200 0 
67 72 200 0 
68 66 200 0 
69 90 200 0 
70 77 200 0 
71 55 200 0 
72 59 200 0 
73 50 200 0 
74 31 200 0 
75 92 200 0 
76 79 200 0 
77 25 200 0 
78 59 200 0 
79 98 200 0 
80 35 200 0 
81 39 200 0 
82 45 200 0 
83 28 200 0 
84 40 200 0 
85 69 200 0 
86 80 200 0 
87 85 200 0 
88 61 200 0 
89 80 200 0 
90 96 200 0 
91 71 200 0 
92 66 200 0 
93 29 200 0 
94 89 200 0 
95 63 200 0 
96 23 200 0 
97 84 200 0 
98 35 200 0 
99 43 200 0 
100 72 200 0 
101 24 200 0 
102 27 200 0 
103 23 200 0 
104 78 200 0 
105 71 200 0 
106 64 200 0 
107 66 200 0 
108 61 200 0 
109 34 200 0 
110 92 200 0 
111 58 200 0 
112 77 200 0 
113 59 200 0 
114 65 200 0 
115 63 200 0 
116 22 200 0 
117 35 200 0 
118 35 200 0 
119 86 200 0 
120 82 200 0 
121 50 200 0 
122 63 200 0 
123 83 200 0 
124 47 200 0 
125 84 200 0 
126 46 200 0 
127 64 200 0 
128 84 200 0 
129 50 200 0 
130 23 200 0 
131 22 200 0 
132 39 200 0 
133 38 200 0 
134 38 200 0 
135 88 200 0 
136 30 200 0 
137 46 200 0 
138 42 200 0 
139 90 200 0 
140 54 200 0 
141 96 200 0 
142 24 200 0 
143 32 200 0 
144 73 200 0 
145 80 200 0 
146 53 200 0 
147 30 200 0 
148 70 200 0 
149 97 200 0 
150 25 200 0 
151 26 200 0 
152 99 200 0 
153 45 200 0 
154 78 200 0 
155 48 200 0 
156 65 200 0 
157 46 200 0 
158 28 200 0 
159 74 200 0 
160 43 200 0 
161 62 200 0 
162 66 200 0 
163 88 200 0 
164 89 200 0 
165 31 200 0 
166 29 200 0 
167 34 200 0 
168 29 200 0 
169 95 200 0 
170 50 200 0 
171 23 200 0 
172 84 200 0 
173 85 200 0 
174 57 200 0 
175 94 200 0 
176 33 200 0 
177 68 200 0 
178 45 200 0 
179 33 200 0 
180 91 200 0 
181 87 200 0 
182 33 200 0 
183 91 200 0 
184 78 200 0 
185 100 200 0 
186 24 200 0 
187 53 200 0 
188 52 200 0 
189 84 200 0 
190 96 200 0 
191 53 200 0 
192 35 200 0 
193 41 200 0 
194 39 200 0 
195 50 200 0 
196 78 200 0 
197 89 200 0 
198 42 200 0 
199 52 200 0 
200 47 200 0 
201 86 200 0 
202 90 200 0 
203 97 200 0 
204 71 200 0 
205 67 200 0 
206 29 200 0 
207 86 200 0 
208 62 200 0 
209 59 200 0 
210 71 200 0 
211 63 200 0 
212 51 200 0 
213 28 200 0 
214 75 200 0 
215 76 200 0 
216 77 200 0 
217 77 200 0 
218 23 200 0 
219 69 200 0 
220 78 200 0 
221 77 200 0 
222 27 200 0 
223 47 200 0 
224 56 200 0 
225 54 200 0 
226 51 200 0 
227 83 200 0 
228 80 200 0 
229 89 200 0 
230 74 200 0 
231 100 200 0 
232 72 200 0 
233 36 200 0 
234 81 200 0 
235 27 200 0 
236 74 200 0 
237 52 200 0 
238 58 200 0 
239 100 200 0 
240 43 200 0 
241 75 200 0 
242 80 200 0 
243 79 200 0 
244 53 200 0 
245 47 200 0 
246 50 200 0 
247 24 200 0 
248 95 200 0 
249 65 200 0 
250 31 200 0 
251 39 200 0 
252 31 200 0 
253 90 200 0 
254 37 200 0 
255 29 200 0 
256 38 200 0 
257 80 200 0 
258 49 200 0 
259 88 200 0 
260 67 200 0 
261 92 200 0 
262 79 200 0 
263 64 200 0 
264 32 200 0 
265 27 200 0 
266 100 200 0 
267 57 200 0 
268 48 200 0 
269 81 200 0 
270 57 200 0 
271 72 200 0 
272 38 200 0 
273 46 200 0 
274 99 200 0 
275 86 200 0 
276 98 200 0 
277 61 200 0 
278 49 200 0 
279 63 200 0 
280 66 200 0 
281 61 200 0 
282 85 200 0 
283 29 200 0 
284 96 200 0 
285 56 200 0 
286 58 200 0 
287 62 200 0 
288 90 200 0 
289 81 200 0 
290 59 200 0 
291 96 200 0 
292 69 200 0 
293 27 200 0 
294 50 200 0 
295 78 200 0 
296 29 200 0 
297 50 200 0 
298 62 200 0 
299 81 200 0 
300 89 200 0 
301 59 200 0 
302 58 200 0 
303 28 200 0 
304 44 200 0 
305 50 200 0 
306 72 200 0 
307 59 200 0 
308 83 200 0 
309 92 200 0 
310 44 200 0 
311 91 200 0 
312 25 200 0 
313 50 200 0 
314 58 200 0 
315 75 200 0 
316 35 200 0 
317 95 200 0 
318 62 200 0 
319 55 200 0 
320 100 200 0 
321 88 200 0 
322 24 200 0 
323 23 200 0 
324 92 200 0 
325 93 200 0 
326 96 200 0 
327 42 200 0 
328 26 200 0 
329 83 200 0 
330 39 200 0 
331 36 200 0 
332 26 200 0 
333 81 200 0 
334 51 200 0 
335 80 200 0 
336 79 200 0 
337 71 200 0 
338 99 200 0 
339 98 200 0 
340 45 200 0 
341 33 200 0 
342 44 200 0 
343 93 200 0 
344 100 200 0 
345 83 200 0 
346 61 200 0 
347 100 200 0 
348 68 200 0 
349 35 200 0 
350 55 200 0 
351 83 200 0 
352 52 200 0 
353 42 200 0 
354 44 200 0 
355 76 200 0 
356 40 200 0 
357 34 200 0 
358 46 200 0 
359 24 200 0 
360 82 200 0 
361 92 200 0 
362 21 200 0 
363 69 200 0 
364 69 200 0 
365 28 200 0 
366 62 200 0 
367 30 200 0 
368 94 200 0 
369 83 200 0 
370 41 200 0 
371 32 200 0 
372 76 200 0 
373 42 200 0 
374 94 200 0 
375 60 200 0 
376 40 200 0 
377 41 200 0 
378 43 200 0 
379 75 200 0 
380 73 200 0 
381 52 200 0 
382 85 200 0 
383 70 200 0 
384 29 200 0 
385 27 200 0 
386 56 200 0 
387 26 200 0 
388 36 200 0 
389 22 200 0 
390 83 200 0 
391 21 200 0 
392 33 200 0 
393 30 200 0 
394 73 200 0 
395 55 200 0 
396 84 200 0 
397 50 200 0 
398 75 200 0 
399 84 200 0 
400 62 200 0 
401 45 200 0 
402 72 200 0 
403 58 200 0 
404 87 200 0 
405 64 200 0 
406 39 200 0 
407 73 200 0 
408 91 200 0 
409 29 200 0 
410 28 200 0 
411 98 200 0 
412 64 200 0 
413 28 200 0 
414 73 200 0 
415 29 200 0 
416 50 200 0 
417 38 200 0 
418 76 200 0 
419 93 200 0 
420 99 200 0 
421 96 200 0 
422 31 200 0 
423 36 200 0 
424 53 200 0 
425 77 200 0 
426 22 200 0 
427 76 200 0 
428 75 200 0 
429 83 200 0 
430 33 200 0 
431 57 200 0 
432 50 200 0 
433 65 200 0 
434 48 200 0 
435 98 200 0 
436 46 200 0 
437 73 200 0 
438 79 200 0 
439 57 200 0 
440 34 200 0 
441 63 200 0 
442 40 200 0 
443 75 200 0 
444 35 200 0 
445 33 200 0 
446 59 200 0 
447 58 200 0 
448 72 200 0 
449 56 200 0 
450 35 200 0 
451 65 200 0 
452 66 200 0 
453 85 200 0 
454 68 200 0 
455 79 200 0 
456 94 200 0 
457 83 200 0 
458 88 200 0 
459 21 200 0 
460 23 200 0 
461 91 200 0 
462 73 200 0 
463 93 200 0 
464 65 200 0 
465 78 200 0 
466 59 200 0 
467 45 200 0 
468 59 200 0 
469 70 200 0 
470 53 200 0 
471 28 200 0 
472 70 200 0 
473 64 200 0 
474 21 200 0 
475 37 200 0 
476 35 200 0 
477 87 200 0 
478 43 200 0 
479 24 200 0 
480 70 200 0 
481 50 200 0 
482 25 200 0 
483 97 200 0 
484 71 200 0 
485 83 200 0 
486 93 200 0 
487 89 200 0 
488 45 200 0 
489 42 200 0 
490 92 200 0 
491 67 200 0 
492 47 200 0 
493 66 200 0 
494 54 200 0 
495 22 200 0 
496 49 200 0 
497 87 200 0 
498 34 200 0 
499 77 200 0 
