NAME GBP_INSTANCES\prob_3_A_3_7_0.txt
COMMENT
BINTYPES 3
ITEMS 200
BINS_SECTIONS
0 100 100 0 150 
1 120 120 0 125 
2 150 150 0 100 
ITEMS_SECTIONS
0 83 200 0 
1 58 200 0 
2 85 200 0 
3 88 200 0 
4 77 200 0 
5 75 200 0 
6 61 200 0 
7 97 200 0 
8 88 200 0 
9 51 200 0 
10 77 200 0 
11 52 200 0 
12 54 200 0 
13 63 200 0 
14 79 200 0 
15 88 200 0 
16 91 200 0 
17 92 200 0 
18 52 200 0 
19 63 200 0 
20 64 200 0 
21 86 200 0 
22 88 200 0 
23 94 200 0 
24 80 200 0 
25 82 200 0 
26 68 200 0 
27 92 200 0 
28 80 200 0 
29 100 200 0 
30 72 200 0 
31 51 200 0 
32 79 200 0 
33 87 200 0 
34 95 200 0 
35 54 200 0 
36 72 200 0 
37 64 200 0 
38 88 200 0 
39 86 200 0 
40 62 200 0 
41 53 200 0 
42 65 200 0 
43 74 200 0 
44 83 200 0 
45 94 200 0 
46 64 200 0 
47 94 200 0 
48 56 200 0 
49 83 200 0 
50 78 200 0 
51 64 200 0 
52 67 200 0 
53 74 200 0 
54 95 200 0 
55 67 200 0 
56 100 200 0 
57 90 200 0 
58 91 200 0 
59 67 200 0 
60 59 200 0 
61 88 200 0 
62 87 200 0 
63 59 200 0 
64 81 200 0 
65 60 200 0 
66 56 200 0 
67 79 200 0 
68 91 200 0 
69 75 200 0 
70 88 200 0 
71 56 200 0 
72 81 200 0 
73 93 200 0 
74 54 200 0 
75 80 200 0 
76 53 200 0 
77 100 200 0 
78 70 200 0 
79 73 200 0 
80 54 200 0 
81 56 200 0 
82 66 200 0 
83 87 200 0 
84 100 200 0 
85 92 200 0 
86 95 200 0 
87 65 200 0 
88 58 200 0 
89 56 200 0 
90 94 200 0 
91 82 200 0 
92 97 200 0 
93 100 200 0 
94 86 200 0 
95 63 200 0 
96 67 200 0 
97 86 200 0 
98 73 200 0 
99 95 200 0 
100 63 200 0 
101 77 200 0 
102 80 200 0 
103 69 200 0 
104 93 200 0 
105 82 200 0 
106 75 200 0 
107 72 200 0 
108 55 200 0 
109 69 200 0 
110 89 200 0 
111 79 200 0 
112 88 200 0 
113 60 200 0 
114 63 200 0 
115 98 200 0 
116 52 200 0 
117 85 200 0 
118 89 200 0 
119 72 200 0 
120 51 200 0 
121 56 200 0 
122 79 200 0 
123 97 200 0 
124 70 200 0 
125 76 200 0 
126 65 200 0 
127 62 200 0 
128 65 200 0 
129 53 200 0 
130 86 200 0 
131 99 200 0 
132 88 200 0 
133 90 200 0 
134 94 200 0 
135 79 200 0 
136 94 200 0 
137 60 200 0 
138 97 200 0 
139 72 200 0 
140 52 200 0 
141 92 200 0 
142 72 200 0 
143 59 200 0 
144 60 200 0 
145 73 200 0 
146 51 200 0 
147 78 200 0 
148 84 200 0 
149 53 200 0 
150 87 200 0 
151 62 200 0 
152 74 200 0 
153 95 200 0 
154 79 200 0 
155 94 200 0 
156 78 200 0 
157 60 200 0 
158 83 200 0 
159 99 200 0 
160 51 200 0 
161 80 200 0 
162 70 200 0 
163 57 200 0 
164 90 200 0 
165 91 200 0 
166 71 200 0 
167 83 200 0 
168 79 200 0 
169 96 200 0 
170 73 200 0 
171 68 200 0 
172 80 200 0 
173 65 200 0 
174 82 200 0 
175 52 200 0 
176 71 200 0 
177 54 200 0 
178 100 200 0 
179 75 200 0 
180 84 200 0 
181 99 200 0 
182 60 200 0 
183 56 200 0 
184 72 200 0 
185 56 200 0 
186 68 200 0 
187 69 200 0 
188 94 200 0 
189 51 200 0 
190 56 200 0 
191 59 200 0 
192 51 200 0 
193 65 200 0 
194 87 200 0 
195 51 200 0 
196 69 200 0 
197 63 200 0 
198 64 200 0 
199 71 200 0 
