NAME GBP_INSTANCES\prob_2_B_1_7_0.txt
COMMENT
BINTYPES 5
ITEMS 50
BINS_SECTIONS
0 60 60 0 50 
1 80 80 0 37 
2 100 100 0 30 
3 120 120 0 25 
4 150 150 0 20 
ITEMS_SECTIONS
0 94 200 0 
1 34 200 0 
2 45 200 0 
3 31 200 0 
4 96 200 0 
5 42 200 0 
6 58 200 0 
7 57 200 0 
8 53 200 0 
9 25 200 0 
10 63 200 0 
11 54 200 0 
12 80 200 0 
13 31 200 0 
14 89 200 0 
15 91 200 0 
16 84 200 0 
17 98 200 0 
18 64 200 0 
19 97 200 0 
20 83 200 0 
21 77 200 0 
22 94 200 0 
23 44 200 0 
24 26 200 0 
25 24 200 0 
26 97 200 0 
27 48 200 0 
28 79 200 0 
29 55 200 0 
30 30 200 0 
31 31 200 0 
32 35 200 0 
33 32 200 0 
34 27 200 0 
35 37 200 0 
36 33 200 0 
37 52 200 0 
38 90 200 0 
39 36 200 0 
40 41 200 0 
41 90 200 0 
42 73 200 0 
43 83 200 0 
44 35 200 0 
45 29 200 0 
46 31 200 0 
47 55 200 0 
48 96 200 0 
49 97 200 0 
