NAME GBP_INSTANCES\prob_3_B_4_1_0.txt
COMMENT
BINTYPES 5
ITEMS 500
BINS_SECTIONS
0 60 60 0 637 
1 80 80 0 478 
2 100 100 0 383 
3 120 120 0 319 
4 150 150 0 255 
ITEMS_SECTIONS
0 60 200 1
1 71 200 1
2 96 200 1
3 73 200 1
4 71 200 1
5 90 200 1
6 92 200 1
7 60 200 1
8 56 200 1
9 51 200 1
10 92 200 1
11 92 200 1
12 59 200 1
13 54 200 1
14 79 200 1
15 95 200 1
16 72 200 1
17 98 200 1
18 56 200 1
19 74 200 1
20 68 200 1
21 96 200 1
22 71 200 1
23 84 200 1
24 98 200 1
25 87 200 1
26 66 200 1
27 91 200 1
28 67 200 1
29 93 200 1
30 63 200 1
31 91 200 1
32 79 200 1
33 73 200 1
34 83 200 1
35 98 200 1
36 99 200 1
37 88 200 1
38 72 200 1
39 91 200 1
40 82 200 1
41 77 200 1
42 94 200 1
43 51 200 1
44 80 200 1
45 90 200 1
46 94 200 1
47 89 200 1
48 95 200 1
49 52 200 1
50 100 200 1
51 59 200 1
52 63 200 1
53 93 200 1
54 69 200 1
55 91 200 1
56 83 200 1
57 60 200 1
58 94 200 1
59 94 200 1
60 75 200 1
61 64 200 1
62 76 200 1
63 60 200 1
64 76 200 1
65 66 200 1
66 83 200 1
67 78 200 1
68 63 200 1
69 51 200 1
70 84 200 1
71 80 200 1
72 62 200 1
73 59 200 1
74 58 200 1
75 84 200 1
76 78 200 1
77 58 200 1
78 87 200 1
79 96 200 1
80 65 200 1
81 85 200 1
82 52 200 1
83 56 200 1
84 51 200 1
85 88 200 1
86 86 200 1
87 66 200 1
88 67 200 1
89 99 200 1
90 96 200 1
91 99 200 1
92 64 200 1
93 59 200 1
94 69 200 1
95 85 200 1
96 83 200 1
97 90 200 1
98 67 200 1
99 90 200 1
100 69 200 1
101 82 200 1
102 78 200 1
103 80 200 1
104 70 200 1
105 72 200 1
106 78 200 1
107 100 200 1
108 92 200 1
109 65 200 1
110 74 200 1
111 71 200 1
112 80 200 1
113 93 200 1
114 70 200 1
115 95 200 1
116 93 200 1
117 80 200 1
118 96 200 1
119 51 200 1
120 65 200 1
121 62 200 1
122 81 200 1
123 96 200 1
124 55 200 1
125 55 200 1
126 58 200 1
127 84 200 1
128 69 200 1
129 51 200 1
130 80 200 1
131 68 200 1
132 80 200 1
133 74 200 1
134 99 200 1
135 72 200 1
136 63 200 1
137 58 200 1
138 77 200 1
139 67 200 1
140 70 200 1
141 58 200 1
142 71 200 1
143 97 200 1
144 78 200 1
145 91 200 1
146 86 200 1
147 62 200 1
148 58 200 1
149 59 200 1
150 68 200 1
151 69 200 1
152 80 200 1
153 75 200 1
154 81 200 1
155 78 200 1
156 76 200 1
157 71 200 1
158 56 200 1
159 55 200 1
160 87 200 1
161 73 200 1
162 91 200 1
163 51 200 1
164 73 200 1
165 63 200 1
166 93 200 1
167 70 200 1
168 86 200 1
169 75 200 1
170 95 200 1
171 54 200 1
172 73 200 1
173 79 200 1
174 90 200 1
175 87 200 1
176 80 200 1
177 61 200 1
178 56 200 1
179 98 200 1
180 79 200 1
181 58 200 1
182 72 200 1
183 72 200 1
184 97 200 1
185 80 200 1
186 100 200 1
187 93 200 1
188 68 200 1
189 71 200 1
190 77 200 1
191 78 200 1
192 79 200 1
193 95 200 1
194 93 200 1
195 80 200 1
196 85 200 1
197 79 200 1
198 53 200 1
199 64 200 1
200 69 200 1
201 99 200 1
202 51 200 1
203 87 200 1
204 71 200 1
205 60 200 1
206 94 200 1
207 85 200 1
208 95 200 1
209 53 200 1
210 58 200 1
211 98 200 1
212 97 200 1
213 100 200 1
214 76 200 1
215 92 200 1
216 92 200 1
217 87 200 1
218 68 200 1
219 92 200 1
220 83 200 1
221 56 200 1
222 82 200 1
223 59 200 1
224 70 200 1
225 75 200 1
226 100 200 1
227 53 200 1
228 63 200 1
229 92 200 1
230 70 200 1
231 77 200 1
232 80 200 1
233 73 200 1
234 84 200 1
235 95 200 1
236 96 200 1
237 77 200 1
238 92 200 1
239 62 200 1
240 68 200 1
241 82 200 1
242 95 200 1
243 61 200 1
244 66 200 1
245 52 200 1
246 95 200 1
247 88 200 1
248 72 200 1
249 73 200 1
250 85 200 1
251 84 200 1
252 82 200 1
253 74 200 1
254 79 200 1
255 86 200 1
256 72 200 1
257 89 200 1
258 51 200 1
259 72 200 1
260 67 200 1
261 65 200 1
262 86 200 1
263 59 200 1
264 70 200 1
265 59 200 1
266 57 200 1
267 64 200 1
268 90 200 1
269 96 200 1
270 94 200 1
271 71 200 1
272 77 200 1
273 81 200 1
274 93 200 1
275 92 200 1
276 100 200 1
277 75 200 1
278 95 200 1
279 53 200 1
280 85 200 1
281 81 200 1
282 78 200 1
283 79 200 1
284 89 200 1
285 62 200 1
286 77 200 1
287 76 200 1
288 84 200 1
289 78 200 1
290 60 200 1
291 95 200 1
292 65 200 1
293 53 200 1
294 89 200 1
295 91 200 1
296 78 200 1
297 82 200 1
298 59 200 1
299 81 200 1
300 59 200 1
301 78 200 1
302 56 200 1
303 94 200 1
304 90 200 1
305 52 200 1
306 100 200 1
307 99 200 1
308 74 200 1
309 69 200 1
310 88 200 1
311 58 200 1
312 60 200 1
313 72 200 1
314 94 200 1
315 95 200 1
316 88 200 1
317 52 200 1
318 83 200 1
319 76 200 1
320 89 200 1
321 51 200 1
322 62 200 1
323 82 200 1
324 90 200 1
325 54 200 1
326 66 200 1
327 83 200 1
328 78 200 1
329 89 200 1
330 99 200 1
331 92 200 1
332 65 200 1
333 73 200 1
334 84 200 1
335 93 200 1
336 58 200 1
337 63 200 1
338 89 200 1
339 98 200 1
340 75 200 1
341 77 200 1
342 86 200 1
343 52 200 1
344 64 200 1
345 76 200 1
346 56 200 1
347 53 200 1
348 74 200 1
349 66 200 1
350 100 200 1
351 62 200 1
352 57 200 1
353 85 200 1
354 65 200 1
355 99 200 1
356 81 200 1
357 56 200 1
358 52 200 1
359 76 200 1
360 79 200 1
361 92 200 1
362 61 200 1
363 94 200 1
364 86 200 1
365 75 200 1
366 82 200 1
367 59 200 1
368 68 200 1
369 97 200 1
370 56 200 1
371 55 200 1
372 99 200 1
373 85 200 1
374 98 200 1
375 65 200 1
376 52 200 1
377 87 200 1
378 60 200 1
379 79 200 1
380 53 200 1
381 69 200 1
382 83 200 1
383 91 200 1
384 94 200 1
385 74 200 1
386 54 200 1
387 69 200 1
388 93 200 1
389 92 200 1
390 83 200 1
391 90 200 1
392 79 200 1
393 68 200 1
394 52 200 1
395 91 200 1
396 56 200 1
397 71 200 1
398 52 200 1
399 63 200 1
400 96 200 1
401 58 200 1
402 70 200 1
403 95 200 1
404 54 200 1
405 70 200 1
406 83 200 1
407 57 200 1
408 62 200 1
409 68 200 1
410 75 200 1
411 53 200 1
412 93 200 1
413 68 200 1
414 82 200 1
415 98 200 1
416 92 200 1
417 78 200 1
418 83 200 1
419 65 200 1
420 88 200 1
421 86 200 1
422 90 200 1
423 74 200 1
424 58 200 1
425 65 200 1
426 54 200 1
427 91 200 1
428 75 200 1
429 88 200 1
430 96 200 1
431 55 200 1
432 100 200 1
433 65 200 1
434 75 200 1
435 96 200 1
436 60 200 1
437 53 200 1
438 98 200 1
439 68 200 1
440 69 200 1
441 100 200 1
442 93 200 1
443 60 200 1
444 70 200 1
445 62 200 1
446 98 200 1
447 99 200 1
448 79 200 1
449 75 200 1
450 83 200 1
451 68 200 1
452 90 200 1
453 53 200 1
454 54 200 1
455 57 200 1
456 86 200 1
457 96 200 1
458 70 200 1
459 57 200 1
460 99 200 1
461 97 200 1
462 63 200 1
463 67 200 1
464 76 200 1
465 54 200 1
466 87 200 1
467 89 200 1
468 96 200 1
469 97 200 1
470 97 200 1
471 67 200 1
472 84 200 1
473 79 200 1
474 79 200 1
475 91 200 1
476 75 200 1
477 93 200 1
478 80 200 1
479 89 200 1
480 68 200 1
481 60 200 1
482 56 200 1
483 63 200 1
484 86 200 1
485 51 200 1
486 55 200 1
487 99 200 1
488 66 200 1
489 92 200 1
490 78 200 1
491 55 200 1
492 99 200 1
493 61 200 1
494 99 200 1
495 58 200 1
496 56 200 1
497 80 200 1
498 94 200 1
499 62 200 1
