NAME GBP_INSTANCES\prob_1_B_4_7_0.txt
COMMENT
BINTYPES 5
ITEMS 500
BINS_SECTIONS
0 60 60 0 442 
1 80 80 0 332 
2 100 100 0 265 
3 120 120 0 221 
4 150 150 0 177 
ITEMS_SECTIONS
0 25 200 0 
1 17 200 0 
2 50 200 0 
3 44 200 0 
4 93 200 0 
5 95 200 0 
6 70 200 0 
7 3 200 0 
8 52 200 0 
9 96 200 0 
10 49 200 0 
11 88 200 0 
12 29 200 0 
13 16 200 0 
14 21 200 0 
15 81 200 0 
16 17 200 0 
17 7 200 0 
18 74 200 0 
19 5 200 0 
20 87 200 0 
21 19 200 0 
22 66 200 0 
23 83 200 0 
24 57 200 0 
25 39 200 0 
26 90 200 0 
27 76 200 0 
28 98 200 0 
29 10 200 0 
30 93 200 0 
31 25 200 0 
32 87 200 0 
33 59 200 0 
34 92 200 0 
35 56 200 0 
36 96 200 0 
37 38 200 0 
38 85 200 0 
39 64 200 0 
40 20 200 0 
41 81 200 0 
42 93 200 0 
43 19 200 0 
44 34 200 0 
45 96 200 0 
46 56 200 0 
47 21 200 0 
48 80 200 0 
49 92 200 0 
50 93 200 0 
51 51 200 0 
52 87 200 0 
53 60 200 0 
54 63 200 0 
55 40 200 0 
56 4 200 0 
57 8 200 0 
58 38 200 0 
59 86 200 0 
60 55 200 0 
61 64 200 0 
62 11 200 0 
63 85 200 0 
64 23 200 0 
65 66 200 0 
66 68 200 0 
67 63 200 0 
68 32 200 0 
69 19 200 0 
70 38 200 0 
71 83 200 0 
72 47 200 0 
73 66 200 0 
74 49 200 0 
75 38 200 0 
76 83 200 0 
77 55 200 0 
78 2 200 0 
79 84 200 0 
80 17 200 0 
81 27 200 0 
82 97 200 0 
83 22 200 0 
84 97 200 0 
85 19 200 0 
86 34 200 0 
87 85 200 0 
88 59 200 0 
89 8 200 0 
90 86 200 0 
91 59 200 0 
92 29 200 0 
93 93 200 0 
94 5 200 0 
95 67 200 0 
96 23 200 0 
97 40 200 0 
98 43 200 0 
99 49 200 0 
100 33 200 0 
101 67 200 0 
102 51 200 0 
103 89 200 0 
104 2 200 0 
105 23 200 0 
106 33 200 0 
107 96 200 0 
108 79 200 0 
109 30 200 0 
110 14 200 0 
111 6 200 0 
112 51 200 0 
113 31 200 0 
114 30 200 0 
115 3 200 0 
116 59 200 0 
117 16 200 0 
118 50 200 0 
119 30 200 0 
120 80 200 0 
121 79 200 0 
122 78 200 0 
123 97 200 0 
124 83 200 0 
125 76 200 0 
126 31 200 0 
127 32 200 0 
128 47 200 0 
129 18 200 0 
130 35 200 0 
131 5 200 0 
132 54 200 0 
133 95 200 0 
134 42 200 0 
135 71 200 0 
136 28 200 0 
137 60 200 0 
138 10 200 0 
139 48 200 0 
140 43 200 0 
141 43 200 0 
142 50 200 0 
143 75 200 0 
144 80 200 0 
145 56 200 0 
146 78 200 0 
147 89 200 0 
148 40 200 0 
149 57 200 0 
150 75 200 0 
151 44 200 0 
152 95 200 0 
153 99 200 0 
154 99 200 0 
155 11 200 0 
156 100 200 0 
157 77 200 0 
158 44 200 0 
159 2 200 0 
160 31 200 0 
161 70 200 0 
162 6 200 0 
163 31 200 0 
164 73 200 0 
165 4 200 0 
166 25 200 0 
167 80 200 0 
168 38 200 0 
169 22 200 0 
170 90 200 0 
171 60 200 0 
172 22 200 0 
173 99 200 0 
174 59 200 0 
175 46 200 0 
176 75 200 0 
177 93 200 0 
178 78 200 0 
179 88 200 0 
180 28 200 0 
181 32 200 0 
182 76 200 0 
183 55 200 0 
184 5 200 0 
185 77 200 0 
186 85 200 0 
187 21 200 0 
188 87 200 0 
189 44 200 0 
190 94 200 0 
191 57 200 0 
192 78 200 0 
193 5 200 0 
194 63 200 0 
195 39 200 0 
196 87 200 0 
197 71 200 0 
198 14 200 0 
199 23 200 0 
200 20 200 0 
201 83 200 0 
202 34 200 0 
203 7 200 0 
204 80 200 0 
205 91 200 0 
206 92 200 0 
207 28 200 0 
208 77 200 0 
209 66 200 0 
210 14 200 0 
211 16 200 0 
212 32 200 0 
213 16 200 0 
214 11 200 0 
215 53 200 0 
216 78 200 0 
217 58 200 0 
218 19 200 0 
219 57 200 0 
220 71 200 0 
221 11 200 0 
222 28 200 0 
223 39 200 0 
224 68 200 0 
225 61 200 0 
226 64 200 0 
227 47 200 0 
228 20 200 0 
229 66 200 0 
230 16 200 0 
231 68 200 0 
232 29 200 0 
233 58 200 0 
234 46 200 0 
235 74 200 0 
236 8 200 0 
237 94 200 0 
238 93 200 0 
239 91 200 0 
240 97 200 0 
241 31 200 0 
242 13 200 0 
243 94 200 0 
244 83 200 0 
245 66 200 0 
246 38 200 0 
247 83 200 0 
248 62 200 0 
249 19 200 0 
250 28 200 0 
251 60 200 0 
252 2 200 0 
253 94 200 0 
254 88 200 0 
255 47 200 0 
256 48 200 0 
257 13 200 0 
258 12 200 0 
259 86 200 0 
260 11 200 0 
261 40 200 0 
262 37 200 0 
263 43 200 0 
264 97 200 0 
265 89 200 0 
266 77 200 0 
267 55 200 0 
268 16 200 0 
269 66 200 0 
270 6 200 0 
271 66 200 0 
272 24 200 0 
273 79 200 0 
274 53 200 0 
275 59 200 0 
276 37 200 0 
277 28 200 0 
278 11 200 0 
279 55 200 0 
280 70 200 0 
281 73 200 0 
282 88 200 0 
283 76 200 0 
284 51 200 0 
285 96 200 0 
286 18 200 0 
287 41 200 0 
288 41 200 0 
289 70 200 0 
290 55 200 0 
291 93 200 0 
292 26 200 0 
293 26 200 0 
294 80 200 0 
295 33 200 0 
296 25 200 0 
297 59 200 0 
298 28 200 0 
299 53 200 0 
300 36 200 0 
301 51 200 0 
302 67 200 0 
303 40 200 0 
304 12 200 0 
305 38 200 0 
306 56 200 0 
307 52 200 0 
308 66 200 0 
309 26 200 0 
310 80 200 0 
311 33 200 0 
312 91 200 0 
313 68 200 0 
314 23 200 0 
315 66 200 0 
316 12 200 0 
317 3 200 0 
318 53 200 0 
319 40 200 0 
320 38 200 0 
321 76 200 0 
322 92 200 0 
323 18 200 0 
324 51 200 0 
325 45 200 0 
326 45 200 0 
327 85 200 0 
328 85 200 0 
329 82 200 0 
330 44 200 0 
331 82 200 0 
332 22 200 0 
333 77 200 0 
334 16 200 0 
335 63 200 0 
336 90 200 0 
337 67 200 0 
338 93 200 0 
339 28 200 0 
340 70 200 0 
341 73 200 0 
342 94 200 0 
343 43 200 0 
344 84 200 0 
345 86 200 0 
346 99 200 0 
347 95 200 0 
348 98 200 0 
349 84 200 0 
350 29 200 0 
351 21 200 0 
352 5 200 0 
353 10 200 0 
354 65 200 0 
355 16 200 0 
356 95 200 0 
357 2 200 0 
358 26 200 0 
359 6 200 0 
360 24 200 0 
361 6 200 0 
362 18 200 0 
363 62 200 0 
364 51 200 0 
365 58 200 0 
366 83 200 0 
367 42 200 0 
368 61 200 0 
369 62 200 0 
370 81 200 0 
371 46 200 0 
372 67 200 0 
373 66 200 0 
374 98 200 0 
375 69 200 0 
376 80 200 0 
377 43 200 0 
378 36 200 0 
379 42 200 0 
380 50 200 0 
381 94 200 0 
382 76 200 0 
383 21 200 0 
384 77 200 0 
385 81 200 0 
386 65 200 0 
387 54 200 0 
388 87 200 0 
389 82 200 0 
390 19 200 0 
391 57 200 0 
392 58 200 0 
393 15 200 0 
394 88 200 0 
395 27 200 0 
396 21 200 0 
397 89 200 0 
398 99 200 0 
399 44 200 0 
400 95 200 0 
401 53 200 0 
402 83 200 0 
403 80 200 0 
404 99 200 0 
405 84 200 0 
406 33 200 0 
407 58 200 0 
408 81 200 0 
409 89 200 0 
410 94 200 0 
411 90 200 0 
412 24 200 0 
413 73 200 0 
414 24 200 0 
415 38 200 0 
416 66 200 0 
417 38 200 0 
418 29 200 0 
419 10 200 0 
420 80 200 0 
421 61 200 0 
422 11 200 0 
423 65 200 0 
424 77 200 0 
425 26 200 0 
426 44 200 0 
427 17 200 0 
428 50 200 0 
429 53 200 0 
430 91 200 0 
431 96 200 0 
432 39 200 0 
433 3 200 0 
434 12 200 0 
435 10 200 0 
436 28 200 0 
437 94 200 0 
438 37 200 0 
439 13 200 0 
440 64 200 0 
441 9 200 0 
442 85 200 0 
443 39 200 0 
444 2 200 0 
445 45 200 0 
446 97 200 0 
447 27 200 0 
448 49 200 0 
449 61 200 0 
450 42 200 0 
451 67 200 0 
452 47 200 0 
453 95 200 0 
454 91 200 0 
455 14 200 0 
456 42 200 0 
457 90 200 0 
458 16 200 0 
459 80 200 0 
460 82 200 0 
461 16 200 0 
462 82 200 0 
463 83 200 0 
464 7 200 0 
465 10 200 0 
466 22 200 0 
467 25 200 0 
468 38 200 0 
469 44 200 0 
470 45 200 0 
471 95 200 0 
472 75 200 0 
473 23 200 0 
474 65 200 0 
475 90 200 0 
476 86 200 0 
477 17 200 0 
478 18 200 0 
479 5 200 0 
480 80 200 0 
481 66 200 0 
482 33 200 0 
483 22 200 0 
484 83 200 0 
485 26 200 0 
486 43 200 0 
487 43 200 0 
488 84 200 0 
489 96 200 0 
490 85 200 0 
491 79 200 0 
492 81 200 0 
493 26 200 0 
494 93 200 0 
495 51 200 0 
496 88 200 0 
497 7 200 0 
498 20 200 0 
499 26 200 0 
