NAME GBP_INSTANCES\prob_3_B_1_8_0.txt
COMMENT
BINTYPES 5
ITEMS 50
BINS_SECTIONS
0 60 60 0 64 
1 80 80 0 48 
2 100 100 0 39 
3 120 120 0 32 
4 150 150 0 26 
ITEMS_SECTIONS
0 55 200 0 
1 92 200 0 
2 77 200 0 
3 70 200 0 
4 78 200 0 
5 94 200 0 
6 73 200 0 
7 94 200 0 
8 57 200 0 
9 74 200 0 
10 72 200 0 
11 91 200 0 
12 77 200 0 
13 82 200 0 
14 59 200 0 
15 85 200 0 
16 83 200 0 
17 98 200 0 
18 69 200 0 
19 95 200 0 
20 84 200 0 
21 68 200 0 
22 70 200 0 
23 98 200 0 
24 81 200 0 
25 69 200 0 
26 93 200 0 
27 69 200 0 
28 83 200 0 
29 84 200 0 
30 89 200 0 
31 56 200 0 
32 95 200 0 
33 82 200 0 
34 86 200 0 
35 66 200 0 
36 79 200 0 
37 66 200 0 
38 59 200 0 
39 69 200 0 
40 97 200 0 
41 76 200 0 
42 64 200 0 
43 98 200 0 
44 67 200 0 
45 77 200 0 
46 60 200 0 
47 55 200 0 
48 51 200 0 
49 56 200 0 
