NAME GBP_INSTANCES\prob_2_A_4_9_0.txt
COMMENT
BINTYPES 3
ITEMS 500
BINS_SECTIONS
0 100 100 0 297 
1 120 120 0 248 
2 150 150 0 198 
ITEMS_SECTIONS
0 34 200 1
1 81 200 1
2 79 200 1
3 76 200 1
4 55 200 1
5 75 200 1
6 97 200 1
7 34 200 1
8 60 200 1
9 86 200 1
10 32 200 1
11 63 200 1
12 22 200 1
13 64 200 1
14 44 200 1
15 21 200 1
16 81 200 1
17 78 200 1
18 21 200 1
19 27 200 1
20 48 200 1
21 94 200 1
22 56 200 1
23 67 200 1
24 48 200 1
25 49 200 1
26 49 200 1
27 40 200 1
28 42 200 1
29 61 200 1
30 67 200 1
31 81 200 1
32 44 200 1
33 30 200 1
34 68 200 1
35 53 200 1
36 48 200 1
37 75 200 1
38 49 200 1
39 45 200 1
40 50 200 1
41 90 200 1
42 47 200 1
43 61 200 1
44 48 200 1
45 35 200 1
46 71 200 1
47 94 200 1
48 97 200 1
49 42 200 1
50 36 200 1
51 39 200 1
52 61 200 1
53 30 200 1
54 37 200 1
55 85 200 1
56 87 200 1
57 66 200 1
58 51 200 1
59 86 200 1
60 90 200 1
61 54 200 1
62 52 200 1
63 65 200 1
64 85 200 1
65 71 200 1
66 37 200 1
67 29 200 1
68 39 200 1
69 71 200 1
70 54 200 1
71 53 200 1
72 44 200 1
73 61 200 1
74 56 200 1
75 95 200 1
76 41 200 1
77 23 200 1
78 78 200 1
79 88 200 1
80 72 200 1
81 36 200 1
82 67 200 1
83 21 200 1
84 34 200 1
85 41 200 1
86 34 200 1
87 74 200 1
88 61 200 1
89 98 200 1
90 96 200 1
91 30 200 1
92 66 200 1
93 31 200 1
94 29 200 1
95 48 200 1
96 93 200 1
97 92 200 1
98 74 200 1
99 75 200 1
100 21 200 1
101 23 200 1
102 42 200 1
103 82 200 1
104 45 200 1
105 88 200 1
106 70 200 1
107 75 200 1
108 53 200 1
109 63 200 1
110 71 200 1
111 54 200 1
112 61 200 1
113 92 200 1
114 29 200 1
115 21 200 1
116 57 200 1
117 52 200 1
118 25 200 1
119 91 200 1
120 55 200 1
121 100 200 1
122 61 200 1
123 35 200 1
124 82 200 1
125 28 200 1
126 89 200 1
127 73 200 1
128 81 200 1
129 28 200 1
130 79 200 1
131 52 200 1
132 23 200 1
133 62 200 1
134 40 200 1
135 63 200 1
136 57 200 1
137 70 200 1
138 75 200 1
139 98 200 1
140 95 200 1
141 34 200 1
142 72 200 1
143 32 200 1
144 36 200 1
145 49 200 1
146 53 200 1
147 33 200 1
148 100 200 1
149 77 200 1
150 86 200 1
151 21 200 1
152 70 200 1
153 73 200 1
154 42 200 1
155 53 200 1
156 46 200 1
157 91 200 1
158 24 200 1
159 94 200 1
160 60 200 1
161 22 200 1
162 94 200 1
163 89 200 1
164 34 200 1
165 83 200 1
166 93 200 1
167 75 200 1
168 80 200 1
169 31 200 1
170 36 200 1
171 48 200 1
172 53 200 1
173 66 200 1
174 38 200 1
175 45 200 1
176 47 200 1
177 34 200 1
178 88 200 1
179 78 200 1
180 90 200 1
181 56 200 1
182 71 200 1
183 57 200 1
184 25 200 1
185 65 200 1
186 32 200 1
187 60 200 1
188 65 200 1
189 31 200 1
190 41 200 1
191 49 200 1
192 39 200 1
193 26 200 1
194 55 200 1
195 100 200 1
196 79 200 1
197 71 200 1
198 23 200 1
199 25 200 1
200 31 200 1
201 43 200 1
202 54 200 1
203 79 200 1
204 93 200 1
205 53 200 1
206 27 200 1
207 29 200 1
208 59 200 1
209 61 200 1
210 59 200 1
211 46 200 1
212 71 200 1
213 95 200 1
214 90 200 1
215 59 200 1
216 76 200 1
217 93 200 1
218 82 200 1
219 64 200 1
220 41 200 1
221 67 200 1
222 45 200 1
223 25 200 1
224 22 200 1
225 36 200 1
226 37 200 1
227 28 200 1
228 62 200 1
229 96 200 1
230 69 200 1
231 46 200 1
232 66 200 1
233 67 200 1
234 48 200 1
235 50 200 1
236 96 200 1
237 61 200 1
238 32 200 1
239 62 200 1
240 39 200 1
241 31 200 1
242 31 200 1
243 92 200 1
244 45 200 1
245 72 200 1
246 33 200 1
247 34 200 1
248 58 200 1
249 60 200 1
250 60 200 1
251 99 200 1
252 77 200 1
253 28 200 1
254 39 200 1
255 97 200 1
256 94 200 1
257 99 200 1
258 94 200 1
259 84 200 1
260 81 200 1
261 79 200 1
262 88 200 1
263 100 200 1
264 97 200 1
265 30 200 1
266 76 200 1
267 88 200 1
268 63 200 1
269 78 200 1
270 66 200 1
271 54 200 1
272 28 200 1
273 55 200 1
274 44 200 1
275 82 200 1
276 50 200 1
277 27 200 1
278 43 200 1
279 58 200 1
280 41 200 1
281 77 200 1
282 52 200 1
283 64 200 1
284 70 200 1
285 67 200 1
286 44 200 1
287 87 200 1
288 94 200 1
289 68 200 1
290 94 200 1
291 26 200 1
292 37 200 1
293 25 200 1
294 36 200 1
295 54 200 1
296 34 200 1
297 67 200 1
298 93 200 1
299 28 200 1
300 31 200 1
301 24 200 1
302 76 200 1
303 59 200 1
304 65 200 1
305 49 200 1
306 38 200 1
307 67 200 1
308 84 200 1
309 92 200 1
310 47 200 1
311 33 200 1
312 95 200 1
313 63 200 1
314 41 200 1
315 49 200 1
316 36 200 1
317 27 200 1
318 98 200 1
319 45 200 1
320 22 200 1
321 82 200 1
322 46 200 1
323 38 200 1
324 23 200 1
325 28 200 1
326 45 200 1
327 87 200 1
328 25 200 1
329 39 200 1
330 28 200 1
331 52 200 1
332 75 200 1
333 65 200 1
334 31 200 1
335 43 200 1
336 28 200 1
337 56 200 1
338 89 200 1
339 45 200 1
340 21 200 1
341 83 200 1
342 63 200 1
343 89 200 1
344 45 200 1
345 65 200 1
346 66 200 1
347 89 200 1
348 30 200 1
349 77 200 1
350 95 200 1
351 86 200 1
352 34 200 1
353 91 200 1
354 94 200 1
355 95 200 1
356 93 200 1
357 30 200 1
358 23 200 1
359 41 200 1
360 56 200 1
361 98 200 1
362 34 200 1
363 50 200 1
364 66 200 1
365 54 200 1
366 73 200 1
367 33 200 1
368 31 200 1
369 90 200 1
370 91 200 1
371 45 200 1
372 92 200 1
373 68 200 1
374 51 200 1
375 23 200 1
376 36 200 1
377 95 200 1
378 68 200 1
379 89 200 1
380 62 200 1
381 74 200 1
382 28 200 1
383 76 200 1
384 41 200 1
385 90 200 1
386 41 200 1
387 35 200 1
388 98 200 1
389 59 200 1
390 59 200 1
391 67 200 1
392 28 200 1
393 40 200 1
394 75 200 1
395 98 200 1
396 76 200 1
397 91 200 1
398 45 200 1
399 51 200 1
400 25 200 1
401 49 200 1
402 74 200 1
403 38 200 1
404 87 200 1
405 37 200 1
406 66 200 1
407 22 200 1
408 49 200 1
409 55 200 1
410 40 200 1
411 58 200 1
412 100 200 1
413 43 200 1
414 68 200 1
415 27 200 1
416 35 200 1
417 41 200 1
418 68 200 1
419 48 200 1
420 85 200 1
421 73 200 1
422 97 200 1
423 65 200 1
424 82 200 1
425 31 200 1
426 96 200 1
427 63 200 1
428 50 200 1
429 45 200 1
430 45 200 1
431 99 200 1
432 42 200 1
433 40 200 1
434 47 200 1
435 29 200 1
436 72 200 1
437 71 200 1
438 22 200 1
439 96 200 1
440 64 200 1
441 54 200 1
442 36 200 1
443 36 200 1
444 72 200 1
445 96 200 1
446 82 200 1
447 97 200 1
448 85 200 1
449 35 200 1
450 90 200 1
451 28 200 1
452 59 200 1
453 35 200 1
454 99 200 1
455 81 200 1
456 36 200 1
457 42 200 1
458 100 200 1
459 76 200 1
460 55 200 1
461 32 200 1
462 30 200 1
463 93 200 1
464 27 200 1
465 57 200 1
466 77 200 1
467 44 200 1
468 72 200 1
469 99 200 1
470 90 200 1
471 87 200 1
472 55 200 1
473 88 200 1
474 87 200 1
475 88 200 1
476 100 200 1
477 33 200 1
478 36 200 1
479 35 200 1
480 96 200 1
481 51 200 1
482 84 200 1
483 58 200 1
484 65 200 1
485 77 200 1
486 45 200 1
487 69 200 1
488 24 200 1
489 94 200 1
490 65 200 1
491 56 200 1
492 31 200 1
493 95 200 1
494 54 200 1
495 93 200 1
496 84 200 1
497 63 200 1
498 48 200 1
499 62 200 1
