NAME GBP_INSTANCES\prob_2_A_4_8_0.txt
COMMENT
BINTYPES 3
ITEMS 500
BINS_SECTIONS
0 100 100 0 304 
1 120 120 0 253 
2 150 150 0 203 
ITEMS_SECTIONS
0 24 200 0 
1 95 200 0 
2 27 200 0 
3 95 200 0 
4 56 200 0 
5 24 200 0 
6 74 200 0 
7 45 200 0 
8 86 200 0 
9 33 200 0 
10 26 200 0 
11 41 200 0 
12 72 200 0 
13 44 200 0 
14 46 200 0 
15 61 200 0 
16 35 200 0 
17 89 200 0 
18 27 200 0 
19 94 200 0 
20 64 200 0 
21 86 200 0 
22 51 200 0 
23 52 200 0 
24 97 200 0 
25 61 200 0 
26 86 200 0 
27 48 200 0 
28 45 200 0 
29 38 200 0 
30 76 200 0 
31 31 200 0 
32 53 200 0 
33 36 200 0 
34 60 200 0 
35 32 200 0 
36 95 200 0 
37 31 200 0 
38 46 200 0 
39 21 200 0 
40 64 200 0 
41 72 200 0 
42 59 200 0 
43 77 200 0 
44 27 200 0 
45 22 200 0 
46 31 200 0 
47 22 200 0 
48 52 200 0 
49 70 200 0 
50 92 200 0 
51 22 200 0 
52 77 200 0 
53 40 200 0 
54 53 200 0 
55 24 200 0 
56 24 200 0 
57 83 200 0 
58 22 200 0 
59 99 200 0 
60 69 200 0 
61 66 200 0 
62 29 200 0 
63 37 200 0 
64 71 200 0 
65 81 200 0 
66 71 200 0 
67 100 200 0 
68 81 200 0 
69 99 200 0 
70 34 200 0 
71 82 200 0 
72 33 200 0 
73 82 200 0 
74 34 200 0 
75 23 200 0 
76 75 200 0 
77 98 200 0 
78 69 200 0 
79 45 200 0 
80 40 200 0 
81 62 200 0 
82 83 200 0 
83 98 200 0 
84 65 200 0 
85 26 200 0 
86 62 200 0 
87 41 200 0 
88 74 200 0 
89 58 200 0 
90 45 200 0 
91 49 200 0 
92 38 200 0 
93 92 200 0 
94 97 200 0 
95 92 200 0 
96 92 200 0 
97 63 200 0 
98 22 200 0 
99 70 200 0 
100 29 200 0 
101 61 200 0 
102 74 200 0 
103 75 200 0 
104 47 200 0 
105 30 200 0 
106 48 200 0 
107 56 200 0 
108 22 200 0 
109 24 200 0 
110 78 200 0 
111 93 200 0 
112 71 200 0 
113 61 200 0 
114 54 200 0 
115 85 200 0 
116 81 200 0 
117 98 200 0 
118 100 200 0 
119 83 200 0 
120 78 200 0 
121 76 200 0 
122 64 200 0 
123 31 200 0 
124 76 200 0 
125 55 200 0 
126 66 200 0 
127 95 200 0 
128 85 200 0 
129 64 200 0 
130 55 200 0 
131 99 200 0 
132 31 200 0 
133 35 200 0 
134 96 200 0 
135 34 200 0 
136 33 200 0 
137 47 200 0 
138 57 200 0 
139 22 200 0 
140 67 200 0 
141 83 200 0 
142 33 200 0 
143 77 200 0 
144 92 200 0 
145 71 200 0 
146 75 200 0 
147 57 200 0 
148 96 200 0 
149 40 200 0 
150 88 200 0 
151 79 200 0 
152 64 200 0 
153 73 200 0 
154 82 200 0 
155 84 200 0 
156 63 200 0 
157 98 200 0 
158 21 200 0 
159 50 200 0 
160 57 200 0 
161 92 200 0 
162 90 200 0 
163 93 200 0 
164 95 200 0 
165 28 200 0 
166 88 200 0 
167 100 200 0 
168 39 200 0 
169 35 200 0 
170 35 200 0 
171 72 200 0 
172 89 200 0 
173 43 200 0 
174 48 200 0 
175 95 200 0 
176 91 200 0 
177 25 200 0 
178 73 200 0 
179 73 200 0 
180 78 200 0 
181 83 200 0 
182 82 200 0 
183 63 200 0 
184 96 200 0 
185 73 200 0 
186 43 200 0 
187 72 200 0 
188 36 200 0 
189 94 200 0 
190 23 200 0 
191 69 200 0 
192 53 200 0 
193 83 200 0 
194 62 200 0 
195 26 200 0 
196 71 200 0 
197 95 200 0 
198 98 200 0 
199 43 200 0 
200 68 200 0 
201 60 200 0 
202 53 200 0 
203 28 200 0 
204 46 200 0 
205 40 200 0 
206 53 200 0 
207 34 200 0 
208 91 200 0 
209 23 200 0 
210 73 200 0 
211 99 200 0 
212 72 200 0 
213 25 200 0 
214 38 200 0 
215 98 200 0 
216 38 200 0 
217 28 200 0 
218 66 200 0 
219 91 200 0 
220 30 200 0 
221 43 200 0 
222 33 200 0 
223 51 200 0 
224 76 200 0 
225 60 200 0 
226 87 200 0 
227 99 200 0 
228 41 200 0 
229 97 200 0 
230 69 200 0 
231 58 200 0 
232 84 200 0 
233 39 200 0 
234 40 200 0 
235 95 200 0 
236 51 200 0 
237 98 200 0 
238 37 200 0 
239 47 200 0 
240 72 200 0 
241 92 200 0 
242 39 200 0 
243 89 200 0 
244 43 200 0 
245 30 200 0 
246 49 200 0 
247 35 200 0 
248 31 200 0 
249 56 200 0 
250 47 200 0 
251 62 200 0 
252 78 200 0 
253 72 200 0 
254 66 200 0 
255 85 200 0 
256 85 200 0 
257 53 200 0 
258 55 200 0 
259 98 200 0 
260 87 200 0 
261 24 200 0 
262 81 200 0 
263 51 200 0 
264 83 200 0 
265 53 200 0 
266 100 200 0 
267 71 200 0 
268 55 200 0 
269 48 200 0 
270 44 200 0 
271 76 200 0 
272 54 200 0 
273 25 200 0 
274 31 200 0 
275 67 200 0 
276 31 200 0 
277 73 200 0 
278 23 200 0 
279 72 200 0 
280 92 200 0 
281 44 200 0 
282 62 200 0 
283 52 200 0 
284 50 200 0 
285 37 200 0 
286 38 200 0 
287 45 200 0 
288 78 200 0 
289 22 200 0 
290 35 200 0 
291 41 200 0 
292 50 200 0 
293 73 200 0 
294 35 200 0 
295 33 200 0 
296 24 200 0 
297 33 200 0 
298 38 200 0 
299 56 200 0 
300 87 200 0 
301 88 200 0 
302 98 200 0 
303 87 200 0 
304 92 200 0 
305 25 200 0 
306 47 200 0 
307 41 200 0 
308 73 200 0 
309 94 200 0 
310 90 200 0 
311 34 200 0 
312 37 200 0 
313 46 200 0 
314 43 200 0 
315 40 200 0 
316 55 200 0 
317 80 200 0 
318 80 200 0 
319 73 200 0 
320 89 200 0 
321 92 200 0 
322 35 200 0 
323 90 200 0 
324 87 200 0 
325 87 200 0 
326 46 200 0 
327 43 200 0 
328 61 200 0 
329 77 200 0 
330 74 200 0 
331 62 200 0 
332 95 200 0 
333 66 200 0 
334 40 200 0 
335 79 200 0 
336 39 200 0 
337 63 200 0 
338 22 200 0 
339 88 200 0 
340 47 200 0 
341 80 200 0 
342 33 200 0 
343 94 200 0 
344 38 200 0 
345 43 200 0 
346 99 200 0 
347 68 200 0 
348 36 200 0 
349 70 200 0 
350 61 200 0 
351 99 200 0 
352 32 200 0 
353 76 200 0 
354 77 200 0 
355 77 200 0 
356 31 200 0 
357 39 200 0 
358 47 200 0 
359 68 200 0 
360 65 200 0 
361 50 200 0 
362 48 200 0 
363 85 200 0 
364 100 200 0 
365 33 200 0 
366 87 200 0 
367 73 200 0 
368 28 200 0 
369 34 200 0 
370 68 200 0 
371 33 200 0 
372 64 200 0 
373 67 200 0 
374 95 200 0 
375 52 200 0 
376 67 200 0 
377 24 200 0 
378 38 200 0 
379 88 200 0 
380 96 200 0 
381 85 200 0 
382 69 200 0 
383 80 200 0 
384 95 200 0 
385 35 200 0 
386 45 200 0 
387 58 200 0 
388 35 200 0 
389 28 200 0 
390 30 200 0 
391 41 200 0 
392 25 200 0 
393 64 200 0 
394 53 200 0 
395 31 200 0 
396 46 200 0 
397 92 200 0 
398 36 200 0 
399 42 200 0 
400 67 200 0 
401 84 200 0 
402 76 200 0 
403 87 200 0 
404 77 200 0 
405 59 200 0 
406 97 200 0 
407 56 200 0 
408 50 200 0 
409 66 200 0 
410 85 200 0 
411 38 200 0 
412 97 200 0 
413 90 200 0 
414 87 200 0 
415 81 200 0 
416 25 200 0 
417 38 200 0 
418 76 200 0 
419 80 200 0 
420 88 200 0 
421 40 200 0 
422 45 200 0 
423 85 200 0 
424 49 200 0 
425 80 200 0 
426 46 200 0 
427 32 200 0 
428 30 200 0 
429 71 200 0 
430 59 200 0 
431 63 200 0 
432 41 200 0 
433 44 200 0 
434 34 200 0 
435 50 200 0 
436 33 200 0 
437 25 200 0 
438 75 200 0 
439 41 200 0 
440 35 200 0 
441 93 200 0 
442 81 200 0 
443 86 200 0 
444 54 200 0 
445 97 200 0 
446 78 200 0 
447 34 200 0 
448 89 200 0 
449 80 200 0 
450 87 200 0 
451 96 200 0 
452 97 200 0 
453 30 200 0 
454 36 200 0 
455 28 200 0 
456 40 200 0 
457 66 200 0 
458 75 200 0 
459 49 200 0 
460 70 200 0 
461 87 200 0 
462 68 200 0 
463 83 200 0 
464 35 200 0 
465 74 200 0 
466 27 200 0 
467 30 200 0 
468 37 200 0 
469 64 200 0 
470 45 200 0 
471 51 200 0 
472 23 200 0 
473 37 200 0 
474 45 200 0 
475 64 200 0 
476 64 200 0 
477 87 200 0 
478 61 200 0 
479 59 200 0 
480 28 200 0 
481 86 200 0 
482 93 200 0 
483 47 200 0 
484 48 200 0 
485 79 200 0 
486 88 200 0 
487 48 200 0 
488 100 200 0 
489 76 200 0 
490 50 200 0 
491 29 200 0 
492 99 200 0 
493 62 200 0 
494 29 200 0 
495 75 200 0 
496 89 200 0 
497 22 200 0 
498 78 200 0 
499 39 200 0 
