NAME GBP_INSTANCES\prob_2_B_0_5_0.txt
COMMENT
BINTYPES 5
ITEMS 25
BINS_SECTIONS
0 60 60 0 23 
1 80 80 0 18 
2 100 100 0 14 
3 120 120 0 12 
4 150 150 0 10 
ITEMS_SECTIONS
0 63 200 0 
1 61 200 0 
2 88 200 0 
3 82 200 0 
4 46 200 0 
5 34 200 0 
6 73 200 0 
7 33 200 0 
8 48 200 0 
9 98 200 0 
10 23 200 0 
11 37 200 0 
12 40 200 0 
13 34 200 0 
14 72 200 0 
15 94 200 0 
16 43 200 0 
17 52 200 0 
18 30 200 0 
19 41 200 0 
20 46 200 0 
21 85 200 0 
22 50 200 0 
23 80 200 0 
24 25 200 0 
