NAME GBP_INSTANCES\prob_3_B_3_6_0.txt
COMMENT
BINTYPES 5
ITEMS 200
BINS_SECTIONS
0 60 60 0 249 
1 80 80 0 187 
2 100 100 0 150 
3 120 120 0 125 
4 150 150 0 100 
ITEMS_SECTIONS
0 66 200 0 
1 63 200 0 
2 85 200 0 
3 98 200 0 
4 60 200 0 
5 100 200 0 
6 88 200 0 
7 91 200 0 
8 95 200 0 
9 80 200 0 
10 86 200 0 
11 68 200 0 
12 52 200 0 
13 92 200 0 
14 81 200 0 
15 53 200 0 
16 77 200 0 
17 80 200 0 
18 92 200 0 
19 95 200 0 
20 90 200 0 
21 81 200 0 
22 80 200 0 
23 92 200 0 
24 82 200 0 
25 76 200 0 
26 90 200 0 
27 79 200 0 
28 94 200 0 
29 74 200 0 
30 63 200 0 
31 83 200 0 
32 67 200 0 
33 60 200 0 
34 91 200 0 
35 69 200 0 
36 78 200 0 
37 89 200 0 
38 70 200 0 
39 91 200 0 
40 100 200 0 
41 54 200 0 
42 57 200 0 
43 67 200 0 
44 76 200 0 
45 57 200 0 
46 59 200 0 
47 51 200 0 
48 86 200 0 
49 68 200 0 
50 83 200 0 
51 52 200 0 
52 60 200 0 
53 92 200 0 
54 54 200 0 
55 86 200 0 
56 81 200 0 
57 84 200 0 
58 62 200 0 
59 72 200 0 
60 98 200 0 
61 83 200 0 
62 90 200 0 
63 78 200 0 
64 51 200 0 
65 55 200 0 
66 54 200 0 
67 58 200 0 
68 68 200 0 
69 58 200 0 
70 91 200 0 
71 67 200 0 
72 73 200 0 
73 79 200 0 
74 87 200 0 
75 53 200 0 
76 52 200 0 
77 57 200 0 
78 59 200 0 
79 63 200 0 
80 84 200 0 
81 80 200 0 
82 65 200 0 
83 59 200 0 
84 80 200 0 
85 82 200 0 
86 89 200 0 
87 83 200 0 
88 73 200 0 
89 71 200 0 
90 61 200 0 
91 60 200 0 
92 70 200 0 
93 65 200 0 
94 91 200 0 
95 98 200 0 
96 59 200 0 
97 75 200 0 
98 53 200 0 
99 51 200 0 
100 58 200 0 
101 99 200 0 
102 100 200 0 
103 59 200 0 
104 76 200 0 
105 73 200 0 
106 60 200 0 
107 100 200 0 
108 70 200 0 
109 95 200 0 
110 79 200 0 
111 86 200 0 
112 92 200 0 
113 65 200 0 
114 68 200 0 
115 69 200 0 
116 95 200 0 
117 54 200 0 
118 68 200 0 
119 72 200 0 
120 72 200 0 
121 52 200 0 
122 97 200 0 
123 57 200 0 
124 95 200 0 
125 56 200 0 
126 76 200 0 
127 65 200 0 
128 90 200 0 
129 88 200 0 
130 69 200 0 
131 63 200 0 
132 59 200 0 
133 72 200 0 
134 68 200 0 
135 61 200 0 
136 82 200 0 
137 96 200 0 
138 63 200 0 
139 62 200 0 
140 59 200 0 
141 92 200 0 
142 90 200 0 
143 70 200 0 
144 91 200 0 
145 62 200 0 
146 69 200 0 
147 61 200 0 
148 86 200 0 
149 75 200 0 
150 100 200 0 
151 100 200 0 
152 58 200 0 
153 84 200 0 
154 78 200 0 
155 60 200 0 
156 93 200 0 
157 59 200 0 
158 77 200 0 
159 58 200 0 
160 57 200 0 
161 54 200 0 
162 77 200 0 
163 91 200 0 
164 72 200 0 
165 53 200 0 
166 88 200 0 
167 69 200 0 
168 73 200 0 
169 52 200 0 
170 78 200 0 
171 76 200 0 
172 83 200 0 
173 86 200 0 
174 86 200 0 
175 71 200 0 
176 72 200 0 
177 52 200 0 
178 95 200 0 
179 97 200 0 
180 70 200 0 
181 81 200 0 
182 66 200 0 
183 68 200 0 
184 68 200 0 
185 65 200 0 
186 63 200 0 
187 91 200 0 
188 71 200 0 
189 98 200 0 
190 100 200 0 
191 59 200 0 
192 81 200 0 
193 79 200 0 
194 55 200 0 
195 61 200 0 
196 81 200 0 
197 88 200 0 
198 78 200 0 
199 87 200 0 
