NAME GBP_INSTANCES\prob_3_A_1_1_0.txt
COMMENT
BINTYPES 3
ITEMS 50
BINS_SECTIONS
0 100 100 0 38 
1 120 120 0 32 
2 150 150 0 25 
ITEMS_SECTIONS
0 59 200 1
1 95 200 1
2 59 200 1
3 89 200 1
4 73 200 1
5 97 200 1
6 84 200 1
7 84 200 1
8 59 200 1
9 54 200 1
10 92 200 1
11 51 200 1
12 95 200 1
13 70 200 1
14 65 200 1
15 93 200 1
16 70 200 1
17 92 200 1
18 92 200 1
19 52 200 1
20 56 200 1
21 94 200 1
22 97 200 1
23 68 200 1
24 66 200 1
25 63 200 1
26 56 200 1
27 64 200 1
28 95 200 1
29 51 200 1
30 82 200 1
31 61 200 1
32 98 200 1
33 96 200 1
34 61 200 1
35 60 200 1
36 89 200 1
37 64 200 1
38 77 200 1
39 81 200 1
40 81 200 1
41 68 200 1
42 63 200 1
43 55 200 1
44 89 200 1
45 77 200 1
46 58 200 1
47 63 200 1
48 73 200 1
49 98 200 1
