NAME GBP_INSTANCES\prob_1_B_1_7_0.txt
COMMENT
BINTYPES 5
ITEMS 50
BINS_SECTIONS
0 60 60 0 45 
1 80 80 0 34 
2 100 100 0 27 
3 120 120 0 23 
4 150 150 0 18 
ITEMS_SECTIONS
0 63 200 0 
1 94 200 0 
2 78 200 0 
3 60 200 0 
4 30 200 0 
5 31 200 0 
6 99 200 0 
7 33 200 0 
8 89 200 0 
9 76 200 0 
10 33 200 0 
11 86 200 0 
12 73 200 0 
13 26 200 0 
14 47 200 0 
15 77 200 0 
16 65 200 0 
17 7 200 0 
18 49 200 0 
19 89 200 0 
20 93 200 0 
21 24 200 0 
22 21 200 0 
23 74 200 0 
24 73 200 0 
25 48 200 0 
26 94 200 0 
27 10 200 0 
28 48 200 0 
29 32 200 0 
30 69 200 0 
31 60 200 0 
32 22 200 0 
33 27 200 0 
34 60 200 0 
35 63 200 0 
36 34 200 0 
37 8 200 0 
38 86 200 0 
39 41 200 0 
40 71 200 0 
41 59 200 0 
42 75 200 0 
43 61 200 0 
44 61 200 0 
45 45 200 0 
46 16 200 0 
47 32 200 0 
48 51 200 0 
49 8 200 0 
