NAME GBP_INSTANCES\prob_1_A_3_7_0.txt
COMMENT
BINTYPES 3
ITEMS 200
BINS_SECTIONS
0 100 100 0 105 
1 120 120 0 87 
2 150 150 0 70 
ITEMS_SECTIONS
0 33 200 1
1 92 200 1
2 70 200 1
3 31 200 1
4 18 200 1
5 36 200 1
6 91 200 1
7 43 200 1
8 49 200 1
9 38 200 1
10 92 200 1
11 82 200 1
12 57 200 1
13 47 200 1
14 11 200 1
15 92 200 1
16 66 200 1
17 60 200 1
18 18 200 1
19 62 200 1
20 5 200 1
21 67 200 1
22 42 200 1
23 22 200 1
24 72 200 1
25 31 200 1
26 66 200 1
27 28 200 1
28 88 200 1
29 21 200 1
30 21 200 1
31 10 200 1
32 35 200 1
33 77 200 1
34 46 200 1
35 23 200 1
36 28 200 1
37 85 200 1
38 37 200 1
39 85 200 1
40 22 200 1
41 43 200 1
42 56 200 1
43 36 200 1
44 92 200 1
45 22 200 1
46 25 200 1
47 3 200 1
48 96 200 1
49 80 200 1
50 70 200 1
51 97 200 1
52 48 200 1
53 41 200 1
54 49 200 1
55 53 200 1
56 17 200 1
57 90 200 1
58 16 200 1
59 6 200 1
60 90 200 1
61 11 200 1
62 68 200 1
63 20 200 1
64 4 200 1
65 98 200 1
66 31 200 1
67 3 200 1
68 67 200 1
69 92 200 1
70 96 200 1
71 64 200 1
72 14 200 1
73 56 200 1
74 17 200 1
75 82 200 1
76 87 200 1
77 26 200 1
78 39 200 1
79 50 200 1
80 88 200 1
81 98 200 1
82 76 200 1
83 29 200 1
84 15 200 1
85 43 200 1
86 30 200 1
87 12 200 1
88 94 200 1
89 24 200 1
90 35 200 1
91 7 200 1
92 58 200 1
93 20 200 1
94 48 200 1
95 52 200 1
96 53 200 1
97 19 200 1
98 55 200 1
99 73 200 1
100 36 200 1
101 75 200 1
102 21 200 1
103 81 200 1
104 52 200 1
105 20 200 1
106 37 200 1
107 43 200 1
108 39 200 1
109 94 200 1
110 22 200 1
111 97 200 1
112 54 200 1
113 8 200 1
114 3 200 1
115 77 200 1
116 77 200 1
117 95 200 1
118 47 200 1
119 91 200 1
120 80 200 1
121 49 200 1
122 72 200 1
123 21 200 1
124 12 200 1
125 38 200 1
126 87 200 1
127 8 200 1
128 93 200 1
129 62 200 1
130 25 200 1
131 68 200 1
132 77 200 1
133 62 200 1
134 82 200 1
135 25 200 1
136 59 200 1
137 34 200 1
138 52 200 1
139 73 200 1
140 92 200 1
141 67 200 1
142 62 200 1
143 89 200 1
144 3 200 1
145 62 200 1
146 90 200 1
147 94 200 1
148 53 200 1
149 31 200 1
150 82 200 1
151 72 200 1
152 45 200 1
153 48 200 1
154 47 200 1
155 72 200 1
156 19 200 1
157 61 200 1
158 39 200 1
159 75 200 1
160 33 200 1
161 12 200 1
162 15 200 1
163 59 200 1
164 84 200 1
165 88 200 1
166 75 200 1
167 65 200 1
168 55 200 1
169 58 200 1
170 67 200 1
171 67 200 1
172 38 200 1
173 97 200 1
174 74 200 1
175 56 200 1
176 41 200 1
177 73 200 1
178 50 200 1
179 66 200 1
180 7 200 1
181 91 200 1
182 43 200 1
183 17 200 1
184 56 200 1
185 60 200 1
186 53 200 1
187 20 200 1
188 93 200 1
189 95 200 1
190 75 200 1
191 26 200 1
192 77 200 1
193 10 200 1
194 72 200 1
195 50 200 1
196 95 200 1
197 2 200 1
198 15 200 1
199 58 200 1
