NAME GBP_INSTANCES\prob_1_A_3_9_0.txt
COMMENT
BINTYPES 3
ITEMS 200
BINS_SECTIONS
0 100 100 0 103 
1 120 120 0 86 
2 150 150 0 69 
ITEMS_SECTIONS
0 5 200 1
1 57 200 1
2 79 200 1
3 77 200 1
4 37 200 1
5 78 200 1
6 52 200 1
7 63 200 1
8 24 200 1
9 17 200 1
10 83 200 1
11 37 200 1
12 4 200 1
13 81 200 1
14 38 200 1
15 88 200 1
16 56 200 1
17 36 200 1
18 70 200 1
19 63 200 1
20 99 200 1
21 84 200 1
22 54 200 1
23 55 200 1
24 33 200 1
25 45 200 1
26 70 200 1
27 19 200 1
28 48 200 1
29 17 200 1
30 82 200 1
31 93 200 1
32 17 200 1
33 95 200 1
34 65 200 1
35 59 200 1
36 3 200 1
37 62 200 1
38 11 200 1
39 26 200 1
40 89 200 1
41 88 200 1
42 75 200 1
43 70 200 1
44 77 200 1
45 69 200 1
46 8 200 1
47 24 200 1
48 34 200 1
49 56 200 1
50 11 200 1
51 35 200 1
52 68 200 1
53 85 200 1
54 73 200 1
55 90 200 1
56 95 200 1
57 66 200 1
58 29 200 1
59 41 200 1
60 65 200 1
61 42 200 1
62 83 200 1
63 92 200 1
64 36 200 1
65 73 200 1
66 64 200 1
67 29 200 1
68 45 200 1
69 68 200 1
70 24 200 1
71 20 200 1
72 75 200 1
73 3 200 1
74 62 200 1
75 70 200 1
76 59 200 1
77 49 200 1
78 5 200 1
79 87 200 1
80 19 200 1
81 74 200 1
82 82 200 1
83 91 200 1
84 99 200 1
85 12 200 1
86 67 200 1
87 75 200 1
88 70 200 1
89 64 200 1
90 3 200 1
91 27 200 1
92 64 200 1
93 58 200 1
94 79 200 1
95 6 200 1
96 37 200 1
97 97 200 1
98 6 200 1
99 17 200 1
100 99 200 1
101 32 200 1
102 14 200 1
103 51 200 1
104 18 200 1
105 93 200 1
106 54 200 1
107 40 200 1
108 34 200 1
109 22 200 1
110 19 200 1
111 94 200 1
112 85 200 1
113 28 200 1
114 51 200 1
115 82 200 1
116 3 200 1
117 4 200 1
118 71 200 1
119 9 200 1
120 45 200 1
121 51 200 1
122 89 200 1
123 45 200 1
124 53 200 1
125 21 200 1
126 23 200 1
127 88 200 1
128 92 200 1
129 34 200 1
130 92 200 1
131 87 200 1
132 45 200 1
133 96 200 1
134 28 200 1
135 13 200 1
136 51 200 1
137 52 200 1
138 35 200 1
139 15 200 1
140 31 200 1
141 96 200 1
142 65 200 1
143 46 200 1
144 3 200 1
145 10 200 1
146 55 200 1
147 90 200 1
148 30 200 1
149 12 200 1
150 43 200 1
151 73 200 1
152 100 200 1
153 2 200 1
154 58 200 1
155 99 200 1
156 85 200 1
157 93 200 1
158 87 200 1
159 85 200 1
160 70 200 1
161 8 200 1
162 98 200 1
163 42 200 1
164 12 200 1
165 19 200 1
166 33 200 1
167 80 200 1
168 5 200 1
169 32 200 1
170 57 200 1
171 65 200 1
172 29 200 1
173 92 200 1
174 79 200 1
175 25 200 1
176 39 200 1
177 76 200 1
178 5 200 1
179 31 200 1
180 84 200 1
181 93 200 1
182 59 200 1
183 39 200 1
184 16 200 1
185 46 200 1
186 48 200 1
187 29 200 1
188 60 200 1
189 51 200 1
190 71 200 1
191 21 200 1
192 37 200 1
193 2 200 1
194 69 200 1
195 14 200 1
196 72 200 1
197 59 200 1
198 18 200 1
199 13 200 1
