NAME GBP_INSTANCES\prob_3_B_2_5_0.txt
COMMENT
BINTYPES 5
ITEMS 100
BINS_SECTIONS
0 60 60 0 128 
1 80 80 0 96 
2 100 100 0 77 
3 120 120 0 64 
4 150 150 0 52 
ITEMS_SECTIONS
0 84 200 0 
1 81 200 0 
2 67 200 0 
3 89 200 0 
4 60 200 0 
5 85 200 0 
6 71 200 0 
7 69 200 0 
8 91 200 0 
9 56 200 0 
10 65 200 0 
11 75 200 0 
12 90 200 0 
13 81 200 0 
14 96 200 0 
15 72 200 0 
16 95 200 0 
17 64 200 0 
18 97 200 0 
19 64 200 0 
20 76 200 0 
21 84 200 0 
22 81 200 0 
23 62 200 0 
24 68 200 0 
25 82 200 0 
26 94 200 0 
27 87 200 0 
28 66 200 0 
29 79 200 0 
30 59 200 0 
31 58 200 0 
32 99 200 0 
33 83 200 0 
34 97 200 0 
35 97 200 0 
36 58 200 0 
37 75 200 0 
38 55 200 0 
39 99 200 0 
40 51 200 0 
41 52 200 0 
42 96 200 0 
43 64 200 0 
44 57 200 0 
45 66 200 0 
46 99 200 0 
47 69 200 0 
48 59 200 0 
49 62 200 0 
50 59 200 0 
51 91 200 0 
52 68 200 0 
53 80 200 0 
54 69 200 0 
55 51 200 0 
56 74 200 0 
57 70 200 0 
58 57 200 0 
59 96 200 0 
60 88 200 0 
61 75 200 0 
62 94 200 0 
63 90 200 0 
64 52 200 0 
65 86 200 0 
66 77 200 0 
67 68 200 0 
68 91 200 0 
69 73 200 0 
70 91 200 0 
71 86 200 0 
72 82 200 0 
73 54 200 0 
74 86 200 0 
75 80 200 0 
76 56 200 0 
77 97 200 0 
78 94 200 0 
79 92 200 0 
80 65 200 0 
81 63 200 0 
82 84 200 0 
83 89 200 0 
84 85 200 0 
85 93 200 0 
86 83 200 0 
87 93 200 0 
88 76 200 0 
89 59 200 0 
90 53 200 0 
91 84 200 0 
92 74 200 0 
93 53 200 0 
94 57 200 0 
95 96 200 0 
96 86 200 0 
97 97 200 0 
98 100 200 0 
99 71 200 0 
