NAME GBP_INSTANCES\prob_2_B_4_0_0.txt
COMMENT
BINTYPES 5
ITEMS 500
BINS_SECTIONS
0 60 60 0 496 
1 80 80 0 372 
2 100 100 0 298 
3 120 120 0 248 
4 150 150 0 199 
ITEMS_SECTIONS
0 78 200 0 
1 94 200 0 
2 31 200 0 
3 70 200 0 
4 26 200 0 
5 65 200 0 
6 66 200 0 
7 85 200 0 
8 66 200 0 
9 59 200 0 
10 68 200 0 
11 80 200 0 
12 62 200 0 
13 65 200 0 
14 22 200 0 
15 41 200 0 
16 35 200 0 
17 60 200 0 
18 50 200 0 
19 23 200 0 
20 100 200 0 
21 94 200 0 
22 97 200 0 
23 80 200 0 
24 77 200 0 
25 60 200 0 
26 38 200 0 
27 90 200 0 
28 70 200 0 
29 100 200 0 
30 29 200 0 
31 92 200 0 
32 92 200 0 
33 75 200 0 
34 27 200 0 
35 33 200 0 
36 94 200 0 
37 77 200 0 
38 77 200 0 
39 73 200 0 
40 61 200 0 
41 25 200 0 
42 35 200 0 
43 28 200 0 
44 42 200 0 
45 84 200 0 
46 100 200 0 
47 85 200 0 
48 75 200 0 
49 89 200 0 
50 96 200 0 
51 48 200 0 
52 39 200 0 
53 58 200 0 
54 71 200 0 
55 85 200 0 
56 41 200 0 
57 47 200 0 
58 90 200 0 
59 63 200 0 
60 79 200 0 
61 55 200 0 
62 96 200 0 
63 25 200 0 
64 84 200 0 
65 100 200 0 
66 40 200 0 
67 41 200 0 
68 27 200 0 
69 38 200 0 
70 31 200 0 
71 55 200 0 
72 74 200 0 
73 37 200 0 
74 78 200 0 
75 42 200 0 
76 96 200 0 
77 21 200 0 
78 40 200 0 
79 47 200 0 
80 90 200 0 
81 25 200 0 
82 84 200 0 
83 40 200 0 
84 32 200 0 
85 80 200 0 
86 30 200 0 
87 21 200 0 
88 82 200 0 
89 80 200 0 
90 32 200 0 
91 81 200 0 
92 48 200 0 
93 70 200 0 
94 31 200 0 
95 44 200 0 
96 81 200 0 
97 43 200 0 
98 88 200 0 
99 80 200 0 
100 67 200 0 
101 22 200 0 
102 90 200 0 
103 77 200 0 
104 79 200 0 
105 63 200 0 
106 55 200 0 
107 40 200 0 
108 81 200 0 
109 79 200 0 
110 73 200 0 
111 96 200 0 
112 56 200 0 
113 75 200 0 
114 93 200 0 
115 70 200 0 
116 90 200 0 
117 67 200 0 
118 95 200 0 
119 78 200 0 
120 82 200 0 
121 24 200 0 
122 64 200 0 
123 26 200 0 
124 43 200 0 
125 62 200 0 
126 65 200 0 
127 22 200 0 
128 89 200 0 
129 45 200 0 
130 72 200 0 
131 65 200 0 
132 76 200 0 
133 92 200 0 
134 96 200 0 
135 73 200 0 
136 25 200 0 
137 23 200 0 
138 25 200 0 
139 28 200 0 
140 32 200 0 
141 45 200 0 
142 30 200 0 
143 47 200 0 
144 87 200 0 
145 75 200 0 
146 80 200 0 
147 56 200 0 
148 83 200 0 
149 77 200 0 
150 66 200 0 
151 93 200 0 
152 61 200 0 
153 91 200 0 
154 22 200 0 
155 27 200 0 
156 67 200 0 
157 92 200 0 
158 27 200 0 
159 36 200 0 
160 92 200 0 
161 33 200 0 
162 86 200 0 
163 78 200 0 
164 90 200 0 
165 56 200 0 
166 47 200 0 
167 22 200 0 
168 80 200 0 
169 21 200 0 
170 84 200 0 
171 22 200 0 
172 81 200 0 
173 96 200 0 
174 59 200 0 
175 81 200 0 
176 35 200 0 
177 46 200 0 
178 40 200 0 
179 84 200 0 
180 58 200 0 
181 70 200 0 
182 61 200 0 
183 29 200 0 
184 94 200 0 
185 39 200 0 
186 100 200 0 
187 63 200 0 
188 63 200 0 
189 51 200 0 
190 63 200 0 
191 52 200 0 
192 49 200 0 
193 45 200 0 
194 25 200 0 
195 49 200 0 
196 85 200 0 
197 32 200 0 
198 99 200 0 
199 33 200 0 
200 69 200 0 
201 30 200 0 
202 44 200 0 
203 42 200 0 
204 57 200 0 
205 77 200 0 
206 64 200 0 
207 28 200 0 
208 51 200 0 
209 38 200 0 
210 86 200 0 
211 87 200 0 
212 77 200 0 
213 80 200 0 
214 32 200 0 
215 58 200 0 
216 75 200 0 
217 55 200 0 
218 50 200 0 
219 39 200 0 
220 67 200 0 
221 55 200 0 
222 78 200 0 
223 85 200 0 
224 59 200 0 
225 63 200 0 
226 60 200 0 
227 75 200 0 
228 55 200 0 
229 45 200 0 
230 84 200 0 
231 21 200 0 
232 35 200 0 
233 51 200 0 
234 76 200 0 
235 37 200 0 
236 49 200 0 
237 57 200 0 
238 28 200 0 
239 87 200 0 
240 99 200 0 
241 50 200 0 
242 47 200 0 
243 86 200 0 
244 64 200 0 
245 43 200 0 
246 94 200 0 
247 80 200 0 
248 35 200 0 
249 33 200 0 
250 61 200 0 
251 27 200 0 
252 57 200 0 
253 51 200 0 
254 52 200 0 
255 35 200 0 
256 37 200 0 
257 98 200 0 
258 80 200 0 
259 100 200 0 
260 88 200 0 
261 25 200 0 
262 74 200 0 
263 29 200 0 
264 76 200 0 
265 32 200 0 
266 68 200 0 
267 43 200 0 
268 79 200 0 
269 97 200 0 
270 92 200 0 
271 21 200 0 
272 46 200 0 
273 24 200 0 
274 31 200 0 
275 30 200 0 
276 36 200 0 
277 45 200 0 
278 34 200 0 
279 42 200 0 
280 63 200 0 
281 55 200 0 
282 40 200 0 
283 28 200 0 
284 25 200 0 
285 51 200 0 
286 45 200 0 
287 92 200 0 
288 37 200 0 
289 30 200 0 
290 89 200 0 
291 76 200 0 
292 54 200 0 
293 52 200 0 
294 56 200 0 
295 68 200 0 
296 32 200 0 
297 28 200 0 
298 25 200 0 
299 26 200 0 
300 32 200 0 
301 82 200 0 
302 72 200 0 
303 44 200 0 
304 52 200 0 
305 94 200 0 
306 23 200 0 
307 34 200 0 
308 31 200 0 
309 80 200 0 
310 40 200 0 
311 97 200 0 
312 65 200 0 
313 70 200 0 
314 91 200 0 
315 50 200 0 
316 62 200 0 
317 55 200 0 
318 32 200 0 
319 90 200 0 
320 90 200 0 
321 83 200 0 
322 53 200 0 
323 44 200 0 
324 76 200 0 
325 34 200 0 
326 97 200 0 
327 35 200 0 
328 37 200 0 
329 41 200 0 
330 71 200 0 
331 35 200 0 
332 46 200 0 
333 46 200 0 
334 25 200 0 
335 94 200 0 
336 98 200 0 
337 100 200 0 
338 44 200 0 
339 62 200 0 
340 23 200 0 
341 47 200 0 
342 57 200 0 
343 48 200 0 
344 85 200 0 
345 54 200 0 
346 36 200 0 
347 27 200 0 
348 37 200 0 
349 50 200 0 
350 69 200 0 
351 75 200 0 
352 42 200 0 
353 32 200 0 
354 52 200 0 
355 50 200 0 
356 59 200 0 
357 25 200 0 
358 100 200 0 
359 37 200 0 
360 43 200 0 
361 23 200 0 
362 45 200 0 
363 51 200 0 
364 38 200 0 
365 90 200 0 
366 83 200 0 
367 81 200 0 
368 59 200 0 
369 68 200 0 
370 75 200 0 
371 85 200 0 
372 82 200 0 
373 77 200 0 
374 27 200 0 
375 64 200 0 
376 64 200 0 
377 92 200 0 
378 54 200 0 
379 63 200 0 
380 75 200 0 
381 91 200 0 
382 45 200 0 
383 57 200 0 
384 41 200 0 
385 78 200 0 
386 44 200 0 
387 69 200 0 
388 82 200 0 
389 66 200 0 
390 46 200 0 
391 66 200 0 
392 60 200 0 
393 30 200 0 
394 65 200 0 
395 59 200 0 
396 24 200 0 
397 64 200 0 
398 56 200 0 
399 38 200 0 
400 31 200 0 
401 53 200 0 
402 52 200 0 
403 80 200 0 
404 58 200 0 
405 43 200 0 
406 48 200 0 
407 42 200 0 
408 81 200 0 
409 56 200 0 
410 41 200 0 
411 27 200 0 
412 81 200 0 
413 61 200 0 
414 91 200 0 
415 94 200 0 
416 49 200 0 
417 49 200 0 
418 26 200 0 
419 82 200 0 
420 84 200 0 
421 28 200 0 
422 73 200 0 
423 83 200 0 
424 76 200 0 
425 69 200 0 
426 48 200 0 
427 54 200 0 
428 34 200 0 
429 43 200 0 
430 71 200 0 
431 47 200 0 
432 84 200 0 
433 58 200 0 
434 32 200 0 
435 34 200 0 
436 58 200 0 
437 49 200 0 
438 59 200 0 
439 85 200 0 
440 33 200 0 
441 84 200 0 
442 92 200 0 
443 38 200 0 
444 54 200 0 
445 71 200 0 
446 92 200 0 
447 54 200 0 
448 86 200 0 
449 40 200 0 
450 31 200 0 
451 80 200 0 
452 98 200 0 
453 87 200 0 
454 76 200 0 
455 96 200 0 
456 55 200 0 
457 93 200 0 
458 26 200 0 
459 37 200 0 
460 40 200 0 
461 92 200 0 
462 94 200 0 
463 80 200 0 
464 29 200 0 
465 32 200 0 
466 26 200 0 
467 100 200 0 
468 46 200 0 
469 27 200 0 
470 73 200 0 
471 26 200 0 
472 32 200 0 
473 22 200 0 
474 99 200 0 
475 60 200 0 
476 94 200 0 
477 57 200 0 
478 92 200 0 
479 89 200 0 
480 71 200 0 
481 96 200 0 
482 51 200 0 
483 59 200 0 
484 99 200 0 
485 87 200 0 
486 29 200 0 
487 80 200 0 
488 21 200 0 
489 81 200 0 
490 69 200 0 
491 97 200 0 
492 28 200 0 
493 22 200 0 
494 87 200 0 
495 72 200 0 
496 53 200 0 
497 33 200 0 
498 83 200 0 
499 39 200 0 
