NAME GBP_INSTANCES\prob_3_B_1_1_0.txt
COMMENT
BINTYPES 5
ITEMS 50
BINS_SECTIONS
0 60 60 0 64 
1 80 80 0 48 
2 100 100 0 39 
3 120 120 0 32 
4 150 150 0 26 
ITEMS_SECTIONS
0 87 200 0 
1 75 200 0 
2 53 200 0 
3 85 200 0 
4 51 200 0 
5 98 200 0 
6 80 200 0 
7 68 200 0 
8 64 200 0 
9 100 200 0 
10 63 200 0 
11 78 200 0 
12 85 200 0 
13 56 200 0 
14 87 200 0 
15 100 200 0 
16 97 200 0 
17 55 200 0 
18 60 200 0 
19 62 200 0 
20 98 200 0 
21 74 200 0 
22 93 200 0 
23 69 200 0 
24 68 200 0 
25 55 200 0 
26 96 200 0 
27 98 200 0 
28 55 200 0 
29 67 200 0 
30 84 200 0 
31 70 200 0 
32 94 200 0 
33 51 200 0 
34 52 200 0 
35 90 200 0 
36 83 200 0 
37 91 200 0 
38 63 200 0 
39 68 200 0 
40 55 200 0 
41 94 200 0 
42 85 200 0 
43 76 200 0 
44 75 200 0 
45 88 200 0 
46 100 200 0 
47 91 200 0 
48 67 200 0 
49 65 200 0 
