NAME GBP_INSTANCES\prob_1_A_1_9_0.txt
COMMENT
BINTYPES 3
ITEMS 50
BINS_SECTIONS
0 100 100 0 28 
1 120 120 0 23 
2 150 150 0 19 
ITEMS_SECTIONS
0 33 200 1
1 66 200 1
2 61 200 1
3 30 200 1
4 72 200 1
5 94 200 1
6 69 200 1
7 62 200 1
8 2 200 1
9 85 200 1
10 72 200 1
11 78 200 1
12 9 200 1
13 88 200 1
14 5 200 1
15 62 200 1
16 82 200 1
17 64 200 1
18 90 200 1
19 43 200 1
20 66 200 1
21 25 200 1
22 34 200 1
23 29 200 1
24 26 200 1
25 89 200 1
26 49 200 1
27 48 200 1
28 8 200 1
29 76 200 1
30 4 200 1
31 12 200 1
32 98 200 1
33 38 200 1
34 62 200 1
35 55 200 1
36 69 200 1
37 46 200 1
38 65 200 1
39 64 200 1
40 16 200 1
41 39 200 1
42 68 200 1
43 52 200 1
44 79 200 1
45 45 200 1
46 57 200 1
47 94 200 1
48 56 200 1
49 76 200 1
