NAME GBP_INSTANCES\prob_3_B_0_9_0.txt
COMMENT
BINTYPES 5
ITEMS 25
BINS_SECTIONS
0 60 60 0 30 
1 80 80 0 23 
2 100 100 0 18 
3 120 120 0 15 
4 150 150 0 12 
ITEMS_SECTIONS
0 51 200 0 
1 57 200 0 
2 60 200 0 
3 78 200 0 
4 94 200 0 
5 58 200 0 
6 83 200 0 
7 71 200 0 
8 56 200 0 
9 60 200 0 
10 54 200 0 
11 71 200 0 
12 87 200 0 
13 67 200 0 
14 87 200 0 
15 81 200 0 
16 89 200 0 
17 91 200 0 
18 62 200 0 
19 77 200 0 
20 60 200 0 
21 72 200 0 
22 53 200 0 
23 77 200 0 
24 88 200 0 
