NAME GBP_INSTANCES\prob_2_A_3_8_0.txt
COMMENT
BINTYPES 3
ITEMS 200
BINS_SECTIONS
0 100 100 0 124 
1 120 120 0 103 
2 150 150 0 83 
ITEMS_SECTIONS
0 88 200 1
1 95 200 1
2 66 200 1
3 30 200 1
4 79 200 1
5 35 200 1
6 63 200 1
7 97 200 1
8 53 200 1
9 36 200 1
10 41 200 1
11 36 200 1
12 73 200 1
13 73 200 1
14 76 200 1
15 80 200 1
16 31 200 1
17 76 200 1
18 86 200 1
19 36 200 1
20 74 200 1
21 82 200 1
22 74 200 1
23 62 200 1
24 47 200 1
25 86 200 1
26 35 200 1
27 43 200 1
28 22 200 1
29 54 200 1
30 49 200 1
31 60 200 1
32 37 200 1
33 87 200 1
34 33 200 1
35 42 200 1
36 76 200 1
37 79 200 1
38 74 200 1
39 40 200 1
40 96 200 1
41 70 200 1
42 94 200 1
43 94 200 1
44 92 200 1
45 58 200 1
46 92 200 1
47 32 200 1
48 76 200 1
49 88 200 1
50 38 200 1
51 63 200 1
52 57 200 1
53 94 200 1
54 94 200 1
55 39 200 1
56 49 200 1
57 65 200 1
58 75 200 1
59 97 200 1
60 31 200 1
61 32 200 1
62 50 200 1
63 51 200 1
64 51 200 1
65 24 200 1
66 84 200 1
67 23 200 1
68 80 200 1
69 64 200 1
70 73 200 1
71 89 200 1
72 43 200 1
73 32 200 1
74 88 200 1
75 45 200 1
76 34 200 1
77 92 200 1
78 79 200 1
79 47 200 1
80 29 200 1
81 95 200 1
82 81 200 1
83 34 200 1
84 47 200 1
85 72 200 1
86 97 200 1
87 32 200 1
88 89 200 1
89 79 200 1
90 81 200 1
91 53 200 1
92 89 200 1
93 73 200 1
94 72 200 1
95 21 200 1
96 68 200 1
97 67 200 1
98 96 200 1
99 21 200 1
100 89 200 1
101 51 200 1
102 66 200 1
103 30 200 1
104 68 200 1
105 97 200 1
106 76 200 1
107 64 200 1
108 49 200 1
109 38 200 1
110 49 200 1
111 67 200 1
112 47 200 1
113 21 200 1
114 21 200 1
115 74 200 1
116 80 200 1
117 59 200 1
118 80 200 1
119 39 200 1
120 39 200 1
121 26 200 1
122 73 200 1
123 40 200 1
124 22 200 1
125 66 200 1
126 73 200 1
127 87 200 1
128 59 200 1
129 65 200 1
130 44 200 1
131 75 200 1
132 100 200 1
133 67 200 1
134 38 200 1
135 75 200 1
136 66 200 1
137 46 200 1
138 47 200 1
139 74 200 1
140 41 200 1
141 46 200 1
142 72 200 1
143 61 200 1
144 80 200 1
145 41 200 1
146 82 200 1
147 52 200 1
148 31 200 1
149 68 200 1
150 97 200 1
151 87 200 1
152 52 200 1
153 50 200 1
154 90 200 1
155 97 200 1
156 54 200 1
157 23 200 1
158 73 200 1
159 73 200 1
160 37 200 1
161 37 200 1
162 83 200 1
163 47 200 1
164 25 200 1
165 29 200 1
166 32 200 1
167 65 200 1
168 46 200 1
169 69 200 1
170 89 200 1
171 68 200 1
172 73 200 1
173 73 200 1
174 33 200 1
175 27 200 1
176 40 200 1
177 96 200 1
178 25 200 1
179 67 200 1
180 93 200 1
181 78 200 1
182 99 200 1
183 70 200 1
184 76 200 1
185 66 200 1
186 28 200 1
187 88 200 1
188 86 200 1
189 86 200 1
190 67 200 1
191 70 200 1
192 50 200 1
193 86 200 1
194 61 200 1
195 31 200 1
196 95 200 1
197 59 200 1
198 69 200 1
199 27 200 1
