NAME GBP_INSTANCES\prob_1_B_3_0_0.txt
COMMENT
BINTYPES 5
ITEMS 200
BINS_SECTIONS
0 60 60 0 177 
1 80 80 0 133 
2 100 100 0 107 
3 120 120 0 89 
4 150 150 0 71 
ITEMS_SECTIONS
0 78 200 1
1 83 200 1
2 41 200 1
3 62 200 1
4 93 200 1
5 51 200 1
6 11 200 1
7 81 200 1
8 47 200 1
9 87 200 1
10 20 200 1
11 98 200 1
12 61 200 1
13 29 200 1
14 48 200 1
15 17 200 1
16 41 200 1
17 81 200 1
18 95 200 1
19 14 200 1
20 12 200 1
21 45 200 1
22 67 200 1
23 24 200 1
24 92 200 1
25 34 200 1
26 14 200 1
27 31 200 1
28 19 200 1
29 98 200 1
30 61 200 1
31 9 200 1
32 4 200 1
33 52 200 1
34 42 200 1
35 56 200 1
36 25 200 1
37 33 200 1
38 57 200 1
39 41 200 1
40 64 200 1
41 79 200 1
42 90 200 1
43 6 200 1
44 51 200 1
45 59 200 1
46 87 200 1
47 51 200 1
48 59 200 1
49 37 200 1
50 35 200 1
51 59 200 1
52 99 200 1
53 10 200 1
54 51 200 1
55 52 200 1
56 60 200 1
57 99 200 1
58 16 200 1
59 64 200 1
60 39 200 1
61 34 200 1
62 59 200 1
63 15 200 1
64 10 200 1
65 7 200 1
66 29 200 1
67 68 200 1
68 81 200 1
69 34 200 1
70 68 200 1
71 64 200 1
72 83 200 1
73 19 200 1
74 4 200 1
75 94 200 1
76 40 200 1
77 30 200 1
78 100 200 1
79 28 200 1
80 53 200 1
81 100 200 1
82 66 200 1
83 49 200 1
84 82 200 1
85 69 200 1
86 59 200 1
87 10 200 1
88 24 200 1
89 50 200 1
90 96 200 1
91 70 200 1
92 68 200 1
93 72 200 1
94 15 200 1
95 13 200 1
96 68 200 1
97 63 200 1
98 63 200 1
99 17 200 1
100 70 200 1
101 16 200 1
102 97 200 1
103 85 200 1
104 46 200 1
105 30 200 1
106 56 200 1
107 86 200 1
108 89 200 1
109 48 200 1
110 67 200 1
111 22 200 1
112 6 200 1
113 81 200 1
114 97 200 1
115 80 200 1
116 54 200 1
117 53 200 1
118 68 200 1
119 86 200 1
120 81 200 1
121 56 200 1
122 49 200 1
123 99 200 1
124 5 200 1
125 38 200 1
126 79 200 1
127 80 200 1
128 72 200 1
129 22 200 1
130 98 200 1
131 78 200 1
132 71 200 1
133 73 200 1
134 49 200 1
135 48 200 1
136 11 200 1
137 24 200 1
138 39 200 1
139 61 200 1
140 36 200 1
141 57 200 1
142 13 200 1
143 18 200 1
144 20 200 1
145 71 200 1
146 32 200 1
147 13 200 1
148 79 200 1
149 24 200 1
150 5 200 1
151 80 200 1
152 55 200 1
153 66 200 1
154 65 200 1
155 61 200 1
156 20 200 1
157 90 200 1
158 54 200 1
159 8 200 1
160 35 200 1
161 68 200 1
162 88 200 1
163 89 200 1
164 37 200 1
165 38 200 1
166 70 200 1
167 6 200 1
168 61 200 1
169 92 200 1
170 41 200 1
171 58 200 1
172 86 200 1
173 32 200 1
174 10 200 1
175 7 200 1
176 22 200 1
177 48 200 1
178 70 200 1
179 59 200 1
180 96 200 1
181 78 200 1
182 41 200 1
183 98 200 1
184 88 200 1
185 19 200 1
186 33 200 1
187 23 200 1
188 56 200 1
189 22 200 1
190 86 200 1
191 91 200 1
192 93 200 1
193 72 200 1
194 81 200 1
195 47 200 1
196 89 200 1
197 73 200 1
198 58 200 1
199 21 200 1
