NAME GBP_INSTANCES\prob_1_B_1_0_0.txt
COMMENT
BINTYPES 5
ITEMS 50
BINS_SECTIONS
0 60 60 0 44 
1 80 80 0 33 
2 100 100 0 27 
3 120 120 0 22 
4 150 150 0 18 
ITEMS_SECTIONS
0 98 200 1
1 53 200 1
2 15 200 1
3 21 200 1
4 64 200 1
5 73 200 1
6 74 200 1
7 31 200 1
8 64 200 1
9 2 200 1
10 85 200 1
11 43 200 1
12 64 200 1
13 3 200 1
14 58 200 1
15 61 200 1
16 100 200 1
17 10 200 1
18 54 200 1
19 4 200 1
20 90 200 1
21 92 200 1
22 84 200 1
23 47 200 1
24 37 200 1
25 14 200 1
26 81 200 1
27 78 200 1
28 78 200 1
29 59 200 1
30 37 200 1
31 27 200 1
32 17 200 1
33 77 200 1
34 53 200 1
35 72 200 1
36 78 200 1
37 11 200 1
38 11 200 1
39 92 200 1
40 63 200 1
41 56 200 1
42 93 200 1
43 68 200 1
44 7 200 1
45 36 200 1
46 72 200 1
47 92 200 1
48 28 200 1
49 12 200 1
