NAME GBP_INSTANCES\prob_3_B_0_1_0.txt
COMMENT
BINTYPES 5
ITEMS 25
BINS_SECTIONS
0 60 60 0 34 
1 80 80 0 26 
2 100 100 0 21 
3 120 120 0 17 
4 150 150 0 14 
ITEMS_SECTIONS
0 63 200 0 
1 95 200 0 
2 81 200 0 
3 73 200 0 
4 100 200 0 
5 80 200 0 
6 87 200 0 
7 94 200 0 
8 67 200 0 
9 62 200 0 
10 85 200 0 
11 80 200 0 
12 97 200 0 
13 80 200 0 
14 93 200 0 
15 88 200 0 
16 98 200 0 
17 57 200 0 
18 99 200 0 
19 72 200 0 
20 67 200 0 
21 86 200 0 
22 62 200 0 
23 89 200 0 
24 71 200 0 
