NAME GBP_INSTANCES\prob_1_B_0_8_0.txt
COMMENT
BINTYPES 5
ITEMS 25
BINS_SECTIONS
0 60 60 0 18 
1 80 80 0 13 
2 100 100 0 11 
3 120 120 0 9 
4 150 150 0 7 
ITEMS_SECTIONS
0 85 200 0 
1 75 200 0 
2 39 200 0 
3 5 200 0 
4 30 200 0 
5 76 200 0 
6 85 200 0 
7 27 200 0 
8 63 200 0 
9 41 200 0 
10 96 200 0 
11 29 200 0 
12 32 200 0 
13 2 200 0 
14 30 200 0 
15 26 200 0 
16 7 200 0 
17 37 200 0 
18 56 200 0 
19 26 200 0 
20 13 200 0 
21 94 200 0 
22 24 200 0 
23 5 200 0 
24 23 200 0 
