NAME GBP_INSTANCES\prob_2_A_3_0_0.txt
COMMENT
BINTYPES 3
ITEMS 200
BINS_SECTIONS
0 100 100 0 122 
1 120 120 0 102 
2 150 150 0 81 
ITEMS_SECTIONS
0 26 200 1
1 76 200 1
2 45 200 1
3 22 200 1
4 35 200 1
5 87 200 1
6 40 200 1
7 33 200 1
8 78 200 1
9 25 200 1
10 98 200 1
11 36 200 1
12 92 200 1
13 38 200 1
14 49 200 1
15 36 200 1
16 42 200 1
17 79 200 1
18 39 200 1
19 52 200 1
20 38 200 1
21 89 200 1
22 85 200 1
23 66 200 1
24 52 200 1
25 82 200 1
26 35 200 1
27 54 200 1
28 56 200 1
29 28 200 1
30 94 200 1
31 27 200 1
32 37 200 1
33 95 200 1
34 67 200 1
35 92 200 1
36 67 200 1
37 93 200 1
38 44 200 1
39 63 200 1
40 47 200 1
41 65 200 1
42 43 200 1
43 61 200 1
44 94 200 1
45 47 200 1
46 37 200 1
47 39 200 1
48 88 200 1
49 74 200 1
50 67 200 1
51 74 200 1
52 51 200 1
53 49 200 1
54 87 200 1
55 80 200 1
56 35 200 1
57 66 200 1
58 50 200 1
59 60 200 1
60 89 200 1
61 28 200 1
62 47 200 1
63 34 200 1
64 83 200 1
65 76 200 1
66 35 200 1
67 41 200 1
68 46 200 1
69 57 200 1
70 94 200 1
71 74 200 1
72 79 200 1
73 98 200 1
74 34 200 1
75 25 200 1
76 91 200 1
77 28 200 1
78 77 200 1
79 54 200 1
80 34 200 1
81 54 200 1
82 90 200 1
83 23 200 1
84 72 200 1
85 83 200 1
86 53 200 1
87 96 200 1
88 77 200 1
89 42 200 1
90 96 200 1
91 88 200 1
92 64 200 1
93 27 200 1
94 22 200 1
95 85 200 1
96 65 200 1
97 47 200 1
98 72 200 1
99 64 200 1
100 95 200 1
101 63 200 1
102 42 200 1
103 76 200 1
104 75 200 1
105 82 200 1
106 47 200 1
107 90 200 1
108 36 200 1
109 28 200 1
110 24 200 1
111 89 200 1
112 81 200 1
113 49 200 1
114 81 200 1
115 89 200 1
116 24 200 1
117 100 200 1
118 65 200 1
119 97 200 1
120 97 200 1
121 93 200 1
122 40 200 1
123 92 200 1
124 91 200 1
125 96 200 1
126 64 200 1
127 39 200 1
128 81 200 1
129 41 200 1
130 78 200 1
131 22 200 1
132 95 200 1
133 86 200 1
134 38 200 1
135 26 200 1
136 54 200 1
137 66 200 1
138 78 200 1
139 83 200 1
140 39 200 1
141 62 200 1
142 33 200 1
143 99 200 1
144 65 200 1
145 98 200 1
146 28 200 1
147 47 200 1
148 66 200 1
149 57 200 1
150 22 200 1
151 97 200 1
152 53 200 1
153 68 200 1
154 85 200 1
155 94 200 1
156 41 200 1
157 35 200 1
158 38 200 1
159 25 200 1
160 26 200 1
161 21 200 1
162 52 200 1
163 85 200 1
164 83 200 1
165 64 200 1
166 50 200 1
167 69 200 1
168 70 200 1
169 22 200 1
170 58 200 1
171 62 200 1
172 47 200 1
173 33 200 1
174 76 200 1
175 66 200 1
176 21 200 1
177 87 200 1
178 98 200 1
179 60 200 1
180 35 200 1
181 39 200 1
182 40 200 1
183 53 200 1
184 98 200 1
185 65 200 1
186 53 200 1
187 26 200 1
188 99 200 1
189 90 200 1
190 22 200 1
191 40 200 1
192 76 200 1
193 37 200 1
194 89 200 1
195 90 200 1
196 97 200 1
197 68 200 1
198 22 200 1
199 59 200 1
