NAME GBP_INSTANCES\prob_1_B_4_9_0.txt
COMMENT
BINTYPES 5
ITEMS 500
BINS_SECTIONS
0 60 60 0 408 
1 80 80 0 306 
2 100 100 0 245 
3 120 120 0 204 
4 150 150 0 164 
ITEMS_SECTIONS
0 52 200 1
1 80 200 1
2 27 200 1
3 66 200 1
4 42 200 1
5 32 200 1
6 65 200 1
7 6 200 1
8 6 200 1
9 92 200 1
10 6 200 1
11 61 200 1
12 18 200 1
13 98 200 1
14 8 200 1
15 58 200 1
16 52 200 1
17 86 200 1
18 97 200 1
19 37 200 1
20 99 200 1
21 77 200 1
22 50 200 1
23 88 200 1
24 39 200 1
25 10 200 1
26 96 200 1
27 56 200 1
28 85 200 1
29 91 200 1
30 41 200 1
31 63 200 1
32 88 200 1
33 9 200 1
34 53 200 1
35 62 200 1
36 95 200 1
37 81 200 1
38 19 200 1
39 92 200 1
40 63 200 1
41 93 200 1
42 94 200 1
43 18 200 1
44 28 200 1
45 88 200 1
46 79 200 1
47 44 200 1
48 14 200 1
49 52 200 1
50 31 200 1
51 87 200 1
52 98 200 1
53 85 200 1
54 33 200 1
55 89 200 1
56 13 200 1
57 88 200 1
58 59 200 1
59 53 200 1
60 77 200 1
61 39 200 1
62 36 200 1
63 91 200 1
64 84 200 1
65 11 200 1
66 38 200 1
67 70 200 1
68 2 200 1
69 8 200 1
70 26 200 1
71 25 200 1
72 14 200 1
73 47 200 1
74 66 200 1
75 54 200 1
76 86 200 1
77 85 200 1
78 34 200 1
79 39 200 1
80 49 200 1
81 7 200 1
82 40 200 1
83 18 200 1
84 13 200 1
85 75 200 1
86 87 200 1
87 54 200 1
88 84 200 1
89 70 200 1
90 96 200 1
91 30 200 1
92 14 200 1
93 2 200 1
94 99 200 1
95 98 200 1
96 37 200 1
97 27 200 1
98 51 200 1
99 27 200 1
100 40 200 1
101 65 200 1
102 49 200 1
103 79 200 1
104 11 200 1
105 40 200 1
106 18 200 1
107 47 200 1
108 15 200 1
109 28 200 1
110 43 200 1
111 95 200 1
112 43 200 1
113 58 200 1
114 18 200 1
115 19 200 1
116 80 200 1
117 41 200 1
118 74 200 1
119 86 200 1
120 44 200 1
121 59 200 1
122 77 200 1
123 68 200 1
124 27 200 1
125 10 200 1
126 53 200 1
127 13 200 1
128 18 200 1
129 30 200 1
130 10 200 1
131 79 200 1
132 10 200 1
133 90 200 1
134 45 200 1
135 85 200 1
136 79 200 1
137 90 200 1
138 88 200 1
139 84 200 1
140 57 200 1
141 36 200 1
142 77 200 1
143 23 200 1
144 52 200 1
145 47 200 1
146 6 200 1
147 93 200 1
148 65 200 1
149 63 200 1
150 49 200 1
151 47 200 1
152 53 200 1
153 91 200 1
154 17 200 1
155 59 200 1
156 72 200 1
157 75 200 1
158 16 200 1
159 26 200 1
160 68 200 1
161 29 200 1
162 79 200 1
163 84 200 1
164 35 200 1
165 7 200 1
166 69 200 1
167 38 200 1
168 19 200 1
169 53 200 1
170 69 200 1
171 62 200 1
172 81 200 1
173 15 200 1
174 3 200 1
175 89 200 1
176 5 200 1
177 48 200 1
178 91 200 1
179 52 200 1
180 49 200 1
181 6 200 1
182 66 200 1
183 59 200 1
184 45 200 1
185 38 200 1
186 78 200 1
187 6 200 1
188 27 200 1
189 96 200 1
190 2 200 1
191 85 200 1
192 3 200 1
193 66 200 1
194 72 200 1
195 9 200 1
196 62 200 1
197 20 200 1
198 72 200 1
199 86 200 1
200 96 200 1
201 18 200 1
202 94 200 1
203 85 200 1
204 72 200 1
205 56 200 1
206 83 200 1
207 25 200 1
208 99 200 1
209 72 200 1
210 11 200 1
211 17 200 1
212 40 200 1
213 18 200 1
214 75 200 1
215 4 200 1
216 26 200 1
217 7 200 1
218 70 200 1
219 16 200 1
220 89 200 1
221 57 200 1
222 22 200 1
223 99 200 1
224 8 200 1
225 20 200 1
226 45 200 1
227 27 200 1
228 55 200 1
229 20 200 1
230 5 200 1
231 42 200 1
232 56 200 1
233 7 200 1
234 48 200 1
235 69 200 1
236 42 200 1
237 33 200 1
238 78 200 1
239 18 200 1
240 9 200 1
241 64 200 1
242 45 200 1
243 16 200 1
244 65 200 1
245 31 200 1
246 24 200 1
247 20 200 1
248 72 200 1
249 37 200 1
250 49 200 1
251 11 200 1
252 80 200 1
253 21 200 1
254 87 200 1
255 38 200 1
256 40 200 1
257 99 200 1
258 4 200 1
259 24 200 1
260 5 200 1
261 81 200 1
262 11 200 1
263 76 200 1
264 9 200 1
265 77 200 1
266 58 200 1
267 39 200 1
268 22 200 1
269 4 200 1
270 46 200 1
271 15 200 1
272 77 200 1
273 100 200 1
274 23 200 1
275 89 200 1
276 73 200 1
277 63 200 1
278 54 200 1
279 10 200 1
280 34 200 1
281 4 200 1
282 17 200 1
283 20 200 1
284 43 200 1
285 41 200 1
286 2 200 1
287 27 200 1
288 29 200 1
289 53 200 1
290 100 200 1
291 92 200 1
292 21 200 1
293 66 200 1
294 34 200 1
295 17 200 1
296 41 200 1
297 23 200 1
298 2 200 1
299 28 200 1
300 64 200 1
301 12 200 1
302 40 200 1
303 23 200 1
304 20 200 1
305 95 200 1
306 20 200 1
307 86 200 1
308 37 200 1
309 17 200 1
310 10 200 1
311 31 200 1
312 32 200 1
313 15 200 1
314 23 200 1
315 81 200 1
316 41 200 1
317 51 200 1
318 69 200 1
319 53 200 1
320 77 200 1
321 58 200 1
322 35 200 1
323 37 200 1
324 36 200 1
325 16 200 1
326 12 200 1
327 54 200 1
328 9 200 1
329 67 200 1
330 3 200 1
331 79 200 1
332 46 200 1
333 84 200 1
334 11 200 1
335 9 200 1
336 24 200 1
337 96 200 1
338 59 200 1
339 64 200 1
340 48 200 1
341 76 200 1
342 26 200 1
343 2 200 1
344 58 200 1
345 15 200 1
346 66 200 1
347 43 200 1
348 60 200 1
349 71 200 1
350 87 200 1
351 62 200 1
352 58 200 1
353 32 200 1
354 52 200 1
355 71 200 1
356 5 200 1
357 59 200 1
358 81 200 1
359 36 200 1
360 42 200 1
361 73 200 1
362 30 200 1
363 47 200 1
364 62 200 1
365 34 200 1
366 8 200 1
367 98 200 1
368 49 200 1
369 85 200 1
370 9 200 1
371 90 200 1
372 23 200 1
373 14 200 1
374 38 200 1
375 2 200 1
376 79 200 1
377 81 200 1
378 88 200 1
379 62 200 1
380 11 200 1
381 6 200 1
382 54 200 1
383 59 200 1
384 17 200 1
385 21 200 1
386 45 200 1
387 16 200 1
388 2 200 1
389 10 200 1
390 75 200 1
391 69 200 1
392 40 200 1
393 35 200 1
394 100 200 1
395 90 200 1
396 34 200 1
397 57 200 1
398 73 200 1
399 76 200 1
400 26 200 1
401 77 200 1
402 85 200 1
403 42 200 1
404 98 200 1
405 82 200 1
406 77 200 1
407 67 200 1
408 31 200 1
409 26 200 1
410 80 200 1
411 5 200 1
412 21 200 1
413 42 200 1
414 62 200 1
415 10 200 1
416 69 200 1
417 10 200 1
418 52 200 1
419 3 200 1
420 27 200 1
421 63 200 1
422 24 200 1
423 23 200 1
424 77 200 1
425 81 200 1
426 79 200 1
427 83 200 1
428 2 200 1
429 33 200 1
430 51 200 1
431 86 200 1
432 58 200 1
433 24 200 1
434 52 200 1
435 6 200 1
436 34 200 1
437 22 200 1
438 73 200 1
439 95 200 1
440 21 200 1
441 96 200 1
442 79 200 1
443 49 200 1
444 43 200 1
445 54 200 1
446 100 200 1
447 38 200 1
448 7 200 1
449 16 200 1
450 62 200 1
451 72 200 1
452 98 200 1
453 2 200 1
454 53 200 1
455 21 200 1
456 97 200 1
457 76 200 1
458 76 200 1
459 6 200 1
460 28 200 1
461 27 200 1
462 78 200 1
463 34 200 1
464 21 200 1
465 9 200 1
466 20 200 1
467 76 200 1
468 10 200 1
469 56 200 1
470 49 200 1
471 42 200 1
472 31 200 1
473 72 200 1
474 69 200 1
475 78 200 1
476 51 200 1
477 98 200 1
478 57 200 1
479 26 200 1
480 87 200 1
481 90 200 1
482 8 200 1
483 76 200 1
484 59 200 1
485 90 200 1
486 88 200 1
487 51 200 1
488 17 200 1
489 19 200 1
490 48 200 1
491 47 200 1
492 97 200 1
493 87 200 1
494 91 200 1
495 80 200 1
496 60 200 1
497 52 200 1
498 44 200 1
499 59 200 1
