NAME GBP_INSTANCES\prob_2_B_2_3_0.txt
COMMENT
BINTYPES 5
ITEMS 100
BINS_SECTIONS
0 60 60 0 102 
1 80 80 0 76 
2 100 100 0 61 
3 120 120 0 51 
4 150 150 0 41 
ITEMS_SECTIONS
0 59 200 0 
1 34 200 0 
2 61 200 0 
3 82 200 0 
4 92 200 0 
5 31 200 0 
6 34 200 0 
7 72 200 0 
8 23 200 0 
9 42 200 0 
10 53 200 0 
11 70 200 0 
12 81 200 0 
13 54 200 0 
14 54 200 0 
15 55 200 0 
16 57 200 0 
17 83 200 0 
18 72 200 0 
19 30 200 0 
20 90 200 0 
21 80 200 0 
22 27 200 0 
23 77 200 0 
24 37 200 0 
25 57 200 0 
26 87 200 0 
27 96 200 0 
28 45 200 0 
29 32 200 0 
30 50 200 0 
31 34 200 0 
32 34 200 0 
33 42 200 0 
34 57 200 0 
35 89 200 0 
36 46 200 0 
37 78 200 0 
38 43 200 0 
39 29 200 0 
40 57 200 0 
41 96 200 0 
42 72 200 0 
43 52 200 0 
44 23 200 0 
45 47 200 0 
46 85 200 0 
47 93 200 0 
48 93 200 0 
49 84 200 0 
50 86 200 0 
51 21 200 0 
52 94 200 0 
53 75 200 0 
54 100 200 0 
55 84 200 0 
56 62 200 0 
57 27 200 0 
58 39 200 0 
59 65 200 0 
60 34 200 0 
61 82 200 0 
62 97 200 0 
63 22 200 0 
64 84 200 0 
65 66 200 0 
66 49 200 0 
67 31 200 0 
68 95 200 0 
69 74 200 0 
70 73 200 0 
71 51 200 0 
72 91 200 0 
73 63 200 0 
74 34 200 0 
75 45 200 0 
76 57 200 0 
77 85 200 0 
78 76 200 0 
79 35 200 0 
80 74 200 0 
81 37 200 0 
82 45 200 0 
83 77 200 0 
84 23 200 0 
85 59 200 0 
86 85 200 0 
87 59 200 0 
88 74 200 0 
89 61 200 0 
90 26 200 0 
91 26 200 0 
92 97 200 0 
93 85 200 0 
94 55 200 0 
95 82 200 0 
96 94 200 0 
97 34 200 0 
98 52 200 0 
99 60 200 0 
