NAME GBP_INSTANCES\prob_2_A_2_8_0.txt
COMMENT
BINTYPES 3
ITEMS 100
BINS_SECTIONS
0 100 100 0 62 
1 120 120 0 52 
2 150 150 0 41 
ITEMS_SECTIONS
0 93 200 1
1 29 200 1
2 87 200 1
3 75 200 1
4 73 200 1
5 96 200 1
6 84 200 1
7 67 200 1
8 64 200 1
9 35 200 1
10 42 200 1
11 44 200 1
12 59 200 1
13 29 200 1
14 76 200 1
15 76 200 1
16 63 200 1
17 89 200 1
18 68 200 1
19 75 200 1
20 74 200 1
21 81 200 1
22 45 200 1
23 65 200 1
24 86 200 1
25 49 200 1
26 60 200 1
27 56 200 1
28 32 200 1
29 73 200 1
30 27 200 1
31 58 200 1
32 89 200 1
33 77 200 1
34 94 200 1
35 44 200 1
36 83 200 1
37 21 200 1
38 90 200 1
39 52 200 1
40 91 200 1
41 30 200 1
42 63 200 1
43 22 200 1
44 21 200 1
45 67 200 1
46 49 200 1
47 23 200 1
48 99 200 1
49 87 200 1
50 40 200 1
51 74 200 1
52 51 200 1
53 35 200 1
54 63 200 1
55 44 200 1
56 27 200 1
57 43 200 1
58 56 200 1
59 41 200 1
60 96 200 1
61 63 200 1
62 87 200 1
63 27 200 1
64 80 200 1
65 67 200 1
66 41 200 1
67 79 200 1
68 64 200 1
69 58 200 1
70 48 200 1
71 63 200 1
72 94 200 1
73 62 200 1
74 62 200 1
75 49 200 1
76 97 200 1
77 67 200 1
78 80 200 1
79 66 200 1
80 64 200 1
81 83 200 1
82 82 200 1
83 61 200 1
84 94 200 1
85 34 200 1
86 38 200 1
87 89 200 1
88 97 200 1
89 74 200 1
90 26 200 1
91 83 200 1
92 24 200 1
93 69 200 1
94 32 200 1
95 31 200 1
96 42 200 1
97 31 200 1
98 72 200 1
99 63 200 1
