NAME GBP_INSTANCES\prob_3_A_3_9_0.txt
COMMENT
BINTYPES 3
ITEMS 200
BINS_SECTIONS
0 100 100 0 151 
1 120 120 0 126 
2 150 150 0 101 
ITEMS_SECTIONS
0 82 200 0 
1 80 200 0 
2 99 200 0 
3 95 200 0 
4 90 200 0 
5 51 200 0 
6 52 200 0 
7 97 200 0 
8 90 200 0 
9 86 200 0 
10 95 200 0 
11 51 200 0 
12 72 200 0 
13 79 200 0 
14 63 200 0 
15 100 200 0 
16 62 200 0 
17 91 200 0 
18 66 200 0 
19 80 200 0 
20 84 200 0 
21 93 200 0 
22 71 200 0 
23 66 200 0 
24 63 200 0 
25 56 200 0 
26 94 200 0 
27 88 200 0 
28 56 200 0 
29 65 200 0 
30 59 200 0 
31 70 200 0 
32 80 200 0 
33 57 200 0 
34 66 200 0 
35 97 200 0 
36 97 200 0 
37 85 200 0 
38 72 200 0 
39 70 200 0 
40 72 200 0 
41 76 200 0 
42 71 200 0 
43 92 200 0 
44 58 200 0 
45 51 200 0 
46 51 200 0 
47 58 200 0 
48 68 200 0 
49 77 200 0 
50 82 200 0 
51 84 200 0 
52 55 200 0 
53 67 200 0 
54 77 200 0 
55 91 200 0 
56 52 200 0 
57 89 200 0 
58 91 200 0 
59 99 200 0 
60 80 200 0 
61 65 200 0 
62 86 200 0 
63 80 200 0 
64 100 200 0 
65 60 200 0 
66 81 200 0 
67 79 200 0 
68 52 200 0 
69 94 200 0 
70 54 200 0 
71 55 200 0 
72 53 200 0 
73 84 200 0 
74 96 200 0 
75 54 200 0 
76 66 200 0 
77 81 200 0 
78 51 200 0 
79 51 200 0 
80 89 200 0 
81 90 200 0 
82 54 200 0 
83 88 200 0 
84 89 200 0 
85 54 200 0 
86 59 200 0 
87 100 200 0 
88 85 200 0 
89 58 200 0 
90 53 200 0 
91 83 200 0 
92 90 200 0 
93 90 200 0 
94 69 200 0 
95 60 200 0 
96 77 200 0 
97 96 200 0 
98 69 200 0 
99 60 200 0 
100 75 200 0 
101 81 200 0 
102 80 200 0 
103 94 200 0 
104 61 200 0 
105 90 200 0 
106 99 200 0 
107 57 200 0 
108 55 200 0 
109 66 200 0 
110 90 200 0 
111 85 200 0 
112 84 200 0 
113 72 200 0 
114 53 200 0 
115 96 200 0 
116 67 200 0 
117 82 200 0 
118 80 200 0 
119 54 200 0 
120 89 200 0 
121 58 200 0 
122 80 200 0 
123 66 200 0 
124 82 200 0 
125 87 200 0 
126 89 200 0 
127 63 200 0 
128 95 200 0 
129 98 200 0 
130 95 200 0 
131 78 200 0 
132 62 200 0 
133 100 200 0 
134 92 200 0 
135 67 200 0 
136 72 200 0 
137 56 200 0 
138 98 200 0 
139 85 200 0 
140 56 200 0 
141 55 200 0 
142 57 200 0 
143 58 200 0 
144 61 200 0 
145 100 200 0 
146 86 200 0 
147 79 200 0 
148 94 200 0 
149 85 200 0 
150 61 200 0 
151 56 200 0 
152 91 200 0 
153 65 200 0 
154 56 200 0 
155 94 200 0 
156 71 200 0 
157 61 200 0 
158 92 200 0 
159 83 200 0 
160 86 200 0 
161 80 200 0 
162 60 200 0 
163 88 200 0 
164 78 200 0 
165 62 200 0 
166 92 200 0 
167 100 200 0 
168 61 200 0 
169 72 200 0 
170 96 200 0 
171 93 200 0 
172 73 200 0 
173 55 200 0 
174 100 200 0 
175 63 200 0 
176 75 200 0 
177 77 200 0 
178 95 200 0 
179 76 200 0 
180 51 200 0 
181 100 200 0 
182 87 200 0 
183 52 200 0 
184 65 200 0 
185 85 200 0 
186 51 200 0 
187 77 200 0 
188 51 200 0 
189 68 200 0 
190 82 200 0 
191 59 200 0 
192 78 200 0 
193 88 200 0 
194 99 200 0 
195 63 200 0 
196 66 200 0 
197 81 200 0 
198 95 200 0 
199 58 200 0 
