NAME GBP_INSTANCES\prob_3_B_2_4_0.txt
COMMENT
BINTYPES 5
ITEMS 100
BINS_SECTIONS
0 60 60 0 125 
1 80 80 0 94 
2 100 100 0 75 
3 120 120 0 63 
4 150 150 0 50 
ITEMS_SECTIONS
0 66 200 0 
1 69 200 0 
2 61 200 0 
3 68 200 0 
4 51 200 0 
5 93 200 0 
6 99 200 0 
7 52 200 0 
8 85 200 0 
9 92 200 0 
10 66 200 0 
11 82 200 0 
12 55 200 0 
13 88 200 0 
14 73 200 0 
15 92 200 0 
16 74 200 0 
17 58 200 0 
18 73 200 0 
19 64 200 0 
20 71 200 0 
21 69 200 0 
22 90 200 0 
23 59 200 0 
24 64 200 0 
25 64 200 0 
26 78 200 0 
27 81 200 0 
28 66 200 0 
29 72 200 0 
30 88 200 0 
31 76 200 0 
32 81 200 0 
33 80 200 0 
34 55 200 0 
35 80 200 0 
36 64 200 0 
37 77 200 0 
38 53 200 0 
39 100 200 0 
40 81 200 0 
41 79 200 0 
42 94 200 0 
43 74 200 0 
44 75 200 0 
45 88 200 0 
46 75 200 0 
47 93 200 0 
48 77 200 0 
49 79 200 0 
50 81 200 0 
51 97 200 0 
52 74 200 0 
53 92 200 0 
54 59 200 0 
55 59 200 0 
56 62 200 0 
57 57 200 0 
58 77 200 0 
59 81 200 0 
60 65 200 0 
61 80 200 0 
62 68 200 0 
63 58 200 0 
64 72 200 0 
65 80 200 0 
66 86 200 0 
67 96 200 0 
68 96 200 0 
69 87 200 0 
70 68 200 0 
71 77 200 0 
72 97 200 0 
73 55 200 0 
74 72 200 0 
75 61 200 0 
76 66 200 0 
77 100 200 0 
78 61 200 0 
79 78 200 0 
80 83 200 0 
81 51 200 0 
82 64 200 0 
83 79 200 0 
84 72 200 0 
85 94 200 0 
86 67 200 0 
87 67 200 0 
88 80 200 0 
89 85 200 0 
90 55 200 0 
91 78 200 0 
92 54 200 0 
93 70 200 0 
94 96 200 0 
95 69 200 0 
96 82 200 0 
97 79 200 0 
98 55 200 0 
99 88 200 0 
