NAME GBP_INSTANCES\prob_2_A_1_7_0.txt
COMMENT
BINTYPES 3
ITEMS 50
BINS_SECTIONS
0 100 100 0 30 
1 120 120 0 25 
2 150 150 0 20 
ITEMS_SECTIONS
0 26 200 0 
1 55 200 0 
2 56 200 0 
3 56 200 0 
4 52 200 0 
5 39 200 0 
6 83 200 0 
7 32 200 0 
8 89 200 0 
9 50 200 0 
10 58 200 0 
11 98 200 0 
12 87 200 0 
13 28 200 0 
14 24 200 0 
15 45 200 0 
16 24 200 0 
17 64 200 0 
18 90 200 0 
19 66 200 0 
20 67 200 0 
21 54 200 0 
22 81 200 0 
23 34 200 0 
24 100 200 0 
25 71 200 0 
26 74 200 0 
27 89 200 0 
28 45 200 0 
29 40 200 0 
30 24 200 0 
31 56 200 0 
32 44 200 0 
33 56 200 0 
34 74 200 0 
35 90 200 0 
36 58 200 0 
37 21 200 0 
38 68 200 0 
39 35 200 0 
40 39 200 0 
41 32 200 0 
42 22 200 0 
43 64 200 0 
44 83 200 0 
45 91 200 0 
46 73 200 0 
47 97 200 0 
48 25 200 0 
49 98 200 0 
