NAME GBP_INSTANCES\prob_2_A_2_0_0.txt
COMMENT
BINTYPES 3
ITEMS 100
BINS_SECTIONS
0 100 100 0 62 
1 120 120 0 51 
2 150 150 0 41 
ITEMS_SECTIONS
0 84 200 0 
1 60 200 0 
2 48 200 0 
3 49 200 0 
4 91 200 0 
5 76 200 0 
6 68 200 0 
7 36 200 0 
8 60 200 0 
9 96 200 0 
10 61 200 0 
11 65 200 0 
12 69 200 0 
13 71 200 0 
14 67 200 0 
15 70 200 0 
16 86 200 0 
17 32 200 0 
18 61 200 0 
19 82 200 0 
20 82 200 0 
21 61 200 0 
22 92 200 0 
23 39 200 0 
24 91 200 0 
25 87 200 0 
26 41 200 0 
27 37 200 0 
28 69 200 0 
29 42 200 0 
30 66 200 0 
31 78 200 0 
32 69 200 0 
33 61 200 0 
34 85 200 0 
35 47 200 0 
36 80 200 0 
37 59 200 0 
38 36 200 0 
39 78 200 0 
40 57 200 0 
41 44 200 0 
42 47 200 0 
43 38 200 0 
44 55 200 0 
45 21 200 0 
46 90 200 0 
47 60 200 0 
48 23 200 0 
49 48 200 0 
50 29 200 0 
51 47 200 0 
52 63 200 0 
53 98 200 0 
54 26 200 0 
55 84 200 0 
56 61 200 0 
57 51 200 0 
58 48 200 0 
59 69 200 0 
60 55 200 0 
61 24 200 0 
62 55 200 0 
63 37 200 0 
64 99 200 0 
65 86 200 0 
66 84 200 0 
67 24 200 0 
68 86 200 0 
69 45 200 0 
70 46 200 0 
71 91 200 0 
72 76 200 0 
73 35 200 0 
74 52 200 0 
75 63 200 0 
76 47 200 0 
77 38 200 0 
78 51 200 0 
79 69 200 0 
80 31 200 0 
81 89 200 0 
82 71 200 0 
83 30 200 0 
84 28 200 0 
85 36 200 0 
86 89 200 0 
87 36 200 0 
88 97 200 0 
89 43 200 0 
90 92 200 0 
91 76 200 0 
92 28 200 0 
93 53 200 0 
94 90 200 0 
95 50 200 0 
96 92 200 0 
97 60 200 0 
98 72 200 0 
99 96 200 0 
