NAME GBP_INSTANCES\prob_3_B_1_3_0.txt
COMMENT
BINTYPES 5
ITEMS 50
BINS_SECTIONS
0 60 60 0 61 
1 80 80 0 46 
2 100 100 0 37 
3 120 120 0 31 
4 150 150 0 25 
ITEMS_SECTIONS
0 80 200 0 
1 59 200 0 
2 73 200 0 
3 61 200 0 
4 76 200 0 
5 92 200 0 
6 87 200 0 
7 63 200 0 
8 82 200 0 
9 90 200 0 
10 91 200 0 
11 83 200 0 
12 57 200 0 
13 69 200 0 
14 60 200 0 
15 62 200 0 
16 75 200 0 
17 66 200 0 
18 55 200 0 
19 79 200 0 
20 60 200 0 
21 51 200 0 
22 96 200 0 
23 66 200 0 
24 91 200 0 
25 91 200 0 
26 53 200 0 
27 63 200 0 
28 77 200 0 
29 62 200 0 
30 70 200 0 
31 99 200 0 
32 75 200 0 
33 87 200 0 
34 55 200 0 
35 75 200 0 
36 82 200 0 
37 66 200 0 
38 53 200 0 
39 87 200 0 
40 66 200 0 
41 64 200 0 
42 79 200 0 
43 52 200 0 
44 77 200 0 
45 72 200 0 
46 81 200 0 
47 90 200 0 
48 68 200 0 
49 64 200 0 
