NAME GBP_INSTANCES\prob_2_B_2_4_0.txt
COMMENT
BINTYPES 5
ITEMS 100
BINS_SECTIONS
0 60 60 0 101 
1 80 80 0 76 
2 100 100 0 61 
3 120 120 0 51 
4 150 150 0 41 
ITEMS_SECTIONS
0 35 200 0 
1 25 200 0 
2 96 200 0 
3 25 200 0 
4 63 200 0 
5 41 200 0 
6 62 200 0 
7 43 200 0 
8 100 200 0 
9 52 200 0 
10 98 200 0 
11 38 200 0 
12 52 200 0 
13 26 200 0 
14 79 200 0 
15 94 200 0 
16 60 200 0 
17 91 200 0 
18 53 200 0 
19 89 200 0 
20 61 200 0 
21 50 200 0 
22 90 200 0 
23 76 200 0 
24 100 200 0 
25 99 200 0 
26 53 200 0 
27 54 200 0 
28 44 200 0 
29 26 200 0 
30 77 200 0 
31 56 200 0 
32 35 200 0 
33 46 200 0 
34 41 200 0 
35 82 200 0 
36 90 200 0 
37 36 200 0 
38 37 200 0 
39 87 200 0 
40 48 200 0 
41 99 200 0 
42 100 200 0 
43 27 200 0 
44 100 200 0 
45 43 200 0 
46 82 200 0 
47 95 200 0 
48 46 200 0 
49 21 200 0 
50 31 200 0 
51 33 200 0 
52 26 200 0 
53 33 200 0 
54 32 200 0 
55 41 200 0 
56 47 200 0 
57 48 200 0 
58 100 200 0 
59 27 200 0 
60 95 200 0 
61 27 200 0 
62 53 200 0 
63 25 200 0 
64 85 200 0 
65 38 200 0 
66 33 200 0 
67 43 200 0 
68 64 200 0 
69 39 200 0 
70 79 200 0 
71 25 200 0 
72 95 200 0 
73 85 200 0 
74 68 200 0 
75 93 200 0 
76 63 200 0 
77 67 200 0 
78 100 200 0 
79 70 200 0 
80 37 200 0 
81 43 200 0 
82 84 200 0 
83 73 200 0 
84 72 200 0 
85 36 200 0 
86 48 200 0 
87 33 200 0 
88 81 200 0 
89 46 200 0 
90 80 200 0 
91 96 200 0 
92 23 200 0 
93 91 200 0 
94 69 200 0 
95 21 200 0 
96 71 200 0 
97 91 200 0 
98 78 200 0 
99 55 200 0 
