NAME GBP_INSTANCES\prob_1_A_1_3_0.txt
COMMENT
BINTYPES 3
ITEMS 50
BINS_SECTIONS
0 100 100 0 22 
1 120 120 0 19 
2 150 150 0 15 
ITEMS_SECTIONS
0 72 200 1
1 65 200 1
2 59 200 1
3 96 200 1
4 47 200 1
5 53 200 1
6 37 200 1
7 34 200 1
8 2 200 1
9 98 200 1
10 44 200 1
11 19 200 1
12 17 200 1
13 54 200 1
14 59 200 1
15 33 200 1
16 35 200 1
17 17 200 1
18 45 200 1
19 26 200 1
20 21 200 1
21 73 200 1
22 23 200 1
23 21 200 1
24 43 200 1
25 78 200 1
26 84 200 1
27 26 200 1
28 2 200 1
29 52 200 1
30 36 200 1
31 10 200 1
32 71 200 1
33 27 200 1
34 36 200 1
35 55 200 1
36 88 200 1
37 32 200 1
38 9 200 1
39 46 200 1
40 39 200 1
41 48 200 1
42 84 200 1
43 4 200 1
44 91 200 1
45 21 200 1
46 64 200 1
47 14 200 1
48 25 200 1
49 61 200 1
