NAME GBP_INSTANCES\prob_1_A_3_6_0.txt
COMMENT
BINTYPES 3
ITEMS 200
BINS_SECTIONS
0 100 100 0 105 
1 120 120 0 88 
2 150 150 0 70 
ITEMS_SECTIONS
0 86 200 0 
1 32 200 0 
2 96 200 0 
3 48 200 0 
4 82 200 0 
5 59 200 0 
6 6 200 0 
7 71 200 0 
8 13 200 0 
9 40 200 0 
10 60 200 0 
11 100 200 0 
12 98 200 0 
13 4 200 0 
14 63 200 0 
15 48 200 0 
16 84 200 0 
17 67 200 0 
18 14 200 0 
19 66 200 0 
20 50 200 0 
21 54 200 0 
22 58 200 0 
23 59 200 0 
24 62 200 0 
25 34 200 0 
26 70 200 0 
27 95 200 0 
28 28 200 0 
29 9 200 0 
30 89 200 0 
31 36 200 0 
32 43 200 0 
33 87 200 0 
34 76 200 0 
35 78 200 0 
36 76 200 0 
37 76 200 0 
38 15 200 0 
39 38 200 0 
40 93 200 0 
41 27 200 0 
42 31 200 0 
43 62 200 0 
44 65 200 0 
45 66 200 0 
46 54 200 0 
47 97 200 0 
48 58 200 0 
49 60 200 0 
50 80 200 0 
51 14 200 0 
52 48 200 0 
53 19 200 0 
54 81 200 0 
55 93 200 0 
56 67 200 0 
57 8 200 0 
58 6 200 0 
59 9 200 0 
60 11 200 0 
61 71 200 0 
62 12 200 0 
63 66 200 0 
64 26 200 0 
65 31 200 0 
66 100 200 0 
67 68 200 0 
68 2 200 0 
69 62 200 0 
70 63 200 0 
71 65 200 0 
72 88 200 0 
73 13 200 0 
74 29 200 0 
75 27 200 0 
76 57 200 0 
77 74 200 0 
78 16 200 0 
79 41 200 0 
80 30 200 0 
81 62 200 0 
82 78 200 0 
83 41 200 0 
84 6 200 0 
85 13 200 0 
86 54 200 0 
87 73 200 0 
88 91 200 0 
89 64 200 0 
90 96 200 0 
91 30 200 0 
92 72 200 0 
93 21 200 0 
94 99 200 0 
95 28 200 0 
96 29 200 0 
97 68 200 0 
98 12 200 0 
99 67 200 0 
100 52 200 0 
101 39 200 0 
102 27 200 0 
103 65 200 0 
104 32 200 0 
105 6 200 0 
106 52 200 0 
107 89 200 0 
108 90 200 0 
109 89 200 0 
110 69 200 0 
111 74 200 0 
112 44 200 0 
113 56 200 0 
114 40 200 0 
115 63 200 0 
116 39 200 0 
117 11 200 0 
118 14 200 0 
119 51 200 0 
120 67 200 0 
121 41 200 0 
122 78 200 0 
123 72 200 0 
124 100 200 0 
125 25 200 0 
126 84 200 0 
127 10 200 0 
128 47 200 0 
129 62 200 0 
130 30 200 0 
131 57 200 0 
132 65 200 0 
133 37 200 0 
134 4 200 0 
135 37 200 0 
136 53 200 0 
137 72 200 0 
138 76 200 0 
139 79 200 0 
140 31 200 0 
141 82 200 0 
142 53 200 0 
143 78 200 0 
144 44 200 0 
145 88 200 0 
146 67 200 0 
147 32 200 0 
148 12 200 0 
149 100 200 0 
150 19 200 0 
151 67 200 0 
152 22 200 0 
153 36 200 0 
154 60 200 0 
155 82 200 0 
156 36 200 0 
157 59 200 0 
158 17 200 0 
159 83 200 0 
160 69 200 0 
161 39 200 0 
162 42 200 0 
163 57 200 0 
164 30 200 0 
165 98 200 0 
166 13 200 0 
167 60 200 0 
168 78 200 0 
169 40 200 0 
170 43 200 0 
171 61 200 0 
172 87 200 0 
173 34 200 0 
174 33 200 0 
175 19 200 0 
176 67 200 0 
177 61 200 0 
178 36 200 0 
179 32 200 0 
180 32 200 0 
181 78 200 0 
182 50 200 0 
183 45 200 0 
184 81 200 0 
185 4 200 0 
186 23 200 0 
187 40 200 0 
188 60 200 0 
189 8 200 0 
190 70 200 0 
191 8 200 0 
192 83 200 0 
193 80 200 0 
194 10 200 0 
195 19 200 0 
196 77 200 0 
197 73 200 0 
198 97 200 0 
199 100 200 0 
