NAME GBP_INSTANCES\prob_2_B_3_1_0.txt
COMMENT
BINTYPES 5
ITEMS 200
BINS_SECTIONS
0 60 60 0 204 
1 80 80 0 153 
2 100 100 0 123 
3 120 120 0 102 
4 150 150 0 82 
ITEMS_SECTIONS
0 82 200 1
1 27 200 1
2 34 200 1
3 26 200 1
4 54 200 1
5 93 200 1
6 96 200 1
7 64 200 1
8 76 200 1
9 80 200 1
10 100 200 1
11 75 200 1
12 41 200 1
13 52 200 1
14 30 200 1
15 24 200 1
16 80 200 1
17 92 200 1
18 97 200 1
19 72 200 1
20 61 200 1
21 38 200 1
22 72 200 1
23 65 200 1
24 49 200 1
25 25 200 1
26 31 200 1
27 62 200 1
28 64 200 1
29 39 200 1
30 33 200 1
31 50 200 1
32 83 200 1
33 33 200 1
34 57 200 1
35 44 200 1
36 56 200 1
37 50 200 1
38 99 200 1
39 52 200 1
40 74 200 1
41 34 200 1
42 91 200 1
43 90 200 1
44 71 200 1
45 61 200 1
46 86 200 1
47 41 200 1
48 69 200 1
49 39 200 1
50 63 200 1
51 85 200 1
52 38 200 1
53 78 200 1
54 39 200 1
55 82 200 1
56 54 200 1
57 27 200 1
58 69 200 1
59 57 200 1
60 54 200 1
61 93 200 1
62 29 200 1
63 87 200 1
64 59 200 1
65 89 200 1
66 42 200 1
67 68 200 1
68 69 200 1
69 87 200 1
70 89 200 1
71 68 200 1
72 86 200 1
73 47 200 1
74 47 200 1
75 43 200 1
76 59 200 1
77 61 200 1
78 72 200 1
79 32 200 1
80 28 200 1
81 61 200 1
82 88 200 1
83 30 200 1
84 98 200 1
85 94 200 1
86 50 200 1
87 53 200 1
88 59 200 1
89 60 200 1
90 68 200 1
91 23 200 1
92 21 200 1
93 37 200 1
94 66 200 1
95 65 200 1
96 54 200 1
97 90 200 1
98 52 200 1
99 35 200 1
100 40 200 1
101 32 200 1
102 39 200 1
103 77 200 1
104 39 200 1
105 52 200 1
106 49 200 1
107 59 200 1
108 69 200 1
109 26 200 1
110 51 200 1
111 24 200 1
112 70 200 1
113 28 200 1
114 93 200 1
115 48 200 1
116 78 200 1
117 26 200 1
118 77 200 1
119 46 200 1
120 22 200 1
121 71 200 1
122 88 200 1
123 89 200 1
124 38 200 1
125 78 200 1
126 87 200 1
127 74 200 1
128 90 200 1
129 41 200 1
130 27 200 1
131 46 200 1
132 97 200 1
133 100 200 1
134 80 200 1
135 88 200 1
136 80 200 1
137 90 200 1
138 56 200 1
139 35 200 1
140 100 200 1
141 77 200 1
142 84 200 1
143 90 200 1
144 44 200 1
145 76 200 1
146 37 200 1
147 45 200 1
148 72 200 1
149 44 200 1
150 89 200 1
151 96 200 1
152 36 200 1
153 37 200 1
154 66 200 1
155 74 200 1
156 33 200 1
157 92 200 1
158 32 200 1
159 91 200 1
160 85 200 1
161 53 200 1
162 23 200 1
163 52 200 1
164 61 200 1
165 92 200 1
166 21 200 1
167 82 200 1
168 90 200 1
169 68 200 1
170 64 200 1
171 31 200 1
172 91 200 1
173 86 200 1
174 70 200 1
175 30 200 1
176 98 200 1
177 52 200 1
178 73 200 1
179 95 200 1
180 33 200 1
181 64 200 1
182 56 200 1
183 45 200 1
184 93 200 1
185 38 200 1
186 57 200 1
187 45 200 1
188 34 200 1
189 23 200 1
190 77 200 1
191 60 200 1
192 95 200 1
193 26 200 1
194 53 200 1
195 91 200 1
196 95 200 1
197 40 200 1
198 69 200 1
199 84 200 1
