NAME GBP_INSTANCES\prob_1_B_1_3_0.txt
COMMENT
BINTYPES 5
ITEMS 50
BINS_SECTIONS
0 60 60 0 48 
1 80 80 0 36 
2 100 100 0 29 
3 120 120 0 24 
4 150 150 0 20 
ITEMS_SECTIONS
0 100 200 1
1 20 200 1
2 81 200 1
3 35 200 1
4 46 200 1
5 20 200 1
6 89 200 1
7 52 200 1
8 25 200 1
9 94 200 1
10 85 200 1
11 83 200 1
12 85 200 1
13 63 200 1
14 73 200 1
15 11 200 1
16 65 200 1
17 23 200 1
18 73 200 1
19 98 200 1
20 57 200 1
21 24 200 1
22 78 200 1
23 79 200 1
24 36 200 1
25 42 200 1
26 97 200 1
27 90 200 1
28 83 200 1
29 85 200 1
30 5 200 1
31 39 200 1
32 20 200 1
33 66 200 1
34 70 200 1
35 33 200 1
36 76 200 1
37 71 200 1
38 89 200 1
39 59 200 1
40 13 200 1
41 71 200 1
42 88 200 1
43 49 200 1
44 25 200 1
45 96 200 1
46 23 200 1
47 5 200 1
48 44 200 1
49 19 200 1
