NAME GBP_INSTANCES\prob_3_B_2_7_0.txt
COMMENT
BINTYPES 5
ITEMS 100
BINS_SECTIONS
0 60 60 0 126 
1 80 80 0 95 
2 100 100 0 76 
3 120 120 0 63 
4 150 150 0 51 
ITEMS_SECTIONS
0 52 200 1
1 62 200 1
2 92 200 1
3 52 200 1
4 54 200 1
5 62 200 1
6 56 200 1
7 80 200 1
8 97 200 1
9 94 200 1
10 59 200 1
11 76 200 1
12 80 200 1
13 85 200 1
14 87 200 1
15 54 200 1
16 95 200 1
17 87 200 1
18 68 200 1
19 95 200 1
20 63 200 1
21 84 200 1
22 71 200 1
23 81 200 1
24 83 200 1
25 62 200 1
26 64 200 1
27 83 200 1
28 52 200 1
29 87 200 1
30 98 200 1
31 78 200 1
32 91 200 1
33 63 200 1
34 75 200 1
35 57 200 1
36 98 200 1
37 52 200 1
38 68 200 1
39 56 200 1
40 94 200 1
41 87 200 1
42 91 200 1
43 93 200 1
44 100 200 1
45 54 200 1
46 93 200 1
47 78 200 1
48 52 200 1
49 79 200 1
50 82 200 1
51 60 200 1
52 92 200 1
53 93 200 1
54 88 200 1
55 74 200 1
56 99 200 1
57 53 200 1
58 74 200 1
59 70 200 1
60 82 200 1
61 66 200 1
62 66 200 1
63 73 200 1
64 75 200 1
65 69 200 1
66 51 200 1
67 53 200 1
68 76 200 1
69 66 200 1
70 64 200 1
71 65 200 1
72 98 200 1
73 94 200 1
74 66 200 1
75 90 200 1
76 51 200 1
77 94 200 1
78 77 200 1
79 70 200 1
80 86 200 1
81 73 200 1
82 84 200 1
83 81 200 1
84 72 200 1
85 87 200 1
86 69 200 1
87 85 200 1
88 68 200 1
89 66 200 1
90 79 200 1
91 61 200 1
92 97 200 1
93 73 200 1
94 95 200 1
95 91 200 1
96 89 200 1
97 64 200 1
98 66 200 1
99 57 200 1
