NAME GBP_INSTANCES\prob_1_A_3_0_0.txt
COMMENT
BINTYPES 3
ITEMS 200
BINS_SECTIONS
0 100 100 0 104 
1 120 120 0 87 
2 150 150 0 70 
ITEMS_SECTIONS
0 26 200 0 
1 31 200 0 
2 90 200 0 
3 36 200 0 
4 50 200 0 
5 53 200 0 
6 70 200 0 
7 78 200 0 
8 44 200 0 
9 15 200 0 
10 82 200 0 
11 91 200 0 
12 58 200 0 
13 33 200 0 
14 23 200 0 
15 92 200 0 
16 27 200 0 
17 86 200 0 
18 80 200 0 
19 98 200 0 
20 37 200 0 
21 96 200 0 
22 94 200 0 
23 67 200 0 
24 87 200 0 
25 33 200 0 
26 86 200 0 
27 44 200 0 
28 82 200 0 
29 31 200 0 
30 75 200 0 
31 93 200 0 
32 53 200 0 
33 5 200 0 
34 59 200 0 
35 51 200 0 
36 60 200 0 
37 50 200 0 
38 70 200 0 
39 82 200 0 
40 69 200 0 
41 4 200 0 
42 99 200 0 
43 78 200 0 
44 50 200 0 
45 61 200 0 
46 81 200 0 
47 79 200 0 
48 90 200 0 
49 25 200 0 
50 34 200 0 
51 50 200 0 
52 81 200 0 
53 73 200 0 
54 73 200 0 
55 11 200 0 
56 58 200 0 
57 30 200 0 
58 65 200 0 
59 26 200 0 
60 54 200 0 
61 31 200 0 
62 36 200 0 
63 75 200 0 
64 63 200 0 
65 52 200 0 
66 31 200 0 
67 7 200 0 
68 48 200 0 
69 3 200 0 
70 21 200 0 
71 72 200 0 
72 5 200 0 
73 51 200 0 
74 38 200 0 
75 83 200 0 
76 18 200 0 
77 90 200 0 
78 72 200 0 
79 61 200 0 
80 21 200 0 
81 94 200 0 
82 82 200 0 
83 18 200 0 
84 78 200 0 
85 88 200 0 
86 52 200 0 
87 65 200 0 
88 26 200 0 
89 81 200 0 
90 69 200 0 
91 61 200 0 
92 77 200 0 
93 73 200 0 
94 39 200 0 
95 9 200 0 
96 22 200 0 
97 3 200 0 
98 9 200 0 
99 12 200 0 
100 50 200 0 
101 32 200 0 
102 26 200 0 
103 95 200 0 
104 99 200 0 
105 40 200 0 
106 100 200 0 
107 12 200 0 
108 72 200 0 
109 31 200 0 
110 95 200 0 
111 21 200 0 
112 29 200 0 
113 4 200 0 
114 13 200 0 
115 78 200 0 
116 87 200 0 
117 20 200 0 
118 97 200 0 
119 22 200 0 
120 41 200 0 
121 98 200 0 
122 42 200 0 
123 73 200 0 
124 33 200 0 
125 72 200 0 
126 94 200 0 
127 67 200 0 
128 88 200 0 
129 43 200 0 
130 62 200 0 
131 12 200 0 
132 48 200 0 
133 66 200 0 
134 14 200 0 
135 85 200 0 
136 2 200 0 
137 11 200 0 
138 66 200 0 
139 5 200 0 
140 68 200 0 
141 100 200 0 
142 72 200 0 
143 25 200 0 
144 24 200 0 
145 19 200 0 
146 82 200 0 
147 43 200 0 
148 13 200 0 
149 50 200 0 
150 97 200 0 
151 56 200 0 
152 48 200 0 
153 52 200 0 
154 94 200 0 
155 21 200 0 
156 51 200 0 
157 53 200 0 
158 34 200 0 
159 11 200 0 
160 21 200 0 
161 22 200 0 
162 37 200 0 
163 84 200 0 
164 69 200 0 
165 47 200 0 
166 35 200 0 
167 60 200 0 
168 54 200 0 
169 61 200 0 
170 83 200 0 
171 35 200 0 
172 10 200 0 
173 32 200 0 
174 44 200 0 
175 24 200 0 
176 13 200 0 
177 68 200 0 
178 21 200 0 
179 58 200 0 
180 6 200 0 
181 73 200 0 
182 63 200 0 
183 27 200 0 
184 88 200 0 
185 72 200 0 
186 13 200 0 
187 93 200 0 
188 9 200 0 
189 49 200 0 
190 11 200 0 
191 81 200 0 
192 71 200 0 
193 45 200 0 
194 47 200 0 
195 42 200 0 
196 91 200 0 
197 22 200 0 
198 60 200 0 
199 20 200 0 
