NAME GBP_INSTANCES\prob_1_A_4_3_0.txt
COMMENT
BINTYPES 3
ITEMS 500
BINS_SECTIONS
0 100 100 0 249 
1 120 120 0 207 
2 150 150 0 166 
ITEMS_SECTIONS
0 96 200 1
1 28 200 1
2 74 200 1
3 43 200 1
4 87 200 1
5 48 200 1
6 6 200 1
7 3 200 1
8 5 200 1
9 69 200 1
10 94 200 1
11 99 200 1
12 78 200 1
13 5 200 1
14 92 200 1
15 2 200 1
16 62 200 1
17 80 200 1
18 21 200 1
19 2 200 1
20 69 200 1
21 12 200 1
22 47 200 1
23 80 200 1
24 73 200 1
25 60 200 1
26 32 200 1
27 49 200 1
28 47 200 1
29 13 200 1
30 93 200 1
31 11 200 1
32 2 200 1
33 99 200 1
34 33 200 1
35 11 200 1
36 26 200 1
37 14 200 1
38 79 200 1
39 38 200 1
40 51 200 1
41 34 200 1
42 76 200 1
43 23 200 1
44 72 200 1
45 13 200 1
46 90 200 1
47 7 200 1
48 37 200 1
49 42 200 1
50 59 200 1
51 32 200 1
52 24 200 1
53 55 200 1
54 46 200 1
55 15 200 1
56 47 200 1
57 67 200 1
58 28 200 1
59 66 200 1
60 87 200 1
61 31 200 1
62 91 200 1
63 9 200 1
64 88 200 1
65 89 200 1
66 52 200 1
67 55 200 1
68 32 200 1
69 15 200 1
70 69 200 1
71 16 200 1
72 19 200 1
73 25 200 1
74 91 200 1
75 75 200 1
76 68 200 1
77 36 200 1
78 80 200 1
79 17 200 1
80 71 200 1
81 74 200 1
82 59 200 1
83 42 200 1
84 8 200 1
85 90 200 1
86 38 200 1
87 49 200 1
88 58 200 1
89 97 200 1
90 57 200 1
91 33 200 1
92 22 200 1
93 86 200 1
94 99 200 1
95 54 200 1
96 74 200 1
97 29 200 1
98 13 200 1
99 55 200 1
100 79 200 1
101 32 200 1
102 95 200 1
103 61 200 1
104 77 200 1
105 38 200 1
106 92 200 1
107 45 200 1
108 74 200 1
109 58 200 1
110 40 200 1
111 2 200 1
112 56 200 1
113 15 200 1
114 14 200 1
115 4 200 1
116 40 200 1
117 79 200 1
118 29 200 1
119 75 200 1
120 97 200 1
121 2 200 1
122 30 200 1
123 79 200 1
124 56 200 1
125 90 200 1
126 29 200 1
127 36 200 1
128 26 200 1
129 61 200 1
130 21 200 1
131 74 200 1
132 34 200 1
133 4 200 1
134 51 200 1
135 31 200 1
136 39 200 1
137 79 200 1
138 52 200 1
139 3 200 1
140 94 200 1
141 20 200 1
142 16 200 1
143 67 200 1
144 32 200 1
145 8 200 1
146 38 200 1
147 72 200 1
148 39 200 1
149 40 200 1
150 96 200 1
151 19 200 1
152 4 200 1
153 41 200 1
154 81 200 1
155 19 200 1
156 95 200 1
157 16 200 1
158 62 200 1
159 75 200 1
160 53 200 1
161 37 200 1
162 4 200 1
163 59 200 1
164 61 200 1
165 30 200 1
166 100 200 1
167 19 200 1
168 66 200 1
169 66 200 1
170 65 200 1
171 5 200 1
172 33 200 1
173 23 200 1
174 27 200 1
175 50 200 1
176 83 200 1
177 11 200 1
178 72 200 1
179 88 200 1
180 18 200 1
181 52 200 1
182 91 200 1
183 39 200 1
184 61 200 1
185 87 200 1
186 66 200 1
187 50 200 1
188 39 200 1
189 93 200 1
190 56 200 1
191 27 200 1
192 18 200 1
193 15 200 1
194 9 200 1
195 43 200 1
196 25 200 1
197 68 200 1
198 77 200 1
199 52 200 1
200 68 200 1
201 23 200 1
202 48 200 1
203 91 200 1
204 86 200 1
205 28 200 1
206 66 200 1
207 24 200 1
208 44 200 1
209 88 200 1
210 73 200 1
211 75 200 1
212 85 200 1
213 54 200 1
214 34 200 1
215 31 200 1
216 3 200 1
217 20 200 1
218 63 200 1
219 56 200 1
220 82 200 1
221 13 200 1
222 37 200 1
223 81 200 1
224 25 200 1
225 67 200 1
226 9 200 1
227 42 200 1
228 80 200 1
229 39 200 1
230 91 200 1
231 90 200 1
232 99 200 1
233 84 200 1
234 40 200 1
235 89 200 1
236 51 200 1
237 56 200 1
238 95 200 1
239 97 200 1
240 91 200 1
241 16 200 1
242 26 200 1
243 42 200 1
244 51 200 1
245 43 200 1
246 20 200 1
247 23 200 1
248 5 200 1
249 27 200 1
250 70 200 1
251 4 200 1
252 22 200 1
253 25 200 1
254 4 200 1
255 64 200 1
256 27 200 1
257 71 200 1
258 94 200 1
259 56 200 1
260 86 200 1
261 16 200 1
262 22 200 1
263 32 200 1
264 62 200 1
265 94 200 1
266 100 200 1
267 8 200 1
268 20 200 1
269 86 200 1
270 50 200 1
271 11 200 1
272 54 200 1
273 76 200 1
274 31 200 1
275 82 200 1
276 17 200 1
277 75 200 1
278 15 200 1
279 76 200 1
280 95 200 1
281 10 200 1
282 11 200 1
283 46 200 1
284 47 200 1
285 39 200 1
286 29 200 1
287 35 200 1
288 24 200 1
289 17 200 1
290 81 200 1
291 72 200 1
292 94 200 1
293 39 200 1
294 20 200 1
295 5 200 1
296 5 200 1
297 7 200 1
298 13 200 1
299 39 200 1
300 80 200 1
301 57 200 1
302 37 200 1
303 42 200 1
304 4 200 1
305 62 200 1
306 15 200 1
307 72 200 1
308 84 200 1
309 67 200 1
310 54 200 1
311 90 200 1
312 46 200 1
313 73 200 1
314 28 200 1
315 18 200 1
316 46 200 1
317 24 200 1
318 54 200 1
319 84 200 1
320 63 200 1
321 2 200 1
322 6 200 1
323 58 200 1
324 53 200 1
325 2 200 1
326 10 200 1
327 74 200 1
328 24 200 1
329 83 200 1
330 81 200 1
331 62 200 1
332 19 200 1
333 68 200 1
334 36 200 1
335 99 200 1
336 61 200 1
337 77 200 1
338 25 200 1
339 74 200 1
340 52 200 1
341 95 200 1
342 48 200 1
343 96 200 1
344 76 200 1
345 38 200 1
346 85 200 1
347 40 200 1
348 3 200 1
349 7 200 1
350 95 200 1
351 43 200 1
352 37 200 1
353 32 200 1
354 25 200 1
355 69 200 1
356 9 200 1
357 60 200 1
358 85 200 1
359 40 200 1
360 62 200 1
361 97 200 1
362 31 200 1
363 41 200 1
364 20 200 1
365 76 200 1
366 96 200 1
367 31 200 1
368 93 200 1
369 34 200 1
370 30 200 1
371 35 200 1
372 14 200 1
373 94 200 1
374 78 200 1
375 61 200 1
376 51 200 1
377 28 200 1
378 71 200 1
379 17 200 1
380 99 200 1
381 74 200 1
382 39 200 1
383 72 200 1
384 86 200 1
385 25 200 1
386 20 200 1
387 44 200 1
388 6 200 1
389 29 200 1
390 16 200 1
391 34 200 1
392 10 200 1
393 31 200 1
394 12 200 1
395 20 200 1
396 63 200 1
397 97 200 1
398 43 200 1
399 14 200 1
400 14 200 1
401 52 200 1
402 21 200 1
403 84 200 1
404 62 200 1
405 59 200 1
406 98 200 1
407 83 200 1
408 85 200 1
409 81 200 1
410 94 200 1
411 38 200 1
412 14 200 1
413 75 200 1
414 42 200 1
415 68 200 1
416 99 200 1
417 8 200 1
418 91 200 1
419 4 200 1
420 83 200 1
421 82 200 1
422 38 200 1
423 25 200 1
424 2 200 1
425 72 200 1
426 91 200 1
427 32 200 1
428 24 200 1
429 11 200 1
430 68 200 1
431 61 200 1
432 83 200 1
433 64 200 1
434 11 200 1
435 38 200 1
436 84 200 1
437 42 200 1
438 33 200 1
439 99 200 1
440 38 200 1
441 44 200 1
442 86 200 1
443 76 200 1
444 21 200 1
445 15 200 1
446 37 200 1
447 62 200 1
448 9 200 1
449 15 200 1
450 64 200 1
451 56 200 1
452 78 200 1
453 55 200 1
454 64 200 1
455 14 200 1
456 22 200 1
457 24 200 1
458 64 200 1
459 92 200 1
460 76 200 1
461 49 200 1
462 39 200 1
463 24 200 1
464 10 200 1
465 9 200 1
466 34 200 1
467 94 200 1
468 67 200 1
469 57 200 1
470 78 200 1
471 77 200 1
472 16 200 1
473 69 200 1
474 98 200 1
475 90 200 1
476 92 200 1
477 58 200 1
478 25 200 1
479 20 200 1
480 96 200 1
481 90 200 1
482 84 200 1
483 93 200 1
484 25 200 1
485 38 200 1
486 76 200 1
487 38 200 1
488 2 200 1
489 95 200 1
490 41 200 1
491 2 200 1
492 91 200 1
493 10 200 1
494 93 200 1
495 82 200 1
496 47 200 1
497 36 200 1
498 48 200 1
499 37 200 1
