NAME GBP_INSTANCES\prob_3_B_0_6_0.txt
COMMENT
BINTYPES 5
ITEMS 25
BINS_SECTIONS
0 60 60 0 33 
1 80 80 0 25 
2 100 100 0 20 
3 120 120 0 17 
4 150 150 0 14 
ITEMS_SECTIONS
0 74 200 0 
1 100 200 0 
2 83 200 0 
3 55 200 0 
4 74 200 0 
5 59 200 0 
6 67 200 0 
7 62 200 0 
8 95 200 0 
9 97 200 0 
10 70 200 0 
11 65 200 0 
12 83 200 0 
13 74 200 0 
14 81 200 0 
15 56 200 0 
16 93 200 0 
17 94 200 0 
18 87 200 0 
19 97 200 0 
20 86 200 0 
21 92 200 0 
22 100 200 0 
23 55 200 0 
24 62 200 0 
