NAME GBP_INSTANCES\prob_3_A_2_1_0.txt
COMMENT
BINTYPES 3
ITEMS 100
BINS_SECTIONS
0 100 100 0 74 
1 120 120 0 62 
2 150 150 0 50 
ITEMS_SECTIONS
0 97 200 1
1 70 200 1
2 75 200 1
3 86 200 1
4 87 200 1
5 56 200 1
6 58 200 1
7 94 200 1
8 85 200 1
9 91 200 1
10 100 200 1
11 89 200 1
12 88 200 1
13 70 200 1
14 63 200 1
15 80 200 1
16 75 200 1
17 83 200 1
18 95 200 1
19 91 200 1
20 63 200 1
21 71 200 1
22 68 200 1
23 81 200 1
24 53 200 1
25 52 200 1
26 92 200 1
27 60 200 1
28 78 200 1
29 95 200 1
30 91 200 1
31 83 200 1
32 60 200 1
33 96 200 1
34 51 200 1
35 87 200 1
36 54 200 1
37 90 200 1
38 74 200 1
39 65 200 1
40 67 200 1
41 97 200 1
42 58 200 1
43 56 200 1
44 76 200 1
45 91 200 1
46 76 200 1
47 70 200 1
48 60 200 1
49 85 200 1
50 75 200 1
51 88 200 1
52 90 200 1
53 74 200 1
54 75 200 1
55 59 200 1
56 62 200 1
57 75 200 1
58 81 200 1
59 89 200 1
60 55 200 1
61 70 200 1
62 98 200 1
63 73 200 1
64 53 200 1
65 67 200 1
66 52 200 1
67 83 200 1
68 73 200 1
69 54 200 1
70 57 200 1
71 68 200 1
72 73 200 1
73 65 200 1
74 93 200 1
75 54 200 1
76 81 200 1
77 52 200 1
78 71 200 1
79 73 200 1
80 85 200 1
81 72 200 1
82 58 200 1
83 56 200 1
84 69 200 1
85 58 200 1
86 86 200 1
87 57 200 1
88 69 200 1
89 91 200 1
90 66 200 1
91 100 200 1
92 57 200 1
93 86 200 1
94 86 200 1
95 73 200 1
96 64 200 1
97 61 200 1
98 59 200 1
99 51 200 1
