NAME GBP_INSTANCES\prob_1_A_3_5_0.txt
COMMENT
BINTYPES 3
ITEMS 200
BINS_SECTIONS
0 100 100 0 99 
1 120 120 0 83 
2 150 150 0 66 
ITEMS_SECTIONS
0 73 200 0 
1 74 200 0 
2 67 200 0 
3 43 200 0 
4 75 200 0 
5 81 200 0 
6 52 200 0 
7 94 200 0 
8 84 200 0 
9 23 200 0 
10 43 200 0 
11 7 200 0 
12 87 200 0 
13 31 200 0 
14 64 200 0 
15 83 200 0 
16 7 200 0 
17 52 200 0 
18 90 200 0 
19 3 200 0 
20 84 200 0 
21 79 200 0 
22 12 200 0 
23 64 200 0 
24 20 200 0 
25 95 200 0 
26 93 200 0 
27 88 200 0 
28 9 200 0 
29 36 200 0 
30 34 200 0 
31 46 200 0 
32 84 200 0 
33 26 200 0 
34 9 200 0 
35 49 200 0 
36 8 200 0 
37 13 200 0 
38 17 200 0 
39 92 200 0 
40 88 200 0 
41 39 200 0 
42 89 200 0 
43 82 200 0 
44 17 200 0 
45 78 200 0 
46 13 200 0 
47 23 200 0 
48 64 200 0 
49 80 200 0 
50 96 200 0 
51 17 200 0 
52 31 200 0 
53 49 200 0 
54 48 200 0 
55 45 200 0 
56 15 200 0 
57 2 200 0 
58 99 200 0 
59 69 200 0 
60 65 200 0 
61 20 200 0 
62 15 200 0 
63 40 200 0 
64 9 200 0 
65 60 200 0 
66 61 200 0 
67 41 200 0 
68 96 200 0 
69 27 200 0 
70 48 200 0 
71 66 200 0 
72 73 200 0 
73 58 200 0 
74 18 200 0 
75 45 200 0 
76 5 200 0 
77 58 200 0 
78 3 200 0 
79 19 200 0 
80 73 200 0 
81 9 200 0 
82 34 200 0 
83 85 200 0 
84 85 200 0 
85 89 200 0 
86 2 200 0 
87 16 200 0 
88 75 200 0 
89 52 200 0 
90 59 200 0 
91 56 200 0 
92 68 200 0 
93 67 200 0 
94 81 200 0 
95 21 200 0 
96 97 200 0 
97 2 200 0 
98 57 200 0 
99 90 200 0 
100 7 200 0 
101 25 200 0 
102 26 200 0 
103 12 200 0 
104 55 200 0 
105 29 200 0 
106 40 200 0 
107 40 200 0 
108 63 200 0 
109 36 200 0 
110 79 200 0 
111 79 200 0 
112 86 200 0 
113 88 200 0 
114 72 200 0 
115 98 200 0 
116 83 200 0 
117 5 200 0 
118 59 200 0 
119 64 200 0 
120 63 200 0 
121 76 200 0 
122 72 200 0 
123 58 200 0 
124 53 200 0 
125 100 200 0 
126 41 200 0 
127 39 200 0 
128 2 200 0 
129 29 200 0 
130 4 200 0 
131 3 200 0 
132 45 200 0 
133 18 200 0 
134 47 200 0 
135 14 200 0 
136 46 200 0 
137 59 200 0 
138 44 200 0 
139 41 200 0 
140 51 200 0 
141 87 200 0 
142 10 200 0 
143 93 200 0 
144 50 200 0 
145 30 200 0 
146 51 200 0 
147 77 200 0 
148 8 200 0 
149 12 200 0 
150 30 200 0 
151 66 200 0 
152 40 200 0 
153 61 200 0 
154 12 200 0 
155 19 200 0 
156 2 200 0 
157 48 200 0 
158 20 200 0 
159 26 200 0 
160 68 200 0 
161 83 200 0 
162 76 200 0 
163 19 200 0 
164 68 200 0 
165 26 200 0 
166 33 200 0 
167 37 200 0 
168 54 200 0 
169 18 200 0 
170 86 200 0 
171 62 200 0 
172 73 200 0 
173 96 200 0 
174 81 200 0 
175 38 200 0 
176 12 200 0 
177 4 200 0 
178 85 200 0 
179 81 200 0 
180 87 200 0 
181 33 200 0 
182 47 200 0 
183 79 200 0 
184 62 200 0 
185 56 200 0 
186 20 200 0 
187 18 200 0 
188 42 200 0 
189 49 200 0 
190 68 200 0 
191 98 200 0 
192 42 200 0 
193 65 200 0 
194 25 200 0 
195 14 200 0 
196 79 200 0 
197 76 200 0 
198 25 200 0 
199 32 200 0 
