NAME GBP_INSTANCES\prob_2_A_1_6_0.txt
COMMENT
BINTYPES 3
ITEMS 50
BINS_SECTIONS
0 100 100 0 29 
1 120 120 0 24 
2 150 150 0 19 
ITEMS_SECTIONS
0 79 200 0 
1 63 200 0 
2 50 200 0 
3 26 200 0 
4 91 200 0 
5 34 200 0 
6 26 200 0 
7 40 200 0 
8 46 200 0 
9 92 200 0 
10 33 200 0 
11 88 200 0 
12 50 200 0 
13 72 200 0 
14 90 200 0 
15 24 200 0 
16 46 200 0 
17 63 200 0 
18 33 200 0 
19 33 200 0 
20 66 200 0 
21 48 200 0 
22 52 200 0 
23 25 200 0 
24 47 200 0 
25 92 200 0 
26 53 200 0 
27 50 200 0 
28 84 200 0 
29 63 200 0 
30 21 200 0 
31 82 200 0 
32 44 200 0 
33 29 200 0 
34 95 200 0 
35 48 200 0 
36 51 200 0 
37 90 200 0 
38 24 200 0 
39 35 200 0 
40 45 200 0 
41 60 200 0 
42 99 200 0 
43 47 200 0 
44 94 200 0 
45 74 200 0 
46 99 200 0 
47 21 200 0 
48 46 200 0 
49 63 200 0 
