NAME GBP_INSTANCES\prob_1_A_3_3_0.txt
COMMENT
BINTYPES 3
ITEMS 200
BINS_SECTIONS
0 100 100 0 103 
1 120 120 0 86 
2 150 150 0 69 
ITEMS_SECTIONS
0 19 200 1
1 30 200 1
2 89 200 1
3 92 200 1
4 44 200 1
5 76 200 1
6 59 200 1
7 20 200 1
8 13 200 1
9 51 200 1
10 47 200 1
11 70 200 1
12 35 200 1
13 82 200 1
14 93 200 1
15 85 200 1
16 3 200 1
17 38 200 1
18 72 200 1
19 40 200 1
20 85 200 1
21 94 200 1
22 57 200 1
23 95 200 1
24 96 200 1
25 100 200 1
26 86 200 1
27 65 200 1
28 66 200 1
29 3 200 1
30 40 200 1
31 71 200 1
32 37 200 1
33 25 200 1
34 18 200 1
35 29 200 1
36 12 200 1
37 95 200 1
38 25 200 1
39 41 200 1
40 62 200 1
41 79 200 1
42 47 200 1
43 41 200 1
44 36 200 1
45 40 200 1
46 31 200 1
47 65 200 1
48 65 200 1
49 65 200 1
50 44 200 1
51 85 200 1
52 24 200 1
53 99 200 1
54 42 200 1
55 99 200 1
56 27 200 1
57 4 200 1
58 95 200 1
59 98 200 1
60 18 200 1
61 88 200 1
62 30 200 1
63 2 200 1
64 49 200 1
65 55 200 1
66 15 200 1
67 94 200 1
68 88 200 1
69 62 200 1
70 56 200 1
71 60 200 1
72 67 200 1
73 81 200 1
74 42 200 1
75 18 200 1
76 94 200 1
77 46 200 1
78 68 200 1
79 78 200 1
80 56 200 1
81 48 200 1
82 30 200 1
83 39 200 1
84 28 200 1
85 6 200 1
86 77 200 1
87 88 200 1
88 15 200 1
89 51 200 1
90 24 200 1
91 89 200 1
92 47 200 1
93 47 200 1
94 28 200 1
95 93 200 1
96 48 200 1
97 98 200 1
98 15 200 1
99 32 200 1
100 2 200 1
101 61 200 1
102 56 200 1
103 69 200 1
104 33 200 1
105 15 200 1
106 96 200 1
107 61 200 1
108 38 200 1
109 2 200 1
110 29 200 1
111 79 200 1
112 67 200 1
113 93 200 1
114 2 200 1
115 59 200 1
116 98 200 1
117 2 200 1
118 78 200 1
119 45 200 1
120 13 200 1
121 79 200 1
122 21 200 1
123 68 200 1
124 3 200 1
125 32 200 1
126 18 200 1
127 43 200 1
128 24 200 1
129 94 200 1
130 24 200 1
131 16 200 1
132 23 200 1
133 85 200 1
134 49 200 1
135 48 200 1
136 58 200 1
137 94 200 1
138 49 200 1
139 71 200 1
140 37 200 1
141 13 200 1
142 55 200 1
143 4 200 1
144 84 200 1
145 71 200 1
146 99 200 1
147 41 200 1
148 81 200 1
149 86 200 1
150 81 200 1
151 41 200 1
152 71 200 1
153 85 200 1
154 13 200 1
155 98 200 1
156 81 200 1
157 6 200 1
158 3 200 1
159 28 200 1
160 61 200 1
161 42 200 1
162 22 200 1
163 58 200 1
164 72 200 1
165 38 200 1
166 82 200 1
167 56 200 1
168 42 200 1
169 96 200 1
170 10 200 1
171 78 200 1
172 12 200 1
173 98 200 1
174 13 200 1
175 70 200 1
176 94 200 1
177 9 200 1
178 42 200 1
179 12 200 1
180 71 200 1
181 66 200 1
182 44 200 1
183 29 200 1
184 35 200 1
185 24 200 1
186 93 200 1
187 80 200 1
188 25 200 1
189 41 200 1
190 11 200 1
191 9 200 1
192 44 200 1
193 97 200 1
194 60 200 1
195 4 200 1
196 18 200 1
197 31 200 1
198 27 200 1
199 40 200 1
