NAME GBP_INSTANCES\prob_2_B_1_6_0.txt
COMMENT
BINTYPES 5
ITEMS 50
BINS_SECTIONS
0 60 60 0 50 
1 80 80 0 38 
2 100 100 0 30 
3 120 120 0 25 
4 150 150 0 20 
ITEMS_SECTIONS
0 27 200 1
1 76 200 1
2 51 200 1
3 44 200 1
4 83 200 1
5 36 200 1
6 48 200 1
7 82 200 1
8 47 200 1
9 28 200 1
10 93 200 1
11 83 200 1
12 64 200 1
13 89 200 1
14 31 200 1
15 79 200 1
16 31 200 1
17 21 200 1
18 46 200 1
19 74 200 1
20 57 200 1
21 59 200 1
22 38 200 1
23 31 200 1
24 36 200 1
25 27 200 1
26 51 200 1
27 88 200 1
28 36 200 1
29 94 200 1
30 69 200 1
31 80 200 1
32 47 200 1
33 99 200 1
34 26 200 1
35 66 200 1
36 53 200 1
37 96 200 1
38 90 200 1
39 61 200 1
40 98 200 1
41 55 200 1
42 77 200 1
43 31 200 1
44 34 200 1
45 57 200 1
46 69 200 1
47 100 200 1
48 59 200 1
49 77 200 1
