NAME GBP_INSTANCES\prob_2_B_3_7_0.txt
COMMENT
BINTYPES 5
ITEMS 200
BINS_SECTIONS
0 60 60 0 205 
1 80 80 0 154 
2 100 100 0 123 
3 120 120 0 103 
4 150 150 0 82 
ITEMS_SECTIONS
0 39 200 0 
1 24 200 0 
2 56 200 0 
3 58 200 0 
4 77 200 0 
5 43 200 0 
6 40 200 0 
7 66 200 0 
8 83 200 0 
9 83 200 0 
10 62 200 0 
11 75 200 0 
12 52 200 0 
13 98 200 0 
14 27 200 0 
15 25 200 0 
16 21 200 0 
17 83 200 0 
18 33 200 0 
19 33 200 0 
20 83 200 0 
21 70 200 0 
22 62 200 0 
23 34 200 0 
24 48 200 0 
25 43 200 0 
26 91 200 0 
27 80 200 0 
28 58 200 0 
29 84 200 0 
30 73 200 0 
31 71 200 0 
32 49 200 0 
33 54 200 0 
34 56 200 0 
35 31 200 0 
36 78 200 0 
37 80 200 0 
38 44 200 0 
39 41 200 0 
40 61 200 0 
41 34 200 0 
42 37 200 0 
43 53 200 0 
44 40 200 0 
45 66 200 0 
46 84 200 0 
47 42 200 0 
48 100 200 0 
49 73 200 0 
50 65 200 0 
51 32 200 0 
52 94 200 0 
53 73 200 0 
54 91 200 0 
55 23 200 0 
56 46 200 0 
57 89 200 0 
58 25 200 0 
59 88 200 0 
60 45 200 0 
61 74 200 0 
62 47 200 0 
63 33 200 0 
64 85 200 0 
65 77 200 0 
66 67 200 0 
67 74 200 0 
68 32 200 0 
69 76 200 0 
70 54 200 0 
71 100 200 0 
72 97 200 0 
73 59 200 0 
74 42 200 0 
75 76 200 0 
76 68 200 0 
77 21 200 0 
78 52 200 0 
79 59 200 0 
80 79 200 0 
81 76 200 0 
82 47 200 0 
83 49 200 0 
84 57 200 0 
85 96 200 0 
86 77 200 0 
87 52 200 0 
88 68 200 0 
89 39 200 0 
90 87 200 0 
91 54 200 0 
92 39 200 0 
93 55 200 0 
94 37 200 0 
95 92 200 0 
96 68 200 0 
97 100 200 0 
98 37 200 0 
99 44 200 0 
100 24 200 0 
101 70 200 0 
102 30 200 0 
103 67 200 0 
104 37 200 0 
105 83 200 0 
106 83 200 0 
107 74 200 0 
108 55 200 0 
109 28 200 0 
110 21 200 0 
111 83 200 0 
112 26 200 0 
113 73 200 0 
114 27 200 0 
115 63 200 0 
116 27 200 0 
117 52 200 0 
118 58 200 0 
119 49 200 0 
120 66 200 0 
121 71 200 0 
122 24 200 0 
123 72 200 0 
124 48 200 0 
125 87 200 0 
126 92 200 0 
127 79 200 0 
128 56 200 0 
129 80 200 0 
130 32 200 0 
131 45 200 0 
132 75 200 0 
133 88 200 0 
134 90 200 0 
135 54 200 0 
136 23 200 0 
137 60 200 0 
138 47 200 0 
139 62 200 0 
140 98 200 0 
141 62 200 0 
142 77 200 0 
143 89 200 0 
144 67 200 0 
145 75 200 0 
146 88 200 0 
147 62 200 0 
148 75 200 0 
149 80 200 0 
150 71 200 0 
151 72 200 0 
152 53 200 0 
153 72 200 0 
154 99 200 0 
155 81 200 0 
156 98 200 0 
157 58 200 0 
158 96 200 0 
159 33 200 0 
160 83 200 0 
161 78 200 0 
162 75 200 0 
163 27 200 0 
164 65 200 0 
165 63 200 0 
166 29 200 0 
167 62 200 0 
168 92 200 0 
169 47 200 0 
170 94 200 0 
171 63 200 0 
172 69 200 0 
173 83 200 0 
174 66 200 0 
175 97 200 0 
176 68 200 0 
177 38 200 0 
178 31 200 0 
179 42 200 0 
180 48 200 0 
181 68 200 0 
182 69 200 0 
183 62 200 0 
184 95 200 0 
185 33 200 0 
186 54 200 0 
187 28 200 0 
188 70 200 0 
189 81 200 0 
190 95 200 0 
191 38 200 0 
192 81 200 0 
193 26 200 0 
194 65 200 0 
195 31 200 0 
196 52 200 0 
197 77 200 0 
198 40 200 0 
199 58 200 0 
