NAME GBP_INSTANCES\prob_1_B_2_3_0.txt
COMMENT
BINTYPES 5
ITEMS 100
BINS_SECTIONS
0 60 60 0 92 
1 80 80 0 69 
2 100 100 0 55 
3 120 120 0 46 
4 150 150 0 37 
ITEMS_SECTIONS
0 74 200 1
1 25 200 1
2 97 200 1
3 73 200 1
4 8 200 1
5 64 200 1
6 18 200 1
7 49 200 1
8 32 200 1
9 94 200 1
10 47 200 1
11 87 200 1
12 39 200 1
13 66 200 1
14 96 200 1
15 51 200 1
16 96 200 1
17 55 200 1
18 88 200 1
19 60 200 1
20 55 200 1
21 19 200 1
22 5 200 1
23 14 200 1
24 56 200 1
25 21 200 1
26 72 200 1
27 96 200 1
28 27 200 1
29 5 200 1
30 8 200 1
31 41 200 1
32 52 200 1
33 48 200 1
34 41 200 1
35 37 200 1
36 47 200 1
37 89 200 1
38 28 200 1
39 66 200 1
40 88 200 1
41 54 200 1
42 4 200 1
43 53 200 1
44 39 200 1
45 65 200 1
46 58 200 1
47 11 200 1
48 35 200 1
49 77 200 1
50 95 200 1
51 73 200 1
52 48 200 1
53 21 200 1
54 66 200 1
55 84 200 1
56 12 200 1
57 72 200 1
58 22 200 1
59 52 200 1
60 20 200 1
61 62 200 1
62 85 200 1
63 19 200 1
64 67 200 1
65 36 200 1
66 92 200 1
67 73 200 1
68 73 200 1
69 57 200 1
70 89 200 1
71 43 200 1
72 36 200 1
73 86 200 1
74 45 200 1
75 94 200 1
76 55 200 1
77 28 200 1
78 63 200 1
79 91 200 1
80 90 200 1
81 64 200 1
82 54 200 1
83 22 200 1
84 79 200 1
85 76 200 1
86 50 200 1
87 53 200 1
88 78 200 1
89 79 200 1
90 24 200 1
91 28 200 1
92 64 200 1
93 49 200 1
94 93 200 1
95 56 200 1
96 48 200 1
97 94 200 1
98 75 200 1
99 12 200 1
