NAME GBP_INSTANCES\prob_2_B_2_9_0.txt
COMMENT
BINTYPES 5
ITEMS 100
BINS_SECTIONS
0 60 60 0 100 
1 80 80 0 75 
2 100 100 0 60 
3 120 120 0 50 
4 150 150 0 40 
ITEMS_SECTIONS
0 45 200 0 
1 95 200 0 
2 60 200 0 
3 42 200 0 
4 61 200 0 
5 56 200 0 
6 41 200 0 
7 69 200 0 
8 32 200 0 
9 36 200 0 
10 66 200 0 
11 88 200 0 
12 56 200 0 
13 56 200 0 
14 86 200 0 
15 90 200 0 
16 85 200 0 
17 27 200 0 
18 33 200 0 
19 89 200 0 
20 63 200 0 
21 94 200 0 
22 44 200 0 
23 24 200 0 
24 46 200 0 
25 60 200 0 
26 52 200 0 
27 49 200 0 
28 96 200 0 
29 95 200 0 
30 48 200 0 
31 68 200 0 
32 71 200 0 
33 64 200 0 
34 79 200 0 
35 92 200 0 
36 80 200 0 
37 70 200 0 
38 69 200 0 
39 72 200 0 
40 90 200 0 
41 36 200 0 
42 44 200 0 
43 46 200 0 
44 38 200 0 
45 30 200 0 
46 67 200 0 
47 55 200 0 
48 63 200 0 
49 47 200 0 
50 38 200 0 
51 27 200 0 
52 98 200 0 
53 75 200 0 
54 49 200 0 
55 44 200 0 
56 68 200 0 
57 26 200 0 
58 78 200 0 
59 82 200 0 
60 88 200 0 
61 45 200 0 
62 31 200 0 
63 96 200 0 
64 50 200 0 
65 67 200 0 
66 36 200 0 
67 35 200 0 
68 93 200 0 
69 76 200 0 
70 82 200 0 
71 28 200 0 
72 52 200 0 
73 36 200 0 
74 27 200 0 
75 66 200 0 
76 30 200 0 
77 60 200 0 
78 24 200 0 
79 67 200 0 
80 24 200 0 
81 95 200 0 
82 72 200 0 
83 58 200 0 
84 100 200 0 
85 29 200 0 
86 97 200 0 
87 76 200 0 
88 30 200 0 
89 49 200 0 
90 73 200 0 
91 78 200 0 
92 26 200 0 
93 74 200 0 
94 78 200 0 
95 24 200 0 
96 45 200 0 
97 91 200 0 
98 91 200 0 
99 23 200 0 
