NAME GBP_INSTANCES\prob_2_A_2_1_0.txt
COMMENT
BINTYPES 3
ITEMS 100
BINS_SECTIONS
0 100 100 0 58 
1 120 120 0 49 
2 150 150 0 39 
ITEMS_SECTIONS
0 61 200 1
1 24 200 1
2 65 200 1
3 96 200 1
4 54 200 1
5 23 200 1
6 58 200 1
7 81 200 1
8 86 200 1
9 94 200 1
10 100 200 1
11 54 200 1
12 45 200 1
13 42 200 1
14 21 200 1
15 21 200 1
16 86 200 1
17 52 200 1
18 34 200 1
19 91 200 1
20 36 200 1
21 22 200 1
22 84 200 1
23 73 200 1
24 67 200 1
25 86 200 1
26 71 200 1
27 49 200 1
28 87 200 1
29 71 200 1
30 92 200 1
31 45 200 1
32 34 200 1
33 37 200 1
34 35 200 1
35 62 200 1
36 47 200 1
37 50 200 1
38 62 200 1
39 23 200 1
40 48 200 1
41 49 200 1
42 46 200 1
43 81 200 1
44 43 200 1
45 41 200 1
46 51 200 1
47 75 200 1
48 25 200 1
49 47 200 1
50 74 200 1
51 71 200 1
52 73 200 1
53 34 200 1
54 29 200 1
55 64 200 1
56 88 200 1
57 45 200 1
58 33 200 1
59 72 200 1
60 77 200 1
61 57 200 1
62 45 200 1
63 41 200 1
64 31 200 1
65 87 200 1
66 37 200 1
67 64 200 1
68 71 200 1
69 86 200 1
70 79 200 1
71 44 200 1
72 51 200 1
73 51 200 1
74 73 200 1
75 83 200 1
76 37 200 1
77 66 200 1
78 31 200 1
79 77 200 1
80 30 200 1
81 51 200 1
82 77 200 1
83 65 200 1
84 40 200 1
85 52 200 1
86 31 200 1
87 38 200 1
88 86 200 1
89 65 200 1
90 70 200 1
91 28 200 1
92 93 200 1
93 45 200 1
94 89 200 1
95 81 200 1
96 76 200 1
97 70 200 1
98 49 200 1
99 46 200 1
