NAME GBP_INSTANCES\prob_1_A_2_6_0.txt
COMMENT
BINTYPES 3
ITEMS 100
BINS_SECTIONS
0 100 100 0 49 
1 120 120 0 41 
2 150 150 0 33 
ITEMS_SECTIONS
0 43 200 1
1 67 200 1
2 22 200 1
3 80 200 1
4 15 200 1
5 37 200 1
6 80 200 1
7 44 200 1
8 63 200 1
9 50 200 1
10 22 200 1
11 12 200 1
12 71 200 1
13 42 200 1
14 39 200 1
15 46 200 1
16 19 200 1
17 52 200 1
18 58 200 1
19 30 200 1
20 38 200 1
21 29 200 1
22 70 200 1
23 88 200 1
24 77 200 1
25 18 200 1
26 41 200 1
27 76 200 1
28 2 200 1
29 30 200 1
30 24 200 1
31 11 200 1
32 48 200 1
33 64 200 1
34 46 200 1
35 95 200 1
36 57 200 1
37 80 200 1
38 85 200 1
39 2 200 1
40 8 200 1
41 97 200 1
42 24 200 1
43 58 200 1
44 75 200 1
45 6 200 1
46 79 200 1
47 33 200 1
48 21 200 1
49 75 200 1
50 6 200 1
51 18 200 1
52 66 200 1
53 51 200 1
54 68 200 1
55 41 200 1
56 36 200 1
57 7 200 1
58 83 200 1
59 3 200 1
60 24 200 1
61 54 200 1
62 26 200 1
63 40 200 1
64 79 200 1
65 84 200 1
66 89 200 1
67 53 200 1
68 58 200 1
69 39 200 1
70 13 200 1
71 68 200 1
72 34 200 1
73 61 200 1
74 55 200 1
75 86 200 1
76 21 200 1
77 67 200 1
78 28 200 1
79 82 200 1
80 2 200 1
81 58 200 1
82 64 200 1
83 9 200 1
84 10 200 1
85 15 200 1
86 52 200 1
87 78 200 1
88 58 200 1
89 13 200 1
90 86 200 1
91 57 200 1
92 68 200 1
93 83 200 1
94 81 200 1
95 61 200 1
96 91 200 1
97 65 200 1
98 4 200 1
99 83 200 1
