NAME GBP_INSTANCES\prob_1_A_4_5_0.txt
COMMENT
BINTYPES 3
ITEMS 500
BINS_SECTIONS
0 100 100 0 257 
1 120 120 0 214 
2 150 150 0 171 
ITEMS_SECTIONS
0 44 200 1
1 69 200 1
2 35 200 1
3 43 200 1
4 18 200 1
5 27 200 1
6 5 200 1
7 60 200 1
8 4 200 1
9 21 200 1
10 46 200 1
11 30 200 1
12 58 200 1
13 56 200 1
14 24 200 1
15 69 200 1
16 24 200 1
17 64 200 1
18 53 200 1
19 57 200 1
20 40 200 1
21 65 200 1
22 94 200 1
23 92 200 1
24 67 200 1
25 97 200 1
26 28 200 1
27 68 200 1
28 39 200 1
29 68 200 1
30 75 200 1
31 9 200 1
32 73 200 1
33 29 200 1
34 88 200 1
35 48 200 1
36 49 200 1
37 53 200 1
38 87 200 1
39 86 200 1
40 86 200 1
41 9 200 1
42 55 200 1
43 8 200 1
44 45 200 1
45 88 200 1
46 67 200 1
47 93 200 1
48 60 200 1
49 15 200 1
50 90 200 1
51 15 200 1
52 40 200 1
53 70 200 1
54 97 200 1
55 43 200 1
56 54 200 1
57 67 200 1
58 39 200 1
59 54 200 1
60 20 200 1
61 13 200 1
62 38 200 1
63 73 200 1
64 22 200 1
65 84 200 1
66 34 200 1
67 31 200 1
68 77 200 1
69 67 200 1
70 35 200 1
71 71 200 1
72 77 200 1
73 72 200 1
74 14 200 1
75 7 200 1
76 20 200 1
77 82 200 1
78 19 200 1
79 27 200 1
80 57 200 1
81 54 200 1
82 8 200 1
83 79 200 1
84 80 200 1
85 6 200 1
86 94 200 1
87 29 200 1
88 66 200 1
89 38 200 1
90 20 200 1
91 93 200 1
92 100 200 1
93 15 200 1
94 17 200 1
95 96 200 1
96 10 200 1
97 24 200 1
98 100 200 1
99 94 200 1
100 13 200 1
101 93 200 1
102 48 200 1
103 52 200 1
104 21 200 1
105 40 200 1
106 94 200 1
107 13 200 1
108 5 200 1
109 42 200 1
110 11 200 1
111 26 200 1
112 59 200 1
113 24 200 1
114 92 200 1
115 95 200 1
116 69 200 1
117 24 200 1
118 26 200 1
119 2 200 1
120 20 200 1
121 43 200 1
122 56 200 1
123 66 200 1
124 50 200 1
125 52 200 1
126 32 200 1
127 100 200 1
128 6 200 1
129 45 200 1
130 39 200 1
131 27 200 1
132 64 200 1
133 13 200 1
134 5 200 1
135 96 200 1
136 8 200 1
137 48 200 1
138 92 200 1
139 97 200 1
140 19 200 1
141 25 200 1
142 52 200 1
143 81 200 1
144 58 200 1
145 77 200 1
146 58 200 1
147 93 200 1
148 16 200 1
149 37 200 1
150 2 200 1
151 51 200 1
152 81 200 1
153 24 200 1
154 51 200 1
155 34 200 1
156 39 200 1
157 66 200 1
158 74 200 1
159 44 200 1
160 24 200 1
161 53 200 1
162 23 200 1
163 99 200 1
164 37 200 1
165 69 200 1
166 52 200 1
167 12 200 1
168 78 200 1
169 45 200 1
170 23 200 1
171 18 200 1
172 79 200 1
173 51 200 1
174 19 200 1
175 19 200 1
176 91 200 1
177 75 200 1
178 40 200 1
179 87 200 1
180 21 200 1
181 18 200 1
182 6 200 1
183 96 200 1
184 63 200 1
185 31 200 1
186 32 200 1
187 46 200 1
188 32 200 1
189 56 200 1
190 10 200 1
191 21 200 1
192 25 200 1
193 64 200 1
194 46 200 1
195 70 200 1
196 31 200 1
197 63 200 1
198 10 200 1
199 34 200 1
200 18 200 1
201 84 200 1
202 23 200 1
203 12 200 1
204 100 200 1
205 99 200 1
206 62 200 1
207 97 200 1
208 45 200 1
209 87 200 1
210 91 200 1
211 75 200 1
212 85 200 1
213 95 200 1
214 94 200 1
215 95 200 1
216 24 200 1
217 25 200 1
218 48 200 1
219 34 200 1
220 89 200 1
221 80 200 1
222 73 200 1
223 58 200 1
224 19 200 1
225 4 200 1
226 26 200 1
227 78 200 1
228 47 200 1
229 55 200 1
230 68 200 1
231 37 200 1
232 58 200 1
233 32 200 1
234 53 200 1
235 4 200 1
236 91 200 1
237 10 200 1
238 4 200 1
239 13 200 1
240 49 200 1
241 95 200 1
242 90 200 1
243 40 200 1
244 8 200 1
245 63 200 1
246 95 200 1
247 37 200 1
248 70 200 1
249 76 200 1
250 69 200 1
251 15 200 1
252 71 200 1
253 55 200 1
254 72 200 1
255 15 200 1
256 59 200 1
257 8 200 1
258 2 200 1
259 49 200 1
260 78 200 1
261 66 200 1
262 91 200 1
263 30 200 1
264 79 200 1
265 62 200 1
266 94 200 1
267 4 200 1
268 59 200 1
269 76 200 1
270 37 200 1
271 92 200 1
272 83 200 1
273 86 200 1
274 39 200 1
275 50 200 1
276 79 200 1
277 69 200 1
278 7 200 1
279 46 200 1
280 55 200 1
281 63 200 1
282 88 200 1
283 87 200 1
284 33 200 1
285 60 200 1
286 86 200 1
287 89 200 1
288 50 200 1
289 18 200 1
290 33 200 1
291 91 200 1
292 20 200 1
293 75 200 1
294 15 200 1
295 52 200 1
296 9 200 1
297 59 200 1
298 52 200 1
299 3 200 1
300 9 200 1
301 59 200 1
302 27 200 1
303 100 200 1
304 73 200 1
305 61 200 1
306 56 200 1
307 56 200 1
308 92 200 1
309 23 200 1
310 99 200 1
311 82 200 1
312 78 200 1
313 75 200 1
314 21 200 1
315 40 200 1
316 27 200 1
317 30 200 1
318 68 200 1
319 11 200 1
320 38 200 1
321 89 200 1
322 4 200 1
323 100 200 1
324 59 200 1
325 22 200 1
326 44 200 1
327 81 200 1
328 18 200 1
329 17 200 1
330 49 200 1
331 80 200 1
332 41 200 1
333 72 200 1
334 12 200 1
335 33 200 1
336 90 200 1
337 26 200 1
338 86 200 1
339 93 200 1
340 35 200 1
341 92 200 1
342 17 200 1
343 39 200 1
344 85 200 1
345 10 200 1
346 2 200 1
347 40 200 1
348 3 200 1
349 62 200 1
350 40 200 1
351 44 200 1
352 21 200 1
353 83 200 1
354 16 200 1
355 54 200 1
356 82 200 1
357 4 200 1
358 60 200 1
359 29 200 1
360 28 200 1
361 36 200 1
362 35 200 1
363 97 200 1
364 53 200 1
365 92 200 1
366 2 200 1
367 22 200 1
368 55 200 1
369 99 200 1
370 93 200 1
371 84 200 1
372 91 200 1
373 7 200 1
374 74 200 1
375 44 200 1
376 71 200 1
377 73 200 1
378 89 200 1
379 41 200 1
380 7 200 1
381 11 200 1
382 98 200 1
383 86 200 1
384 41 200 1
385 74 200 1
386 97 200 1
387 14 200 1
388 72 200 1
389 78 200 1
390 12 200 1
391 38 200 1
392 6 200 1
393 30 200 1
394 76 200 1
395 100 200 1
396 40 200 1
397 54 200 1
398 76 200 1
399 34 200 1
400 34 200 1
401 9 200 1
402 67 200 1
403 32 200 1
404 42 200 1
405 53 200 1
406 58 200 1
407 59 200 1
408 75 200 1
409 84 200 1
410 64 200 1
411 83 200 1
412 81 200 1
413 90 200 1
414 9 200 1
415 73 200 1
416 87 200 1
417 42 200 1
418 95 200 1
419 28 200 1
420 10 200 1
421 63 200 1
422 23 200 1
423 88 200 1
424 64 200 1
425 20 200 1
426 66 200 1
427 19 200 1
428 93 200 1
429 53 200 1
430 89 200 1
431 69 200 1
432 39 200 1
433 88 200 1
434 14 200 1
435 26 200 1
436 66 200 1
437 77 200 1
438 27 200 1
439 80 200 1
440 85 200 1
441 67 200 1
442 29 200 1
443 89 200 1
444 67 200 1
445 77 200 1
446 12 200 1
447 72 200 1
448 97 200 1
449 77 200 1
450 80 200 1
451 27 200 1
452 70 200 1
453 35 200 1
454 87 200 1
455 95 200 1
456 65 200 1
457 36 200 1
458 18 200 1
459 69 200 1
460 3 200 1
461 41 200 1
462 65 200 1
463 62 200 1
464 31 200 1
465 85 200 1
466 65 200 1
467 40 200 1
468 39 200 1
469 86 200 1
470 11 200 1
471 40 200 1
472 35 200 1
473 58 200 1
474 6 200 1
475 65 200 1
476 100 200 1
477 3 200 1
478 18 200 1
479 83 200 1
480 54 200 1
481 81 200 1
482 43 200 1
483 26 200 1
484 29 200 1
485 30 200 1
486 72 200 1
487 6 200 1
488 16 200 1
489 20 200 1
490 63 200 1
491 49 200 1
492 51 200 1
493 33 200 1
494 3 200 1
495 82 200 1
496 16 200 1
497 55 200 1
498 75 200 1
499 32 200 1
