NAME GBP_INSTANCES\prob_3_A_4_4_0.txt
COMMENT
BINTYPES 3
ITEMS 500
BINS_SECTIONS
0 100 100 0 377 
1 120 120 0 314 
2 150 150 0 251 
ITEMS_SECTIONS
0 80 200 0 
1 62 200 0 
2 83 200 0 
3 95 200 0 
4 92 200 0 
5 100 200 0 
6 60 200 0 
7 58 200 0 
8 52 200 0 
9 53 200 0 
10 71 200 0 
11 83 200 0 
12 93 200 0 
13 97 200 0 
14 78 200 0 
15 96 200 0 
16 86 200 0 
17 69 200 0 
18 68 200 0 
19 67 200 0 
20 54 200 0 
21 69 200 0 
22 93 200 0 
23 94 200 0 
24 62 200 0 
25 51 200 0 
26 67 200 0 
27 55 200 0 
28 70 200 0 
29 53 200 0 
30 64 200 0 
31 96 200 0 
32 90 200 0 
33 94 200 0 
34 73 200 0 
35 83 200 0 
36 78 200 0 
37 52 200 0 
38 54 200 0 
39 64 200 0 
40 93 200 0 
41 94 200 0 
42 82 200 0 
43 56 200 0 
44 69 200 0 
45 67 200 0 
46 59 200 0 
47 88 200 0 
48 80 200 0 
49 77 200 0 
50 98 200 0 
51 85 200 0 
52 80 200 0 
53 63 200 0 
54 71 200 0 
55 70 200 0 
56 69 200 0 
57 92 200 0 
58 92 200 0 
59 65 200 0 
60 92 200 0 
61 90 200 0 
62 87 200 0 
63 70 200 0 
64 100 200 0 
65 70 200 0 
66 64 200 0 
67 94 200 0 
68 61 200 0 
69 82 200 0 
70 62 200 0 
71 82 200 0 
72 95 200 0 
73 54 200 0 
74 90 200 0 
75 98 200 0 
76 98 200 0 
77 73 200 0 
78 54 200 0 
79 67 200 0 
80 52 200 0 
81 52 200 0 
82 63 200 0 
83 79 200 0 
84 95 200 0 
85 75 200 0 
86 69 200 0 
87 63 200 0 
88 51 200 0 
89 51 200 0 
90 86 200 0 
91 81 200 0 
92 91 200 0 
93 86 200 0 
94 91 200 0 
95 56 200 0 
96 82 200 0 
97 54 200 0 
98 98 200 0 
99 76 200 0 
100 80 200 0 
101 59 200 0 
102 61 200 0 
103 82 200 0 
104 85 200 0 
105 87 200 0 
106 100 200 0 
107 65 200 0 
108 69 200 0 
109 89 200 0 
110 99 200 0 
111 83 200 0 
112 75 200 0 
113 73 200 0 
114 76 200 0 
115 54 200 0 
116 74 200 0 
117 75 200 0 
118 70 200 0 
119 90 200 0 
120 59 200 0 
121 70 200 0 
122 51 200 0 
123 95 200 0 
124 65 200 0 
125 95 200 0 
126 92 200 0 
127 78 200 0 
128 54 200 0 
129 91 200 0 
130 53 200 0 
131 91 200 0 
132 96 200 0 
133 53 200 0 
134 89 200 0 
135 80 200 0 
136 90 200 0 
137 77 200 0 
138 57 200 0 
139 80 200 0 
140 92 200 0 
141 94 200 0 
142 90 200 0 
143 79 200 0 
144 67 200 0 
145 99 200 0 
146 81 200 0 
147 82 200 0 
148 65 200 0 
149 86 200 0 
150 66 200 0 
151 62 200 0 
152 94 200 0 
153 74 200 0 
154 73 200 0 
155 63 200 0 
156 87 200 0 
157 71 200 0 
158 66 200 0 
159 98 200 0 
160 84 200 0 
161 56 200 0 
162 95 200 0 
163 69 200 0 
164 95 200 0 
165 91 200 0 
166 95 200 0 
167 80 200 0 
168 83 200 0 
169 86 200 0 
170 91 200 0 
171 85 200 0 
172 52 200 0 
173 73 200 0 
174 86 200 0 
175 91 200 0 
176 94 200 0 
177 69 200 0 
178 62 200 0 
179 51 200 0 
180 90 200 0 
181 87 200 0 
182 63 200 0 
183 81 200 0 
184 53 200 0 
185 65 200 0 
186 75 200 0 
187 59 200 0 
188 53 200 0 
189 77 200 0 
190 53 200 0 
191 74 200 0 
192 90 200 0 
193 52 200 0 
194 73 200 0 
195 59 200 0 
196 85 200 0 
197 55 200 0 
198 89 200 0 
199 82 200 0 
200 85 200 0 
201 57 200 0 
202 66 200 0 
203 87 200 0 
204 58 200 0 
205 63 200 0 
206 54 200 0 
207 95 200 0 
208 73 200 0 
209 52 200 0 
210 86 200 0 
211 68 200 0 
212 94 200 0 
213 62 200 0 
214 74 200 0 
215 90 200 0 
216 83 200 0 
217 75 200 0 
218 66 200 0 
219 77 200 0 
220 84 200 0 
221 78 200 0 
222 100 200 0 
223 53 200 0 
224 86 200 0 
225 63 200 0 
226 73 200 0 
227 74 200 0 
228 98 200 0 
229 78 200 0 
230 90 200 0 
231 74 200 0 
232 69 200 0 
233 62 200 0 
234 86 200 0 
235 62 200 0 
236 90 200 0 
237 58 200 0 
238 74 200 0 
239 62 200 0 
240 67 200 0 
241 97 200 0 
242 59 200 0 
243 56 200 0 
244 95 200 0 
245 98 200 0 
246 76 200 0 
247 77 200 0 
248 79 200 0 
249 66 200 0 
250 89 200 0 
251 73 200 0 
252 72 200 0 
253 94 200 0 
254 69 200 0 
255 76 200 0 
256 86 200 0 
257 52 200 0 
258 69 200 0 
259 97 200 0 
260 89 200 0 
261 53 200 0 
262 80 200 0 
263 90 200 0 
264 54 200 0 
265 53 200 0 
266 86 200 0 
267 52 200 0 
268 54 200 0 
269 55 200 0 
270 86 200 0 
271 53 200 0 
272 90 200 0 
273 81 200 0 
274 70 200 0 
275 54 200 0 
276 87 200 0 
277 88 200 0 
278 55 200 0 
279 69 200 0 
280 84 200 0 
281 79 200 0 
282 76 200 0 
283 75 200 0 
284 85 200 0 
285 51 200 0 
286 79 200 0 
287 77 200 0 
288 100 200 0 
289 61 200 0 
290 67 200 0 
291 76 200 0 
292 88 200 0 
293 74 200 0 
294 51 200 0 
295 54 200 0 
296 56 200 0 
297 61 200 0 
298 91 200 0 
299 67 200 0 
300 79 200 0 
301 57 200 0 
302 92 200 0 
303 73 200 0 
304 52 200 0 
305 62 200 0 
306 95 200 0 
307 72 200 0 
308 83 200 0 
309 80 200 0 
310 60 200 0 
311 87 200 0 
312 91 200 0 
313 88 200 0 
314 92 200 0 
315 75 200 0 
316 62 200 0 
317 78 200 0 
318 62 200 0 
319 80 200 0 
320 91 200 0 
321 64 200 0 
322 63 200 0 
323 79 200 0 
324 95 200 0 
325 91 200 0 
326 58 200 0 
327 83 200 0 
328 93 200 0 
329 98 200 0 
330 60 200 0 
331 84 200 0 
332 65 200 0 
333 71 200 0 
334 55 200 0 
335 66 200 0 
336 63 200 0 
337 78 200 0 
338 97 200 0 
339 83 200 0 
340 74 200 0 
341 75 200 0 
342 100 200 0 
343 95 200 0 
344 89 200 0 
345 91 200 0 
346 91 200 0 
347 84 200 0 
348 66 200 0 
349 61 200 0 
350 62 200 0 
351 52 200 0 
352 65 200 0 
353 62 200 0 
354 86 200 0 
355 88 200 0 
356 88 200 0 
357 57 200 0 
358 63 200 0 
359 86 200 0 
360 78 200 0 
361 54 200 0 
362 88 200 0 
363 96 200 0 
364 88 200 0 
365 59 200 0 
366 96 200 0 
367 73 200 0 
368 81 200 0 
369 95 200 0 
370 74 200 0 
371 81 200 0 
372 71 200 0 
373 81 200 0 
374 93 200 0 
375 97 200 0 
376 67 200 0 
377 71 200 0 
378 59 200 0 
379 80 200 0 
380 86 200 0 
381 87 200 0 
382 82 200 0 
383 53 200 0 
384 81 200 0 
385 89 200 0 
386 53 200 0 
387 54 200 0 
388 64 200 0 
389 83 200 0 
390 93 200 0 
391 64 200 0 
392 74 200 0 
393 51 200 0 
394 57 200 0 
395 64 200 0 
396 97 200 0 
397 88 200 0 
398 51 200 0 
399 72 200 0 
400 62 200 0 
401 61 200 0 
402 59 200 0 
403 73 200 0 
404 61 200 0 
405 59 200 0 
406 71 200 0 
407 90 200 0 
408 63 200 0 
409 88 200 0 
410 73 200 0 
411 57 200 0 
412 81 200 0 
413 51 200 0 
414 87 200 0 
415 84 200 0 
416 93 200 0 
417 54 200 0 
418 65 200 0 
419 95 200 0 
420 98 200 0 
421 83 200 0 
422 83 200 0 
423 61 200 0 
424 94 200 0 
425 88 200 0 
426 83 200 0 
427 68 200 0 
428 65 200 0 
429 78 200 0 
430 65 200 0 
431 87 200 0 
432 60 200 0 
433 52 200 0 
434 73 200 0 
435 87 200 0 
436 52 200 0 
437 75 200 0 
438 76 200 0 
439 65 200 0 
440 62 200 0 
441 82 200 0 
442 91 200 0 
443 77 200 0 
444 86 200 0 
445 52 200 0 
446 52 200 0 
447 90 200 0 
448 57 200 0 
449 100 200 0 
450 60 200 0 
451 95 200 0 
452 84 200 0 
453 74 200 0 
454 81 200 0 
455 63 200 0 
456 96 200 0 
457 96 200 0 
458 70 200 0 
459 52 200 0 
460 86 200 0 
461 56 200 0 
462 94 200 0 
463 83 200 0 
464 80 200 0 
465 74 200 0 
466 71 200 0 
467 65 200 0 
468 78 200 0 
469 100 200 0 
470 59 200 0 
471 53 200 0 
472 99 200 0 
473 72 200 0 
474 60 200 0 
475 70 200 0 
476 57 200 0 
477 93 200 0 
478 64 200 0 
479 56 200 0 
480 74 200 0 
481 98 200 0 
482 62 200 0 
483 58 200 0 
484 92 200 0 
485 79 200 0 
486 93 200 0 
487 96 200 0 
488 90 200 0 
489 85 200 0 
490 57 200 0 
491 80 200 0 
492 80 200 0 
493 52 200 0 
494 54 200 0 
495 66 200 0 
496 72 200 0 
497 64 200 0 
498 95 200 0 
499 70 200 0 
