NAME GBP_INSTANCES\prob_2_B_1_1_0.txt
COMMENT
BINTYPES 5
ITEMS 50
BINS_SECTIONS
0 60 60 0 52 
1 80 80 0 39 
2 100 100 0 31 
3 120 120 0 26 
4 150 150 0 21 
ITEMS_SECTIONS
0 26 200 0 
1 24 200 0 
2 54 200 0 
3 63 200 0 
4 69 200 0 
5 39 200 0 
6 54 200 0 
7 87 200 0 
8 75 200 0 
9 71 200 0 
10 95 200 0 
11 98 200 0 
12 81 200 0 
13 54 200 0 
14 40 200 0 
15 92 200 0 
16 46 200 0 
17 53 200 0 
18 88 200 0 
19 71 200 0 
20 49 200 0 
21 51 200 0 
22 56 200 0 
23 47 200 0 
24 96 200 0 
25 81 200 0 
26 89 200 0 
27 65 200 0 
28 54 200 0 
29 82 200 0 
30 28 200 0 
31 70 200 0 
32 35 200 0 
33 88 200 0 
34 46 200 0 
35 61 200 0 
36 52 200 0 
37 98 200 0 
38 85 200 0 
39 99 200 0 
40 88 200 0 
41 29 200 0 
42 80 200 0 
43 53 200 0 
44 31 200 0 
45 40 200 0 
46 24 200 0 
47 24 200 0 
48 50 200 0 
49 29 200 0 
