NAME GBP_INSTANCES\prob_2_B_3_2_0.txt
COMMENT
BINTYPES 5
ITEMS 200
BINS_SECTIONS
0 60 60 0 202 
1 80 80 0 151 
2 100 100 0 121 
3 120 120 0 101 
4 150 150 0 81 
ITEMS_SECTIONS
0 92 200 1
1 84 200 1
2 26 200 1
3 39 200 1
4 77 200 1
5 67 200 1
6 63 200 1
7 91 200 1
8 38 200 1
9 69 200 1
10 76 200 1
11 38 200 1
12 89 200 1
13 70 200 1
14 21 200 1
15 23 200 1
16 83 200 1
17 25 200 1
18 74 200 1
19 73 200 1
20 83 200 1
21 42 200 1
22 76 200 1
23 54 200 1
24 74 200 1
25 47 200 1
26 91 200 1
27 47 200 1
28 57 200 1
29 41 200 1
30 28 200 1
31 87 200 1
32 82 200 1
33 21 200 1
34 94 200 1
35 54 200 1
36 30 200 1
37 26 200 1
38 37 200 1
39 91 200 1
40 45 200 1
41 27 200 1
42 35 200 1
43 45 200 1
44 70 200 1
45 32 200 1
46 29 200 1
47 48 200 1
48 33 200 1
49 54 200 1
50 85 200 1
51 81 200 1
52 82 200 1
53 65 200 1
54 43 200 1
55 30 200 1
56 34 200 1
57 69 200 1
58 64 200 1
59 54 200 1
60 62 200 1
61 100 200 1
62 98 200 1
63 54 200 1
64 37 200 1
65 30 200 1
66 56 200 1
67 81 200 1
68 100 200 1
69 35 200 1
70 43 200 1
71 51 200 1
72 39 200 1
73 93 200 1
74 59 200 1
75 52 200 1
76 58 200 1
77 71 200 1
78 37 200 1
79 24 200 1
80 27 200 1
81 51 200 1
82 99 200 1
83 76 200 1
84 31 200 1
85 80 200 1
86 66 200 1
87 76 200 1
88 42 200 1
89 74 200 1
90 100 200 1
91 91 200 1
92 84 200 1
93 50 200 1
94 80 200 1
95 72 200 1
96 70 200 1
97 48 200 1
98 59 200 1
99 53 200 1
100 56 200 1
101 74 200 1
102 50 200 1
103 42 200 1
104 78 200 1
105 64 200 1
106 53 200 1
107 83 200 1
108 77 200 1
109 51 200 1
110 86 200 1
111 63 200 1
112 46 200 1
113 48 200 1
114 81 200 1
115 75 200 1
116 26 200 1
117 58 200 1
118 72 200 1
119 87 200 1
120 66 200 1
121 71 200 1
122 43 200 1
123 67 200 1
124 34 200 1
125 29 200 1
126 89 200 1
127 38 200 1
128 31 200 1
129 43 200 1
130 45 200 1
131 69 200 1
132 84 200 1
133 28 200 1
134 22 200 1
135 23 200 1
136 37 200 1
137 82 200 1
138 41 200 1
139 88 200 1
140 85 200 1
141 67 200 1
142 48 200 1
143 86 200 1
144 51 200 1
145 24 200 1
146 32 200 1
147 100 200 1
148 21 200 1
149 42 200 1
150 66 200 1
151 84 200 1
152 49 200 1
153 97 200 1
154 95 200 1
155 57 200 1
156 80 200 1
157 87 200 1
158 79 200 1
159 55 200 1
160 69 200 1
161 88 200 1
162 76 200 1
163 77 200 1
164 64 200 1
165 93 200 1
166 83 200 1
167 78 200 1
168 89 200 1
169 77 200 1
170 81 200 1
171 28 200 1
172 61 200 1
173 41 200 1
174 38 200 1
175 61 200 1
176 58 200 1
177 68 200 1
178 73 200 1
179 23 200 1
180 67 200 1
181 58 200 1
182 51 200 1
183 56 200 1
184 72 200 1
185 56 200 1
186 94 200 1
187 63 200 1
188 89 200 1
189 98 200 1
190 81 200 1
191 35 200 1
192 68 200 1
193 43 200 1
194 90 200 1
195 29 200 1
196 59 200 1
197 50 200 1
198 35 200 1
199 21 200 1
