NAME GBP_INSTANCES\prob_3_A_4_7_0.txt
COMMENT
BINTYPES 3
ITEMS 500
BINS_SECTIONS
0 100 100 0 378 
1 120 120 0 315 
2 150 150 0 252 
ITEMS_SECTIONS
0 58 200 1
1 69 200 1
2 52 200 1
3 98 200 1
4 74 200 1
5 77 200 1
6 67 200 1
7 100 200 1
8 89 200 1
9 91 200 1
10 80 200 1
11 90 200 1
12 55 200 1
13 97 200 1
14 95 200 1
15 79 200 1
16 64 200 1
17 66 200 1
18 68 200 1
19 51 200 1
20 96 200 1
21 75 200 1
22 84 200 1
23 57 200 1
24 55 200 1
25 56 200 1
26 74 200 1
27 99 200 1
28 66 200 1
29 86 200 1
30 74 200 1
31 87 200 1
32 76 200 1
33 83 200 1
34 76 200 1
35 99 200 1
36 85 200 1
37 85 200 1
38 71 200 1
39 76 200 1
40 68 200 1
41 70 200 1
42 73 200 1
43 77 200 1
44 80 200 1
45 86 200 1
46 94 200 1
47 71 200 1
48 84 200 1
49 61 200 1
50 83 200 1
51 62 200 1
52 84 200 1
53 60 200 1
54 73 200 1
55 51 200 1
56 52 200 1
57 100 200 1
58 84 200 1
59 91 200 1
60 82 200 1
61 53 200 1
62 82 200 1
63 94 200 1
64 54 200 1
65 86 200 1
66 96 200 1
67 85 200 1
68 53 200 1
69 74 200 1
70 74 200 1
71 65 200 1
72 75 200 1
73 91 200 1
74 61 200 1
75 92 200 1
76 99 200 1
77 99 200 1
78 53 200 1
79 67 200 1
80 68 200 1
81 54 200 1
82 65 200 1
83 53 200 1
84 71 200 1
85 96 200 1
86 90 200 1
87 64 200 1
88 94 200 1
89 85 200 1
90 51 200 1
91 83 200 1
92 94 200 1
93 65 200 1
94 94 200 1
95 72 200 1
96 70 200 1
97 96 200 1
98 81 200 1
99 68 200 1
100 75 200 1
101 54 200 1
102 59 200 1
103 71 200 1
104 100 200 1
105 91 200 1
106 85 200 1
107 89 200 1
108 64 200 1
109 86 200 1
110 68 200 1
111 80 200 1
112 57 200 1
113 90 200 1
114 64 200 1
115 58 200 1
116 55 200 1
117 58 200 1
118 87 200 1
119 58 200 1
120 57 200 1
121 52 200 1
122 73 200 1
123 74 200 1
124 79 200 1
125 61 200 1
126 51 200 1
127 68 200 1
128 75 200 1
129 85 200 1
130 61 200 1
131 53 200 1
132 97 200 1
133 65 200 1
134 93 200 1
135 64 200 1
136 54 200 1
137 63 200 1
138 97 200 1
139 64 200 1
140 79 200 1
141 74 200 1
142 74 200 1
143 91 200 1
144 63 200 1
145 67 200 1
146 90 200 1
147 51 200 1
148 80 200 1
149 100 200 1
150 99 200 1
151 63 200 1
152 91 200 1
153 93 200 1
154 56 200 1
155 59 200 1
156 64 200 1
157 59 200 1
158 77 200 1
159 98 200 1
160 94 200 1
161 80 200 1
162 79 200 1
163 87 200 1
164 64 200 1
165 76 200 1
166 79 200 1
167 83 200 1
168 77 200 1
169 52 200 1
170 59 200 1
171 57 200 1
172 92 200 1
173 71 200 1
174 89 200 1
175 100 200 1
176 73 200 1
177 91 200 1
178 65 200 1
179 51 200 1
180 90 200 1
181 58 200 1
182 97 200 1
183 75 200 1
184 70 200 1
185 59 200 1
186 69 200 1
187 71 200 1
188 72 200 1
189 56 200 1
190 84 200 1
191 93 200 1
192 75 200 1
193 62 200 1
194 85 200 1
195 59 200 1
196 68 200 1
197 86 200 1
198 56 200 1
199 82 200 1
200 76 200 1
201 61 200 1
202 95 200 1
203 98 200 1
204 54 200 1
205 67 200 1
206 67 200 1
207 71 200 1
208 95 200 1
209 68 200 1
210 71 200 1
211 69 200 1
212 77 200 1
213 94 200 1
214 89 200 1
215 58 200 1
216 89 200 1
217 53 200 1
218 90 200 1
219 87 200 1
220 78 200 1
221 82 200 1
222 71 200 1
223 52 200 1
224 88 200 1
225 67 200 1
226 93 200 1
227 51 200 1
228 52 200 1
229 75 200 1
230 51 200 1
231 85 200 1
232 86 200 1
233 95 200 1
234 89 200 1
235 60 200 1
236 62 200 1
237 77 200 1
238 99 200 1
239 89 200 1
240 64 200 1
241 64 200 1
242 52 200 1
243 56 200 1
244 83 200 1
245 53 200 1
246 67 200 1
247 94 200 1
248 70 200 1
249 82 200 1
250 60 200 1
251 77 200 1
252 52 200 1
253 92 200 1
254 71 200 1
255 94 200 1
256 80 200 1
257 86 200 1
258 77 200 1
259 86 200 1
260 55 200 1
261 100 200 1
262 74 200 1
263 82 200 1
264 64 200 1
265 64 200 1
266 88 200 1
267 59 200 1
268 61 200 1
269 100 200 1
270 62 200 1
271 53 200 1
272 86 200 1
273 96 200 1
274 64 200 1
275 58 200 1
276 96 200 1
277 57 200 1
278 62 200 1
279 81 200 1
280 55 200 1
281 61 200 1
282 79 200 1
283 53 200 1
284 65 200 1
285 74 200 1
286 53 200 1
287 51 200 1
288 67 200 1
289 65 200 1
290 72 200 1
291 79 200 1
292 66 200 1
293 100 200 1
294 72 200 1
295 78 200 1
296 89 200 1
297 85 200 1
298 97 200 1
299 52 200 1
300 96 200 1
301 61 200 1
302 68 200 1
303 81 200 1
304 90 200 1
305 87 200 1
306 70 200 1
307 60 200 1
308 54 200 1
309 61 200 1
310 88 200 1
311 83 200 1
312 63 200 1
313 57 200 1
314 60 200 1
315 67 200 1
316 85 200 1
317 95 200 1
318 72 200 1
319 74 200 1
320 92 200 1
321 53 200 1
322 74 200 1
323 88 200 1
324 71 200 1
325 94 200 1
326 80 200 1
327 98 200 1
328 67 200 1
329 77 200 1
330 83 200 1
331 89 200 1
332 59 200 1
333 69 200 1
334 65 200 1
335 58 200 1
336 80 200 1
337 64 200 1
338 97 200 1
339 93 200 1
340 93 200 1
341 96 200 1
342 97 200 1
343 85 200 1
344 83 200 1
345 92 200 1
346 75 200 1
347 65 200 1
348 80 200 1
349 52 200 1
350 71 200 1
351 82 200 1
352 70 200 1
353 55 200 1
354 89 200 1
355 64 200 1
356 55 200 1
357 77 200 1
358 65 200 1
359 84 200 1
360 73 200 1
361 65 200 1
362 76 200 1
363 61 200 1
364 91 200 1
365 59 200 1
366 88 200 1
367 84 200 1
368 84 200 1
369 60 200 1
370 83 200 1
371 76 200 1
372 97 200 1
373 76 200 1
374 76 200 1
375 85 200 1
376 79 200 1
377 93 200 1
378 58 200 1
379 85 200 1
380 63 200 1
381 69 200 1
382 77 200 1
383 60 200 1
384 90 200 1
385 82 200 1
386 86 200 1
387 99 200 1
388 53 200 1
389 79 200 1
390 83 200 1
391 93 200 1
392 60 200 1
393 78 200 1
394 64 200 1
395 53 200 1
396 83 200 1
397 96 200 1
398 57 200 1
399 80 200 1
400 100 200 1
401 61 200 1
402 76 200 1
403 74 200 1
404 100 200 1
405 91 200 1
406 97 200 1
407 100 200 1
408 89 200 1
409 93 200 1
410 54 200 1
411 58 200 1
412 100 200 1
413 54 200 1
414 52 200 1
415 61 200 1
416 62 200 1
417 96 200 1
418 93 200 1
419 77 200 1
420 96 200 1
421 55 200 1
422 75 200 1
423 52 200 1
424 100 200 1
425 51 200 1
426 98 200 1
427 91 200 1
428 71 200 1
429 77 200 1
430 79 200 1
431 81 200 1
432 54 200 1
433 59 200 1
434 85 200 1
435 91 200 1
436 82 200 1
437 65 200 1
438 70 200 1
439 66 200 1
440 74 200 1
441 77 200 1
442 69 200 1
443 56 200 1
444 53 200 1
445 91 200 1
446 96 200 1
447 54 200 1
448 74 200 1
449 67 200 1
450 100 200 1
451 74 200 1
452 66 200 1
453 93 200 1
454 69 200 1
455 53 200 1
456 91 200 1
457 72 200 1
458 88 200 1
459 93 200 1
460 93 200 1
461 78 200 1
462 95 200 1
463 91 200 1
464 91 200 1
465 100 200 1
466 80 200 1
467 77 200 1
468 74 200 1
469 99 200 1
470 90 200 1
471 83 200 1
472 68 200 1
473 87 200 1
474 69 200 1
475 93 200 1
476 81 200 1
477 96 200 1
478 94 200 1
479 76 200 1
480 83 200 1
481 69 200 1
482 57 200 1
483 60 200 1
484 90 200 1
485 58 200 1
486 76 200 1
487 56 200 1
488 55 200 1
489 85 200 1
490 57 200 1
491 69 200 1
492 83 200 1
493 52 200 1
494 83 200 1
495 80 200 1
496 84 200 1
497 86 200 1
498 92 200 1
499 69 200 1
