NAME GBP_INSTANCES\prob_2_A_2_7_0.txt
COMMENT
BINTYPES 3
ITEMS 100
BINS_SECTIONS
0 100 100 0 59 
1 120 120 0 49 
2 150 150 0 40 
ITEMS_SECTIONS
0 68 200 1
1 92 200 1
2 83 200 1
3 69 200 1
4 71 200 1
5 72 200 1
6 59 200 1
7 28 200 1
8 71 200 1
9 76 200 1
10 55 200 1
11 74 200 1
12 35 200 1
13 84 200 1
14 87 200 1
15 90 200 1
16 81 200 1
17 71 200 1
18 53 200 1
19 44 200 1
20 55 200 1
21 88 200 1
22 32 200 1
23 21 200 1
24 31 200 1
25 57 200 1
26 38 200 1
27 38 200 1
28 91 200 1
29 65 200 1
30 73 200 1
31 98 200 1
32 96 200 1
33 30 200 1
34 96 200 1
35 21 200 1
36 47 200 1
37 78 200 1
38 50 200 1
39 21 200 1
40 82 200 1
41 23 200 1
42 46 200 1
43 37 200 1
44 58 200 1
45 25 200 1
46 28 200 1
47 59 200 1
48 74 200 1
49 72 200 1
50 82 200 1
51 23 200 1
52 63 200 1
53 65 200 1
54 52 200 1
55 76 200 1
56 38 200 1
57 56 200 1
58 41 200 1
59 36 200 1
60 80 200 1
61 27 200 1
62 51 200 1
63 99 200 1
64 55 200 1
65 42 200 1
66 24 200 1
67 45 200 1
68 73 200 1
69 61 200 1
70 56 200 1
71 36 200 1
72 64 200 1
73 32 200 1
74 45 200 1
75 66 200 1
76 53 200 1
77 22 200 1
78 78 200 1
79 75 200 1
80 71 200 1
81 39 200 1
82 71 200 1
83 86 200 1
84 78 200 1
85 21 200 1
86 71 200 1
87 57 200 1
88 34 200 1
89 57 200 1
90 50 200 1
91 98 200 1
92 97 200 1
93 34 200 1
94 29 200 1
95 91 200 1
96 53 200 1
97 43 200 1
98 93 200 1
99 92 200 1
