NAME GBP_INSTANCES\prob_1_B_1_2_0.txt
COMMENT
BINTYPES 5
ITEMS 50
BINS_SECTIONS
0 60 60 0 40 
1 80 80 0 30 
2 100 100 0 24 
3 120 120 0 20 
4 150 150 0 16 
ITEMS_SECTIONS
0 5 200 0 
1 74 200 0 
2 16 200 0 
3 73 200 0 
4 47 200 0 
5 48 200 0 
6 26 200 0 
7 4 200 0 
8 91 200 0 
9 73 200 0 
10 38 200 0 
11 70 200 0 
12 90 200 0 
13 10 200 0 
14 14 200 0 
15 64 200 0 
16 27 200 0 
17 18 200 0 
18 34 200 0 
19 33 200 0 
20 92 200 0 
21 84 200 0 
22 52 200 0 
23 58 200 0 
24 25 200 0 
25 40 200 0 
26 41 200 0 
27 37 200 0 
28 65 200 0 
29 15 200 0 
30 77 200 0 
31 70 200 0 
32 59 200 0 
33 6 200 0 
34 66 200 0 
35 11 200 0 
36 74 200 0 
37 3 200 0 
38 50 200 0 
39 90 200 0 
40 64 200 0 
41 48 200 0 
42 96 200 0 
43 88 200 0 
44 31 200 0 
45 65 200 0 
46 15 200 0 
47 35 200 0 
48 31 200 0 
49 49 200 0 
