NAME GBP_INSTANCES\prob_3_B_3_5_0.txt
COMMENT
BINTYPES 5
ITEMS 200
BINS_SECTIONS
0 60 60 0 251 
1 80 80 0 189 
2 100 100 0 151 
3 120 120 0 126 
4 150 150 0 101 
ITEMS_SECTIONS
0 65 200 0 
1 86 200 0 
2 99 200 0 
3 92 200 0 
4 94 200 0 
5 80 200 0 
6 97 200 0 
7 98 200 0 
8 72 200 0 
9 58 200 0 
10 73 200 0 
11 60 200 0 
12 96 200 0 
13 89 200 0 
14 71 200 0 
15 70 200 0 
16 72 200 0 
17 78 200 0 
18 87 200 0 
19 93 200 0 
20 90 200 0 
21 67 200 0 
22 59 200 0 
23 62 200 0 
24 55 200 0 
25 64 200 0 
26 81 200 0 
27 64 200 0 
28 87 200 0 
29 73 200 0 
30 94 200 0 
31 97 200 0 
32 67 200 0 
33 100 200 0 
34 66 200 0 
35 53 200 0 
36 92 200 0 
37 76 200 0 
38 80 200 0 
39 90 200 0 
40 92 200 0 
41 65 200 0 
42 70 200 0 
43 88 200 0 
44 82 200 0 
45 91 200 0 
46 51 200 0 
47 62 200 0 
48 84 200 0 
49 74 200 0 
50 63 200 0 
51 98 200 0 
52 82 200 0 
53 79 200 0 
54 77 200 0 
55 84 200 0 
56 87 200 0 
57 94 200 0 
58 92 200 0 
59 88 200 0 
60 87 200 0 
61 73 200 0 
62 61 200 0 
63 83 200 0 
64 100 200 0 
65 74 200 0 
66 92 200 0 
67 83 200 0 
68 68 200 0 
69 67 200 0 
70 82 200 0 
71 73 200 0 
72 87 200 0 
73 96 200 0 
74 57 200 0 
75 86 200 0 
76 83 200 0 
77 76 200 0 
78 77 200 0 
79 96 200 0 
80 77 200 0 
81 95 200 0 
82 96 200 0 
83 59 200 0 
84 77 200 0 
85 68 200 0 
86 77 200 0 
87 91 200 0 
88 67 200 0 
89 97 200 0 
90 81 200 0 
91 78 200 0 
92 72 200 0 
93 56 200 0 
94 76 200 0 
95 72 200 0 
96 56 200 0 
97 75 200 0 
98 97 200 0 
99 91 200 0 
100 55 200 0 
101 69 200 0 
102 97 200 0 
103 87 200 0 
104 81 200 0 
105 74 200 0 
106 75 200 0 
107 62 200 0 
108 62 200 0 
109 84 200 0 
110 57 200 0 
111 84 200 0 
112 98 200 0 
113 58 200 0 
114 81 200 0 
115 75 200 0 
116 51 200 0 
117 82 200 0 
118 66 200 0 
119 51 200 0 
120 51 200 0 
121 70 200 0 
122 90 200 0 
123 55 200 0 
124 71 200 0 
125 69 200 0 
126 81 200 0 
127 77 200 0 
128 85 200 0 
129 67 200 0 
130 51 200 0 
131 63 200 0 
132 72 200 0 
133 66 200 0 
134 95 200 0 
135 77 200 0 
136 60 200 0 
137 66 200 0 
138 61 200 0 
139 57 200 0 
140 64 200 0 
141 72 200 0 
142 70 200 0 
143 89 200 0 
144 53 200 0 
145 70 200 0 
146 63 200 0 
147 73 200 0 
148 67 200 0 
149 90 200 0 
150 73 200 0 
151 87 200 0 
152 52 200 0 
153 99 200 0 
154 54 200 0 
155 74 200 0 
156 51 200 0 
157 78 200 0 
158 95 200 0 
159 66 200 0 
160 98 200 0 
161 51 200 0 
162 74 200 0 
163 65 200 0 
164 76 200 0 
165 59 200 0 
166 66 200 0 
167 95 200 0 
168 69 200 0 
169 79 200 0 
170 53 200 0 
171 86 200 0 
172 74 200 0 
173 63 200 0 
174 71 200 0 
175 83 200 0 
176 59 200 0 
177 80 200 0 
178 84 200 0 
179 58 200 0 
180 72 200 0 
181 76 200 0 
182 53 200 0 
183 77 200 0 
184 99 200 0 
185 62 200 0 
186 59 200 0 
187 66 200 0 
188 61 200 0 
189 65 200 0 
190 56 200 0 
191 62 200 0 
192 69 200 0 
193 75 200 0 
194 82 200 0 
195 96 200 0 
196 57 200 0 
197 67 200 0 
198 76 200 0 
199 94 200 0 
