NAME GBP_INSTANCES\prob_3_A_1_6_0.txt
COMMENT
BINTYPES 3
ITEMS 50
BINS_SECTIONS
0 100 100 0 38 
1 120 120 0 32 
2 150 150 0 26 
ITEMS_SECTIONS
0 73 200 0 
1 88 200 0 
2 98 200 0 
3 81 200 0 
4 84 200 0 
5 54 200 0 
6 88 200 0 
7 60 200 0 
8 97 200 0 
9 74 200 0 
10 52 200 0 
11 69 200 0 
12 80 200 0 
13 68 200 0 
14 78 200 0 
15 70 200 0 
16 89 200 0 
17 95 200 0 
18 69 200 0 
19 73 200 0 
20 96 200 0 
21 92 200 0 
22 74 200 0 
23 78 200 0 
24 72 200 0 
25 52 200 0 
26 57 200 0 
27 75 200 0 
28 65 200 0 
29 100 200 0 
30 97 200 0 
31 99 200 0 
32 58 200 0 
33 99 200 0 
34 75 200 0 
35 52 200 0 
36 51 200 0 
37 85 200 0 
38 91 200 0 
39 89 200 0 
40 85 200 0 
41 62 200 0 
42 64 200 0 
43 85 200 0 
44 67 200 0 
45 65 200 0 
46 57 200 0 
47 69 200 0 
48 60 200 0 
49 72 200 0 
