NAME GBP_INSTANCES\prob_2_A_2_9_0.txt
COMMENT
BINTYPES 3
ITEMS 100
BINS_SECTIONS
0 100 100 0 61 
1 120 120 0 51 
2 150 150 0 41 
ITEMS_SECTIONS
0 67 200 0 
1 25 200 0 
2 82 200 0 
3 89 200 0 
4 69 200 0 
5 33 200 0 
6 55 200 0 
7 76 200 0 
8 26 200 0 
9 69 200 0 
10 77 200 0 
11 50 200 0 
12 32 200 0 
13 69 200 0 
14 67 200 0 
15 34 200 0 
16 92 200 0 
17 80 200 0 
18 42 200 0 
19 44 200 0 
20 30 200 0 
21 48 200 0 
22 77 200 0 
23 45 200 0 
24 73 200 0 
25 34 200 0 
26 77 200 0 
27 48 200 0 
28 70 200 0 
29 85 200 0 
30 27 200 0 
31 25 200 0 
32 56 200 0 
33 28 200 0 
34 53 200 0 
35 65 200 0 
36 49 200 0 
37 93 200 0 
38 79 200 0 
39 40 200 0 
40 23 200 0 
41 82 200 0 
42 85 200 0 
43 88 200 0 
44 38 200 0 
45 47 200 0 
46 43 200 0 
47 55 200 0 
48 90 200 0 
49 63 200 0 
50 44 200 0 
51 97 200 0 
52 79 200 0 
53 38 200 0 
54 92 200 0 
55 97 200 0 
56 97 200 0 
57 32 200 0 
58 98 200 0 
59 86 200 0 
60 55 200 0 
61 35 200 0 
62 86 200 0 
63 63 200 0 
64 77 200 0 
65 61 200 0 
66 39 200 0 
67 34 200 0 
68 25 200 0 
69 79 200 0 
70 25 200 0 
71 25 200 0 
72 63 200 0 
73 80 200 0 
74 46 200 0 
75 79 200 0 
76 70 200 0 
77 27 200 0 
78 79 200 0 
79 96 200 0 
80 49 200 0 
81 81 200 0 
82 72 200 0 
83 66 200 0 
84 54 200 0 
85 46 200 0 
86 53 200 0 
87 77 200 0 
88 29 200 0 
89 22 200 0 
90 24 200 0 
91 98 200 0 
92 87 200 0 
93 94 200 0 
94 44 200 0 
95 21 200 0 
96 91 200 0 
97 85 200 0 
98 95 200 0 
99 69 200 0 
