NAME GBP_INSTANCES\prob_2_B_3_8_0.txt
COMMENT
BINTYPES 5
ITEMS 200
BINS_SECTIONS
0 60 60 0 198 
1 80 80 0 148 
2 100 100 0 119 
3 120 120 0 99 
4 150 150 0 79 
ITEMS_SECTIONS
0 23 200 1
1 53 200 1
2 25 200 1
3 29 200 1
4 22 200 1
5 39 200 1
6 70 200 1
7 97 200 1
8 27 200 1
9 25 200 1
10 97 200 1
11 86 200 1
12 52 200 1
13 51 200 1
14 84 200 1
15 92 200 1
16 79 200 1
17 58 200 1
18 66 200 1
19 27 200 1
20 25 200 1
21 98 200 1
22 48 200 1
23 68 200 1
24 42 200 1
25 41 200 1
26 21 200 1
27 22 200 1
28 30 200 1
29 40 200 1
30 72 200 1
31 56 200 1
32 50 200 1
33 33 200 1
34 77 200 1
35 77 200 1
36 25 200 1
37 25 200 1
38 87 200 1
39 46 200 1
40 85 200 1
41 49 200 1
42 82 200 1
43 43 200 1
44 52 200 1
45 52 200 1
46 65 200 1
47 40 200 1
48 27 200 1
49 33 200 1
50 32 200 1
51 41 200 1
52 42 200 1
53 39 200 1
54 73 200 1
55 62 200 1
56 92 200 1
57 28 200 1
58 78 200 1
59 54 200 1
60 92 200 1
61 86 200 1
62 73 200 1
63 40 200 1
64 65 200 1
65 49 200 1
66 45 200 1
67 94 200 1
68 84 200 1
69 45 200 1
70 35 200 1
71 29 200 1
72 38 200 1
73 68 200 1
74 60 200 1
75 91 200 1
76 27 200 1
77 80 200 1
78 38 200 1
79 72 200 1
80 100 200 1
81 36 200 1
82 45 200 1
83 39 200 1
84 55 200 1
85 61 200 1
86 47 200 1
87 90 200 1
88 96 200 1
89 81 200 1
90 89 200 1
91 29 200 1
92 26 200 1
93 21 200 1
94 69 200 1
95 39 200 1
96 96 200 1
97 29 200 1
98 82 200 1
99 53 200 1
100 64 200 1
101 89 200 1
102 68 200 1
103 96 200 1
104 59 200 1
105 70 200 1
106 63 200 1
107 95 200 1
108 57 200 1
109 54 200 1
110 27 200 1
111 82 200 1
112 36 200 1
113 89 200 1
114 77 200 1
115 79 200 1
116 98 200 1
117 68 200 1
118 83 200 1
119 27 200 1
120 56 200 1
121 79 200 1
122 25 200 1
123 96 200 1
124 41 200 1
125 34 200 1
126 82 200 1
127 50 200 1
128 72 200 1
129 93 200 1
130 57 200 1
131 95 200 1
132 87 200 1
133 57 200 1
134 98 200 1
135 28 200 1
136 59 200 1
137 67 200 1
138 79 200 1
139 88 200 1
140 77 200 1
141 37 200 1
142 54 200 1
143 91 200 1
144 32 200 1
145 84 200 1
146 57 200 1
147 65 200 1
148 59 200 1
149 32 200 1
150 50 200 1
151 36 200 1
152 34 200 1
153 92 200 1
154 54 200 1
155 91 200 1
156 40 200 1
157 66 200 1
158 52 200 1
159 39 200 1
160 55 200 1
161 63 200 1
162 37 200 1
163 47 200 1
164 50 200 1
165 72 200 1
166 35 200 1
167 51 200 1
168 88 200 1
169 23 200 1
170 57 200 1
171 31 200 1
172 41 200 1
173 84 200 1
174 57 200 1
175 88 200 1
176 99 200 1
177 99 200 1
178 29 200 1
179 68 200 1
180 89 200 1
181 72 200 1
182 59 200 1
183 86 200 1
184 65 200 1
185 53 200 1
186 61 200 1
187 98 200 1
188 26 200 1
189 43 200 1
190 76 200 1
191 98 200 1
192 88 200 1
193 34 200 1
194 47 200 1
195 67 200 1
196 31 200 1
197 89 200 1
198 27 200 1
199 39 200 1
