NAME GBP_INSTANCES\prob_2_A_2_6_0.txt
COMMENT
BINTYPES 3
ITEMS 100
BINS_SECTIONS
0 100 100 0 62 
1 120 120 0 52 
2 150 150 0 41 
ITEMS_SECTIONS
0 98 200 1
1 60 200 1
2 83 200 1
3 43 200 1
4 61 200 1
5 50 200 1
6 52 200 1
7 56 200 1
8 40 200 1
9 33 200 1
10 93 200 1
11 82 200 1
12 57 200 1
13 67 200 1
14 49 200 1
15 88 200 1
16 88 200 1
17 72 200 1
18 86 200 1
19 88 200 1
20 76 200 1
21 69 200 1
22 45 200 1
23 38 200 1
24 46 200 1
25 37 200 1
26 28 200 1
27 77 200 1
28 74 200 1
29 29 200 1
30 100 200 1
31 51 200 1
32 82 200 1
33 46 200 1
34 95 200 1
35 53 200 1
36 83 200 1
37 57 200 1
38 63 200 1
39 87 200 1
40 37 200 1
41 79 200 1
42 88 200 1
43 51 200 1
44 41 200 1
45 55 200 1
46 24 200 1
47 56 200 1
48 80 200 1
49 88 200 1
50 37 200 1
51 43 200 1
52 74 200 1
53 48 200 1
54 26 200 1
55 66 200 1
56 75 200 1
57 67 200 1
58 75 200 1
59 46 200 1
60 70 200 1
61 65 200 1
62 23 200 1
63 57 200 1
64 61 200 1
65 59 200 1
66 65 200 1
67 87 200 1
68 21 200 1
69 40 200 1
70 56 200 1
71 30 200 1
72 77 200 1
73 43 200 1
74 91 200 1
75 47 200 1
76 51 200 1
77 80 200 1
78 99 200 1
79 57 200 1
80 59 200 1
81 87 200 1
82 67 200 1
83 89 200 1
84 25 200 1
85 24 200 1
86 68 200 1
87 95 200 1
88 48 200 1
89 48 200 1
90 48 200 1
91 84 200 1
92 35 200 1
93 88 200 1
94 41 200 1
95 54 200 1
96 68 200 1
97 32 200 1
98 57 200 1
99 96 200 1
