NAME GBP_INSTANCES\prob_2_B_1_2_0.txt
COMMENT
BINTYPES 5
ITEMS 50
BINS_SECTIONS
0 60 60 0 48 
1 80 80 0 36 
2 100 100 0 29 
3 120 120 0 24 
4 150 150 0 20 
ITEMS_SECTIONS
0 95 200 1
1 33 200 1
2 81 200 1
3 46 200 1
4 47 200 1
5 89 200 1
6 25 200 1
7 81 200 1
8 33 200 1
9 89 200 1
10 49 200 1
11 40 200 1
12 42 200 1
13 41 200 1
14 38 200 1
15 94 200 1
16 35 200 1
17 49 200 1
18 66 200 1
19 80 200 1
20 61 200 1
21 74 200 1
22 43 200 1
23 51 200 1
24 23 200 1
25 38 200 1
26 27 200 1
27 88 200 1
28 61 200 1
29 35 200 1
30 66 200 1
31 40 200 1
32 91 200 1
33 22 200 1
34 95 200 1
35 96 200 1
36 45 200 1
37 30 200 1
38 36 200 1
39 70 200 1
40 63 200 1
41 29 200 1
42 78 200 1
43 38 200 1
44 97 200 1
45 91 200 1
46 70 200 1
47 79 200 1
48 22 200 1
49 67 200 1
