NAME GBP_INSTANCES\prob_1_B_3_3_0.txt
COMMENT
BINTYPES 5
ITEMS 200
BINS_SECTIONS
0 60 60 0 183 
1 80 80 0 138 
2 100 100 0 110 
3 120 120 0 92 
4 150 150 0 74 
ITEMS_SECTIONS
0 80 200 0 
1 20 200 0 
2 37 200 0 
3 90 200 0 
4 55 200 0 
5 53 200 0 
6 83 200 0 
7 78 200 0 
8 2 200 0 
9 83 200 0 
10 3 200 0 
11 9 200 0 
12 91 200 0 
13 99 200 0 
14 52 200 0 
15 9 200 0 
16 16 200 0 
17 26 200 0 
18 6 200 0 
19 88 200 0 
20 66 200 0 
21 31 200 0 
22 40 200 0 
23 83 200 0 
24 89 200 0 
25 35 200 0 
26 54 200 0 
27 82 200 0 
28 13 200 0 
29 24 200 0 
30 64 200 0 
31 55 200 0 
32 49 200 0 
33 84 200 0 
34 71 200 0 
35 20 200 0 
36 54 200 0 
37 60 200 0 
38 55 200 0 
39 90 200 0 
40 63 200 0 
41 50 200 0 
42 82 200 0 
43 37 200 0 
44 75 200 0 
45 53 200 0 
46 83 200 0 
47 74 200 0 
48 7 200 0 
49 59 200 0 
50 90 200 0 
51 56 200 0 
52 87 200 0 
53 22 200 0 
54 83 200 0 
55 50 200 0 
56 21 200 0 
57 82 200 0 
58 46 200 0 
59 92 200 0 
60 77 200 0 
61 99 200 0 
62 66 200 0 
63 97 200 0 
64 52 200 0 
65 55 200 0 
66 97 200 0 
67 4 200 0 
68 44 200 0 
69 73 200 0 
70 9 200 0 
71 54 200 0 
72 89 200 0 
73 43 200 0 
74 31 200 0 
75 75 200 0 
76 23 200 0 
77 69 200 0 
78 43 200 0 
79 65 200 0 
80 76 200 0 
81 45 200 0 
82 97 200 0 
83 43 200 0 
84 99 200 0 
85 74 200 0 
86 27 200 0 
87 77 200 0 
88 20 200 0 
89 32 200 0 
90 32 200 0 
91 53 200 0 
92 8 200 0 
93 91 200 0 
94 2 200 0 
95 70 200 0 
96 83 200 0 
97 18 200 0 
98 52 200 0 
99 62 200 0 
100 18 200 0 
101 36 200 0 
102 40 200 0 
103 16 200 0 
104 67 200 0 
105 81 200 0 
106 48 200 0 
107 70 200 0 
108 8 200 0 
109 63 200 0 
110 78 200 0 
111 92 200 0 
112 78 200 0 
113 11 200 0 
114 64 200 0 
115 97 200 0 
116 32 200 0 
117 48 200 0 
118 39 200 0 
119 20 200 0 
120 84 200 0 
121 92 200 0 
122 61 200 0 
123 90 200 0 
124 64 200 0 
125 82 200 0 
126 41 200 0 
127 39 200 0 
128 57 200 0 
129 44 200 0 
130 69 200 0 
131 71 200 0 
132 39 200 0 
133 26 200 0 
134 92 200 0 
135 34 200 0 
136 6 200 0 
137 70 200 0 
138 30 200 0 
139 28 200 0 
140 74 200 0 
141 85 200 0 
142 81 200 0 
143 79 200 0 
144 90 200 0 
145 68 200 0 
146 22 200 0 
147 28 200 0 
148 84 200 0 
149 39 200 0 
150 37 200 0 
151 37 200 0 
152 34 200 0 
153 63 200 0 
154 76 200 0 
155 89 200 0 
156 77 200 0 
157 87 200 0 
158 98 200 0 
159 82 200 0 
160 12 200 0 
161 88 200 0 
162 81 200 0 
163 71 200 0 
164 47 200 0 
165 55 200 0 
166 58 200 0 
167 74 200 0 
168 33 200 0 
169 97 200 0 
170 70 200 0 
171 11 200 0 
172 41 200 0 
173 18 200 0 
174 91 200 0 
175 57 200 0 
176 9 200 0 
177 15 200 0 
178 2 200 0 
179 2 200 0 
180 30 200 0 
181 75 200 0 
182 84 200 0 
183 100 200 0 
184 9 200 0 
185 22 200 0 
186 21 200 0 
187 94 200 0 
188 51 200 0 
189 58 200 0 
190 39 200 0 
191 85 200 0 
192 6 200 0 
193 89 200 0 
194 17 200 0 
195 56 200 0 
196 48 200 0 
197 71 200 0 
198 72 200 0 
199 14 200 0 
