NAME GBP_INSTANCES\prob_3_B_1_6_0.txt
COMMENT
BINTYPES 5
ITEMS 50
BINS_SECTIONS
0 60 60 0 64 
1 80 80 0 48 
2 100 100 0 39 
3 120 120 0 32 
4 150 150 0 26 
ITEMS_SECTIONS
0 61 200 0 
1 93 200 0 
2 57 200 0 
3 79 200 0 
4 90 200 0 
5 72 200 0 
6 63 200 0 
7 98 200 0 
8 75 200 0 
9 67 200 0 
10 84 200 0 
11 70 200 0 
12 77 200 0 
13 90 200 0 
14 77 200 0 
15 79 200 0 
16 59 200 0 
17 86 200 0 
18 56 200 0 
19 98 200 0 
20 59 200 0 
21 74 200 0 
22 86 200 0 
23 89 200 0 
24 57 200 0 
25 86 200 0 
26 68 200 0 
27 93 200 0 
28 87 200 0 
29 69 200 0 
30 52 200 0 
31 78 200 0 
32 83 200 0 
33 99 200 0 
34 62 200 0 
35 66 200 0 
36 78 200 0 
37 75 200 0 
38 67 200 0 
39 100 200 0 
40 72 200 0 
41 69 200 0 
42 89 200 0 
43 83 200 0 
44 62 200 0 
45 79 200 0 
46 79 200 0 
47 78 200 0 
48 78 200 0 
49 91 200 0 
