NAME GBP_INSTANCES\prob_2_A_3_7_0.txt
COMMENT
BINTYPES 3
ITEMS 200
BINS_SECTIONS
0 100 100 0 124 
1 120 120 0 103 
2 150 150 0 83 
ITEMS_SECTIONS
0 57 200 0 
1 21 200 0 
2 57 200 0 
3 80 200 0 
4 95 200 0 
5 42 200 0 
6 59 200 0 
7 85 200 0 
8 77 200 0 
9 35 200 0 
10 30 200 0 
11 70 200 0 
12 30 200 0 
13 93 200 0 
14 71 200 0 
15 75 200 0 
16 31 200 0 
17 28 200 0 
18 97 200 0 
19 47 200 0 
20 35 200 0 
21 91 200 0 
22 32 200 0 
23 56 200 0 
24 67 200 0 
25 100 200 0 
26 26 200 0 
27 79 200 0 
28 86 200 0 
29 69 200 0 
30 27 200 0 
31 39 200 0 
32 90 200 0 
33 21 200 0 
34 96 200 0 
35 74 200 0 
36 73 200 0 
37 69 200 0 
38 68 200 0 
39 32 200 0 
40 30 200 0 
41 67 200 0 
42 29 200 0 
43 90 200 0 
44 87 200 0 
45 61 200 0 
46 57 200 0 
47 53 200 0 
48 77 200 0 
49 41 200 0 
50 57 200 0 
51 37 200 0 
52 66 200 0 
53 70 200 0 
54 51 200 0 
55 81 200 0 
56 49 200 0 
57 89 200 0 
58 74 200 0 
59 45 200 0 
60 67 200 0 
61 78 200 0 
62 46 200 0 
63 45 200 0 
64 91 200 0 
65 22 200 0 
66 44 200 0 
67 70 200 0 
68 45 200 0 
69 47 200 0 
70 64 200 0 
71 77 200 0 
72 99 200 0 
73 27 200 0 
74 92 200 0 
75 79 200 0 
76 30 200 0 
77 44 200 0 
78 72 200 0 
79 83 200 0 
80 81 200 0 
81 56 200 0 
82 93 200 0 
83 38 200 0 
84 44 200 0 
85 82 200 0 
86 57 200 0 
87 52 200 0 
88 38 200 0 
89 35 200 0 
90 60 200 0 
91 74 200 0 
92 100 200 0 
93 65 200 0 
94 79 200 0 
95 89 200 0 
96 71 200 0 
97 29 200 0 
98 39 200 0 
99 44 200 0 
100 95 200 0 
101 91 200 0 
102 82 200 0 
103 64 200 0 
104 76 200 0 
105 34 200 0 
106 72 200 0 
107 82 200 0 
108 31 200 0 
109 59 200 0 
110 100 200 0 
111 25 200 0 
112 74 200 0 
113 43 200 0 
114 72 200 0 
115 61 200 0 
116 51 200 0 
117 23 200 0 
118 38 200 0 
119 67 200 0 
120 45 200 0 
121 59 200 0 
122 87 200 0 
123 44 200 0 
124 76 200 0 
125 28 200 0 
126 96 200 0 
127 85 200 0 
128 79 200 0 
129 55 200 0 
130 78 200 0 
131 42 200 0 
132 64 200 0 
133 41 200 0 
134 61 200 0 
135 24 200 0 
136 30 200 0 
137 51 200 0 
138 80 200 0 
139 51 200 0 
140 21 200 0 
141 87 200 0 
142 100 200 0 
143 86 200 0 
144 44 200 0 
145 58 200 0 
146 38 200 0 
147 27 200 0 
148 87 200 0 
149 79 200 0 
150 37 200 0 
151 91 200 0 
152 37 200 0 
153 48 200 0 
154 33 200 0 
155 61 200 0 
156 47 200 0 
157 94 200 0 
158 48 200 0 
159 56 200 0 
160 42 200 0 
161 40 200 0 
162 93 200 0 
163 97 200 0 
164 31 200 0 
165 27 200 0 
166 71 200 0 
167 94 200 0 
168 66 200 0 
169 52 200 0 
170 83 200 0 
171 85 200 0 
172 88 200 0 
173 80 200 0 
174 89 200 0 
175 23 200 0 
176 96 200 0 
177 86 200 0 
178 55 200 0 
179 81 200 0 
180 69 200 0 
181 82 200 0 
182 76 200 0 
183 35 200 0 
184 98 200 0 
185 60 200 0 
186 34 200 0 
187 58 200 0 
188 58 200 0 
189 38 200 0 
190 99 200 0 
191 49 200 0 
192 84 200 0 
193 92 200 0 
194 36 200 0 
195 68 200 0 
196 72 200 0 
197 63 200 0 
198 85 200 0 
199 42 200 0 
