NAME GBP_INSTANCES\prob_1_A_3_1_0.txt
COMMENT
BINTYPES 3
ITEMS 200
BINS_SECTIONS
0 100 100 0 104 
1 120 120 0 87 
2 150 150 0 70 
ITEMS_SECTIONS
0 98 200 0 
1 53 200 0 
2 73 200 0 
3 13 200 0 
4 45 200 0 
5 60 200 0 
6 75 200 0 
7 53 200 0 
8 95 200 0 
9 39 200 0 
10 30 200 0 
11 4 200 0 
12 67 200 0 
13 94 200 0 
14 28 200 0 
15 77 200 0 
16 3 200 0 
17 46 200 0 
18 54 200 0 
19 19 200 0 
20 29 200 0 
21 4 200 0 
22 99 200 0 
23 6 200 0 
24 93 200 0 
25 79 200 0 
26 79 200 0 
27 34 200 0 
28 35 200 0 
29 48 200 0 
30 82 200 0 
31 51 200 0 
32 73 200 0 
33 4 200 0 
34 29 200 0 
35 82 200 0 
36 72 200 0 
37 36 200 0 
38 53 200 0 
39 33 200 0 
40 73 200 0 
41 76 200 0 
42 83 200 0 
43 92 200 0 
44 42 200 0 
45 25 200 0 
46 44 200 0 
47 38 200 0 
48 27 200 0 
49 24 200 0 
50 47 200 0 
51 57 200 0 
52 80 200 0 
53 70 200 0 
54 99 200 0 
55 97 200 0 
56 33 200 0 
57 52 200 0 
58 95 200 0 
59 40 200 0 
60 69 200 0 
61 94 200 0 
62 18 200 0 
63 24 200 0 
64 11 200 0 
65 90 200 0 
66 16 200 0 
67 21 200 0 
68 34 200 0 
69 15 200 0 
70 85 200 0 
71 66 200 0 
72 42 200 0 
73 85 200 0 
74 26 200 0 
75 76 200 0 
76 23 200 0 
77 88 200 0 
78 88 200 0 
79 19 200 0 
80 92 200 0 
81 12 200 0 
82 92 200 0 
83 5 200 0 
84 81 200 0 
85 10 200 0 
86 28 200 0 
87 51 200 0 
88 35 200 0 
89 45 200 0 
90 26 200 0 
91 77 200 0 
92 13 200 0 
93 38 200 0 
94 4 200 0 
95 93 200 0 
96 44 200 0 
97 53 200 0 
98 69 200 0 
99 39 200 0 
100 21 200 0 
101 63 200 0 
102 2 200 0 
103 43 200 0 
104 94 200 0 
105 31 200 0 
106 75 200 0 
107 36 200 0 
108 49 200 0 
109 14 200 0 
110 60 200 0 
111 18 200 0 
112 32 200 0 
113 77 200 0 
114 63 200 0 
115 88 200 0 
116 94 200 0 
117 93 200 0 
118 26 200 0 
119 49 200 0 
120 42 200 0 
121 6 200 0 
122 72 200 0 
123 96 200 0 
124 26 200 0 
125 63 200 0 
126 97 200 0 
127 99 200 0 
128 2 200 0 
129 85 200 0 
130 98 200 0 
131 85 200 0 
132 70 200 0 
133 59 200 0 
134 54 200 0 
135 34 200 0 
136 21 200 0 
137 37 200 0 
138 20 200 0 
139 90 200 0 
140 8 200 0 
141 45 200 0 
142 78 200 0 
143 17 200 0 
144 69 200 0 
145 48 200 0 
146 3 200 0 
147 73 200 0 
148 33 200 0 
149 4 200 0 
150 58 200 0 
151 54 200 0 
152 91 200 0 
153 36 200 0 
154 11 200 0 
155 81 200 0 
156 20 200 0 
157 67 200 0 
158 80 200 0 
159 64 200 0 
160 8 200 0 
161 46 200 0 
162 85 200 0 
163 41 200 0 
164 67 200 0 
165 86 200 0 
166 17 200 0 
167 96 200 0 
168 9 200 0 
169 88 200 0 
170 21 200 0 
171 92 200 0 
172 32 200 0 
173 30 200 0 
174 84 200 0 
175 81 200 0 
176 30 200 0 
177 9 200 0 
178 29 200 0 
179 58 200 0 
180 51 200 0 
181 28 200 0 
182 7 200 0 
183 17 200 0 
184 19 200 0 
185 99 200 0 
186 88 200 0 
187 52 200 0 
188 51 200 0 
189 55 200 0 
190 57 200 0 
191 96 200 0 
192 84 200 0 
193 49 200 0 
194 79 200 0 
195 20 200 0 
196 41 200 0 
197 41 200 0 
198 85 200 0 
199 73 200 0 
