NAME GBP_INSTANCES\prob_1_B_4_5_0.txt
COMMENT
BINTYPES 5
ITEMS 500
BINS_SECTIONS
0 60 60 0 428 
1 80 80 0 321 
2 100 100 0 257 
3 120 120 0 214 
4 150 150 0 172 
ITEMS_SECTIONS
0 70 200 0 
1 70 200 0 
2 12 200 0 
3 55 200 0 
4 40 200 0 
5 12 200 0 
6 63 200 0 
7 62 200 0 
8 26 200 0 
9 92 200 0 
10 33 200 0 
11 18 200 0 
12 52 200 0 
13 34 200 0 
14 87 200 0 
15 7 200 0 
16 14 200 0 
17 33 200 0 
18 99 200 0 
19 95 200 0 
20 95 200 0 
21 99 200 0 
22 82 200 0 
23 55 200 0 
24 97 200 0 
25 37 200 0 
26 14 200 0 
27 46 200 0 
28 13 200 0 
29 67 200 0 
30 33 200 0 
31 47 200 0 
32 3 200 0 
33 26 200 0 
34 73 200 0 
35 21 200 0 
36 15 200 0 
37 7 200 0 
38 18 200 0 
39 93 200 0 
40 100 200 0 
41 99 200 0 
42 21 200 0 
43 32 200 0 
44 61 200 0 
45 7 200 0 
46 5 200 0 
47 13 200 0 
48 89 200 0 
49 60 200 0 
50 72 200 0 
51 54 200 0 
52 32 200 0 
53 35 200 0 
54 26 200 0 
55 4 200 0 
56 49 200 0 
57 88 200 0 
58 47 200 0 
59 68 200 0 
60 78 200 0 
61 18 200 0 
62 41 200 0 
63 56 200 0 
64 94 200 0 
65 49 200 0 
66 68 200 0 
67 41 200 0 
68 70 200 0 
69 73 200 0 
70 93 200 0 
71 98 200 0 
72 15 200 0 
73 33 200 0 
74 66 200 0 
75 41 200 0 
76 25 200 0 
77 70 200 0 
78 51 200 0 
79 84 200 0 
80 93 200 0 
81 45 200 0 
82 56 200 0 
83 91 200 0 
84 28 200 0 
85 34 200 0 
86 30 200 0 
87 14 200 0 
88 23 200 0 
89 20 200 0 
90 15 200 0 
91 67 200 0 
92 35 200 0 
93 79 200 0 
94 12 200 0 
95 94 200 0 
96 4 200 0 
97 79 200 0 
98 38 200 0 
99 17 200 0 
100 68 200 0 
101 91 200 0 
102 47 200 0 
103 42 200 0 
104 31 200 0 
105 31 200 0 
106 84 200 0 
107 35 200 0 
108 97 200 0 
109 37 200 0 
110 46 200 0 
111 13 200 0 
112 69 200 0 
113 96 200 0 
114 14 200 0 
115 65 200 0 
116 6 200 0 
117 19 200 0 
118 52 200 0 
119 76 200 0 
120 19 200 0 
121 83 200 0 
122 6 200 0 
123 39 200 0 
124 48 200 0 
125 57 200 0 
126 14 200 0 
127 31 200 0 
128 56 200 0 
129 93 200 0 
130 69 200 0 
131 60 200 0 
132 93 200 0 
133 25 200 0 
134 32 200 0 
135 44 200 0 
136 80 200 0 
137 64 200 0 
138 38 200 0 
139 17 200 0 
140 55 200 0 
141 6 200 0 
142 3 200 0 
143 45 200 0 
144 31 200 0 
145 57 200 0 
146 58 200 0 
147 40 200 0 
148 11 200 0 
149 94 200 0 
150 43 200 0 
151 44 200 0 
152 6 200 0 
153 69 200 0 
154 56 200 0 
155 89 200 0 
156 6 200 0 
157 42 200 0 
158 10 200 0 
159 93 200 0 
160 54 200 0 
161 100 200 0 
162 97 200 0 
163 91 200 0 
164 51 200 0 
165 23 200 0 
166 97 200 0 
167 85 200 0 
168 70 200 0 
169 40 200 0 
170 37 200 0 
171 96 200 0 
172 97 200 0 
173 57 200 0 
174 33 200 0 
175 90 200 0 
176 64 200 0 
177 3 200 0 
178 48 200 0 
179 90 200 0 
180 10 200 0 
181 54 200 0 
182 51 200 0 
183 27 200 0 
184 25 200 0 
185 99 200 0 
186 48 200 0 
187 34 200 0 
188 19 200 0 
189 8 200 0 
190 59 200 0 
191 70 200 0 
192 68 200 0 
193 44 200 0 
194 6 200 0 
195 40 200 0 
196 69 200 0 
197 19 200 0 
198 91 200 0 
199 8 200 0 
200 77 200 0 
201 96 200 0 
202 36 200 0 
203 93 200 0 
204 45 200 0 
205 58 200 0 
206 47 200 0 
207 18 200 0 
208 27 200 0 
209 46 200 0 
210 87 200 0 
211 4 200 0 
212 90 200 0 
213 71 200 0 
214 23 200 0 
215 94 200 0 
216 88 200 0 
217 33 200 0 
218 12 200 0 
219 96 200 0 
220 18 200 0 
221 14 200 0 
222 21 200 0 
223 10 200 0 
224 42 200 0 
225 4 200 0 
226 21 200 0 
227 46 200 0 
228 97 200 0 
229 28 200 0 
230 57 200 0 
231 11 200 0 
232 52 200 0 
233 10 200 0 
234 38 200 0 
235 37 200 0 
236 40 200 0 
237 60 200 0 
238 50 200 0 
239 53 200 0 
240 47 200 0 
241 32 200 0 
242 29 200 0 
243 71 200 0 
244 65 200 0 
245 6 200 0 
246 99 200 0 
247 77 200 0 
248 84 200 0 
249 59 200 0 
250 22 200 0 
251 12 200 0 
252 57 200 0 
253 2 200 0 
254 47 200 0 
255 19 200 0 
256 91 200 0 
257 92 200 0 
258 20 200 0 
259 58 200 0 
260 8 200 0 
261 54 200 0 
262 35 200 0 
263 52 200 0 
264 14 200 0 
265 87 200 0 
266 94 200 0 
267 65 200 0 
268 47 200 0 
269 97 200 0 
270 44 200 0 
271 83 200 0 
272 29 200 0 
273 41 200 0 
274 71 200 0 
275 98 200 0 
276 65 200 0 
277 100 200 0 
278 20 200 0 
279 64 200 0 
280 67 200 0 
281 7 200 0 
282 3 200 0 
283 23 200 0 
284 11 200 0 
285 99 200 0 
286 89 200 0 
287 63 200 0 
288 5 200 0 
289 57 200 0 
290 24 200 0 
291 34 200 0 
292 91 200 0 
293 81 200 0 
294 64 200 0 
295 53 200 0 
296 56 200 0 
297 75 200 0 
298 99 200 0 
299 27 200 0 
300 53 200 0 
301 90 200 0 
302 29 200 0 
303 54 200 0 
304 44 200 0 
305 87 200 0 
306 61 200 0 
307 96 200 0 
308 44 200 0 
309 84 200 0 
310 22 200 0 
311 4 200 0 
312 66 200 0 
313 35 200 0 
314 25 200 0 
315 81 200 0 
316 77 200 0 
317 20 200 0 
318 96 200 0 
319 68 200 0 
320 40 200 0 
321 80 200 0 
322 4 200 0 
323 42 200 0 
324 66 200 0 
325 81 200 0 
326 78 200 0 
327 89 200 0 
328 44 200 0 
329 50 200 0 
330 98 200 0 
331 79 200 0 
332 66 200 0 
333 43 200 0 
334 2 200 0 
335 71 200 0 
336 39 200 0 
337 21 200 0 
338 90 200 0 
339 88 200 0 
340 79 200 0 
341 70 200 0 
342 38 200 0 
343 4 200 0 
344 83 200 0 
345 40 200 0 
346 6 200 0 
347 49 200 0 
348 74 200 0 
349 58 200 0 
350 13 200 0 
351 20 200 0 
352 29 200 0 
353 76 200 0 
354 74 200 0 
355 57 200 0 
356 68 200 0 
357 9 200 0 
358 9 200 0 
359 99 200 0 
360 14 200 0 
361 23 200 0 
362 81 200 0 
363 88 200 0 
364 15 200 0 
365 44 200 0 
366 53 200 0 
367 99 200 0 
368 30 200 0 
369 25 200 0 
370 99 200 0 
371 6 200 0 
372 69 200 0 
373 55 200 0 
374 96 200 0 
375 30 200 0 
376 89 200 0 
377 50 200 0 
378 7 200 0 
379 99 200 0 
380 45 200 0 
381 95 200 0 
382 79 200 0 
383 62 200 0 
384 75 200 0 
385 97 200 0 
386 98 200 0 
387 67 200 0 
388 56 200 0 
389 3 200 0 
390 84 200 0 
391 80 200 0 
392 74 200 0 
393 42 200 0 
394 85 200 0 
395 31 200 0 
396 53 200 0 
397 64 200 0 
398 75 200 0 
399 63 200 0 
400 6 200 0 
401 16 200 0 
402 74 200 0 
403 88 200 0 
404 32 200 0 
405 20 200 0 
406 26 200 0 
407 10 200 0 
408 31 200 0 
409 29 200 0 
410 41 200 0 
411 12 200 0 
412 50 200 0 
413 95 200 0 
414 35 200 0 
415 98 200 0 
416 53 200 0 
417 27 200 0 
418 88 200 0 
419 67 200 0 
420 12 200 0 
421 86 200 0 
422 30 200 0 
423 87 200 0 
424 7 200 0 
425 86 200 0 
426 95 200 0 
427 91 200 0 
428 53 200 0 
429 63 200 0 
430 54 200 0 
431 45 200 0 
432 28 200 0 
433 46 200 0 
434 48 200 0 
435 88 200 0 
436 11 200 0 
437 30 200 0 
438 49 200 0 
439 29 200 0 
440 23 200 0 
441 75 200 0 
442 64 200 0 
443 76 200 0 
444 75 200 0 
445 9 200 0 
446 15 200 0 
447 92 200 0 
448 10 200 0 
449 85 200 0 
450 98 200 0 
451 62 200 0 
452 36 200 0 
453 67 200 0 
454 66 200 0 
455 36 200 0 
456 61 200 0 
457 73 200 0 
458 41 200 0 
459 65 200 0 
460 12 200 0 
461 81 200 0 
462 73 200 0 
463 87 200 0 
464 30 200 0 
465 2 200 0 
466 2 200 0 
467 64 200 0 
468 68 200 0 
469 37 200 0 
470 85 200 0 
471 32 200 0 
472 53 200 0 
473 21 200 0 
474 82 200 0 
475 91 200 0 
476 28 200 0 
477 69 200 0 
478 51 200 0 
479 67 200 0 
480 63 200 0 
481 26 200 0 
482 33 200 0 
483 67 200 0 
484 55 200 0 
485 38 200 0 
486 15 200 0 
487 2 200 0 
488 64 200 0 
489 52 200 0 
490 100 200 0 
491 57 200 0 
492 46 200 0 
493 44 200 0 
494 15 200 0 
495 94 200 0 
496 15 200 0 
497 5 200 0 
498 62 200 0 
499 84 200 0 
