NAME GBP_INSTANCES\prob_1_B_1_6_0.txt
COMMENT
BINTYPES 5
ITEMS 50
BINS_SECTIONS
0 60 60 0 45 
1 80 80 0 34 
2 100 100 0 27 
3 120 120 0 23 
4 150 150 0 18 
ITEMS_SECTIONS
0 65 200 0 
1 74 200 0 
2 54 200 0 
3 92 200 0 
4 39 200 0 
5 14 200 0 
6 56 200 0 
7 63 200 0 
8 67 200 0 
9 41 200 0 
10 2 200 0 
11 87 200 0 
12 40 200 0 
13 60 200 0 
14 64 200 0 
15 37 200 0 
16 83 200 0 
17 75 200 0 
18 20 200 0 
19 61 200 0 
20 61 200 0 
21 70 200 0 
22 98 200 0 
23 26 200 0 
24 64 200 0 
25 59 200 0 
26 20 200 0 
27 69 200 0 
28 75 200 0 
29 40 200 0 
30 71 200 0 
31 84 200 0 
32 14 200 0 
33 26 200 0 
34 9 200 0 
35 81 200 0 
36 47 200 0 
37 12 200 0 
38 41 200 0 
39 52 200 0 
40 84 200 0 
41 32 200 0 
42 90 200 0 
43 80 200 0 
44 18 200 0 
45 67 200 0 
46 65 200 0 
47 20 200 0 
48 54 200 0 
49 72 200 0 
