NAME GBP_INSTANCES\prob_3_A_1_3_0.txt
COMMENT
BINTYPES 3
ITEMS 50
BINS_SECTIONS
0 100 100 0 38 
1 120 120 0 32 
2 150 150 0 26 
ITEMS_SECTIONS
0 81 200 1
1 89 200 1
2 54 200 1
3 89 200 1
4 93 200 1
5 80 200 1
6 57 200 1
7 97 200 1
8 59 200 1
9 72 200 1
10 66 200 1
11 73 200 1
12 79 200 1
13 55 200 1
14 86 200 1
15 89 200 1
16 76 200 1
17 99 200 1
18 53 200 1
19 98 200 1
20 77 200 1
21 57 200 1
22 78 200 1
23 73 200 1
24 89 200 1
25 53 200 1
26 70 200 1
27 86 200 1
28 73 200 1
29 93 200 1
30 82 200 1
31 60 200 1
32 55 200 1
33 67 200 1
34 95 200 1
35 54 200 1
36 86 200 1
37 86 200 1
38 52 200 1
39 100 200 1
40 86 200 1
41 75 200 1
42 62 200 1
43 58 200 1
44 78 200 1
45 97 200 1
46 54 200 1
47 62 200 1
48 56 200 1
49 100 200 1
