NAME GBP_INSTANCES\prob_1_A_4_2_0.txt
COMMENT
BINTYPES 3
ITEMS 500
BINS_SECTIONS
0 100 100 0 255 
1 120 120 0 213 
2 150 150 0 170 
ITEMS_SECTIONS
0 77 200 0 
1 30 200 0 
2 36 200 0 
3 30 200 0 
4 81 200 0 
5 38 200 0 
6 21 200 0 
7 8 200 0 
8 43 200 0 
9 24 200 0 
10 63 200 0 
11 28 200 0 
12 54 200 0 
13 67 200 0 
14 67 200 0 
15 70 200 0 
16 66 200 0 
17 58 200 0 
18 28 200 0 
19 5 200 0 
20 65 200 0 
21 38 200 0 
22 69 200 0 
23 62 200 0 
24 23 200 0 
25 40 200 0 
26 22 200 0 
27 62 200 0 
28 96 200 0 
29 45 200 0 
30 33 200 0 
31 37 200 0 
32 68 200 0 
33 87 200 0 
34 99 200 0 
35 24 200 0 
36 64 200 0 
37 52 200 0 
38 41 200 0 
39 81 200 0 
40 53 200 0 
41 93 200 0 
42 77 200 0 
43 89 200 0 
44 81 200 0 
45 12 200 0 
46 45 200 0 
47 92 200 0 
48 22 200 0 
49 22 200 0 
50 18 200 0 
51 37 200 0 
52 6 200 0 
53 40 200 0 
54 46 200 0 
55 88 200 0 
56 9 200 0 
57 44 200 0 
58 8 200 0 
59 46 200 0 
60 70 200 0 
61 15 200 0 
62 64 200 0 
63 62 200 0 
64 10 200 0 
65 13 200 0 
66 20 200 0 
67 77 200 0 
68 10 200 0 
69 19 200 0 
70 90 200 0 
71 72 200 0 
72 52 200 0 
73 70 200 0 
74 59 200 0 
75 70 200 0 
76 62 200 0 
77 24 200 0 
78 37 200 0 
79 62 200 0 
80 45 200 0 
81 98 200 0 
82 5 200 0 
83 97 200 0 
84 73 200 0 
85 100 200 0 
86 60 200 0 
87 30 200 0 
88 20 200 0 
89 4 200 0 
90 31 200 0 
91 40 200 0 
92 75 200 0 
93 76 200 0 
94 87 200 0 
95 28 200 0 
96 58 200 0 
97 38 200 0 
98 21 200 0 
99 11 200 0 
100 59 200 0 
101 28 200 0 
102 14 200 0 
103 100 200 0 
104 10 200 0 
105 65 200 0 
106 65 200 0 
107 11 200 0 
108 37 200 0 
109 7 200 0 
110 4 200 0 
111 60 200 0 
112 89 200 0 
113 52 200 0 
114 51 200 0 
115 24 200 0 
116 84 200 0 
117 12 200 0 
118 66 200 0 
119 3 200 0 
120 72 200 0 
121 7 200 0 
122 34 200 0 
123 51 200 0 
124 74 200 0 
125 88 200 0 
126 25 200 0 
127 56 200 0 
128 70 200 0 
129 56 200 0 
130 2 200 0 
131 78 200 0 
132 4 200 0 
133 73 200 0 
134 77 200 0 
135 72 200 0 
136 93 200 0 
137 47 200 0 
138 24 200 0 
139 85 200 0 
140 95 200 0 
141 71 200 0 
142 30 200 0 
143 50 200 0 
144 12 200 0 
145 3 200 0 
146 89 200 0 
147 87 200 0 
148 2 200 0 
149 74 200 0 
150 40 200 0 
151 2 200 0 
152 84 200 0 
153 5 200 0 
154 29 200 0 
155 23 200 0 
156 81 200 0 
157 16 200 0 
158 23 200 0 
159 52 200 0 
160 95 200 0 
161 17 200 0 
162 31 200 0 
163 70 200 0 
164 76 200 0 
165 61 200 0 
166 67 200 0 
167 77 200 0 
168 66 200 0 
169 44 200 0 
170 35 200 0 
171 5 200 0 
172 71 200 0 
173 37 200 0 
174 23 200 0 
175 81 200 0 
176 59 200 0 
177 32 200 0 
178 26 200 0 
179 93 200 0 
180 33 200 0 
181 98 200 0 
182 81 200 0 
183 12 200 0 
184 65 200 0 
185 5 200 0 
186 5 200 0 
187 32 200 0 
188 52 200 0 
189 34 200 0 
190 48 200 0 
191 8 200 0 
192 83 200 0 
193 32 200 0 
194 50 200 0 
195 8 200 0 
196 62 200 0 
197 8 200 0 
198 95 200 0 
199 89 200 0 
200 88 200 0 
201 45 200 0 
202 69 200 0 
203 12 200 0 
204 46 200 0 
205 35 200 0 
206 9 200 0 
207 86 200 0 
208 80 200 0 
209 81 200 0 
210 38 200 0 
211 83 200 0 
212 35 200 0 
213 4 200 0 
214 11 200 0 
215 97 200 0 
216 24 200 0 
217 74 200 0 
218 17 200 0 
219 89 200 0 
220 94 200 0 
221 28 200 0 
222 88 200 0 
223 97 200 0 
224 80 200 0 
225 71 200 0 
226 72 200 0 
227 49 200 0 
228 88 200 0 
229 36 200 0 
230 93 200 0 
231 68 200 0 
232 18 200 0 
233 96 200 0 
234 72 200 0 
235 87 200 0 
236 49 200 0 
237 4 200 0 
238 37 200 0 
239 81 200 0 
240 19 200 0 
241 50 200 0 
242 73 200 0 
243 31 200 0 
244 12 200 0 
245 20 200 0 
246 70 200 0 
247 11 200 0 
248 67 200 0 
249 42 200 0 
250 95 200 0 
251 42 200 0 
252 58 200 0 
253 90 200 0 
254 54 200 0 
255 80 200 0 
256 27 200 0 
257 65 200 0 
258 83 200 0 
259 86 200 0 
260 34 200 0 
261 80 200 0 
262 13 200 0 
263 56 200 0 
264 8 200 0 
265 8 200 0 
266 59 200 0 
267 43 200 0 
268 55 200 0 
269 92 200 0 
270 79 200 0 
271 70 200 0 
272 16 200 0 
273 97 200 0 
274 55 200 0 
275 46 200 0 
276 12 200 0 
277 85 200 0 
278 25 200 0 
279 86 200 0 
280 97 200 0 
281 93 200 0 
282 43 200 0 
283 69 200 0 
284 44 200 0 
285 26 200 0 
286 78 200 0 
287 2 200 0 
288 64 200 0 
289 3 200 0 
290 40 200 0 
291 46 200 0 
292 19 200 0 
293 84 200 0 
294 31 200 0 
295 80 200 0 
296 9 200 0 
297 43 200 0 
298 17 200 0 
299 27 200 0 
300 88 200 0 
301 59 200 0 
302 30 200 0 
303 37 200 0 
304 9 200 0 
305 43 200 0 
306 75 200 0 
307 71 200 0 
308 32 200 0 
309 48 200 0 
310 61 200 0 
311 45 200 0 
312 14 200 0 
313 75 200 0 
314 31 200 0 
315 85 200 0 
316 97 200 0 
317 48 200 0 
318 15 200 0 
319 88 200 0 
320 27 200 0 
321 31 200 0 
322 71 200 0 
323 88 200 0 
324 16 200 0 
325 100 200 0 
326 44 200 0 
327 54 200 0 
328 70 200 0 
329 28 200 0 
330 5 200 0 
331 20 200 0 
332 16 200 0 
333 72 200 0 
334 4 200 0 
335 53 200 0 
336 31 200 0 
337 62 200 0 
338 98 200 0 
339 85 200 0 
340 16 200 0 
341 64 200 0 
342 86 200 0 
343 88 200 0 
344 12 200 0 
345 91 200 0 
346 7 200 0 
347 40 200 0 
348 11 200 0 
349 76 200 0 
350 41 200 0 
351 53 200 0 
352 49 200 0 
353 58 200 0 
354 77 200 0 
355 8 200 0 
356 41 200 0 
357 91 200 0 
358 70 200 0 
359 71 200 0 
360 35 200 0 
361 48 200 0 
362 53 200 0 
363 38 200 0 
364 55 200 0 
365 7 200 0 
366 37 200 0 
367 72 200 0 
368 16 200 0 
369 95 200 0 
370 62 200 0 
371 99 200 0 
372 54 200 0 
373 3 200 0 
374 32 200 0 
375 7 200 0 
376 85 200 0 
377 9 200 0 
378 86 200 0 
379 16 200 0 
380 23 200 0 
381 45 200 0 
382 53 200 0 
383 93 200 0 
384 60 200 0 
385 51 200 0 
386 31 200 0 
387 35 200 0 
388 58 200 0 
389 27 200 0 
390 53 200 0 
391 15 200 0 
392 46 200 0 
393 49 200 0 
394 67 200 0 
395 32 200 0 
396 69 200 0 
397 50 200 0 
398 88 200 0 
399 35 200 0 
400 90 200 0 
401 37 200 0 
402 74 200 0 
403 60 200 0 
404 83 200 0 
405 38 200 0 
406 48 200 0 
407 71 200 0 
408 24 200 0 
409 49 200 0 
410 60 200 0 
411 31 200 0 
412 22 200 0 
413 93 200 0 
414 71 200 0 
415 90 200 0 
416 86 200 0 
417 37 200 0 
418 77 200 0 
419 32 200 0 
420 77 200 0 
421 89 200 0 
422 53 200 0 
423 47 200 0 
424 41 200 0 
425 32 200 0 
426 21 200 0 
427 86 200 0 
428 68 200 0 
429 97 200 0 
430 41 200 0 
431 64 200 0 
432 80 200 0 
433 45 200 0 
434 15 200 0 
435 50 200 0 
436 88 200 0 
437 55 200 0 
438 11 200 0 
439 41 200 0 
440 16 200 0 
441 97 200 0 
442 86 200 0 
443 37 200 0 
444 41 200 0 
445 72 200 0 
446 39 200 0 
447 10 200 0 
448 52 200 0 
449 2 200 0 
450 32 200 0 
451 97 200 0 
452 57 200 0 
453 67 200 0 
454 57 200 0 
455 20 200 0 
456 55 200 0 
457 62 200 0 
458 61 200 0 
459 22 200 0 
460 8 200 0 
461 54 200 0 
462 95 200 0 
463 67 200 0 
464 8 200 0 
465 33 200 0 
466 37 200 0 
467 82 200 0 
468 100 200 0 
469 51 200 0 
470 13 200 0 
471 56 200 0 
472 43 200 0 
473 96 200 0 
474 100 200 0 
475 21 200 0 
476 59 200 0 
477 41 200 0 
478 18 200 0 
479 100 200 0 
480 76 200 0 
481 89 200 0 
482 83 200 0 
483 65 200 0 
484 2 200 0 
485 62 200 0 
486 69 200 0 
487 65 200 0 
488 22 200 0 
489 62 200 0 
490 6 200 0 
491 90 200 0 
492 93 200 0 
493 34 200 0 
494 76 200 0 
495 37 200 0 
496 91 200 0 
497 77 200 0 
498 64 200 0 
499 8 200 0 
