NAME GBP_INSTANCES\prob_1_B_1_8_0.txt
COMMENT
BINTYPES 5
ITEMS 50
BINS_SECTIONS
0 60 60 0 48 
1 80 80 0 36 
2 100 100 0 29 
3 120 120 0 24 
4 150 150 0 19 
ITEMS_SECTIONS
0 6 200 0 
1 71 200 0 
2 11 200 0 
3 9 200 0 
4 46 200 0 
5 31 200 0 
6 63 200 0 
7 83 200 0 
8 37 200 0 
9 8 200 0 
10 84 200 0 
11 96 200 0 
12 90 200 0 
13 34 200 0 
14 71 200 0 
15 78 200 0 
16 56 200 0 
17 68 200 0 
18 32 200 0 
19 44 200 0 
20 54 200 0 
21 88 200 0 
22 77 200 0 
23 42 200 0 
24 9 200 0 
25 2 200 0 
26 80 200 0 
27 69 200 0 
28 91 200 0 
29 76 200 0 
30 88 200 0 
31 86 200 0 
32 51 200 0 
33 13 200 0 
34 38 200 0 
35 52 200 0 
36 51 200 0 
37 46 200 0 
38 69 200 0 
39 40 200 0 
40 85 200 0 
41 14 200 0 
42 91 200 0 
43 45 200 0 
44 100 200 0 
45 72 200 0 
46 82 200 0 
47 31 200 0 
48 85 200 0 
49 100 200 0 
