NAME GBP_INSTANCES\prob_1_A_2_5_0.txt
COMMENT
BINTYPES 3
ITEMS 100
BINS_SECTIONS
0 100 100 0 49 
1 120 120 0 41 
2 150 150 0 33 
ITEMS_SECTIONS
0 55 200 1
1 72 200 1
2 95 200 1
3 72 200 1
4 23 200 1
5 42 200 1
6 29 200 1
7 6 200 1
8 59 200 1
9 98 200 1
10 4 200 1
11 63 200 1
12 78 200 1
13 18 200 1
14 94 200 1
15 13 200 1
16 86 200 1
17 52 200 1
18 29 200 1
19 61 200 1
20 31 200 1
21 65 200 1
22 86 200 1
23 30 200 1
24 28 200 1
25 59 200 1
26 86 200 1
27 42 200 1
28 62 200 1
29 59 200 1
30 28 200 1
31 43 200 1
32 13 200 1
33 61 200 1
34 8 200 1
35 44 200 1
36 90 200 1
37 93 200 1
38 85 200 1
39 30 200 1
40 48 200 1
41 26 200 1
42 17 200 1
43 8 200 1
44 46 200 1
45 51 200 1
46 34 200 1
47 30 200 1
48 33 200 1
49 85 200 1
50 84 200 1
51 77 200 1
52 33 200 1
53 15 200 1
54 7 200 1
55 47 200 1
56 74 200 1
57 17 200 1
58 68 200 1
59 15 200 1
60 86 200 1
61 15 200 1
62 27 200 1
63 4 200 1
64 76 200 1
65 58 200 1
66 46 200 1
67 71 200 1
68 11 200 1
69 16 200 1
70 37 200 1
71 13 200 1
72 30 200 1
73 63 200 1
74 37 200 1
75 88 200 1
76 8 200 1
77 42 200 1
78 13 200 1
79 5 200 1
80 84 200 1
81 93 200 1
82 100 200 1
83 31 200 1
84 91 200 1
85 31 200 1
86 56 200 1
87 83 200 1
88 100 200 1
89 47 200 1
90 37 200 1
91 68 200 1
92 91 200 1
93 37 200 1
94 88 200 1
95 18 200 1
96 4 200 1
97 25 200 1
98 62 200 1
99 88 200 1
