NAME GBP_INSTANCES\prob_2_B_1_4_0.txt
COMMENT
BINTYPES 5
ITEMS 50
BINS_SECTIONS
0 60 60 0 52 
1 80 80 0 39 
2 100 100 0 31 
3 120 120 0 26 
4 150 150 0 21 
ITEMS_SECTIONS
0 59 200 0 
1 98 200 0 
2 71 200 0 
3 60 200 0 
4 98 200 0 
5 43 200 0 
6 76 200 0 
7 23 200 0 
8 70 200 0 
9 66 200 0 
10 21 200 0 
11 42 200 0 
12 49 200 0 
13 93 200 0 
14 27 200 0 
15 45 200 0 
16 57 200 0 
17 22 200 0 
18 89 200 0 
19 77 200 0 
20 44 200 0 
21 40 200 0 
22 51 200 0 
23 45 200 0 
24 30 200 0 
25 99 200 0 
26 96 200 0 
27 69 200 0 
28 60 200 0 
29 26 200 0 
30 25 200 0 
31 68 200 0 
32 81 200 0 
33 78 200 0 
34 50 200 0 
35 87 200 0 
36 26 200 0 
37 63 200 0 
38 94 200 0 
39 81 200 0 
40 60 200 0 
41 56 200 0 
42 73 200 0 
43 89 200 0 
44 61 200 0 
45 79 200 0 
46 84 200 0 
47 80 200 0 
48 58 200 0 
49 34 200 0 
