NAME GBP_INSTANCES\prob_1_A_4_6_0.txt
COMMENT
BINTYPES 3
ITEMS 500
BINS_SECTIONS
0 100 100 0 258 
1 120 120 0 215 
2 150 150 0 172 
ITEMS_SECTIONS
0 32 200 0 
1 46 200 0 
2 12 200 0 
3 3 200 0 
4 7 200 0 
5 2 200 0 
6 41 200 0 
7 2 200 0 
8 17 200 0 
9 59 200 0 
10 9 200 0 
11 45 200 0 
12 86 200 0 
13 63 200 0 
14 98 200 0 
15 27 200 0 
16 55 200 0 
17 42 200 0 
18 16 200 0 
19 2 200 0 
20 71 200 0 
21 19 200 0 
22 61 200 0 
23 44 200 0 
24 23 200 0 
25 100 200 0 
26 68 200 0 
27 34 200 0 
28 47 200 0 
29 60 200 0 
30 17 200 0 
31 43 200 0 
32 15 200 0 
33 80 200 0 
34 6 200 0 
35 67 200 0 
36 27 200 0 
37 53 200 0 
38 3 200 0 
39 77 200 0 
40 44 200 0 
41 2 200 0 
42 41 200 0 
43 27 200 0 
44 74 200 0 
45 41 200 0 
46 81 200 0 
47 13 200 0 
48 17 200 0 
49 26 200 0 
50 27 200 0 
51 100 200 0 
52 31 200 0 
53 93 200 0 
54 89 200 0 
55 21 200 0 
56 95 200 0 
57 75 200 0 
58 4 200 0 
59 54 200 0 
60 27 200 0 
61 75 200 0 
62 86 200 0 
63 2 200 0 
64 52 200 0 
65 74 200 0 
66 36 200 0 
67 70 200 0 
68 70 200 0 
69 74 200 0 
70 79 200 0 
71 50 200 0 
72 13 200 0 
73 39 200 0 
74 39 200 0 
75 34 200 0 
76 39 200 0 
77 45 200 0 
78 49 200 0 
79 52 200 0 
80 78 200 0 
81 96 200 0 
82 88 200 0 
83 54 200 0 
84 45 200 0 
85 11 200 0 
86 49 200 0 
87 32 200 0 
88 46 200 0 
89 49 200 0 
90 21 200 0 
91 15 200 0 
92 2 200 0 
93 84 200 0 
94 4 200 0 
95 18 200 0 
96 8 200 0 
97 71 200 0 
98 23 200 0 
99 77 200 0 
100 60 200 0 
101 39 200 0 
102 83 200 0 
103 64 200 0 
104 45 200 0 
105 43 200 0 
106 4 200 0 
107 7 200 0 
108 52 200 0 
109 13 200 0 
110 81 200 0 
111 99 200 0 
112 99 200 0 
113 27 200 0 
114 54 200 0 
115 47 200 0 
116 9 200 0 
117 49 200 0 
118 62 200 0 
119 14 200 0 
120 46 200 0 
121 73 200 0 
122 6 200 0 
123 24 200 0 
124 65 200 0 
125 78 200 0 
126 8 200 0 
127 87 200 0 
128 41 200 0 
129 74 200 0 
130 56 200 0 
131 92 200 0 
132 63 200 0 
133 29 200 0 
134 47 200 0 
135 51 200 0 
136 62 200 0 
137 45 200 0 
138 3 200 0 
139 19 200 0 
140 33 200 0 
141 89 200 0 
142 79 200 0 
143 92 200 0 
144 40 200 0 
145 49 200 0 
146 50 200 0 
147 100 200 0 
148 62 200 0 
149 95 200 0 
150 72 200 0 
151 88 200 0 
152 67 200 0 
153 56 200 0 
154 12 200 0 
155 22 200 0 
156 59 200 0 
157 59 200 0 
158 60 200 0 
159 89 200 0 
160 8 200 0 
161 45 200 0 
162 95 200 0 
163 53 200 0 
164 95 200 0 
165 37 200 0 
166 26 200 0 
167 22 200 0 
168 84 200 0 
169 34 200 0 
170 79 200 0 
171 78 200 0 
172 44 200 0 
173 34 200 0 
174 65 200 0 
175 51 200 0 
176 53 200 0 
177 55 200 0 
178 74 200 0 
179 67 200 0 
180 95 200 0 
181 46 200 0 
182 45 200 0 
183 62 200 0 
184 74 200 0 
185 68 200 0 
186 69 200 0 
187 84 200 0 
188 71 200 0 
189 39 200 0 
190 47 200 0 
191 88 200 0 
192 62 200 0 
193 6 200 0 
194 76 200 0 
195 31 200 0 
196 20 200 0 
197 63 200 0 
198 96 200 0 
199 75 200 0 
200 24 200 0 
201 58 200 0 
202 49 200 0 
203 28 200 0 
204 97 200 0 
205 11 200 0 
206 84 200 0 
207 83 200 0 
208 91 200 0 
209 97 200 0 
210 94 200 0 
211 38 200 0 
212 44 200 0 
213 8 200 0 
214 69 200 0 
215 23 200 0 
216 32 200 0 
217 39 200 0 
218 77 200 0 
219 21 200 0 
220 38 200 0 
221 38 200 0 
222 72 200 0 
223 33 200 0 
224 53 200 0 
225 38 200 0 
226 4 200 0 
227 31 200 0 
228 45 200 0 
229 18 200 0 
230 58 200 0 
231 93 200 0 
232 95 200 0 
233 27 200 0 
234 95 200 0 
235 44 200 0 
236 53 200 0 
237 95 200 0 
238 5 200 0 
239 79 200 0 
240 4 200 0 
241 86 200 0 
242 54 200 0 
243 34 200 0 
244 90 200 0 
245 92 200 0 
246 54 200 0 
247 46 200 0 
248 99 200 0 
249 55 200 0 
250 9 200 0 
251 76 200 0 
252 39 200 0 
253 86 200 0 
254 64 200 0 
255 55 200 0 
256 29 200 0 
257 82 200 0 
258 55 200 0 
259 93 200 0 
260 27 200 0 
261 22 200 0 
262 31 200 0 
263 43 200 0 
264 6 200 0 
265 9 200 0 
266 77 200 0 
267 39 200 0 
268 15 200 0 
269 73 200 0 
270 13 200 0 
271 15 200 0 
272 35 200 0 
273 91 200 0 
274 65 200 0 
275 14 200 0 
276 65 200 0 
277 28 200 0 
278 32 200 0 
279 89 200 0 
280 35 200 0 
281 65 200 0 
282 6 200 0 
283 29 200 0 
284 5 200 0 
285 23 200 0 
286 73 200 0 
287 74 200 0 
288 33 200 0 
289 38 200 0 
290 78 200 0 
291 94 200 0 
292 68 200 0 
293 4 200 0 
294 58 200 0 
295 73 200 0 
296 60 200 0 
297 30 200 0 
298 25 200 0 
299 58 200 0 
300 34 200 0 
301 37 200 0 
302 21 200 0 
303 48 200 0 
304 28 200 0 
305 43 200 0 
306 13 200 0 
307 69 200 0 
308 43 200 0 
309 47 200 0 
310 56 200 0 
311 97 200 0 
312 91 200 0 
313 75 200 0 
314 84 200 0 
315 90 200 0 
316 10 200 0 
317 95 200 0 
318 69 200 0 
319 89 200 0 
320 7 200 0 
321 64 200 0 
322 95 200 0 
323 42 200 0 
324 20 200 0 
325 2 200 0 
326 4 200 0 
327 22 200 0 
328 63 200 0 
329 77 200 0 
330 39 200 0 
331 81 200 0 
332 11 200 0 
333 91 200 0 
334 60 200 0 
335 24 200 0 
336 22 200 0 
337 30 200 0 
338 54 200 0 
339 26 200 0 
340 48 200 0 
341 92 200 0 
342 100 200 0 
343 97 200 0 
344 22 200 0 
345 52 200 0 
346 33 200 0 
347 11 200 0 
348 76 200 0 
349 65 200 0 
350 46 200 0 
351 88 200 0 
352 86 200 0 
353 80 200 0 
354 100 200 0 
355 80 200 0 
356 77 200 0 
357 64 200 0 
358 54 200 0 
359 7 200 0 
360 13 200 0 
361 96 200 0 
362 92 200 0 
363 24 200 0 
364 91 200 0 
365 48 200 0 
366 85 200 0 
367 70 200 0 
368 53 200 0 
369 100 200 0 
370 19 200 0 
371 45 200 0 
372 49 200 0 
373 18 200 0 
374 64 200 0 
375 99 200 0 
376 71 200 0 
377 22 200 0 
378 11 200 0 
379 69 200 0 
380 75 200 0 
381 96 200 0 
382 20 200 0 
383 42 200 0 
384 8 200 0 
385 63 200 0 
386 57 200 0 
387 85 200 0 
388 84 200 0 
389 48 200 0 
390 17 200 0 
391 32 200 0 
392 6 200 0 
393 93 200 0 
394 33 200 0 
395 34 200 0 
396 68 200 0 
397 30 200 0 
398 72 200 0 
399 99 200 0 
400 53 200 0 
401 62 200 0 
402 8 200 0 
403 22 200 0 
404 65 200 0 
405 83 200 0 
406 65 200 0 
407 2 200 0 
408 87 200 0 
409 68 200 0 
410 48 200 0 
411 83 200 0 
412 21 200 0 
413 67 200 0 
414 27 200 0 
415 3 200 0 
416 100 200 0 
417 51 200 0 
418 2 200 0 
419 71 200 0 
420 31 200 0 
421 20 200 0 
422 23 200 0 
423 86 200 0 
424 35 200 0 
425 32 200 0 
426 74 200 0 
427 95 200 0 
428 80 200 0 
429 67 200 0 
430 20 200 0 
431 9 200 0 
432 54 200 0 
433 82 200 0 
434 91 200 0 
435 85 200 0 
436 59 200 0 
437 62 200 0 
438 45 200 0 
439 83 200 0 
440 9 200 0 
441 37 200 0 
442 48 200 0 
443 3 200 0 
444 77 200 0 
445 64 200 0 
446 27 200 0 
447 12 200 0 
448 95 200 0 
449 41 200 0 
450 43 200 0 
451 84 200 0 
452 55 200 0 
453 57 200 0 
454 24 200 0 
455 43 200 0 
456 90 200 0 
457 37 200 0 
458 8 200 0 
459 26 200 0 
460 14 200 0 
461 3 200 0 
462 48 200 0 
463 79 200 0 
464 80 200 0 
465 86 200 0 
466 17 200 0 
467 98 200 0 
468 41 200 0 
469 34 200 0 
470 67 200 0 
471 10 200 0 
472 76 200 0 
473 31 200 0 
474 86 200 0 
475 13 200 0 
476 54 200 0 
477 81 200 0 
478 98 200 0 
479 91 200 0 
480 17 200 0 
481 88 200 0 
482 62 200 0 
483 5 200 0 
484 41 200 0 
485 43 200 0 
486 92 200 0 
487 58 200 0 
488 60 200 0 
489 92 200 0 
490 94 200 0 
491 76 200 0 
492 4 200 0 
493 85 200 0 
494 96 200 0 
495 76 200 0 
496 57 200 0 
497 62 200 0 
498 99 200 0 
499 61 200 0 
