NAME GBP_INSTANCES\prob_1_B_3_8_0.txt
COMMENT
BINTYPES 5
ITEMS 200
BINS_SECTIONS
0 60 60 0 169 
1 80 80 0 127 
2 100 100 0 102 
3 120 120 0 85 
4 150 150 0 68 
ITEMS_SECTIONS
0 89 200 0 
1 39 200 0 
2 59 200 0 
3 59 200 0 
4 93 200 0 
5 91 200 0 
6 39 200 0 
7 65 200 0 
8 24 200 0 
9 79 200 0 
10 58 200 0 
11 100 200 0 
12 25 200 0 
13 45 200 0 
14 62 200 0 
15 25 200 0 
16 70 200 0 
17 34 200 0 
18 96 200 0 
19 14 200 0 
20 57 200 0 
21 60 200 0 
22 38 200 0 
23 36 200 0 
24 15 200 0 
25 4 200 0 
26 37 200 0 
27 19 200 0 
28 90 200 0 
29 71 200 0 
30 87 200 0 
31 91 200 0 
32 34 200 0 
33 8 200 0 
34 59 200 0 
35 81 200 0 
36 63 200 0 
37 91 200 0 
38 12 200 0 
39 64 200 0 
40 15 200 0 
41 90 200 0 
42 89 200 0 
43 33 200 0 
44 69 200 0 
45 33 200 0 
46 67 200 0 
47 90 200 0 
48 61 200 0 
49 54 200 0 
50 10 200 0 
51 29 200 0 
52 52 200 0 
53 67 200 0 
54 23 200 0 
55 4 200 0 
56 85 200 0 
57 42 200 0 
58 66 200 0 
59 54 200 0 
60 95 200 0 
61 18 200 0 
62 5 200 0 
63 99 200 0 
64 91 200 0 
65 46 200 0 
66 57 200 0 
67 49 200 0 
68 94 200 0 
69 89 200 0 
70 32 200 0 
71 43 200 0 
72 40 200 0 
73 61 200 0 
74 10 200 0 
75 91 200 0 
76 22 200 0 
77 45 200 0 
78 41 200 0 
79 7 200 0 
80 7 200 0 
81 74 200 0 
82 48 200 0 
83 100 200 0 
84 75 200 0 
85 9 200 0 
86 86 200 0 
87 51 200 0 
88 28 200 0 
89 88 200 0 
90 43 200 0 
91 90 200 0 
92 16 200 0 
93 10 200 0 
94 46 200 0 
95 42 200 0 
96 26 200 0 
97 87 200 0 
98 54 200 0 
99 48 200 0 
100 88 200 0 
101 66 200 0 
102 100 200 0 
103 6 200 0 
104 29 200 0 
105 37 200 0 
106 58 200 0 
107 66 200 0 
108 40 200 0 
109 9 200 0 
110 6 200 0 
111 18 200 0 
112 82 200 0 
113 24 200 0 
114 61 200 0 
115 95 200 0 
116 15 200 0 
117 32 200 0 
118 51 200 0 
119 37 200 0 
120 35 200 0 
121 31 200 0 
122 4 200 0 
123 46 200 0 
124 44 200 0 
125 90 200 0 
126 9 200 0 
127 66 200 0 
128 23 200 0 
129 52 200 0 
130 51 200 0 
131 25 200 0 
132 18 200 0 
133 37 200 0 
134 61 200 0 
135 63 200 0 
136 38 200 0 
137 44 200 0 
138 71 200 0 
139 5 200 0 
140 51 200 0 
141 84 200 0 
142 33 200 0 
143 76 200 0 
144 85 200 0 
145 12 200 0 
146 96 200 0 
147 37 200 0 
148 28 200 0 
149 18 200 0 
150 87 200 0 
151 28 200 0 
152 22 200 0 
153 38 200 0 
154 82 200 0 
155 100 200 0 
156 45 200 0 
157 39 200 0 
158 35 200 0 
159 30 200 0 
160 91 200 0 
161 45 200 0 
162 44 200 0 
163 84 200 0 
164 29 200 0 
165 49 200 0 
166 9 200 0 
167 39 200 0 
168 43 200 0 
169 96 200 0 
170 80 200 0 
171 15 200 0 
172 57 200 0 
173 65 200 0 
174 39 200 0 
175 44 200 0 
176 34 200 0 
177 37 200 0 
178 99 200 0 
179 12 200 0 
180 48 200 0 
181 83 200 0 
182 12 200 0 
183 2 200 0 
184 26 200 0 
185 65 200 0 
186 12 200 0 
187 89 200 0 
188 55 200 0 
189 67 200 0 
190 18 200 0 
191 100 200 0 
192 62 200 0 
193 53 200 0 
194 25 200 0 
195 91 200 0 
196 39 200 0 
197 86 200 0 
198 81 200 0 
199 63 200 0 
