NAME GBP_INSTANCES\prob_1_A_2_8_0.txt
COMMENT
BINTYPES 3
ITEMS 100
BINS_SECTIONS
0 100 100 0 49 
1 120 120 0 41 
2 150 150 0 33 
ITEMS_SECTIONS
0 91 200 0 
1 66 200 0 
2 84 200 0 
3 52 200 0 
4 96 200 0 
5 8 200 0 
6 18 200 0 
7 31 200 0 
8 89 200 0 
9 100 200 0 
10 39 200 0 
11 69 200 0 
12 93 200 0 
13 66 200 0 
14 40 200 0 
15 56 200 0 
16 94 200 0 
17 73 200 0 
18 42 200 0 
19 36 200 0 
20 16 200 0 
21 69 200 0 
22 98 200 0 
23 20 200 0 
24 79 200 0 
25 100 200 0 
26 18 200 0 
27 38 200 0 
28 16 200 0 
29 41 200 0 
30 34 200 0 
31 100 200 0 
32 2 200 0 
33 91 200 0 
34 3 200 0 
35 18 200 0 
36 90 200 0 
37 49 200 0 
38 17 200 0 
39 47 200 0 
40 18 200 0 
41 13 200 0 
42 53 200 0 
43 25 200 0 
44 40 200 0 
45 37 200 0 
46 40 200 0 
47 43 200 0 
48 89 200 0 
49 83 200 0 
50 31 200 0 
51 17 200 0 
52 14 200 0 
53 89 200 0 
54 7 200 0 
55 31 200 0 
56 69 200 0 
57 9 200 0 
58 75 200 0 
59 87 200 0 
60 44 200 0 
61 34 200 0 
62 91 200 0 
63 55 200 0 
64 81 200 0 
65 58 200 0 
66 68 200 0 
67 37 200 0 
68 69 200 0 
69 89 200 0 
70 2 200 0 
71 57 200 0 
72 84 200 0 
73 72 200 0 
74 81 200 0 
75 83 200 0 
76 40 200 0 
77 37 200 0 
78 14 200 0 
79 95 200 0 
80 28 200 0 
81 13 200 0 
82 16 200 0 
83 3 200 0 
84 18 200 0 
85 43 200 0 
86 14 200 0 
87 17 200 0 
88 88 200 0 
89 44 200 0 
90 23 200 0 
91 13 200 0 
92 59 200 0 
93 13 200 0 
94 8 200 0 
95 48 200 0 
96 2 200 0 
97 62 200 0 
98 22 200 0 
99 94 200 0 
