NAME GBP_INSTANCES\prob_1_B_3_7_0.txt
COMMENT
BINTYPES 5
ITEMS 200
BINS_SECTIONS
0 60 60 0 172 
1 80 80 0 129 
2 100 100 0 103 
3 120 120 0 86 
4 150 150 0 69 
ITEMS_SECTIONS
0 70 200 0 
1 83 200 0 
2 6 200 0 
3 15 200 0 
4 61 200 0 
5 8 200 0 
6 73 200 0 
7 43 200 0 
8 35 200 0 
9 23 200 0 
10 68 200 0 
11 3 200 0 
12 32 200 0 
13 2 200 0 
14 78 200 0 
15 31 200 0 
16 8 200 0 
17 51 200 0 
18 47 200 0 
19 70 200 0 
20 90 200 0 
21 96 200 0 
22 80 200 0 
23 74 200 0 
24 6 200 0 
25 25 200 0 
26 69 200 0 
27 61 200 0 
28 32 200 0 
29 18 200 0 
30 50 200 0 
31 41 200 0 
32 18 200 0 
33 79 200 0 
34 28 200 0 
35 74 200 0 
36 26 200 0 
37 60 200 0 
38 89 200 0 
39 64 200 0 
40 32 200 0 
41 95 200 0 
42 13 200 0 
43 48 200 0 
44 41 200 0 
45 69 200 0 
46 16 200 0 
47 98 200 0 
48 57 200 0 
49 96 200 0 
50 43 200 0 
51 84 200 0 
52 59 200 0 
53 63 200 0 
54 37 200 0 
55 15 200 0 
56 27 200 0 
57 91 200 0 
58 84 200 0 
59 9 200 0 
60 71 200 0 
61 88 200 0 
62 5 200 0 
63 23 200 0 
64 95 200 0 
65 45 200 0 
66 45 200 0 
67 68 200 0 
68 68 200 0 
69 17 200 0 
70 65 200 0 
71 47 200 0 
72 15 200 0 
73 96 200 0 
74 73 200 0 
75 66 200 0 
76 13 200 0 
77 75 200 0 
78 91 200 0 
79 23 200 0 
80 5 200 0 
81 12 200 0 
82 28 200 0 
83 39 200 0 
84 3 200 0 
85 18 200 0 
86 6 200 0 
87 43 200 0 
88 11 200 0 
89 66 200 0 
90 52 200 0 
91 61 200 0 
92 23 200 0 
93 31 200 0 
94 87 200 0 
95 33 200 0 
96 44 200 0 
97 74 200 0 
98 18 200 0 
99 97 200 0 
100 76 200 0 
101 81 200 0 
102 69 200 0 
103 74 200 0 
104 16 200 0 
105 56 200 0 
106 71 200 0 
107 87 200 0 
108 15 200 0 
109 95 200 0 
110 24 200 0 
111 51 200 0 
112 51 200 0 
113 33 200 0 
114 58 200 0 
115 66 200 0 
116 48 200 0 
117 82 200 0 
118 31 200 0 
119 47 200 0 
120 99 200 0 
121 70 200 0 
122 42 200 0 
123 29 200 0 
124 43 200 0 
125 87 200 0 
126 41 200 0 
127 73 200 0 
128 25 200 0 
129 49 200 0 
130 2 200 0 
131 26 200 0 
132 14 200 0 
133 90 200 0 
134 19 200 0 
135 36 200 0 
136 89 200 0 
137 87 200 0 
138 26 200 0 
139 100 200 0 
140 91 200 0 
141 38 200 0 
142 76 200 0 
143 38 200 0 
144 19 200 0 
145 83 200 0 
146 89 200 0 
147 58 200 0 
148 91 200 0 
149 10 200 0 
150 100 200 0 
151 24 200 0 
152 60 200 0 
153 9 200 0 
154 21 200 0 
155 81 200 0 
156 60 200 0 
157 32 200 0 
158 53 200 0 
159 55 200 0 
160 24 200 0 
161 33 200 0 
162 49 200 0 
163 75 200 0 
164 13 200 0 
165 16 200 0 
166 73 200 0 
167 35 200 0 
168 15 200 0 
169 87 200 0 
170 51 200 0 
171 55 200 0 
172 56 200 0 
173 44 200 0 
174 62 200 0 
175 51 200 0 
176 54 200 0 
177 68 200 0 
178 73 200 0 
179 66 200 0 
180 4 200 0 
181 89 200 0 
182 50 200 0 
183 77 200 0 
184 80 200 0 
185 72 200 0 
186 52 200 0 
187 46 200 0 
188 74 200 0 
189 74 200 0 
190 58 200 0 
191 99 200 0 
192 44 200 0 
193 73 200 0 
194 12 200 0 
195 26 200 0 
196 79 200 0 
197 62 200 0 
198 45 200 0 
199 80 200 0 
