NAME GBP_INSTANCES\prob_3_B_1_7_0.txt
COMMENT
BINTYPES 5
ITEMS 50
BINS_SECTIONS
0 60 60 0 63 
1 80 80 0 47 
2 100 100 0 38 
3 120 120 0 32 
4 150 150 0 25 
ITEMS_SECTIONS
0 54 200 1
1 72 200 1
2 80 200 1
3 53 200 1
4 67 200 1
5 86 200 1
6 64 200 1
7 70 200 1
8 67 200 1
9 82 200 1
10 68 200 1
11 68 200 1
12 59 200 1
13 52 200 1
14 88 200 1
15 93 200 1
16 80 200 1
17 79 200 1
18 89 200 1
19 80 200 1
20 92 200 1
21 79 200 1
22 76 200 1
23 77 200 1
24 67 200 1
25 92 200 1
26 56 200 1
27 86 200 1
28 64 200 1
29 84 200 1
30 51 200 1
31 79 200 1
32 56 200 1
33 92 200 1
34 55 200 1
35 90 200 1
36 86 200 1
37 58 200 1
38 91 200 1
39 80 200 1
40 92 200 1
41 88 200 1
42 53 200 1
43 52 200 1
44 73 200 1
45 91 200 1
46 94 200 1
47 86 200 1
48 57 200 1
49 79 200 1
