NAME GBP_INSTANCES\prob_2_B_2_7_0.txt
COMMENT
BINTYPES 5
ITEMS 100
BINS_SECTIONS
0 60 60 0 101 
1 80 80 0 76 
2 100 100 0 61 
3 120 120 0 51 
4 150 150 0 41 
ITEMS_SECTIONS
0 31 200 0 
1 86 200 0 
2 39 200 0 
3 36 200 0 
4 73 200 0 
5 85 200 0 
6 33 200 0 
7 93 200 0 
8 35 200 0 
9 49 200 0 
10 99 200 0 
11 64 200 0 
12 89 200 0 
13 94 200 0 
14 21 200 0 
15 27 200 0 
16 86 200 0 
17 43 200 0 
18 57 200 0 
19 94 200 0 
20 54 200 0 
21 46 200 0 
22 93 200 0 
23 50 200 0 
24 76 200 0 
25 75 200 0 
26 89 200 0 
27 59 200 0 
28 77 200 0 
29 83 200 0 
30 86 200 0 
31 60 200 0 
32 24 200 0 
33 88 200 0 
34 21 200 0 
35 45 200 0 
36 38 200 0 
37 59 200 0 
38 28 200 0 
39 30 200 0 
40 26 200 0 
41 61 200 0 
42 91 200 0 
43 97 200 0 
44 21 200 0 
45 55 200 0 
46 59 200 0 
47 98 200 0 
48 42 200 0 
49 59 200 0 
50 97 200 0 
51 43 200 0 
52 91 200 0 
53 48 200 0 
54 90 200 0 
55 52 200 0 
56 70 200 0 
57 78 200 0 
58 67 200 0 
59 77 200 0 
60 66 200 0 
61 83 200 0 
62 27 200 0 
63 46 200 0 
64 72 200 0 
65 69 200 0 
66 21 200 0 
67 80 200 0 
68 73 200 0 
69 80 200 0 
70 56 200 0 
71 57 200 0 
72 45 200 0 
73 87 200 0 
74 63 200 0 
75 26 200 0 
76 64 200 0 
77 73 200 0 
78 40 200 0 
79 25 200 0 
80 91 200 0 
81 54 200 0 
82 47 200 0 
83 86 200 0 
84 28 200 0 
85 71 200 0 
86 24 200 0 
87 94 200 0 
88 68 200 0 
89 48 200 0 
90 42 200 0 
91 49 200 0 
92 47 200 0 
93 39 200 0 
94 97 200 0 
95 83 200 0 
96 36 200 0 
97 45 200 0 
98 62 200 0 
99 47 200 0 
