NAME GBP_INSTANCES\prob_1_A_1_2_0.txt
COMMENT
BINTYPES 3
ITEMS 50
BINS_SECTIONS
0 100 100 0 26 
1 120 120 0 22 
2 150 150 0 17 
ITEMS_SECTIONS
0 49 200 1
1 21 200 1
2 52 200 1
3 78 200 1
4 37 200 1
5 71 200 1
6 92 200 1
7 68 200 1
8 71 200 1
9 44 200 1
10 4 200 1
11 23 200 1
12 95 200 1
13 51 200 1
14 21 200 1
15 65 200 1
16 14 200 1
17 28 200 1
18 35 200 1
19 71 200 1
20 5 200 1
21 96 200 1
22 76 200 1
23 88 200 1
24 64 200 1
25 26 200 1
26 64 200 1
27 86 200 1
28 25 200 1
29 73 200 1
30 35 200 1
31 6 200 1
32 50 200 1
33 90 200 1
34 25 200 1
35 54 200 1
36 50 200 1
37 86 200 1
38 36 200 1
39 14 200 1
40 23 200 1
41 13 200 1
42 37 200 1
43 22 200 1
44 45 200 1
45 84 200 1
46 52 200 1
47 83 200 1
48 42 200 1
49 88 200 1
