NAME GBP_INSTANCES\prob_3_A_4_8_0.txt
COMMENT
BINTYPES 3
ITEMS 500
BINS_SECTIONS
0 100 100 0 385 
1 120 120 0 321 
2 150 150 0 257 
ITEMS_SECTIONS
0 53 200 1
1 73 200 1
2 87 200 1
3 70 200 1
4 78 200 1
5 68 200 1
6 81 200 1
7 76 200 1
8 94 200 1
9 64 200 1
10 67 200 1
11 82 200 1
12 73 200 1
13 80 200 1
14 75 200 1
15 96 200 1
16 97 200 1
17 97 200 1
18 96 200 1
19 89 200 1
20 85 200 1
21 88 200 1
22 88 200 1
23 74 200 1
24 75 200 1
25 84 200 1
26 59 200 1
27 86 200 1
28 75 200 1
29 71 200 1
30 64 200 1
31 51 200 1
32 96 200 1
33 99 200 1
34 79 200 1
35 62 200 1
36 87 200 1
37 72 200 1
38 94 200 1
39 53 200 1
40 100 200 1
41 68 200 1
42 73 200 1
43 92 200 1
44 98 200 1
45 82 200 1
46 78 200 1
47 84 200 1
48 62 200 1
49 86 200 1
50 63 200 1
51 95 200 1
52 51 200 1
53 84 200 1
54 75 200 1
55 100 200 1
56 100 200 1
57 90 200 1
58 71 200 1
59 64 200 1
60 82 200 1
61 65 200 1
62 97 200 1
63 97 200 1
64 79 200 1
65 67 200 1
66 67 200 1
67 63 200 1
68 97 200 1
69 52 200 1
70 58 200 1
71 66 200 1
72 55 200 1
73 64 200 1
74 54 200 1
75 96 200 1
76 88 200 1
77 64 200 1
78 99 200 1
79 70 200 1
80 59 200 1
81 79 200 1
82 98 200 1
83 86 200 1
84 92 200 1
85 81 200 1
86 71 200 1
87 86 200 1
88 88 200 1
89 63 200 1
90 56 200 1
91 86 200 1
92 96 200 1
93 85 200 1
94 57 200 1
95 73 200 1
96 75 200 1
97 98 200 1
98 91 200 1
99 93 200 1
100 88 200 1
101 71 200 1
102 83 200 1
103 99 200 1
104 62 200 1
105 86 200 1
106 89 200 1
107 99 200 1
108 96 200 1
109 67 200 1
110 82 200 1
111 91 200 1
112 62 200 1
113 63 200 1
114 58 200 1
115 92 200 1
116 73 200 1
117 90 200 1
118 95 200 1
119 62 200 1
120 68 200 1
121 77 200 1
122 85 200 1
123 91 200 1
124 82 200 1
125 100 200 1
126 67 200 1
127 88 200 1
128 56 200 1
129 91 200 1
130 76 200 1
131 89 200 1
132 61 200 1
133 90 200 1
134 89 200 1
135 75 200 1
136 75 200 1
137 96 200 1
138 93 200 1
139 74 200 1
140 97 200 1
141 90 200 1
142 82 200 1
143 78 200 1
144 91 200 1
145 51 200 1
146 85 200 1
147 58 200 1
148 84 200 1
149 78 200 1
150 71 200 1
151 97 200 1
152 68 200 1
153 85 200 1
154 67 200 1
155 86 200 1
156 77 200 1
157 83 200 1
158 64 200 1
159 93 200 1
160 92 200 1
161 76 200 1
162 81 200 1
163 56 200 1
164 90 200 1
165 81 200 1
166 60 200 1
167 64 200 1
168 95 200 1
169 89 200 1
170 66 200 1
171 60 200 1
172 92 200 1
173 82 200 1
174 65 200 1
175 52 200 1
176 66 200 1
177 88 200 1
178 58 200 1
179 96 200 1
180 85 200 1
181 68 200 1
182 88 200 1
183 57 200 1
184 61 200 1
185 71 200 1
186 94 200 1
187 94 200 1
188 92 200 1
189 64 200 1
190 93 200 1
191 80 200 1
192 52 200 1
193 63 200 1
194 54 200 1
195 65 200 1
196 75 200 1
197 67 200 1
198 89 200 1
199 75 200 1
200 72 200 1
201 87 200 1
202 96 200 1
203 66 200 1
204 52 200 1
205 51 200 1
206 59 200 1
207 77 200 1
208 56 200 1
209 99 200 1
210 92 200 1
211 88 200 1
212 62 200 1
213 86 200 1
214 94 200 1
215 97 200 1
216 74 200 1
217 97 200 1
218 98 200 1
219 57 200 1
220 63 200 1
221 77 200 1
222 64 200 1
223 85 200 1
224 53 200 1
225 90 200 1
226 76 200 1
227 55 200 1
228 86 200 1
229 77 200 1
230 79 200 1
231 59 200 1
232 53 200 1
233 92 200 1
234 55 200 1
235 66 200 1
236 75 200 1
237 58 200 1
238 51 200 1
239 59 200 1
240 76 200 1
241 88 200 1
242 85 200 1
243 82 200 1
244 72 200 1
245 62 200 1
246 100 200 1
247 66 200 1
248 77 200 1
249 56 200 1
250 92 200 1
251 82 200 1
252 96 200 1
253 61 200 1
254 94 200 1
255 85 200 1
256 61 200 1
257 76 200 1
258 66 200 1
259 83 200 1
260 69 200 1
261 94 200 1
262 95 200 1
263 62 200 1
264 86 200 1
265 88 200 1
266 51 200 1
267 51 200 1
268 81 200 1
269 69 200 1
270 91 200 1
271 98 200 1
272 92 200 1
273 86 200 1
274 76 200 1
275 90 200 1
276 98 200 1
277 82 200 1
278 74 200 1
279 52 200 1
280 91 200 1
281 70 200 1
282 80 200 1
283 95 200 1
284 75 200 1
285 57 200 1
286 62 200 1
287 51 200 1
288 91 200 1
289 69 200 1
290 79 200 1
291 71 200 1
292 93 200 1
293 56 200 1
294 64 200 1
295 69 200 1
296 65 200 1
297 86 200 1
298 80 200 1
299 80 200 1
300 61 200 1
301 54 200 1
302 89 200 1
303 83 200 1
304 67 200 1
305 59 200 1
306 86 200 1
307 96 200 1
308 96 200 1
309 87 200 1
310 100 200 1
311 90 200 1
312 87 200 1
313 91 200 1
314 98 200 1
315 87 200 1
316 53 200 1
317 64 200 1
318 60 200 1
319 92 200 1
320 54 200 1
321 98 200 1
322 54 200 1
323 60 200 1
324 100 200 1
325 55 200 1
326 72 200 1
327 59 200 1
328 84 200 1
329 79 200 1
330 71 200 1
331 79 200 1
332 84 200 1
333 88 200 1
334 65 200 1
335 98 200 1
336 62 200 1
337 99 200 1
338 74 200 1
339 99 200 1
340 94 200 1
341 71 200 1
342 69 200 1
343 53 200 1
344 80 200 1
345 51 200 1
346 69 200 1
347 69 200 1
348 59 200 1
349 85 200 1
350 88 200 1
351 64 200 1
352 63 200 1
353 70 200 1
354 68 200 1
355 58 200 1
356 55 200 1
357 90 200 1
358 68 200 1
359 52 200 1
360 85 200 1
361 86 200 1
362 91 200 1
363 92 200 1
364 90 200 1
365 51 200 1
366 52 200 1
367 67 200 1
368 89 200 1
369 79 200 1
370 82 200 1
371 64 200 1
372 94 200 1
373 85 200 1
374 84 200 1
375 58 200 1
376 89 200 1
377 60 200 1
378 54 200 1
379 68 200 1
380 95 200 1
381 77 200 1
382 59 200 1
383 63 200 1
384 75 200 1
385 73 200 1
386 82 200 1
387 90 200 1
388 97 200 1
389 62 200 1
390 60 200 1
391 63 200 1
392 58 200 1
393 61 200 1
394 92 200 1
395 78 200 1
396 91 200 1
397 77 200 1
398 91 200 1
399 58 200 1
400 55 200 1
401 100 200 1
402 93 200 1
403 76 200 1
404 71 200 1
405 82 200 1
406 60 200 1
407 65 200 1
408 76 200 1
409 60 200 1
410 98 200 1
411 77 200 1
412 86 200 1
413 51 200 1
414 96 200 1
415 77 200 1
416 100 200 1
417 74 200 1
418 96 200 1
419 97 200 1
420 88 200 1
421 78 200 1
422 67 200 1
423 95 200 1
424 91 200 1
425 82 200 1
426 63 200 1
427 66 200 1
428 75 200 1
429 56 200 1
430 87 200 1
431 80 200 1
432 68 200 1
433 95 200 1
434 71 200 1
435 84 200 1
436 76 200 1
437 73 200 1
438 72 200 1
439 75 200 1
440 56 200 1
441 71 200 1
442 80 200 1
443 58 200 1
444 82 200 1
445 74 200 1
446 84 200 1
447 86 200 1
448 93 200 1
449 69 200 1
450 92 200 1
451 90 200 1
452 65 200 1
453 100 200 1
454 71 200 1
455 96 200 1
456 73 200 1
457 62 200 1
458 78 200 1
459 100 200 1
460 53 200 1
461 82 200 1
462 55 200 1
463 85 200 1
464 83 200 1
465 75 200 1
466 68 200 1
467 58 200 1
468 81 200 1
469 70 200 1
470 56 200 1
471 80 200 1
472 89 200 1
473 95 200 1
474 70 200 1
475 88 200 1
476 53 200 1
477 68 200 1
478 66 200 1
479 63 200 1
480 59 200 1
481 85 200 1
482 91 200 1
483 93 200 1
484 87 200 1
485 93 200 1
486 63 200 1
487 55 200 1
488 88 200 1
489 89 200 1
490 97 200 1
491 91 200 1
492 58 200 1
493 53 200 1
494 70 200 1
495 67 200 1
496 54 200 1
497 82 200 1
498 73 200 1
499 80 200 1
