NAME GBP_INSTANCES\prob_3_B_4_7_0.txt
COMMENT
BINTYPES 5
ITEMS 500
BINS_SECTIONS
0 60 60 0 633 
1 80 80 0 475 
2 100 100 0 380 
3 120 120 0 317 
4 150 150 0 254 
ITEMS_SECTIONS
0 76 200 0 
1 92 200 0 
2 84 200 0 
3 62 200 0 
4 66 200 0 
5 93 200 0 
6 87 200 0 
7 73 200 0 
8 92 200 0 
9 81 200 0 
10 91 200 0 
11 86 200 0 
12 81 200 0 
13 74 200 0 
14 84 200 0 
15 53 200 0 
16 55 200 0 
17 64 200 0 
18 58 200 0 
19 81 200 0 
20 80 200 0 
21 58 200 0 
22 68 200 0 
23 81 200 0 
24 75 200 0 
25 83 200 0 
26 68 200 0 
27 96 200 0 
28 58 200 0 
29 93 200 0 
30 78 200 0 
31 78 200 0 
32 52 200 0 
33 58 200 0 
34 52 200 0 
35 82 200 0 
36 88 200 0 
37 56 200 0 
38 91 200 0 
39 93 200 0 
40 94 200 0 
41 58 200 0 
42 90 200 0 
43 51 200 0 
44 93 200 0 
45 82 200 0 
46 93 200 0 
47 97 200 0 
48 80 200 0 
49 91 200 0 
50 55 200 0 
51 52 200 0 
52 100 200 0 
53 70 200 0 
54 91 200 0 
55 96 200 0 
56 61 200 0 
57 65 200 0 
58 94 200 0 
59 69 200 0 
60 91 200 0 
61 99 200 0 
62 71 200 0 
63 57 200 0 
64 70 200 0 
65 67 200 0 
66 62 200 0 
67 81 200 0 
68 58 200 0 
69 66 200 0 
70 53 200 0 
71 59 200 0 
72 54 200 0 
73 60 200 0 
74 93 200 0 
75 52 200 0 
76 84 200 0 
77 94 200 0 
78 80 200 0 
79 65 200 0 
80 70 200 0 
81 99 200 0 
82 67 200 0 
83 76 200 0 
84 83 200 0 
85 57 200 0 
86 62 200 0 
87 100 200 0 
88 62 200 0 
89 66 200 0 
90 71 200 0 
91 55 200 0 
92 75 200 0 
93 75 200 0 
94 55 200 0 
95 64 200 0 
96 87 200 0 
97 75 200 0 
98 54 200 0 
99 84 200 0 
100 62 200 0 
101 76 200 0 
102 91 200 0 
103 53 200 0 
104 81 200 0 
105 92 200 0 
106 75 200 0 
107 58 200 0 
108 86 200 0 
109 78 200 0 
110 96 200 0 
111 99 200 0 
112 77 200 0 
113 78 200 0 
114 94 200 0 
115 55 200 0 
116 96 200 0 
117 91 200 0 
118 51 200 0 
119 88 200 0 
120 56 200 0 
121 100 200 0 
122 60 200 0 
123 78 200 0 
124 97 200 0 
125 84 200 0 
126 56 200 0 
127 84 200 0 
128 97 200 0 
129 56 200 0 
130 88 200 0 
131 69 200 0 
132 95 200 0 
133 77 200 0 
134 76 200 0 
135 81 200 0 
136 73 200 0 
137 76 200 0 
138 84 200 0 
139 94 200 0 
140 92 200 0 
141 93 200 0 
142 90 200 0 
143 73 200 0 
144 88 200 0 
145 87 200 0 
146 60 200 0 
147 95 200 0 
148 67 200 0 
149 85 200 0 
150 76 200 0 
151 83 200 0 
152 56 200 0 
153 97 200 0 
154 97 200 0 
155 62 200 0 
156 55 200 0 
157 83 200 0 
158 96 200 0 
159 78 200 0 
160 79 200 0 
161 100 200 0 
162 99 200 0 
163 70 200 0 
164 66 200 0 
165 56 200 0 
166 74 200 0 
167 85 200 0 
168 61 200 0 
169 100 200 0 
170 91 200 0 
171 87 200 0 
172 57 200 0 
173 91 200 0 
174 61 200 0 
175 88 200 0 
176 74 200 0 
177 98 200 0 
178 59 200 0 
179 57 200 0 
180 84 200 0 
181 96 200 0 
182 53 200 0 
183 90 200 0 
184 65 200 0 
185 54 200 0 
186 90 200 0 
187 89 200 0 
188 58 200 0 
189 70 200 0 
190 100 200 0 
191 89 200 0 
192 100 200 0 
193 67 200 0 
194 96 200 0 
195 75 200 0 
196 93 200 0 
197 89 200 0 
198 51 200 0 
199 82 200 0 
200 64 200 0 
201 72 200 0 
202 92 200 0 
203 73 200 0 
204 95 200 0 
205 66 200 0 
206 55 200 0 
207 79 200 0 
208 95 200 0 
209 54 200 0 
210 63 200 0 
211 58 200 0 
212 95 200 0 
213 72 200 0 
214 98 200 0 
215 92 200 0 
216 66 200 0 
217 86 200 0 
218 70 200 0 
219 95 200 0 
220 78 200 0 
221 84 200 0 
222 86 200 0 
223 90 200 0 
224 60 200 0 
225 80 200 0 
226 58 200 0 
227 78 200 0 
228 56 200 0 
229 97 200 0 
230 70 200 0 
231 71 200 0 
232 86 200 0 
233 63 200 0 
234 56 200 0 
235 87 200 0 
236 83 200 0 
237 55 200 0 
238 67 200 0 
239 56 200 0 
240 95 200 0 
241 63 200 0 
242 64 200 0 
243 66 200 0 
244 60 200 0 
245 54 200 0 
246 74 200 0 
247 53 200 0 
248 84 200 0 
249 74 200 0 
250 93 200 0 
251 70 200 0 
252 95 200 0 
253 59 200 0 
254 76 200 0 
255 82 200 0 
256 98 200 0 
257 83 200 0 
258 93 200 0 
259 77 200 0 
260 95 200 0 
261 90 200 0 
262 96 200 0 
263 79 200 0 
264 67 200 0 
265 65 200 0 
266 74 200 0 
267 74 200 0 
268 56 200 0 
269 87 200 0 
270 91 200 0 
271 62 200 0 
272 54 200 0 
273 52 200 0 
274 79 200 0 
275 59 200 0 
276 51 200 0 
277 76 200 0 
278 93 200 0 
279 65 200 0 
280 77 200 0 
281 69 200 0 
282 88 200 0 
283 59 200 0 
284 53 200 0 
285 68 200 0 
286 86 200 0 
287 97 200 0 
288 86 200 0 
289 84 200 0 
290 77 200 0 
291 73 200 0 
292 61 200 0 
293 74 200 0 
294 88 200 0 
295 66 200 0 
296 84 200 0 
297 84 200 0 
298 63 200 0 
299 80 200 0 
300 64 200 0 
301 82 200 0 
302 69 200 0 
303 67 200 0 
304 89 200 0 
305 64 200 0 
306 99 200 0 
307 64 200 0 
308 99 200 0 
309 61 200 0 
310 64 200 0 
311 100 200 0 
312 87 200 0 
313 86 200 0 
314 58 200 0 
315 61 200 0 
316 54 200 0 
317 79 200 0 
318 82 200 0 
319 96 200 0 
320 84 200 0 
321 62 200 0 
322 63 200 0 
323 75 200 0 
324 67 200 0 
325 93 200 0 
326 56 200 0 
327 67 200 0 
328 99 200 0 
329 97 200 0 
330 60 200 0 
331 58 200 0 
332 65 200 0 
333 52 200 0 
334 91 200 0 
335 73 200 0 
336 53 200 0 
337 59 200 0 
338 86 200 0 
339 68 200 0 
340 97 200 0 
341 77 200 0 
342 97 200 0 
343 62 200 0 
344 96 200 0 
345 58 200 0 
346 77 200 0 
347 82 200 0 
348 63 200 0 
349 51 200 0 
350 79 200 0 
351 71 200 0 
352 88 200 0 
353 59 200 0 
354 76 200 0 
355 93 200 0 
356 86 200 0 
357 87 200 0 
358 59 200 0 
359 51 200 0 
360 60 200 0 
361 95 200 0 
362 79 200 0 
363 65 200 0 
364 79 200 0 
365 54 200 0 
366 95 200 0 
367 62 200 0 
368 83 200 0 
369 64 200 0 
370 78 200 0 
371 58 200 0 
372 98 200 0 
373 84 200 0 
374 99 200 0 
375 82 200 0 
376 70 200 0 
377 87 200 0 
378 95 200 0 
379 80 200 0 
380 54 200 0 
381 85 200 0 
382 90 200 0 
383 91 200 0 
384 78 200 0 
385 87 200 0 
386 65 200 0 
387 95 200 0 
388 52 200 0 
389 85 200 0 
390 51 200 0 
391 63 200 0 
392 100 200 0 
393 87 200 0 
394 56 200 0 
395 61 200 0 
396 85 200 0 
397 84 200 0 
398 69 200 0 
399 92 200 0 
400 53 200 0 
401 75 200 0 
402 85 200 0 
403 80 200 0 
404 68 200 0 
405 83 200 0 
406 74 200 0 
407 72 200 0 
408 60 200 0 
409 90 200 0 
410 85 200 0 
411 69 200 0 
412 65 200 0 
413 75 200 0 
414 77 200 0 
415 57 200 0 
416 72 200 0 
417 75 200 0 
418 52 200 0 
419 52 200 0 
420 61 200 0 
421 61 200 0 
422 89 200 0 
423 81 200 0 
424 89 200 0 
425 100 200 0 
426 98 200 0 
427 63 200 0 
428 77 200 0 
429 82 200 0 
430 98 200 0 
431 55 200 0 
432 74 200 0 
433 53 200 0 
434 91 200 0 
435 81 200 0 
436 82 200 0 
437 68 200 0 
438 78 200 0 
439 73 200 0 
440 54 200 0 
441 51 200 0 
442 92 200 0 
443 68 200 0 
444 91 200 0 
445 55 200 0 
446 99 200 0 
447 99 200 0 
448 72 200 0 
449 67 200 0 
450 83 200 0 
451 89 200 0 
452 67 200 0 
453 80 200 0 
454 76 200 0 
455 61 200 0 
456 85 200 0 
457 77 200 0 
458 90 200 0 
459 92 200 0 
460 56 200 0 
461 80 200 0 
462 68 200 0 
463 70 200 0 
464 92 200 0 
465 78 200 0 
466 54 200 0 
467 65 200 0 
468 76 200 0 
469 75 200 0 
470 63 200 0 
471 56 200 0 
472 76 200 0 
473 74 200 0 
474 86 200 0 
475 99 200 0 
476 92 200 0 
477 54 200 0 
478 64 200 0 
479 77 200 0 
480 69 200 0 
481 77 200 0 
482 76 200 0 
483 87 200 0 
484 89 200 0 
485 98 200 0 
486 62 200 0 
487 88 200 0 
488 77 200 0 
489 79 200 0 
490 88 200 0 
491 74 200 0 
492 86 200 0 
493 51 200 0 
494 59 200 0 
495 86 200 0 
496 89 200 0 
497 96 200 0 
498 54 200 0 
499 89 200 0 
