NAME GBP_INSTANCES\prob_3_A_3_2_0.txt
COMMENT
BINTYPES 3
ITEMS 200
BINS_SECTIONS
0 100 100 0 148 
1 120 120 0 123 
2 150 150 0 99 
ITEMS_SECTIONS
0 75 200 1
1 72 200 1
2 56 200 1
3 77 200 1
4 82 200 1
5 73 200 1
6 54 200 1
7 71 200 1
8 74 200 1
9 99 200 1
10 97 200 1
11 58 200 1
12 70 200 1
13 70 200 1
14 91 200 1
15 76 200 1
16 64 200 1
17 92 200 1
18 78 200 1
19 97 200 1
20 66 200 1
21 97 200 1
22 78 200 1
23 65 200 1
24 89 200 1
25 53 200 1
26 93 200 1
27 59 200 1
28 97 200 1
29 97 200 1
30 69 200 1
31 96 200 1
32 71 200 1
33 66 200 1
34 69 200 1
35 67 200 1
36 100 200 1
37 91 200 1
38 51 200 1
39 65 200 1
40 65 200 1
41 67 200 1
42 53 200 1
43 69 200 1
44 81 200 1
45 77 200 1
46 80 200 1
47 73 200 1
48 90 200 1
49 77 200 1
50 94 200 1
51 76 200 1
52 84 200 1
53 56 200 1
54 58 200 1
55 78 200 1
56 63 200 1
57 60 200 1
58 69 200 1
59 58 200 1
60 86 200 1
61 65 200 1
62 55 200 1
63 52 200 1
64 78 200 1
65 97 200 1
66 100 200 1
67 75 200 1
68 55 200 1
69 91 200 1
70 76 200 1
71 65 200 1
72 76 200 1
73 78 200 1
74 65 200 1
75 63 200 1
76 86 200 1
77 95 200 1
78 67 200 1
79 87 200 1
80 55 200 1
81 62 200 1
82 56 200 1
83 96 200 1
84 86 200 1
85 60 200 1
86 69 200 1
87 56 200 1
88 82 200 1
89 62 200 1
90 80 200 1
91 62 200 1
92 59 200 1
93 54 200 1
94 67 200 1
95 65 200 1
96 92 200 1
97 88 200 1
98 100 200 1
99 66 200 1
100 74 200 1
101 63 200 1
102 77 200 1
103 72 200 1
104 84 200 1
105 69 200 1
106 73 200 1
107 89 200 1
108 84 200 1
109 96 200 1
110 83 200 1
111 72 200 1
112 57 200 1
113 88 200 1
114 81 200 1
115 79 200 1
116 87 200 1
117 52 200 1
118 63 200 1
119 94 200 1
120 100 200 1
121 88 200 1
122 58 200 1
123 53 200 1
124 80 200 1
125 63 200 1
126 63 200 1
127 62 200 1
128 59 200 1
129 94 200 1
130 54 200 1
131 67 200 1
132 57 200 1
133 51 200 1
134 59 200 1
135 78 200 1
136 64 200 1
137 60 200 1
138 53 200 1
139 60 200 1
140 52 200 1
141 55 200 1
142 69 200 1
143 75 200 1
144 91 200 1
145 74 200 1
146 73 200 1
147 63 200 1
148 73 200 1
149 77 200 1
150 54 200 1
151 81 200 1
152 66 200 1
153 96 200 1
154 71 200 1
155 79 200 1
156 84 200 1
157 97 200 1
158 67 200 1
159 59 200 1
160 73 200 1
161 100 200 1
162 84 200 1
163 76 200 1
164 76 200 1
165 55 200 1
166 92 200 1
167 69 200 1
168 93 200 1
169 97 200 1
170 66 200 1
171 60 200 1
172 86 200 1
173 56 200 1
174 77 200 1
175 86 200 1
176 98 200 1
177 69 200 1
178 71 200 1
179 54 200 1
180 53 200 1
181 88 200 1
182 64 200 1
183 97 200 1
184 79 200 1
185 73 200 1
186 75 200 1
187 55 200 1
188 81 200 1
189 63 200 1
190 61 200 1
191 68 200 1
192 75 200 1
193 70 200 1
194 97 200 1
195 57 200 1
196 79 200 1
197 77 200 1
198 54 200 1
199 71 200 1
