NAME GBP_INSTANCES\prob_3_B_0_7_0.txt
COMMENT
BINTYPES 5
ITEMS 25
BINS_SECTIONS
0 60 60 0 31 
1 80 80 0 23 
2 100 100 0 19 
3 120 120 0 16 
4 150 150 0 13 
ITEMS_SECTIONS
0 99 200 0 
1 83 200 0 
2 83 200 0 
3 53 200 0 
4 53 200 0 
5 52 200 0 
6 73 200 0 
7 52 200 0 
8 56 200 0 
9 57 200 0 
10 79 200 0 
11 57 200 0 
12 78 200 0 
13 53 200 0 
14 55 200 0 
15 82 200 0 
16 73 200 0 
17 77 200 0 
18 100 200 0 
19 92 200 0 
20 53 200 0 
21 92 200 0 
22 97 200 0 
23 98 200 0 
24 75 200 0 
