NAME GBP_INSTANCES\prob_3_B_0_5_0.txt
COMMENT
BINTYPES 5
ITEMS 25
BINS_SECTIONS
0 60 60 0 32 
1 80 80 0 24 
2 100 100 0 19 
3 120 120 0 16 
4 150 150 0 13 
ITEMS_SECTIONS
0 82 200 0 
1 78 200 0 
2 72 200 0 
3 86 200 0 
4 72 200 0 
5 93 200 0 
6 64 200 0 
7 72 200 0 
8 65 200 0 
9 64 200 0 
10 76 200 0 
11 77 200 0 
12 100 200 0 
13 81 200 0 
14 53 200 0 
15 62 200 0 
16 79 200 0 
17 66 200 0 
18 64 200 0 
19 98 200 0 
20 81 200 0 
21 79 200 0 
22 63 200 0 
23 64 200 0 
24 75 200 0 
