NAME GBP_INSTANCES\prob_2_B_2_1_0.txt
COMMENT
BINTYPES 5
ITEMS 100
BINS_SECTIONS
0 60 60 0 106 
1 80 80 0 80 
2 100 100 0 64 
3 120 120 0 53 
4 150 150 0 43 
ITEMS_SECTIONS
0 83 200 1
1 77 200 1
2 83 200 1
3 49 200 1
4 74 200 1
5 77 200 1
6 39 200 1
7 98 200 1
8 95 200 1
9 34 200 1
10 73 200 1
11 86 200 1
12 61 200 1
13 87 200 1
14 81 200 1
15 44 200 1
16 27 200 1
17 62 200 1
18 33 200 1
19 36 200 1
20 100 200 1
21 79 200 1
22 96 200 1
23 33 200 1
24 24 200 1
25 33 200 1
26 61 200 1
27 88 200 1
28 94 200 1
29 37 200 1
30 36 200 1
31 33 200 1
32 51 200 1
33 87 200 1
34 77 200 1
35 90 200 1
36 31 200 1
37 63 200 1
38 74 200 1
39 100 200 1
40 41 200 1
41 80 200 1
42 58 200 1
43 49 200 1
44 48 200 1
45 81 200 1
46 72 200 1
47 56 200 1
48 29 200 1
49 24 200 1
50 100 200 1
51 37 200 1
52 74 200 1
53 53 200 1
54 79 200 1
55 87 200 1
56 37 200 1
57 78 200 1
58 73 200 1
59 34 200 1
60 36 200 1
61 68 200 1
62 98 200 1
63 84 200 1
64 26 200 1
65 92 200 1
66 57 200 1
67 51 200 1
68 44 200 1
69 52 200 1
70 81 200 1
71 58 200 1
72 87 200 1
73 54 200 1
74 59 200 1
75 34 200 1
76 95 200 1
77 81 200 1
78 81 200 1
79 100 200 1
80 48 200 1
81 91 200 1
82 34 200 1
83 45 200 1
84 77 200 1
85 69 200 1
86 63 200 1
87 60 200 1
88 45 200 1
89 26 200 1
90 56 200 1
91 70 200 1
92 96 200 1
93 63 200 1
94 36 200 1
95 46 200 1
96 32 200 1
97 71 200 1
98 83 200 1
99 98 200 1
