NAME GBP_INSTANCES\prob_3_B_2_8_0.txt
COMMENT
BINTYPES 5
ITEMS 100
BINS_SECTIONS
0 60 60 0 130 
1 80 80 0 97 
2 100 100 0 78 
3 120 120 0 65 
4 150 150 0 52 
ITEMS_SECTIONS
0 85 200 0 
1 89 200 0 
2 55 200 0 
3 86 200 0 
4 60 200 0 
5 62 200 0 
6 81 200 0 
7 92 200 0 
8 91 200 0 
9 69 200 0 
10 93 200 0 
11 85 200 0 
12 53 200 0 
13 61 200 0 
14 57 200 0 
15 77 200 0 
16 53 200 0 
17 99 200 0 
18 99 200 0 
19 85 200 0 
20 87 200 0 
21 81 200 0 
22 87 200 0 
23 59 200 0 
24 82 200 0 
25 95 200 0 
26 89 200 0 
27 53 200 0 
28 59 200 0 
29 100 200 0 
30 88 200 0 
31 93 200 0 
32 83 200 0 
33 99 200 0 
34 97 200 0 
35 81 200 0 
36 71 200 0 
37 52 200 0 
38 55 200 0 
39 79 200 0 
40 86 200 0 
41 86 200 0 
42 93 200 0 
43 60 200 0 
44 95 200 0 
45 54 200 0 
46 55 200 0 
47 75 200 0 
48 100 200 0 
49 52 200 0 
50 59 200 0 
51 74 200 0 
52 87 200 0 
53 95 200 0 
54 78 200 0 
55 72 200 0 
56 84 200 0 
57 61 200 0 
58 98 200 0 
59 59 200 0 
60 95 200 0 
61 98 200 0 
62 61 200 0 
63 89 200 0 
64 89 200 0 
65 65 200 0 
66 98 200 0 
67 87 200 0 
68 55 200 0 
69 96 200 0 
70 79 200 0 
71 87 200 0 
72 63 200 0 
73 95 200 0 
74 77 200 0 
75 59 200 0 
76 88 200 0 
77 81 200 0 
78 60 200 0 
79 55 200 0 
80 88 200 0 
81 62 200 0 
82 80 200 0 
83 80 200 0 
84 86 200 0 
85 71 200 0 
86 56 200 0 
87 63 200 0 
88 62 200 0 
89 89 200 0 
90 72 200 0 
91 91 200 0 
92 91 200 0 
93 93 200 0 
94 52 200 0 
95 77 200 0 
96 83 200 0 
97 100 200 0 
98 63 200 0 
99 74 200 0 
