NAME GBP_INSTANCES\prob_3_B_4_9_0.txt
COMMENT
BINTYPES 5
ITEMS 500
BINS_SECTIONS
0 60 60 0 638 
1 80 80 0 479 
2 100 100 0 383 
3 120 120 0 319 
4 150 150 0 255 
ITEMS_SECTIONS
0 65 200 0 
1 72 200 0 
2 83 200 0 
3 99 200 0 
4 62 200 0 
5 71 200 0 
6 87 200 0 
7 100 200 0 
8 93 200 0 
9 82 200 0 
10 88 200 0 
11 79 200 0 
12 92 200 0 
13 99 200 0 
14 73 200 0 
15 58 200 0 
16 94 200 0 
17 69 200 0 
18 53 200 0 
19 75 200 0 
20 64 200 0 
21 65 200 0 
22 90 200 0 
23 75 200 0 
24 90 200 0 
25 91 200 0 
26 81 200 0 
27 85 200 0 
28 81 200 0 
29 66 200 0 
30 58 200 0 
31 81 200 0 
32 76 200 0 
33 53 200 0 
34 72 200 0 
35 69 200 0 
36 65 200 0 
37 72 200 0 
38 63 200 0 
39 95 200 0 
40 53 200 0 
41 71 200 0 
42 85 200 0 
43 54 200 0 
44 94 200 0 
45 96 200 0 
46 93 200 0 
47 61 200 0 
48 62 200 0 
49 61 200 0 
50 100 200 0 
51 55 200 0 
52 83 200 0 
53 94 200 0 
54 74 200 0 
55 51 200 0 
56 59 200 0 
57 88 200 0 
58 74 200 0 
59 62 200 0 
60 99 200 0 
61 77 200 0 
62 95 200 0 
63 94 200 0 
64 82 200 0 
65 92 200 0 
66 85 200 0 
67 52 200 0 
68 81 200 0 
69 89 200 0 
70 79 200 0 
71 61 200 0 
72 64 200 0 
73 76 200 0 
74 81 200 0 
75 65 200 0 
76 99 200 0 
77 63 200 0 
78 93 200 0 
79 86 200 0 
80 90 200 0 
81 72 200 0 
82 57 200 0 
83 98 200 0 
84 56 200 0 
85 85 200 0 
86 63 200 0 
87 88 200 0 
88 94 200 0 
89 60 200 0 
90 94 200 0 
91 71 200 0 
92 83 200 0 
93 87 200 0 
94 67 200 0 
95 76 200 0 
96 58 200 0 
97 76 200 0 
98 74 200 0 
99 63 200 0 
100 83 200 0 
101 100 200 0 
102 87 200 0 
103 61 200 0 
104 91 200 0 
105 70 200 0 
106 100 200 0 
107 58 200 0 
108 62 200 0 
109 81 200 0 
110 94 200 0 
111 98 200 0 
112 69 200 0 
113 96 200 0 
114 61 200 0 
115 72 200 0 
116 59 200 0 
117 60 200 0 
118 82 200 0 
119 89 200 0 
120 53 200 0 
121 64 200 0 
122 79 200 0 
123 89 200 0 
124 68 200 0 
125 97 200 0 
126 93 200 0 
127 57 200 0 
128 63 200 0 
129 60 200 0 
130 62 200 0 
131 71 200 0 
132 51 200 0 
133 70 200 0 
134 90 200 0 
135 87 200 0 
136 84 200 0 
137 92 200 0 
138 94 200 0 
139 85 200 0 
140 98 200 0 
141 72 200 0 
142 66 200 0 
143 92 200 0 
144 77 200 0 
145 98 200 0 
146 74 200 0 
147 98 200 0 
148 81 200 0 
149 82 200 0 
150 58 200 0 
151 88 200 0 
152 80 200 0 
153 72 200 0 
154 91 200 0 
155 93 200 0 
156 52 200 0 
157 100 200 0 
158 93 200 0 
159 97 200 0 
160 94 200 0 
161 66 200 0 
162 99 200 0 
163 51 200 0 
164 79 200 0 
165 61 200 0 
166 86 200 0 
167 64 200 0 
168 79 200 0 
169 51 200 0 
170 85 200 0 
171 53 200 0 
172 85 200 0 
173 100 200 0 
174 77 200 0 
175 92 200 0 
176 80 200 0 
177 58 200 0 
178 81 200 0 
179 53 200 0 
180 71 200 0 
181 57 200 0 
182 65 200 0 
183 97 200 0 
184 53 200 0 
185 77 200 0 
186 63 200 0 
187 68 200 0 
188 92 200 0 
189 82 200 0 
190 85 200 0 
191 86 200 0 
192 84 200 0 
193 82 200 0 
194 55 200 0 
195 80 200 0 
196 72 200 0 
197 73 200 0 
198 75 200 0 
199 94 200 0 
200 100 200 0 
201 70 200 0 
202 69 200 0 
203 72 200 0 
204 60 200 0 
205 71 200 0 
206 93 200 0 
207 51 200 0 
208 78 200 0 
209 73 200 0 
210 90 200 0 
211 68 200 0 
212 86 200 0 
213 83 200 0 
214 75 200 0 
215 59 200 0 
216 90 200 0 
217 86 200 0 
218 54 200 0 
219 51 200 0 
220 57 200 0 
221 70 200 0 
222 82 200 0 
223 90 200 0 
224 51 200 0 
225 65 200 0 
226 78 200 0 
227 92 200 0 
228 94 200 0 
229 51 200 0 
230 51 200 0 
231 59 200 0 
232 55 200 0 
233 91 200 0 
234 67 200 0 
235 58 200 0 
236 74 200 0 
237 83 200 0 
238 79 200 0 
239 54 200 0 
240 56 200 0 
241 58 200 0 
242 83 200 0 
243 79 200 0 
244 99 200 0 
245 51 200 0 
246 58 200 0 
247 95 200 0 
248 90 200 0 
249 75 200 0 
250 96 200 0 
251 86 200 0 
252 75 200 0 
253 83 200 0 
254 51 200 0 
255 60 200 0 
256 99 200 0 
257 88 200 0 
258 84 200 0 
259 76 200 0 
260 72 200 0 
261 82 200 0 
262 62 200 0 
263 71 200 0 
264 89 200 0 
265 73 200 0 
266 70 200 0 
267 83 200 0 
268 85 200 0 
269 78 200 0 
270 99 200 0 
271 63 200 0 
272 87 200 0 
273 94 200 0 
274 66 200 0 
275 75 200 0 
276 91 200 0 
277 92 200 0 
278 84 200 0 
279 59 200 0 
280 93 200 0 
281 85 200 0 
282 94 200 0 
283 71 200 0 
284 88 200 0 
285 83 200 0 
286 53 200 0 
287 72 200 0 
288 69 200 0 
289 91 200 0 
290 66 200 0 
291 74 200 0 
292 91 200 0 
293 94 200 0 
294 99 200 0 
295 72 200 0 
296 82 200 0 
297 92 200 0 
298 97 200 0 
299 70 200 0 
300 66 200 0 
301 87 200 0 
302 64 200 0 
303 71 200 0 
304 80 200 0 
305 82 200 0 
306 67 200 0 
307 51 200 0 
308 53 200 0 
309 83 200 0 
310 71 200 0 
311 81 200 0 
312 71 200 0 
313 76 200 0 
314 76 200 0 
315 58 200 0 
316 96 200 0 
317 74 200 0 
318 99 200 0 
319 85 200 0 
320 87 200 0 
321 82 200 0 
322 90 200 0 
323 83 200 0 
324 51 200 0 
325 57 200 0 
326 55 200 0 
327 83 200 0 
328 100 200 0 
329 91 200 0 
330 87 200 0 
331 99 200 0 
332 96 200 0 
333 87 200 0 
334 85 200 0 
335 51 200 0 
336 78 200 0 
337 86 200 0 
338 89 200 0 
339 59 200 0 
340 90 200 0 
341 88 200 0 
342 85 200 0 
343 72 200 0 
344 83 200 0 
345 76 200 0 
346 93 200 0 
347 55 200 0 
348 63 200 0 
349 52 200 0 
350 100 200 0 
351 86 200 0 
352 64 200 0 
353 87 200 0 
354 94 200 0 
355 55 200 0 
356 59 200 0 
357 86 200 0 
358 70 200 0 
359 56 200 0 
360 96 200 0 
361 80 200 0 
362 54 200 0 
363 56 200 0 
364 70 200 0 
365 94 200 0 
366 70 200 0 
367 56 200 0 
368 62 200 0 
369 92 200 0 
370 57 200 0 
371 51 200 0 
372 65 200 0 
373 68 200 0 
374 89 200 0 
375 75 200 0 
376 75 200 0 
377 78 200 0 
378 71 200 0 
379 72 200 0 
380 61 200 0 
381 55 200 0 
382 62 200 0 
383 93 200 0 
384 99 200 0 
385 96 200 0 
386 92 200 0 
387 98 200 0 
388 86 200 0 
389 84 200 0 
390 83 200 0 
391 71 200 0 
392 58 200 0 
393 88 200 0 
394 84 200 0 
395 79 200 0 
396 91 200 0 
397 67 200 0 
398 76 200 0 
399 66 200 0 
400 98 200 0 
401 98 200 0 
402 71 200 0 
403 88 200 0 
404 54 200 0 
405 74 200 0 
406 98 200 0 
407 59 200 0 
408 79 200 0 
409 93 200 0 
410 60 200 0 
411 78 200 0 
412 74 200 0 
413 65 200 0 
414 92 200 0 
415 51 200 0 
416 76 200 0 
417 69 200 0 
418 68 200 0 
419 72 200 0 
420 61 200 0 
421 99 200 0 
422 81 200 0 
423 89 200 0 
424 61 200 0 
425 59 200 0 
426 89 200 0 
427 63 200 0 
428 74 200 0 
429 59 200 0 
430 60 200 0 
431 95 200 0 
432 87 200 0 
433 73 200 0 
434 52 200 0 
435 82 200 0 
436 93 200 0 
437 99 200 0 
438 73 200 0 
439 74 200 0 
440 61 200 0 
441 100 200 0 
442 80 200 0 
443 92 200 0 
444 98 200 0 
445 53 200 0 
446 95 200 0 
447 88 200 0 
448 64 200 0 
449 83 200 0 
450 82 200 0 
451 94 200 0 
452 78 200 0 
453 70 200 0 
454 100 200 0 
455 100 200 0 
456 63 200 0 
457 54 200 0 
458 52 200 0 
459 55 200 0 
460 94 200 0 
461 63 200 0 
462 74 200 0 
463 83 200 0 
464 67 200 0 
465 52 200 0 
466 98 200 0 
467 53 200 0 
468 79 200 0 
469 79 200 0 
470 73 200 0 
471 51 200 0 
472 74 200 0 
473 95 200 0 
474 78 200 0 
475 91 200 0 
476 89 200 0 
477 85 200 0 
478 74 200 0 
479 60 200 0 
480 70 200 0 
481 81 200 0 
482 67 200 0 
483 85 200 0 
484 88 200 0 
485 80 200 0 
486 74 200 0 
487 74 200 0 
488 63 200 0 
489 54 200 0 
490 80 200 0 
491 60 200 0 
492 87 200 0 
493 65 200 0 
494 71 200 0 
495 51 200 0 
496 62 200 0 
497 87 200 0 
498 77 200 0 
499 73 200 0 
