NAME GBP_INSTANCES\prob_3_A_4_0_0.txt
COMMENT
BINTYPES 3
ITEMS 500
BINS_SECTIONS
0 100 100 0 380 
1 120 120 0 316 
2 150 150 0 253 
ITEMS_SECTIONS
0 52 200 0 
1 58 200 0 
2 81 200 0 
3 99 200 0 
4 85 200 0 
5 75 200 0 
6 81 200 0 
7 83 200 0 
8 81 200 0 
9 87 200 0 
10 60 200 0 
11 91 200 0 
12 89 200 0 
13 70 200 0 
14 52 200 0 
15 78 200 0 
16 83 200 0 
17 53 200 0 
18 73 200 0 
19 94 200 0 
20 86 200 0 
21 70 200 0 
22 75 200 0 
23 69 200 0 
24 52 200 0 
25 94 200 0 
26 84 200 0 
27 91 200 0 
28 89 200 0 
29 78 200 0 
30 75 200 0 
31 100 200 0 
32 68 200 0 
33 64 200 0 
34 78 200 0 
35 92 200 0 
36 92 200 0 
37 79 200 0 
38 71 200 0 
39 92 200 0 
40 83 200 0 
41 94 200 0 
42 95 200 0 
43 99 200 0 
44 85 200 0 
45 91 200 0 
46 60 200 0 
47 64 200 0 
48 66 200 0 
49 83 200 0 
50 63 200 0 
51 92 200 0 
52 63 200 0 
53 84 200 0 
54 98 200 0 
55 84 200 0 
56 84 200 0 
57 53 200 0 
58 73 200 0 
59 79 200 0 
60 86 200 0 
61 77 200 0 
62 69 200 0 
63 77 200 0 
64 77 200 0 
65 70 200 0 
66 98 200 0 
67 76 200 0 
68 71 200 0 
69 88 200 0 
70 51 200 0 
71 58 200 0 
72 80 200 0 
73 91 200 0 
74 52 200 0 
75 90 200 0 
76 88 200 0 
77 65 200 0 
78 78 200 0 
79 83 200 0 
80 84 200 0 
81 71 200 0 
82 51 200 0 
83 83 200 0 
84 95 200 0 
85 83 200 0 
86 87 200 0 
87 70 200 0 
88 99 200 0 
89 97 200 0 
90 60 200 0 
91 52 200 0 
92 67 200 0 
93 57 200 0 
94 72 200 0 
95 82 200 0 
96 100 200 0 
97 86 200 0 
98 86 200 0 
99 73 200 0 
100 68 200 0 
101 74 200 0 
102 66 200 0 
103 92 200 0 
104 73 200 0 
105 51 200 0 
106 66 200 0 
107 69 200 0 
108 71 200 0 
109 99 200 0 
110 83 200 0 
111 99 200 0 
112 56 200 0 
113 89 200 0 
114 51 200 0 
115 98 200 0 
116 66 200 0 
117 92 200 0 
118 93 200 0 
119 80 200 0 
120 72 200 0 
121 89 200 0 
122 74 200 0 
123 98 200 0 
124 67 200 0 
125 51 200 0 
126 92 200 0 
127 100 200 0 
128 53 200 0 
129 99 200 0 
130 75 200 0 
131 71 200 0 
132 56 200 0 
133 67 200 0 
134 68 200 0 
135 94 200 0 
136 59 200 0 
137 76 200 0 
138 61 200 0 
139 63 200 0 
140 81 200 0 
141 53 200 0 
142 64 200 0 
143 67 200 0 
144 98 200 0 
145 93 200 0 
146 62 200 0 
147 84 200 0 
148 86 200 0 
149 92 200 0 
150 74 200 0 
151 64 200 0 
152 75 200 0 
153 72 200 0 
154 80 200 0 
155 78 200 0 
156 94 200 0 
157 98 200 0 
158 98 200 0 
159 59 200 0 
160 52 200 0 
161 80 200 0 
162 84 200 0 
163 77 200 0 
164 80 200 0 
165 99 200 0 
166 74 200 0 
167 60 200 0 
168 87 200 0 
169 100 200 0 
170 96 200 0 
171 63 200 0 
172 87 200 0 
173 94 200 0 
174 68 200 0 
175 87 200 0 
176 74 200 0 
177 66 200 0 
178 73 200 0 
179 56 200 0 
180 85 200 0 
181 70 200 0 
182 52 200 0 
183 62 200 0 
184 79 200 0 
185 67 200 0 
186 81 200 0 
187 65 200 0 
188 81 200 0 
189 91 200 0 
190 69 200 0 
191 78 200 0 
192 62 200 0 
193 75 200 0 
194 67 200 0 
195 63 200 0 
196 59 200 0 
197 60 200 0 
198 59 200 0 
199 76 200 0 
200 99 200 0 
201 83 200 0 
202 64 200 0 
203 77 200 0 
204 83 200 0 
205 92 200 0 
206 57 200 0 
207 98 200 0 
208 98 200 0 
209 70 200 0 
210 54 200 0 
211 95 200 0 
212 70 200 0 
213 65 200 0 
214 56 200 0 
215 56 200 0 
216 52 200 0 
217 78 200 0 
218 64 200 0 
219 53 200 0 
220 81 200 0 
221 78 200 0 
222 96 200 0 
223 69 200 0 
224 94 200 0 
225 64 200 0 
226 64 200 0 
227 71 200 0 
228 85 200 0 
229 91 200 0 
230 59 200 0 
231 70 200 0 
232 91 200 0 
233 69 200 0 
234 96 200 0 
235 81 200 0 
236 85 200 0 
237 72 200 0 
238 51 200 0 
239 85 200 0 
240 82 200 0 
241 99 200 0 
242 63 200 0 
243 52 200 0 
244 69 200 0 
245 72 200 0 
246 81 200 0 
247 71 200 0 
248 63 200 0 
249 84 200 0 
250 53 200 0 
251 100 200 0 
252 73 200 0 
253 61 200 0 
254 81 200 0 
255 85 200 0 
256 60 200 0 
257 55 200 0 
258 51 200 0 
259 59 200 0 
260 73 200 0 
261 90 200 0 
262 74 200 0 
263 63 200 0 
264 53 200 0 
265 78 200 0 
266 58 200 0 
267 69 200 0 
268 83 200 0 
269 63 200 0 
270 82 200 0 
271 71 200 0 
272 86 200 0 
273 75 200 0 
274 96 200 0 
275 92 200 0 
276 84 200 0 
277 91 200 0 
278 78 200 0 
279 74 200 0 
280 77 200 0 
281 99 200 0 
282 56 200 0 
283 85 200 0 
284 59 200 0 
285 98 200 0 
286 84 200 0 
287 74 200 0 
288 70 200 0 
289 83 200 0 
290 90 200 0 
291 100 200 0 
292 63 200 0 
293 59 200 0 
294 61 200 0 
295 68 200 0 
296 76 200 0 
297 61 200 0 
298 54 200 0 
299 51 200 0 
300 91 200 0 
301 51 200 0 
302 92 200 0 
303 75 200 0 
304 69 200 0 
305 51 200 0 
306 83 200 0 
307 98 200 0 
308 91 200 0 
309 77 200 0 
310 63 200 0 
311 73 200 0 
312 60 200 0 
313 62 200 0 
314 69 200 0 
315 100 200 0 
316 64 200 0 
317 100 200 0 
318 80 200 0 
319 73 200 0 
320 81 200 0 
321 67 200 0 
322 80 200 0 
323 87 200 0 
324 66 200 0 
325 54 200 0 
326 90 200 0 
327 91 200 0 
328 100 200 0 
329 99 200 0 
330 70 200 0 
331 55 200 0 
332 97 200 0 
333 75 200 0 
334 86 200 0 
335 54 200 0 
336 87 200 0 
337 58 200 0 
338 88 200 0 
339 71 200 0 
340 90 200 0 
341 89 200 0 
342 60 200 0 
343 70 200 0 
344 74 200 0 
345 94 200 0 
346 73 200 0 
347 56 200 0 
348 88 200 0 
349 84 200 0 
350 53 200 0 
351 62 200 0 
352 99 200 0 
353 54 200 0 
354 54 200 0 
355 79 200 0 
356 68 200 0 
357 89 200 0 
358 93 200 0 
359 77 200 0 
360 60 200 0 
361 53 200 0 
362 82 200 0 
363 75 200 0 
364 59 200 0 
365 78 200 0 
366 78 200 0 
367 62 200 0 
368 97 200 0 
369 59 200 0 
370 64 200 0 
371 80 200 0 
372 52 200 0 
373 90 200 0 
374 56 200 0 
375 59 200 0 
376 80 200 0 
377 95 200 0 
378 86 200 0 
379 83 200 0 
380 51 200 0 
381 71 200 0 
382 98 200 0 
383 65 200 0 
384 80 200 0 
385 70 200 0 
386 83 200 0 
387 53 200 0 
388 79 200 0 
389 77 200 0 
390 60 200 0 
391 67 200 0 
392 93 200 0 
393 63 200 0 
394 100 200 0 
395 74 200 0 
396 63 200 0 
397 59 200 0 
398 93 200 0 
399 92 200 0 
400 53 200 0 
401 94 200 0 
402 99 200 0 
403 58 200 0 
404 73 200 0 
405 100 200 0 
406 98 200 0 
407 74 200 0 
408 88 200 0 
409 97 200 0 
410 60 200 0 
411 76 200 0 
412 51 200 0 
413 87 200 0 
414 71 200 0 
415 96 200 0 
416 76 200 0 
417 70 200 0 
418 71 200 0 
419 52 200 0 
420 82 200 0 
421 91 200 0 
422 94 200 0 
423 93 200 0 
424 82 200 0 
425 99 200 0 
426 69 200 0 
427 80 200 0 
428 66 200 0 
429 71 200 0 
430 68 200 0 
431 80 200 0 
432 56 200 0 
433 85 200 0 
434 67 200 0 
435 58 200 0 
436 74 200 0 
437 90 200 0 
438 93 200 0 
439 95 200 0 
440 58 200 0 
441 57 200 0 
442 85 200 0 
443 98 200 0 
444 55 200 0 
445 63 200 0 
446 89 200 0 
447 63 200 0 
448 89 200 0 
449 92 200 0 
450 62 200 0 
451 87 200 0 
452 82 200 0 
453 56 200 0 
454 58 200 0 
455 78 200 0 
456 61 200 0 
457 60 200 0 
458 71 200 0 
459 89 200 0 
460 98 200 0 
461 72 200 0 
462 51 200 0 
463 53 200 0 
464 58 200 0 
465 82 200 0 
466 78 200 0 
467 100 200 0 
468 97 200 0 
469 90 200 0 
470 61 200 0 
471 89 200 0 
472 95 200 0 
473 66 200 0 
474 86 200 0 
475 77 200 0 
476 56 200 0 
477 83 200 0 
478 79 200 0 
479 64 200 0 
480 70 200 0 
481 100 200 0 
482 82 200 0 
483 86 200 0 
484 59 200 0 
485 52 200 0 
486 78 200 0 
487 89 200 0 
488 60 200 0 
489 75 200 0 
490 76 200 0 
491 66 200 0 
492 63 200 0 
493 75 200 0 
494 99 200 0 
495 83 200 0 
496 58 200 0 
497 66 200 0 
498 77 200 0 
499 70 200 0 
