NAME GBP_INSTANCES\prob_1_A_3_2_0.txt
COMMENT
BINTYPES 3
ITEMS 200
BINS_SECTIONS
0 100 100 0 105 
1 120 120 0 88 
2 150 150 0 70 
ITEMS_SECTIONS
0 41 200 1
1 26 200 1
2 11 200 1
3 27 200 1
4 3 200 1
5 29 200 1
6 42 200 1
7 61 200 1
8 34 200 1
9 4 200 1
10 30 200 1
11 74 200 1
12 56 200 1
13 68 200 1
14 80 200 1
15 70 200 1
16 57 200 1
17 19 200 1
18 24 200 1
19 61 200 1
20 24 200 1
21 40 200 1
22 49 200 1
23 88 200 1
24 51 200 1
25 69 200 1
26 7 200 1
27 71 200 1
28 71 200 1
29 25 200 1
30 77 200 1
31 89 200 1
32 98 200 1
33 54 200 1
34 94 200 1
35 15 200 1
36 46 200 1
37 12 200 1
38 38 200 1
39 90 200 1
40 98 200 1
41 39 200 1
42 64 200 1
43 89 200 1
44 98 200 1
45 32 200 1
46 7 200 1
47 33 200 1
48 34 200 1
49 75 200 1
50 7 200 1
51 97 200 1
52 87 200 1
53 46 200 1
54 6 200 1
55 16 200 1
56 23 200 1
57 42 200 1
58 63 200 1
59 81 200 1
60 81 200 1
61 54 200 1
62 32 200 1
63 56 200 1
64 59 200 1
65 32 200 1
66 49 200 1
67 12 200 1
68 37 200 1
69 56 200 1
70 78 200 1
71 88 200 1
72 38 200 1
73 78 200 1
74 65 200 1
75 5 200 1
76 75 200 1
77 38 200 1
78 36 200 1
79 7 200 1
80 77 200 1
81 12 200 1
82 100 200 1
83 83 200 1
84 41 200 1
85 7 200 1
86 93 200 1
87 41 200 1
88 14 200 1
89 60 200 1
90 17 200 1
91 67 200 1
92 43 200 1
93 51 200 1
94 11 200 1
95 66 200 1
96 96 200 1
97 82 200 1
98 22 200 1
99 7 200 1
100 94 200 1
101 50 200 1
102 92 200 1
103 58 200 1
104 63 200 1
105 45 200 1
106 37 200 1
107 55 200 1
108 34 200 1
109 15 200 1
110 41 200 1
111 79 200 1
112 9 200 1
113 28 200 1
114 40 200 1
115 75 200 1
116 28 200 1
117 64 200 1
118 3 200 1
119 9 200 1
120 32 200 1
121 76 200 1
122 7 200 1
123 81 200 1
124 75 200 1
125 46 200 1
126 96 200 1
127 99 200 1
128 82 200 1
129 85 200 1
130 34 200 1
131 24 200 1
132 89 200 1
133 90 200 1
134 32 200 1
135 86 200 1
136 82 200 1
137 21 200 1
138 54 200 1
139 12 200 1
140 64 200 1
141 96 200 1
142 16 200 1
143 22 200 1
144 47 200 1
145 83 200 1
146 30 200 1
147 64 200 1
148 39 200 1
149 70 200 1
150 47 200 1
151 48 200 1
152 84 200 1
153 4 200 1
154 44 200 1
155 12 200 1
156 44 200 1
157 83 200 1
158 94 200 1
159 20 200 1
160 84 200 1
161 79 200 1
162 77 200 1
163 23 200 1
164 34 200 1
165 83 200 1
166 69 200 1
167 47 200 1
168 100 200 1
169 49 200 1
170 65 200 1
171 77 200 1
172 6 200 1
173 32 200 1
174 75 200 1
175 88 200 1
176 11 200 1
177 98 200 1
178 49 200 1
179 76 200 1
180 13 200 1
181 86 200 1
182 58 200 1
183 74 200 1
184 74 200 1
185 14 200 1
186 15 200 1
187 79 200 1
188 61 200 1
189 13 200 1
190 32 200 1
191 74 200 1
192 69 200 1
193 65 200 1
194 17 200 1
195 93 200 1
196 89 200 1
197 46 200 1
198 99 200 1
199 95 200 1
