NAME GBP_INSTANCES\prob_2_B_4_5_0.txt
COMMENT
BINTYPES 5
ITEMS 500
BINS_SECTIONS
0 60 60 0 518 
1 80 80 0 389 
2 100 100 0 311 
3 120 120 0 259 
4 150 150 0 207 
ITEMS_SECTIONS
0 35 200 0 
1 54 200 0 
2 59 200 0 
3 42 200 0 
4 57 200 0 
5 93 200 0 
6 95 200 0 
7 87 200 0 
8 46 200 0 
9 41 200 0 
10 35 200 0 
11 58 200 0 
12 100 200 0 
13 76 200 0 
14 77 200 0 
15 78 200 0 
16 44 200 0 
17 78 200 0 
18 79 200 0 
19 61 200 0 
20 93 200 0 
21 95 200 0 
22 27 200 0 
23 85 200 0 
24 66 200 0 
25 39 200 0 
26 66 200 0 
27 52 200 0 
28 63 200 0 
29 88 200 0 
30 66 200 0 
31 57 200 0 
32 84 200 0 
33 95 200 0 
34 71 200 0 
35 91 200 0 
36 63 200 0 
37 31 200 0 
38 62 200 0 
39 40 200 0 
40 41 200 0 
41 98 200 0 
42 95 200 0 
43 99 200 0 
44 38 200 0 
45 48 200 0 
46 21 200 0 
47 28 200 0 
48 38 200 0 
49 28 200 0 
50 92 200 0 
51 80 200 0 
52 90 200 0 
53 81 200 0 
54 76 200 0 
55 91 200 0 
56 25 200 0 
57 75 200 0 
58 77 200 0 
59 68 200 0 
60 85 200 0 
61 63 200 0 
62 69 200 0 
63 40 200 0 
64 48 200 0 
65 34 200 0 
66 52 200 0 
67 88 200 0 
68 53 200 0 
69 46 200 0 
70 71 200 0 
71 99 200 0 
72 83 200 0 
73 78 200 0 
74 93 200 0 
75 78 200 0 
76 96 200 0 
77 35 200 0 
78 24 200 0 
79 73 200 0 
80 99 200 0 
81 56 200 0 
82 99 200 0 
83 77 200 0 
84 53 200 0 
85 98 200 0 
86 86 200 0 
87 75 200 0 
88 39 200 0 
89 90 200 0 
90 97 200 0 
91 44 200 0 
92 22 200 0 
93 95 200 0 
94 90 200 0 
95 76 200 0 
96 95 200 0 
97 89 200 0 
98 52 200 0 
99 24 200 0 
100 85 200 0 
101 92 200 0 
102 28 200 0 
103 50 200 0 
104 32 200 0 
105 87 200 0 
106 69 200 0 
107 29 200 0 
108 99 200 0 
109 70 200 0 
110 53 200 0 
111 69 200 0 
112 84 200 0 
113 55 200 0 
114 27 200 0 
115 26 200 0 
116 29 200 0 
117 74 200 0 
118 60 200 0 
119 25 200 0 
120 98 200 0 
121 63 200 0 
122 82 200 0 
123 35 200 0 
124 44 200 0 
125 71 200 0 
126 72 200 0 
127 23 200 0 
128 91 200 0 
129 68 200 0 
130 34 200 0 
131 96 200 0 
132 35 200 0 
133 73 200 0 
134 35 200 0 
135 83 200 0 
136 88 200 0 
137 60 200 0 
138 56 200 0 
139 31 200 0 
140 83 200 0 
141 51 200 0 
142 28 200 0 
143 39 200 0 
144 27 200 0 
145 67 200 0 
146 40 200 0 
147 29 200 0 
148 41 200 0 
149 47 200 0 
150 41 200 0 
151 96 200 0 
152 51 200 0 
153 41 200 0 
154 65 200 0 
155 65 200 0 
156 60 200 0 
157 65 200 0 
158 76 200 0 
159 68 200 0 
160 78 200 0 
161 85 200 0 
162 44 200 0 
163 71 200 0 
164 75 200 0 
165 78 200 0 
166 73 200 0 
167 78 200 0 
168 69 200 0 
169 77 200 0 
170 88 200 0 
171 52 200 0 
172 68 200 0 
173 66 200 0 
174 70 200 0 
175 94 200 0 
176 58 200 0 
177 39 200 0 
178 61 200 0 
179 74 200 0 
180 91 200 0 
181 80 200 0 
182 26 200 0 
183 52 200 0 
184 84 200 0 
185 60 200 0 
186 78 200 0 
187 45 200 0 
188 36 200 0 
189 96 200 0 
190 41 200 0 
191 87 200 0 
192 36 200 0 
193 82 200 0 
194 40 200 0 
195 81 200 0 
196 35 200 0 
197 67 200 0 
198 81 200 0 
199 81 200 0 
200 49 200 0 
201 48 200 0 
202 35 200 0 
203 26 200 0 
204 46 200 0 
205 71 200 0 
206 97 200 0 
207 32 200 0 
208 88 200 0 
209 68 200 0 
210 89 200 0 
211 38 200 0 
212 77 200 0 
213 25 200 0 
214 54 200 0 
215 61 200 0 
216 80 200 0 
217 62 200 0 
218 71 200 0 
219 93 200 0 
220 75 200 0 
221 55 200 0 
222 23 200 0 
223 41 200 0 
224 44 200 0 
225 68 200 0 
226 63 200 0 
227 66 200 0 
228 42 200 0 
229 23 200 0 
230 32 200 0 
231 66 200 0 
232 41 200 0 
233 29 200 0 
234 84 200 0 
235 95 200 0 
236 70 200 0 
237 47 200 0 
238 63 200 0 
239 60 200 0 
240 42 200 0 
241 76 200 0 
242 40 200 0 
243 87 200 0 
244 37 200 0 
245 81 200 0 
246 38 200 0 
247 62 200 0 
248 100 200 0 
249 57 200 0 
250 68 200 0 
251 57 200 0 
252 97 200 0 
253 96 200 0 
254 36 200 0 
255 60 200 0 
256 36 200 0 
257 41 200 0 
258 67 200 0 
259 96 200 0 
260 42 200 0 
261 41 200 0 
262 21 200 0 
263 95 200 0 
264 74 200 0 
265 63 200 0 
266 21 200 0 
267 51 200 0 
268 89 200 0 
269 84 200 0 
270 41 200 0 
271 70 200 0 
272 25 200 0 
273 55 200 0 
274 70 200 0 
275 31 200 0 
276 62 200 0 
277 75 200 0 
278 90 200 0 
279 80 200 0 
280 62 200 0 
281 43 200 0 
282 95 200 0 
283 69 200 0 
284 80 200 0 
285 83 200 0 
286 50 200 0 
287 41 200 0 
288 45 200 0 
289 64 200 0 
290 86 200 0 
291 45 200 0 
292 36 200 0 
293 80 200 0 
294 98 200 0 
295 75 200 0 
296 35 200 0 
297 22 200 0 
298 28 200 0 
299 50 200 0 
300 30 200 0 
301 59 200 0 
302 59 200 0 
303 43 200 0 
304 78 200 0 
305 61 200 0 
306 90 200 0 
307 50 200 0 
308 65 200 0 
309 21 200 0 
310 38 200 0 
311 68 200 0 
312 63 200 0 
313 85 200 0 
314 92 200 0 
315 70 200 0 
316 60 200 0 
317 67 200 0 
318 75 200 0 
319 49 200 0 
320 42 200 0 
321 30 200 0 
322 70 200 0 
323 76 200 0 
324 85 200 0 
325 48 200 0 
326 30 200 0 
327 85 200 0 
328 69 200 0 
329 85 200 0 
330 45 200 0 
331 56 200 0 
332 37 200 0 
333 37 200 0 
334 26 200 0 
335 48 200 0 
336 21 200 0 
337 62 200 0 
338 91 200 0 
339 51 200 0 
340 95 200 0 
341 40 200 0 
342 71 200 0 
343 66 200 0 
344 56 200 0 
345 76 200 0 
346 79 200 0 
347 50 200 0 
348 50 200 0 
349 47 200 0 
350 76 200 0 
351 75 200 0 
352 95 200 0 
353 59 200 0 
354 48 200 0 
355 80 200 0 
356 67 200 0 
357 41 200 0 
358 24 200 0 
359 48 200 0 
360 98 200 0 
361 98 200 0 
362 90 200 0 
363 83 200 0 
364 73 200 0 
365 31 200 0 
366 47 200 0 
367 81 200 0 
368 89 200 0 
369 89 200 0 
370 58 200 0 
371 68 200 0 
372 97 200 0 
373 42 200 0 
374 91 200 0 
375 41 200 0 
376 91 200 0 
377 55 200 0 
378 71 200 0 
379 45 200 0 
380 40 200 0 
381 49 200 0 
382 57 200 0 
383 40 200 0 
384 48 200 0 
385 96 200 0 
386 46 200 0 
387 75 200 0 
388 75 200 0 
389 21 200 0 
390 82 200 0 
391 55 200 0 
392 62 200 0 
393 55 200 0 
394 98 200 0 
395 31 200 0 
396 76 200 0 
397 79 200 0 
398 23 200 0 
399 64 200 0 
400 58 200 0 
401 85 200 0 
402 57 200 0 
403 23 200 0 
404 76 200 0 
405 43 200 0 
406 42 200 0 
407 49 200 0 
408 78 200 0 
409 50 200 0 
410 83 200 0 
411 57 200 0 
412 80 200 0 
413 46 200 0 
414 59 200 0 
415 30 200 0 
416 84 200 0 
417 77 200 0 
418 86 200 0 
419 46 200 0 
420 24 200 0 
421 59 200 0 
422 84 200 0 
423 45 200 0 
424 77 200 0 
425 97 200 0 
426 83 200 0 
427 86 200 0 
428 43 200 0 
429 90 200 0 
430 55 200 0 
431 89 200 0 
432 38 200 0 
433 56 200 0 
434 69 200 0 
435 44 200 0 
436 92 200 0 
437 88 200 0 
438 61 200 0 
439 73 200 0 
440 21 200 0 
441 76 200 0 
442 47 200 0 
443 59 200 0 
444 34 200 0 
445 39 200 0 
446 80 200 0 
447 60 200 0 
448 85 200 0 
449 83 200 0 
450 30 200 0 
451 27 200 0 
452 42 200 0 
453 93 200 0 
454 29 200 0 
455 45 200 0 
456 40 200 0 
457 33 200 0 
458 52 200 0 
459 84 200 0 
460 29 200 0 
461 78 200 0 
462 40 200 0 
463 94 200 0 
464 78 200 0 
465 80 200 0 
466 75 200 0 
467 70 200 0 
468 24 200 0 
469 88 200 0 
470 86 200 0 
471 23 200 0 
472 25 200 0 
473 56 200 0 
474 50 200 0 
475 69 200 0 
476 65 200 0 
477 57 200 0 
478 77 200 0 
479 71 200 0 
480 27 200 0 
481 24 200 0 
482 56 200 0 
483 98 200 0 
484 78 200 0 
485 88 200 0 
486 32 200 0 
487 89 200 0 
488 21 200 0 
489 59 200 0 
490 96 200 0 
491 67 200 0 
492 66 200 0 
493 85 200 0 
494 73 200 0 
495 25 200 0 
496 85 200 0 
497 58 200 0 
498 50 200 0 
499 83 200 0 
