NAME GBP_INSTANCES\prob_2_A_1_9_0.txt
COMMENT
BINTYPES 3
ITEMS 50
BINS_SECTIONS
0 100 100 0 28 
1 120 120 0 23 
2 150 150 0 19 
ITEMS_SECTIONS
0 86 200 0 
1 52 200 0 
2 57 200 0 
3 88 200 0 
4 52 200 0 
5 29 200 0 
6 97 200 0 
7 34 200 0 
8 38 200 0 
9 74 200 0 
10 66 200 0 
11 51 200 0 
12 33 200 0 
13 89 200 0 
14 44 200 0 
15 67 200 0 
16 40 200 0 
17 93 200 0 
18 22 200 0 
19 89 200 0 
20 45 200 0 
21 62 200 0 
22 86 200 0 
23 71 200 0 
24 75 200 0 
25 52 200 0 
26 23 200 0 
27 83 200 0 
28 52 200 0 
29 30 200 0 
30 44 200 0 
31 21 200 0 
32 51 200 0 
33 88 200 0 
34 78 200 0 
35 83 200 0 
36 28 200 0 
37 54 200 0 
38 52 200 0 
39 40 200 0 
40 29 200 0 
41 56 200 0 
42 66 200 0 
43 42 200 0 
44 21 200 0 
45 30 200 0 
46 66 200 0 
47 37 200 0 
48 42 200 0 
49 29 200 0 
