NAME GBP_INSTANCES\prob_2_B_2_8_0.txt
COMMENT
BINTYPES 5
ITEMS 100
BINS_SECTIONS
0 60 60 0 99 
1 80 80 0 74 
2 100 100 0 59 
3 120 120 0 50 
4 150 150 0 40 
ITEMS_SECTIONS
0 92 200 0 
1 60 200 0 
2 77 200 0 
3 33 200 0 
4 49 200 0 
5 29 200 0 
6 29 200 0 
7 38 200 0 
8 54 200 0 
9 53 200 0 
10 64 200 0 
11 60 200 0 
12 25 200 0 
13 36 200 0 
14 49 200 0 
15 31 200 0 
16 85 200 0 
17 78 200 0 
18 35 200 0 
19 76 200 0 
20 77 200 0 
21 79 200 0 
22 27 200 0 
23 25 200 0 
24 45 200 0 
25 32 200 0 
26 56 200 0 
27 25 200 0 
28 36 200 0 
29 97 200 0 
30 84 200 0 
31 59 200 0 
32 63 200 0 
33 96 200 0 
34 88 200 0 
35 65 200 0 
36 93 200 0 
37 96 200 0 
38 80 200 0 
39 49 200 0 
40 46 200 0 
41 91 200 0 
42 30 200 0 
43 60 200 0 
44 53 200 0 
45 80 200 0 
46 82 200 0 
47 56 200 0 
48 62 200 0 
49 60 200 0 
50 60 200 0 
51 70 200 0 
52 39 200 0 
53 95 200 0 
54 30 200 0 
55 26 200 0 
56 64 200 0 
57 90 200 0 
58 97 200 0 
59 55 200 0 
60 52 200 0 
61 54 200 0 
62 26 200 0 
63 37 200 0 
64 94 200 0 
65 75 200 0 
66 45 200 0 
67 25 200 0 
68 88 200 0 
69 83 200 0 
70 62 200 0 
71 100 200 0 
72 72 200 0 
73 69 200 0 
74 31 200 0 
75 52 200 0 
76 80 200 0 
77 90 200 0 
78 43 200 0 
79 64 200 0 
80 54 200 0 
81 37 200 0 
82 73 200 0 
83 73 200 0 
84 75 200 0 
85 85 200 0 
86 57 200 0 
87 35 200 0 
88 84 200 0 
89 30 200 0 
90 57 200 0 
91 42 200 0 
92 78 200 0 
93 54 200 0 
94 65 200 0 
95 29 200 0 
96 31 200 0 
97 67 200 0 
98 22 200 0 
99 37 200 0 
