NAME GBP_INSTANCES\prob_2_A_3_9_0.txt
COMMENT
BINTYPES 3
ITEMS 200
BINS_SECTIONS
0 100 100 0 120 
1 120 120 0 100 
2 150 150 0 80 
ITEMS_SECTIONS
0 57 200 0 
1 42 200 0 
2 65 200 0 
3 25 200 0 
4 45 200 0 
5 43 200 0 
6 38 200 0 
7 69 200 0 
8 33 200 0 
9 53 200 0 
10 29 200 0 
11 44 200 0 
12 54 200 0 
13 36 200 0 
14 95 200 0 
15 71 200 0 
16 100 200 0 
17 72 200 0 
18 39 200 0 
19 26 200 0 
20 97 200 0 
21 43 200 0 
22 29 200 0 
23 36 200 0 
24 24 200 0 
25 85 200 0 
26 86 200 0 
27 25 200 0 
28 59 200 0 
29 88 200 0 
30 65 200 0 
31 98 200 0 
32 24 200 0 
33 89 200 0 
34 99 200 0 
35 69 200 0 
36 95 200 0 
37 90 200 0 
38 89 200 0 
39 80 200 0 
40 44 200 0 
41 28 200 0 
42 52 200 0 
43 57 200 0 
44 22 200 0 
45 95 200 0 
46 70 200 0 
47 37 200 0 
48 65 200 0 
49 77 200 0 
50 56 200 0 
51 71 200 0 
52 64 200 0 
53 50 200 0 
54 68 200 0 
55 37 200 0 
56 83 200 0 
57 73 200 0 
58 45 200 0 
59 96 200 0 
60 62 200 0 
61 93 200 0 
62 75 200 0 
63 40 200 0 
64 69 200 0 
65 21 200 0 
66 90 200 0 
67 76 200 0 
68 37 200 0 
69 74 200 0 
70 84 200 0 
71 59 200 0 
72 95 200 0 
73 65 200 0 
74 67 200 0 
75 86 200 0 
76 21 200 0 
77 59 200 0 
78 68 200 0 
79 27 200 0 
80 35 200 0 
81 95 200 0 
82 26 200 0 
83 50 200 0 
84 40 200 0 
85 72 200 0 
86 33 200 0 
87 86 200 0 
88 67 200 0 
89 97 200 0 
90 79 200 0 
91 60 200 0 
92 88 200 0 
93 21 200 0 
94 52 200 0 
95 42 200 0 
96 34 200 0 
97 57 200 0 
98 35 200 0 
99 67 200 0 
100 85 200 0 
101 61 200 0 
102 60 200 0 
103 34 200 0 
104 87 200 0 
105 55 200 0 
106 66 200 0 
107 99 200 0 
108 73 200 0 
109 95 200 0 
110 32 200 0 
111 43 200 0 
112 29 200 0 
113 71 200 0 
114 75 200 0 
115 99 200 0 
116 77 200 0 
117 38 200 0 
118 70 200 0 
119 66 200 0 
120 95 200 0 
121 52 200 0 
122 29 200 0 
123 37 200 0 
124 37 200 0 
125 25 200 0 
126 86 200 0 
127 85 200 0 
128 36 200 0 
129 23 200 0 
130 29 200 0 
131 50 200 0 
132 48 200 0 
133 87 200 0 
134 33 200 0 
135 60 200 0 
136 36 200 0 
137 56 200 0 
138 57 200 0 
139 53 200 0 
140 38 200 0 
141 21 200 0 
142 39 200 0 
143 37 200 0 
144 23 200 0 
145 32 200 0 
146 26 200 0 
147 21 200 0 
148 64 200 0 
149 89 200 0 
150 61 200 0 
151 43 200 0 
152 84 200 0 
153 80 200 0 
154 73 200 0 
155 58 200 0 
156 47 200 0 
157 64 200 0 
158 85 200 0 
159 91 200 0 
160 70 200 0 
161 75 200 0 
162 24 200 0 
163 22 200 0 
164 55 200 0 
165 74 200 0 
166 73 200 0 
167 58 200 0 
168 77 200 0 
169 54 200 0 
170 67 200 0 
171 50 200 0 
172 93 200 0 
173 21 200 0 
174 65 200 0 
175 69 200 0 
176 32 200 0 
177 99 200 0 
178 42 200 0 
179 84 200 0 
180 47 200 0 
181 89 200 0 
182 28 200 0 
183 35 200 0 
184 67 200 0 
185 91 200 0 
186 86 200 0 
187 59 200 0 
188 95 200 0 
189 68 200 0 
190 93 200 0 
191 95 200 0 
192 90 200 0 
193 52 200 0 
194 70 200 0 
195 46 200 0 
196 70 200 0 
197 71 200 0 
198 71 200 0 
199 59 200 0 
