NAME GBP_INSTANCES\prob_1_B_2_5_0.txt
COMMENT
BINTYPES 5
ITEMS 100
BINS_SECTIONS
0 60 60 0 84 
1 80 80 0 63 
2 100 100 0 51 
3 120 120 0 42 
4 150 150 0 34 
ITEMS_SECTIONS
0 55 200 1
1 81 200 1
2 23 200 1
3 25 200 1
4 10 200 1
5 35 200 1
6 85 200 1
7 41 200 1
8 14 200 1
9 5 200 1
10 53 200 1
11 75 200 1
12 86 200 1
13 24 200 1
14 7 200 1
15 66 200 1
16 86 200 1
17 57 200 1
18 94 200 1
19 46 200 1
20 100 200 1
21 55 200 1
22 81 200 1
23 8 200 1
24 60 200 1
25 36 200 1
26 47 200 1
27 69 200 1
28 98 200 1
29 90 200 1
30 11 200 1
31 4 200 1
32 26 200 1
33 32 200 1
34 47 200 1
35 57 200 1
36 46 200 1
37 92 200 1
38 82 200 1
39 83 200 1
40 80 200 1
41 80 200 1
42 18 200 1
43 36 200 1
44 25 200 1
45 100 200 1
46 76 200 1
47 64 200 1
48 13 200 1
49 60 200 1
50 22 200 1
51 11 200 1
52 5 200 1
53 48 200 1
54 50 200 1
55 93 200 1
56 76 200 1
57 27 200 1
58 90 200 1
59 66 200 1
60 23 200 1
61 11 200 1
62 22 200 1
63 16 200 1
64 57 200 1
65 78 200 1
66 48 200 1
67 15 200 1
68 30 200 1
69 93 200 1
70 31 200 1
71 84 200 1
72 18 200 1
73 68 200 1
74 22 200 1
75 72 200 1
76 39 200 1
77 63 200 1
78 96 200 1
79 13 200 1
80 34 200 1
81 46 200 1
82 35 200 1
83 74 200 1
84 56 200 1
85 5 200 1
86 49 200 1
87 54 200 1
88 26 200 1
89 39 200 1
90 93 200 1
91 32 200 1
92 95 200 1
93 26 200 1
94 68 200 1
95 32 200 1
96 63 200 1
97 78 200 1
98 56 200 1
99 23 200 1
